99356
16051
13060
794
84090
20238
32245
9799
83382
99705
50856
66224
38544
84611
44942
23027
84920
87768
73266
96089
58779
2846
5960
39220
94736
53811
86942
98692
42575
60654
79091
41931
93057
8504
42726
77147
28742
91323
3298
28476
7380
54154
94701
62276
55118
39643
85303
40038
43763
74921
52480
18894
94120
74792
74467
88856
28603
77761
3900
71178
54767
82992
13110
47824
7848
72188
24971
36590
63511
28270
81418
70891
98776
76119
33167
70246
32114
34822
10285
75878
26095
79117
11124
20215
53909
85591
9072
98864
63352
12972
86394
18119
12316
15856
65943
20164
88044
7267
73106
67907
51889
54525
55150
67017
46996
4669
37264
79111
55843
63901
71341
81939
43018
82465
2154
13279
68057
11226
28495
31409
40551
14889
65881
52867
30746
48176
73032
35142
55443
62490
19402
23684
17015
90904
90702
64012
95574
44318
59475
67769
8219
30816
49708
67589
13281
68215
97220
81338
95793
25715
29100
36344
56956
94981
5564
4054
59509
94948
39197
31305
57438
74951
54989
90806
65855
62043
71170
77781
6361
30645
45551
30932
61461
11611
14873
91094
79826
12093
72433
91972
54160
17885
44668
11117
29218
50232
15171
88727
45180
70720
20032
18971
45671
91374
9777
27879
69769
97299
5660
76131
27944
51211
23415
5757
62823
38289
96851
59001
50382
85636
50973
4543
3521
95642
32012
49091
62226
47183
37819
7407
17904
74203
42730
79927
65577
68859
7806
35347
66158
13467
27830
10454
81030
67597
16211
60205
5886
29414
19207
72621
15051
86532
93516
34924
98526
25528
368
77105
72711
38187
864
6967
28742
43594
3247
10672
12453
11053
62371
78611
40872
6553
5417
21903
74150
21628
98460
96389
67394
34019
69010
98797
36904
62526
50074
35430
88054
50442
12535
77117
4981
13399
437
33723
73345
3684
44395
85798
31089
23118
80761
88314
29671
86178
26569
3822
24158
25029
211
91553
59049
69221
90350
95953
48099
56776
47735
52505
7218
76623
45974
12199
6374
62763
62275
79720
82799
23022
65518
13889
46141
62632
18555
75812
48810
45124
79634
89321
70153
96197
97226
29202
81770
3928
41507
46221
60705
89243
98726
67923
82218
61053
96475
88592
23816
58750
68312
6616
81772
50183
36857
27913
12815
55412
20078
77977
536
16064
67298
70689
12262
80876
16244
10384
84805
74103
56606
45510
79698
55332
13433
61916
16385
9908
50509
56554
85010
18821
63170
83135
69004
27
27400
98171
55439
47478
76149
72327
63543
59799
43016
92157
40676
75612
2541
25481
49716
59147
70991
29414
30832
776
91331
63569
27037
58192
20123
12047
77013
83293
11534
62370
99672
38935
60541
71463
86413
53042
43790
49956
12842
3159
42113
69870
78771
44655
11703
44839
20154
99046
90606
50986
99822
98289
14556
43211
56481
34679
71611
33494
34325
83145
95864
33997
22080
72758
21813
8494
25800
65603
74802
54994
68762
33268
24864
63886
94275
52919
25077
14429
51965
15683
65416
51788
13972
79972
11351
70453
31003
82962
20300
65328
66108
32516
15678
4540
5274
37491
29386
47427
19446
4189
2421
4561
53809
27286
68447
48084
96557
9876
62513
48523
25560
44281
16663
55884
40605
28014
42690
71609
27329
62990
53289
93437
11858
85319
14329
17133
39162
43716
64560
58609
64257
66981
63170
18066
10619
47969
66150
7177
57845
28663
72052
83405
89297
88715
55642
29902
33081
98332
17863
60410
61322
71153
53847
73180
72824
84529
6665
11987
28245
87577
70596
92502
70911
50118
10568
97882
98087
93070
21411
72284
38085
93463
72042
27382
82178
27684
57285
15260
26016
91500
75670
3690
79005
45870
93222
51830
46751
99888
63817
74996
3817
50765
83850
74728
883
10770
72611
15322
3840
94022
87606
41925
3838
59648
85660
86016
87332
59297
17628
13348
50797
9651
33390
29803
71873
26613
81633
18624
26501
61802
9972
30318
12567
10174
21399
13450
20944
94010
28772
41136
4384
16378
99413
8222
76027
85073
10591
79711
44370
44571
9412
95168
70574
42802
41323
42447
69415
22956
77423
12268
84758
3747
58939
13677
30273
80338
27127
51217
90700
72251
8705
95084
88629
8119
19659
81008
93192
30250
77072
37563
91173
86484
49083
61748
29286
90406
20547
98702
29714
14323
10970
30824
34422
69909
44501
64696
50247
87980
15913
57299
60231
40971
52384
65212
49090
88395
62573
42282
34997
39645
96197
26170
26129
61632
4270
55415
68390
24818
54117
98104
55493
81440
45280
89915
51349
6133
54611
17949
94113
86877
75248
70696
27848
43984
35909
76938
32379
98482
35572
67376
38127
48122
9899
64256
9754
14169
36023
78145
55339
90141
92601
10832
71581
54234
748
39282
60367
71711
57231
70833
58588
32480
41529
2788
92816
77438
96078
25196
92272
31651
8924
30399
79773
18823
11007
89527
49345
47031
84024
4684
53524
76626
15517
41457
47212
32617
80739
7579
4328
37971
78412
79269
86803
19942
82057
79619
13732
94488
21167
6005
26139
30092
52756
22264
65267
63764
28143
14612
27147
12168
19297
80671
5146
51166
22128
52358
135
2867
76289
20815
57190
54702
84
43993
90996
98494
39965
4728
92982
61132
10733
35473
7576
79842
57737
72844
43606
85880
87456
70753
14400
23105
51424
35898
90623
89904
88256
90758
92771
64546
11574
66314
35600
28010
10307
26596
42856
66624
47676
52190
44109
74762
87663
51685
54604
61752
40881
98210
63985
44690
85315
78385
67795
53091
14284
74771
42995
18892
65529
52118
99790
93455
18432
35390
21466
45092
78338
64322
11716
26015
16513
55825
777
20528
23863
71733
82281
81096
86295
62618
25786
71610
41003
9934
24701
71639
84705
67696
6884
66586
19814
6674
60042
54599
42065
81508
99691
36755
62182
11407
62770
95047
83585
79899
31928
23800
67984
30561
4896
54279
93179
47035
25889
34182
56969
50590
22174
41674
34638
29058
24612
70805
35732
84654
25404
94149
82514
25095
47257
61049
52854
26379
56096
36439
6279
88024
76591
74263
18585
81488
28543
11764
28523
70784
62299
1844
37727
825
59870
72365
29883
84482
59522
81967
69137
84926
92469
68003
26373
56078
29052
79228
82457
85149
32019
88736
89525
8611
79352
24463
6451
24247
52579
51326
95031
31230
69522
32758
32055
29392
21476
78290
30226
80998
76610
99363
82277
85431
83719
8650
41509
12771
4230
23966
14272
52602
29055
20150
61213
24759
60965
84016
65358
13544
51694
60389
61127
21216
9500
9534
66960
47328
4177
97186
44678
80787
12902
26955
82570
96621
51958
40431
9392
72540
64397
40017
25142
9804
60167
2707
34563
21132
86723
99921
51028
54769
76663
28507
75985
2515
38042
59297
49843
42219
56484
10873
39358
85738
37829
38280
82359
6139
78711
8103
78679
59460
48120
3822
69265
24639
6529
20180
62123
9605
36454
13152
64374
29469
41659
56712
31984
96053
16009
98179
54624
88845
9052
10334
74583
63233
48614
56942
69372
27325
81398
64404
3138
45870
68226
72403
70510
91107
8935
32633
712
45389
62137
65087
91210
3797
38151
23194
16202
54160
37725
70827
43006
63130
81161
17589
26363
29776
90884
12088
73453
88634
76492
76591
34504
61070
65346
21366
52177
90634
54000
52890
52375
32489
34329
43586
36286
72480
83132
68841
42992
37210
39668
2350
340
20829
36292
43055
66957
43528
55143
56763
32162
47987
49706
66666
25409
31405
88033
77587
22039
58385
46829
74414
90874
97510
34352
43513
86342
17485
12354
29334
54695
68374
48037
71387
89203
84329
14442
72513
44209
85938
45628
76371
50277
95334
59389
75687
26739
63774
53274
48778
22159
16455
39545
29386
13965
73897
72899
16659
7734
1605
62345
78781
69979
10382
66520
75534
11063
80963
64399
55272
83253
10027
31643
33530
5362
91033
9217
48453
71159
78843
97232
93319
11650
53129
39057
41967
43378
28308
58626
51113
29913
20972
46246
16244
31354
12767
8130
58770
10082
72530
14042
93335
82557
62038
43217
4271
69423
68787
52725
40582
63982
66309
50253
75633
19438
89310
17600
62816
17618
76227
30281
63883
13551
76528
80127
61257
5647
88258
20027
15729
60788
34070
25416
59697
12460
68633
80321
81883
53772
33046
22465
17755
99355
89071
9740
35145
78381
27340
14313
96000
19919
44595
76235
33470
37475
56363
94728
59474
60973
31107
75203
38113
65177
619
97810
93989
85604
78131
75872
55729
27529
14690
73484
43236
3761
83224
78381
82142
26916
9047
94494
46836
53642
87082
96658
7469
43445
7738
66943
4418
38846
58498
58883
20375
75469
73045
14365
77425
67529
90237
33154
95058
21279
6638
38295
25040
6214
33028
23535
33131
42075
34381
96319
12069
21463
92977
35890
81260
716
2833
2030
55914
77683
60913
76289
53152
33959
90654
30578
1488
80892
63732
12898
18523
86723
51193
43564
92937
574
83451
26068
42649
34184
38739
71071
55648
31717
6961
36908
48785
26147
55291
4699
3830
16204
80988
56983
50163
87995
3913
68003
85239
83997
80902
3762
70720
48447
47326
63658
49021
47129
6078
8023
81314
44818
79094
53314
92887
2407
90222
58024
28554
61865
62723
32385
78070
60063
5720
44585
48058
25985
28941
33297
9982
9843
37060
80703
74642
738
44361
40016
64220
66791
48039
45534
11609
43485
98848
20848
62244
5422
78872
90799
67288
57947
39536
61710
18011
61608
6295
82421
87593
35236
32071
13927
61431
69131
94630
36074
86221
55343
76090
50441
22135
40481
12327
50096
318
27527
70945
62562
32950
66169
69713
16590
24117
9249
78300
58480
87209
947
40901
74802
52536
72972
5082
13967
58455
99712
66393
44677
71408
58835
11470
9895
15668
23798
59991
15986
51325
47288
94901
627
29810
64614
33569
53927
90216
28221
12407
77425
29169
53308
68580
98057
42633
73662
28376
1088
73374
94770
62117
44782
69957
73588
71029
85626
13738
47373
17964
81415
94661
12865
98395
24471
77480
31964
94750
84048
60186
7157
61473
5707
76818
30053
3764
19451
3715
32140
36891
93442
43262
99009
54576
13220
88949
25606
98846
2687
72979
33162
454
83992
46028
98849
24816
39860
30814
19566
23908
91000
43076
85381
13059
19894
31787
16823
55697
35502
48963
92588
28944
92226
7949
99873
21798
96898
25479
20644
15937
98458
53806
32744
82450
16186
31593
23618
72398
62407
43185
96306
69759
86261
98040
82818
22507
29827
15993
78204
81681
64957
87144
26978
73535
11446
26851
95333
24696
52330
32329
40634
67140
2487
73378
65942
35026
21323
89561
7424
83731
32746
3731
69842
35359
18123
69013
57866
64302
85006
36070
45983
66315
39566
72961
56202
51012
99812
67887
75709
68494
16568
32695
35634
19056
6073
17929
70434
43748
7490
77858
27479
56588
97941
13674
91947
16064
99039
49813
80366
397
2235
42702
83065
41801
32015
39267
92814
48180
23507
68523
16674
40075
17570
68661
75483
39995
86590
45917
83743
94080
40128
27575
67020
38069
41249
58967
70486
56640
8780
67204
57037
11015
9906
40102
52816
58274
95722
61982
6454
19229
46857
23128
75656
64427
8141
51140
4422
94731
13409
88166
5163
53537
15741
72183
7959
73342
31150
94797
29982
56282
62001
3371
67297
88260
43474
36466
46534
55548
14800
52988
74777
61658
92468
50433
42437
610
17925
46860
11693
31335
51378
16857
1224
83471
5392
25535
56813
52895
20332
3147
9177
98686
6518
92827
86946
49992
45645
49832
21892
60445
19172
96669
38455
27992
63455
80893
28602
97732
44105
40296
45419
95483
73505
46644
95306
78897
72179
68471
48144
8864
71618
57322
7550
78136
50149
10848
44481
95794
77032
66373
72591
96204
79395
11047
40548
59202
91940
69151
56934
36045
25799
2354
47880
15656
65350
59538
10905
53881
28009
59050
62745
99627
16372
86647
94115
82873
97495
38596
95019
74527
21322
67610
87083
717
78657
43984
76271
70597
13135
33205
22994
55286
51911
87226
70942
17261
46764
81847
71143
74773
40897
50240
90752
73621
36888
84868
56494
50735
23464
67865
41615
61138
35476
45050
78207
14133
89034
54478
1083
18521
87684
24077
73807
55947
27656
61101
73209
74420
59301
60704
65546
16550
27296
56298
90172
64184
41166
63018
31272
80983
30884
72887
58473
66360
17937
36681
96845
23324
91159
97928
41845
95195
38358
32005
51143
66014
9458
40704
56786
68759
1408
22332
85310
28704
94983
91834
9241
52501
71204
40513
49836
18440
29752
8310
1152
64041
44991
97998
87365
52502
12278
45563
47698
50636
77568
15193
16650
87026
55897
89789
72138
73657
28473
73800
2361
23456
65634
27954
92310
36838
68467
42146
55279
14571
50456
56431
78613
11799
70781
65978
64302
83060
27893
28352
33696
21813
59897
66699
25192
32146
72840
97330
5803
1313
71130
24516
24770
53116
52471
17080
6306
37290
75578
61585
51862
42387
34369
30475
54186
21502
12805
34840
4562
57051
79544
54611
78864
55793
37662
4056
87939
10502
17738
93742
11815
88868
18259
52937
58336
87082
86369
64643
40724
61948
42580
92586
4335
93301
39413
74873
14804
68571
9714
35718
25622
5610
90329
20838
61404
27991
41247
49343
54845
58985
59438
66661
64206
94049
19598
22542
81131
22320
87185
21855
84268
29766
30794
4955
23067
86559
79828
54223
55130
5894
89942
97104
11505
96623
34295
89261
24615
75542
54956
95812
34527
14394
62473
98733
24795
98424
37628
22278
20744
41165
60486
21364
70931
91280
26319
10351
94191
22499
80926
65674
28394
70868
62778
56251
67492
97073
45512
8459
88967
16820
4271
23495
47567
83097
38580
72362
97873
76208
94641
34969
33726
55127
56333
4657
62759
99004
31360
56950
21503
28639
22624
49897
99507
1755
22500
83351
15180
84364
8162
4148
1185
28786
43995
48752
11883
82575
21114
26108
75136
32107
61077
8862
87234
33762
29871
66345
32766
77584
23296
54269
6223
62272
20519
22082
64027
43019
21786
95560
27384
29948
99708
44921
58734
43703
93673
86969
42630
31139
13077
34118
63247
90506
59332
50481
24268
5556
16827
73386
83140
56475
27656
5715
18747
64527
27797
99127
23898
49583
94687
67634
95884
10747
12555
54618
70802
6228
57940
29784
53720
87369
63903
16967
77876
23235
83800
18496
28791
16979
91883
28283
73454
19539
33998
8554
418
78148
7681
24316
44083
18720
91951
39967
29467
20858
10938
269
27087
68878
46405
97159
56247
10308
14126
50475
49896
97926
68972
95039
14906
60855
23323
4712
96746
73673
13266
97164
68173
37299
37832
12257
56019
46135
68576
1838
66994
95866
18459
10433
64744
64865
7592
37344
91525
21718
4171
41421
35996
73143
52813
67254
50350
92488
71967
47096
66161
1585
60612
50687
55237
14797
79296
27608
60932
47872
29447
27926
43739
64258
38359
24835
29123
45951
78531
37001
84021
99055
78422
20018
72198
31235
87272
38901
23723
75591
2349
6237
77177
79314
56924
32414
94111
36220
60022
55043
444
5821
99322
60535
70080
37681
1723
15555
83633
80254
52556
84006
79309
47331
4024
67860
94918
7649
23113
34994
83240
25462
41231
76769
4776
14507
25535
98887
67079
1910
70283
67523
7731
69605
44411
94163
23638
46134
26071
23623
42740
94979
7630
38402
42310
11654
22614
53581
19303
45727
88575
18896
71189
46158
95665
92318
60665
21201
7557
44096
23111
94192
27971
47194
63797
72382
57710
3788
34868
83781
27411
77609
95112
35041
32363
37423
63048
54977
7356
82351
704
95931
17599
88245
42089
13265
96915
19106
50818
4473
63202
90281
98665
91173
37475
78815
79908
11537
82603
14776
95318
26366
92385
90431
61408
24748
44206
24456
96077
51562
23159
13133
63845
40759
1379
5934
70376
14646
41392
21194
19119
20946
27827
34137
28471
65302
29304
8379
76840
28259
23156
88510
54625
31893
95293
32385
72994
55851
56841
69071
7413
96353
82205
87610
37112
99936
93544
23840
14582
51288
61386
50054
72234
89213
543
706
54515
46199
9085
47707
90810
48593
52570
61787
96839
47863
94173
69833
20067
67366
55256
27480
63719
37461
15091
17183
53749
24987
41023
84684
92628
2409
34738
64862
91622
51633
81920
62490
14184
91006
26549
4994
55951
79119
66781
52790
43335
77306
22623
63402
44673
77880
7234
8392
31693
38677
25576
85443
80017
82951
86479
72645
85361
21217
53859
93335
89202
35780
55825
3386
43138
98727
24732
99089
94198
91513
51880
53885
68820
90855
33639
29845
85087
40874
38237
16781
95903
80165
18576
75920
63117
5055
64917
64830
42624
18777
58165
48178
54557
30343
51564
97695
29070
92648
96784
39620
84161
65016
93506
69333
55872
27145
15530
57311
84371
53768
74092
80275
50285
9020
72547
13402
30427
37465
78232
89403
56242
52750
37581
27151
83093
5497
24846
28515
98145
37982
68135
98659
19351
77993
84344
91575
5139
99875
48886
89510
69995
39331
86137
20280
64703
58685
50035
95131
96150
44619
84534
68744
97369
38468
95895
96814
43965
37093
41681
58463
91427
26169
57122
10778
4162
57818
2353
25653
57693
67592
15164
44040
6923
1301
64321
71626
59986
14356
83109
72488
58975
83996
57584
56345
22464
69831
69511
82781
6924
11193
41244
14704
37362
14718
41834
57876
72537
60540
83530
46582
28132
15046
90623
51407
32699
54944
23033
92686
85652
6143
81526
44627
90139
39111
17324
28955
25294
86836
11736
48571
14381
52981
63275
68095
84051
5109
42323
56588
82001
25853
19523
10133
40899
10146
61540
73599
81442
926
82637
67094
23421
80515
28073
29912
35978
61750
58867
61273
48586
70603
9844
79319
39936
89471
63766
40340
10932
6089
96928
92934
48295
32803
3067
5546
59301
80960
95497
40743
81886
94486
24189
5307
75002
68615
51571
27332
30365
10438
88605
95303
97393
14801
74622
53682
4272
54740
94022
31557
60829
7302
24491
9124
40106
27558
14671
99407
24870
10168
56503
6756
4655
97044
28415
96009
65659
96338
23341
96024
6776
28299
7679
20522
59452
98653
74204
63725
53393
68226
95282
14223
91880
36125
39699
31986
80035
70722
47746
4906
80891
4249
28014
1898
17645
72782
97907
83305
69120
37600
95681
92249
65899
19713
12771
25352
18366
86975
5429
71760
71553
17063
2335
63433
53188
58386
11772
33223
29109
59518
54481
26352
80119
82496
28250
97764
71630
42509
97421
40750
80109
9455
32999
62361
29168
45770
4065
63886
49097
9494
51998
37002
42909
54333
436
12449
29072
28560
62024
58181
88078
16506
84533
84549
15354
29135
98665
86984
71644
96087
44086
68105
21894
93438
30466
67414
55560
50883
31300
4658
60377
99651
58012
19638
53984
58448
32087
83056
87008
10464
57589
91438
26970
42122
75987
58676
87609
74653
45660
59253
87092
6098
43711
25338
99536
74177
92752
55097
25061
40404
76107
1790
40055
34119
37781
10392
92568
86220
9800
95928
96684
67390
3719
40006
25864
96058
98682
29826
87063
60694
89079
74155
66793
32790
15845
82681
23320
24949
37778
64733
65354
13885
82875
21761
48005
20656
48505
56925
6877
58306
69205
19913
42048
89276
59920
84264
85335
58602
14090
72398
35649
19522
62906
2442
68664
78751
1475
91984
3701
39254
73069
85407
69491
55945
23520
17496
92953
72026
90773
16182
46684
76331
36096
5084
65607
96016
89348
50942
70970
19791
39693
6619
55665
2599
25413
24329
97702
26889
32666
17755
66143
5735
19514
35634
78032
43035
69483
70986
15061
76608
87168
78097
52939
23264
83181
34899
35632
88881
2193
6603
8672
41886
13222
64337
60837
38636
5019
74892
65525
37685
92647
48020
59772
12162
6
37805
71549
85841
8791
2962
62450
12311
81059
31741
51928
64240
82992
87560
53121
85186
94163
78146
43424
7386
42483
20614
62374
63854
95506
44251
1539
4505
8623
77664
33019
8629
15469
4568
94471
40612
7530
73273
52923
88589
21366
21203
69181
4359
8764
22303
5897
2927
449
49321
26665
59284
69935
89039
23139
65441
49642
41030
86299
58265
18694
19318
83247
50515
23887
77718
7479
47769
67343
76755
52711
5061
97958
21892
9420
6722
60547
15317
9650
77348
80991
52667
36633
50926
41707
76124
32720
7701
33506
19019
65967
68553
54689
49214
35420
78576
43284
42900
26346
26979
19655
95409
32040
17613
17301
57813
24336
77849
89482
50338
71549
70473
3005
24534
37752
61064
17010
86824
68766
50517
22195
51085
35422
76884
16651
70842
55461
76287
13742
98159
3266
49749
93568
51658
67363
27221
25823
91699
21422
15306
42037
92972
2131
45042
17506
39883
22459
34517
26707
91225
1386
48902
42310
36808
25787
75313
24002
97600
51600
54097
12111
71218
3846
22031
22876
71209
49252
65052
79260
87027
80358
37649
79999
82489
99044
13857
22373
21503
48374
65432
12728
66112
30687
71390
19272
56474
46703
43275
70426
14655
97372
82537
85873
17570
20920
25101
88780
70172
90153
84392
73551
70511
22042
53550
69353
21086
83760
8078
42589
32134
73510
71669
14599
4197
43059
33871
77023
6114
77146
47449
20769
90870
46338
6642
8441
67258
48095
13573
53783
38249
14317
27334
25112
36359
97237
94465
57445
80997
2543
16386
29483
92406
88055
44082
12955
31114
77954
89979
37228
71452
53780
74349
62323
16471
97343
87116
83729
45439
17041
53864
40
31358
97551
25152
84070
94788
35970
41515
75785
54865
74254
21620
47271
62309
65703
60227
9776
60009
66558
63356
31461
20338
37706
10136
36809
35049
13604
36891
80488
46997
90755
80528
94708
88306
22033
78778
99446
58003
36645
91583
12868
10899
13204
76492
73209
95259
36719
99337
55268
3277
62693
3081
39967
399
29570
76777
35449
43174
30020
32289
90172
37127
12818
84880
41786
51203
80010
41232
9206
16655
49168
38426
27555
62372
14918
17116
73983
51637
16453
45603
71266
95498
48684
11234
95898
78254
4363
47699
37781
34383
79988
44305
87862
9158
45537
29648
60361
25547
87233
69567
58554
36401
7994
2461
15125
22912
35929
5460
90902
68734
51063
62168
64233
16099
89754
60131
10706
94117
7830
48487
44852
4170
9144
32715
13329
71033
78715
90042
12932
65948
75962
71486
18701
83956
73948
50178
23220
9877
55638
30474
78612
6701
8995
59197
22801
98749
19328
49859
9219
43510
14698
54071
47680
23842
3138
77361
94875
81854
67404
7807
64154
43366
95645
99208
43674
85945
49386
83246
12175
21377
30073
7139
28078
39068
66336
67231
54169
85664
33442
63388
45526
48140
33812
9558
71982
53302
3272
83209
51508
87028
7368
15663
46746
19366
31223
6772
5311
96961
90018
17486
18338
36443
24625
62769
91863
90961
30000
46033
92977
79795
25773
54855
27935
59585
64414
99918
12888
67686
99479
64396
54714
23200
96411
17812
42566
27634
24584
47877
40948
30954
81716
59286
67398
6341
22055
59261
13655
68408
21646
22984
48203
47420
77840
76138
7005
58606
92408
36245
42644
91888
642
13710
31440
13405
31522
74006
57392
56106
21883
98340
87060
19951
73978
70810
26293
96034
30072
56300
64442
51718
95636
28997
99138
89828
5135
22496
48434
13896
58741
7430
22136
75735
21140
53576
5493
69014
27582
62885
25120
65817
77577
28533
85769
51555
99343
28414
63941
29415
1066
44735
97486
96702
73732
12976
86531
95220
35472
51317
9116
10566
58748
47604
2653
79888
1180
8146
48903
45114
87383
90375
10931
81312
18908
13052
32868
34604
41466
96809
80371
42532
41545
77857
55587
31629
7186
42118
26849
42658
93435
52317
69576
52183
99921
72230
48424
17453
80376
13679
62567
84112
20406
73499
65424
55667
86551
98292
90271
44370
11454
70642
3254
69351
64852
75193
17332
72038
17311
60534
31048
27099
12851
625
95634
29125
72855
60410
46578
69583
74089
25498
53695
10848
98997
35472
66515
1900
50116
73138
62622
61570
43780
82229
47273
24984
57422
64606
13374
74734
41492
44423
18185
54343
61400
13819
99820
50607
74230
62751
20190
64671
88249
90238
75519
3598
25710
58386
5498
75826
31524
84473
53749
91657
66702
17374
16641
24124
98332
46368
15210
39824
7143
49747
10520
68543
63567
10340
19150
54149
73091
55692
35172
77692
62282
27044
81290
87992
85430
3141
80171
16955
87614
50272
24964
70668
67646
57957
11144
65979
4325
26355
22155
11468
76102
32675
80011
56021
43016
15513
26522
32459
71206
78047
10152
33488
5091
7794
37833
90521
10935
34356
23828
14901
980
48792
85569
84978
6750
96714
67309
27427
39421
89465
38896
31875
22140
35259
4249
65156
50773
47123
13968
38331
25170
40472
88171
30261
48266
42356
37135
59202
93064
60963
90455
94044
26108
76025
95375
49210
89091
62684
92989
44864
52149
31885
93091
74290
83497
97340
55798
50622
44464
86118
5305
85986
26590
93476
16248
91209
52185
53383
50411
61601
30698
57218
55646
73158
33243
67373
38720
38686
30057
31710
83550
98559
79947
92994
89201
63444
90334
61351
14066
51150
47470
19371
37137
90412
29200
69737
81621
97737
23120
48384
59338
70170
5603
31336
59681
55198
98709
98401
93885
28767
30111
93787
27326
10059
86781
16527
73503
93468
77878
3922
60970
41700
39645
14459
32113
68845
84196
13734
82934
23668
78471
42273
10191
84074
73609
69872
55624
72319
68273
65861
17438
14737
59649
44764
24796
62782
77643
14651
72602
71873
34925
49925
13574
74571
64384
45687
59768
48581
75773
42703
88601
70596
84976
98792
54670
74937
68664
10295
47256
53290
92508
64694
68027
52157
25810
9175
31292
3453
23826
20246
91679
75104
70171
5253
66027
50908
67292
25795
15841
59417
84850
4442
30014
86178
3235
1036
61116
88251
27683
24724
41541
20192
5771
9568
88701
31581
35095
36345
51387
58922
56592
43066
50378
43115
64671
16405
10375
48315
58552
26216
7732
59755
47011
54098
45933
50246
55135
23401
54849
82818
48126
96391
19362
53897
22311
8064
1830
57407
44409
69569
32681
17353
28987
99411
76821
93658
15816
87196
41973
90720
29765
66058
50475
76776
20156
96409
43374
75291
36162
98223
74462
84288
10966
93824
54537
49630
18240
72720
7037
62650
42289
56070
96355
71277
55481
89528
81287
87649
93077
23261
78369
22842
89319
28845
99618
25827
41606
59344
1119
77768
57567
91933
78409
84886
2109
32946
34516
20350
5666
41553
99352
64308
13975
95707
35585
69456
85236
16872
73457
94665
56485
51826
17507
62156
97023
33477
87984
38629
92821
5455
16398
66740
13740
11159
51626
15849
44105
86142
36199
66124
44047
35551
46784
58022
31259
82369
43830
32847
15593
17287
27512
72079
85466
61371
50587
82489
11200
54923
21119
4021
60378
53869
87113
74118
65028
38740
89968
25485
41234
42519
7961
85282
78071
54745
59656
25682
37114
19839
74881
69060
37126
18745
57491
22592
80116
8078
5082
7668
63002
42553
11689
39732
96422
15154
30203
77802
53894
36523
3287
11481
79042
11249
96763
73465
65994
72771
99147
19461
92610
90380
88521
46089
9125
62364
68681
5593
86794
90115
13261
66148
49020
41302
5881
45442
56457
36084
39596
26703
88959
42884
38184
68001
54133
51299
41467
36479
40423
56966
55940
33033
63699
60813
79122
89176
23177
64156
94770
26324
70623
24383
92472
19644
82038
98353
81438
54847
50789
21035
81550
39748
80271
36087
24102
34404
3738
81921
87235
44161
55239
43176
93547
18938
20341
89021
8115
59871
69529
19237
86195
56505
59972
78667
92501
42010
93373
73939
13209
60514
11326
11112
263
7949
63551
40717
58705
67289
22638
45941
27803
94229
89117
37702
13168
25810
26723
37635
85681
12605
56872
71876
69110
33196
50544
61611
91559
60269
51902
4768
20783
79581
15880
37398
87530
95783
78115
46236
63073
17105
8529
7228
11335
97646
44930
40855
39808
88005
94842
25490
16962
68066
97366
86072
1262
64262
47683
92821
24531
15938
13942
61667
95519
46174
99065
99401
41958
93533
45637
21383
10638
70518
28611
38325
68164
89893
95532
24325
94250
90374
49815
11213
58440
47181
97285
76055
27796
61321
68876
68679
77259
99170
30346
89130
45345
29412
88531
87303
22945
50521
8686
49935
21039
53649
4613
5556
43542
145
29881
37792
6872
79696
49005
65312
43229
46291
41367
87377
23964
26596
56057
1223
25766
86403
90353
87463
32167
78884
74766
55112
29405
99804
21400
66797
53453
26013
72353
96995
26158
2234
51140
33030
98282
145
14695
41511
62788
72414
28889
86752
99010
1298
87975
41129
87701
94680
28592
36221
89917
19711
7685
35674
19515
29085
2471
72969
55098
74824
86316
97609
93410
37456
46991
91692
37602
78038
49556
16742
50453
94797
3495
65815
96095
7822
23296
148
2503
51889
52721
92420
87952
60407
28094
7467
89492
46918
96788
60943
38094
83105
58552
31505
20561
21895
39549
74515
99934
5457
91258
66739
254
11105
32554
12701
18927
55851
29202
37782
24092
81923
30202
12044
42330
74649
35863
48175
37919
32652
9118
76013
32109
84022
7518
52670
5917
63420
43538
22203
68877
51148
88942
85484
62253
37849
98185
81180
10052
43739
18963
34144
42015
65517
62540
84345
56518
14755
48872
94437
47407
57990
70451
79516
58364
94321
48539
80634
57741
8429
19189
26619
59577
8132
12103
21830
45981
26640
3010
56033
86732
38325
6529
28747
3843
85421
29444
76713
176
78317
71151
47584
52659
57954
43452
11024
52275
8343
8010
26369
16772
27199
52988
76349
35331
81443
14531
97664
24435
33894
70049
11167
72219
92930
39914
92414
78351
69359
69128
78528
64028
56631
42464
16687
14585
85916
44063
83212
10612
52073
9581
27384
79273
78921
20086
30956
76716
34617
44973
17504
68511
31374
28671
57083
24305
84938
49497
2656
70649
34977
97536
34677
7960
40000
51364
38897
42269
95428
22110
52881
63853
48043
96617
59478
43317
33055
90435
36385
84025
51760
53889
52536
83134
98913
25971
23791
83851
75469
26448
70852
26798
40336
5529
34759
80337
73245
73656
38958
85025
12118
8191
48879
60162
21160
8357
19831
54216
15144
56216
38241
66904
10106
7129
66391
9019
33101
90182
9222
24922
32982
80074
51720
89671
1955
2831
86360
75200
76488
25318
60226
88606
49861
25457
65120
71021
33814
1303
41589
48959
57520
96182
32215
83978
3312
14958
9349
52765
21493
18571
94039
70827
14997
45759
60498
33304
64943
46858
8504
57783
88528
85082
62741
38389
10539
27862
25763
60706
29165
67352
26017
3037
63535
58232
87015
83199
89543
96364
35964
11036
31287
46355
81863
62636
92114
58714
95940
73409
5572
20797
31192
94101
5879
93934
48842
32771
38148
74605
93477
83665
41958
19494
86703
21845
94078
90070
5044
83621
86435
57360
11009
34074
3715
9225
13063
12181
67939
9003
1943
73511
46152
33135
83964
68384
43421
32807
1155
81569
7412
10984
65235
65722
46830
68290
87567
40908
58360
8963
40882
61147
82675
68243
95222
2742
77468
8285
31276
45407
33640
33219
18919
79793
82706
19235
48177
26128
52042
65684
7697
75807
76668
89284
41529
39850
57574
45449
97110
15935
70764
37992
77082
69792
6236
88656
72534
83704
13293
20162
45464
46934
53381
64383
43079
36088
99970
91256
62216
52013
73292
86265
27820
66312
75550
85701
6162
33124
47502
3272
65411
18267
57617
58846
88059
80205
47502
76945
80261
77148
97108
25725
24082
66841
6460
83513
2929
6431
74769
81497
74796
64413
67763
2616
30725
43313
4669
36887
92789
52172
56511
74553
86791
30480
33399
91202
10685
97253
68147
90947
74401
81607
33024
14835
48449
39485
98348
67730
62268
89469
49228
37064
53882
33343
39680
959
76656
60701
54198
85797
29225
10710
60350
16016
41190
10101
7218
68228
7355
91718
59175
98108
73325
8551
29296
38126
48036
43996
5857
10304
33466
71437
47368
3700
4780
3400
4660
97788
80454
58858
83585
9679
85920
60288
25696
43463
86741
49266
11691
94096
57336
87218
8557
30662
95769
54205
85140
60158
98201
7349
86814
31667
78786
50535
51720
83566
53935
56380
97706
50741
31590
97644
60421
17511
57932
2469
60974
44673
68087
72665
55122
25424
76235
80031
72438
72004
34236
57578
32162
48789
64928
18977
80457
60066
69512
48529
43633
39799
4909
57691
6893
52851
55335
67314
70362
29619
86135
47688
90645
54222
20353
62119
95998
96588
42150
68436
84945
92738
26015
33459
41527
7295
68788
38336
67361
38300
86865
27346
94452
8126
85038
1345
60978
56725
85011
47692
86345
87498
95381
76990
41720
32086
39109
37719
45027
97611
22507
29972
6701
64874
63431
48228
72169
32220
2917
55883
86872
89782
83229
97676
14261
84619
15373
91591
41345
384
39283
44042
4234
34664
21032
62307
66751
76493
16378
11778
74104
38885
58102
97157
3760
37885
45385
92281
86457
64654
48164
73330
54437
47746
87358
85050
48717
2732
76641
6414
19468
15924
50456
23703
66941
71488
86010
50044
64333
18740
61822
54789
57625
36276
51946
61385
74161
13684
70019
60619
78338
34535
50301
49127
82281
54011
34177
47351
56743
27170
53765
92564
43095
4222
32619
26388
92062
34981
76432
56396
53721
54606
11185
11346
90882
63132
89084
81395
76816
75455
42014
55154
9990
8667
20634
8624
62679
54811
55975
35774
81982
9740
44690
41429
30314
77309
67817
22377
28642
60601
95125
82363
15207
6310
10062
6089
85794
15498
87484
78962
90953
45851
50469
943
70870
71103
9567
49901
42266
81894
2028
24248
91635
46718
82029
21949
40380
66198
60678
69022
26799
55803
67738
42006
78466
94152
64447
80612
9650
68284
59575
16955
14135
26396
34250
1357
97499
60170
51259
39765
42064
53287
80366
33699
16357
78747
72001
56737
44946
49031
42112
71745
4835
26202
30104
99653
20354
94551
80265
30004
62835
39840
63311
93322
66236
97561
94680
80087
57731
62291
36205
99796
31930
32923
49847
48287
11670
38200
21377
56616
87232
79841
44714
8419
6043
74818
8072
26397
85721
4689
72753
48557
60882
36064
58231
43470
33625
69263
23558
7709
31554
76115
7505
79836
9038
73704
28124
20708
11905
65853
93677
15489
45694
54743
23908
68089
45913
48332
94486
31634
53021
83591
96543
13903
36007
54775
57374
85984
40390
97284
93693
71945
73399
17550
51781
98789
91255
96257
19497
19512
78462
29526
35001
24156
84269
75261
8597
30182
23593
19435
78169
92966
3026
74712
23222
39033
45839
96948
25018
86230
10584
35063
74527
83983
52614
42660
99124
60221
38918
18621
79733
17380
64500
31086
57889
65121
6347
66486
11656
46292
85922
89825
39258
5300
64537
78832
44334
26729
75780
85704
29311
86364
20767
3838
86699
89733
46498
85823
49954
1768
20797
46039
35501
1649
77125
93390
66770
99824
76228
78426
46116
78502
68251
1727
83803
49141
80559
44489
92222
72692
46545
21533
75408
83664
25371
62108
73398
88221
64283
39704
6342
1432
2096
41843
19433
95573
51585
86204
95398
27813
80982
41514
6316
65586
43241
6471
14727
23801
50960
23301
96493
97505
44834
71901
97521
86557
50361
70919
74778
30997
26976
97472
48781
29072
39315
68215
24645
90900
70771
36395
35066
51753
77910
41382
17339
21151
64205
48418
61304
31517
71719
74149
45374
16553
62403
42895
19462
29116
30167
10593
76465
57143
8065
25247
2567
47381
9814
43564
38281
80585
79960
73347
48690
74222
31081
66030
11725
95286
14448
73030
43155
2520
63531
88529
19073
25934
31425
38536
71403
61592
65481
47868
35087
73546
89467
54006
20927
99281
97570
75561
96218
93882
48908
44909
84456
96342
27291
96182
7980
58091
85564
51136
60611
49095
56017
96037
91382
87442
50925
62785
65386
16406
27005
16825
89952
16473
70831
10880
32106
84754
86441
44677
94988
51701
89586
79445
64395
16877
75627
88728
91320
61191
56216
51932
26638
12233
47969
18020
99676
98894
97157
81414
15300
24163
98240
5252
56988
69071
32484
5446
70177
35277
50123
65166
86979
56061
44611
67726
89290
20238
56454
80611
97781
12670
32543
24419
24904
96864
42440
40932
95758
55949
38698
11058
80112
36938
32662
53452
22362
65147
75251
92539
424
41726
74057
3755
97788
18668
87834
3430
55258
44288
84041
53039
73311
32936
77459
14567
29800
36251
55499
41910
92200
10549
69320
88665
47488
1983
58469
86202
83482
33720
95093
83906
91799
69151
4014
89587
87819
91848
9369
43078
52488
9763
12469
25799
42699
6280
40366
88852
58883
12217
47114
67436
22767
16435
72453
86607
34770
30922
89161
18252
80995
84254
18510
72794
69757
22524
78733
57577
30724
88102
17007
83213
97865
45828
25364
56917
52109
82083
62121
27344
10652
9235
94780
49771
42022
67233
36378
76792
98156
41891
95044
95503
42498
29907
84649
12255
68783
63382
86184
99508
67836
19543
99073
82054
65372
24437
55323
33833
22872
17444
61177
33525
43031
55958
83296
85054
39543
36027
78198
54051
77918
89595
49554
20416
19502
50555
49024
88285
13937
35208
4145
98126
54752
3218
80180
36476
44008
51855
70309
66880
69299
47838
405
12330
3796
83702
13736
59692
19729
91935
13743
13999
81530
63298
34416
17384
13853
99792
22021
44143
35000
26167
58621
6104
45737
55153
42580
89745
7008
29241
56626
76307
77080
73383
4989
97228
73437
35078
56920
93166
43365
70664
7166
41247
50314
57934
58631
64167
57726
80652
24662
9078
23171
83283
15183
68909
38436
74115
58654
61796
3357
31632
54455
80437
21368
59445
94017
94805
10875
50938
4324
54240
21602
27842
11839
88268
2128
70470
52435
76206
67474
93450
85284
90646
93085
16819
75907
47874
90935
50913
9670
10644
82546
64126
91081
20266
39923
1450
15071
50798
52388
19395
21390
90342
63589
33229
78610
65717
20051
47398
41923
3877
57200
27208
10875
50285
60379
86782
98159
67666
37696
7830
78310
36594
71956
85743
56860
11879
87194
71931
79029
39582
7679
419
46277
71268
50000
24887
53338
70051
88637
95261
73928
45837
38821
84804
96123
99201
87938
94282
66867
25634
18464
45178
78580
6772
30921
35440
35003
18115
23724
14032
74050
47755
30803
20327
35375
80803
61566
88713
67206
50204
83975
57487
12393
22796
58643
8516
21997
46581
19151
5217
88568
53967
50395
67148
60740
97668
2589
95743
32136
42665
9776
6186
90420
56931
42865
25795
37735
20783
14509
21293
87339
98484
78780
99733
37632
37423
24601
75982
357
60104
81199
88925
14072
47946
56073
74812
61966
75014
70555
94102
17679
96683
16640
8099
53615
59505
50247
7702
96641
64756
28995
83980
79592
24128
83713
17224
61551
8315
9558
78260
68419
90757
67185
82491
55055
39611
73655
17022
14625
44211
11124
32305
57246
44117
56756
10861
19974
7003
34915
16615
88111
80263
596
67703
4391
84309
1280
82294
8976
10838
60555
77396
17948
27740
76239
73003
67351
66247
90025
98329
10458
17502
46986
84056
61619
3742
11270
81593
27098
46185
14561
31561
26448
15157
99265
30839
15818
16897
13134
24795
44087
73689
18543
62035
17781
11134
51391
1485
77381
57768
99814
4191
91622
63152
88248
69593
66894
99518
67539
10344
45703
82100
41906
72152
97257
57523
19343
13075
90772
48829
54222
34859
38870
72765
13247
56652
83900
80990
74489
77633
38758
90655
81825
30381
53807
70073
99974
37053
69591
67513
47398
31646
65965
5656
20150
63222
79531
39494
92650
70303
88323
46872
21514
27194
35990
34761
198
36242
15751
91039
13875
70862
81694
95700
17595
35501
82125
17569
88906
51716
1435
52656
99715
67400
58312
19865
46975
37843
75711
55977
24498
80387
2849
46013
7581
55191
80774
24131
91433
12878
15170
5309
83740
13216
17361
17687
65069
99487
51608
53975
67555
53043
6632
67270
36796
81296
3488
123
35492
79199
56100
59990
59586
75301
22355
83519
30493
3130
24002
21926
32360
55524
43587
32452
68740
77301
50139
33809
76788
1747
4137
60695
71143
27121
44318
24291
24769
64158
24414
60261
43357
96866
36604
19296
72167
58959
19167
2660
78441
43170
40939
27153
15046
878
59605
83787
78179
26096
33948
71319
27844
54437
32015
15339
81558
92685
39630
6328
56843
80396
82941
16552
77262
35897
35848
65781
94857
71368
84794
89650
14538
42085
16804
45936
42963
92761
29723
21143
18858
80024
8814
63054
34461
40829
78393
32372
49866
34375
55052
6709
31123
37993
23262
24737
90243
75462
6870
85100
46830
91664
91102
77720
33749
7906
23657
76713
668
53380
14208
35878
49756
23022
98932
570
80204
93677
32942
30070
44404
4346
36780
75527
58691
76394
16616
48934
51856
23486
50386
98687
15151
41489
76407
65252
65747
16416
58317
66415
86149
72525
2293
35905
11900
17577
36475
92104
27606
85769
38526
72010
6467
91658
63889
65159
68052
80505
14093
36261
20344
64480
34948
51847
22321
27707
17099
88068
44124
75417
70836
30273
64294
89481
82530
76194
7059
35358
84650
34665
37479
23177
6676
43947
14835
86917
9106
99240
83775
39551
35501
4119
20383
86801
55966
42704
30860
89417
30773
74984
64834
1609
21609
29129
91090
20492
21675
14501
55850
6326
49167
93329
45855
72195
37276
60690
59112
62734
76282
42887
2286
11783
63358
22669
14936
19324
65374
45797
25094
12499
37133
89928
14108
75095
35409
21550
95587
73437
36052
51437
79763
85219
44766
25618
73766
98395
2660
49230
61129
95295
8470
79767
7078
71828
2437
38367
7505
84163
84164
32599
96662
21297
38879
27122
96392
90641
48672
91979
64078
84724
59768
43841
86295
20887
85811
60061
19282
4823
25644
96763
118
34114
76531
23549
22294
95320
61916
46151
79483
46080
78750
92497
83729
33982
19619
96474
24623
68291
4805
88701
53016
64574
48894
55663
1813
34705
32077
37447
39528
57721
34210
39647
8187
27093
63196
30481
38765
25112
92985
18248
87544
88087
27097
87625
22069
46716
84099
46692
15008
5257
51745
68024
86183
639
40039
87996
35344
72116
25443
91225
29837
76005
47224
54376
19451
10420
1210
58216
51884
94195
92817
55780
82282
19914
43405
4352
66631
43857
67396
97991
49114
19142
82367
35297
19781
22406
39645
71478
94523
81440
62703
40712
57445
26279
95089
93248
36699
96299
67817
4935
90494
76986
60715
72776
13252
20472
93480
96235
64329
77229
94226
29795
96371
76593
81444
32504
99000
37441
20334
9875
18881
99389
50587
92679
25668
62028
85927
62367
58327
70096
83654
48821
47082
60721
37950
60335
81194
47782
56570
61875
25011
50797
8023
21382
43742
5819
70239
59094
43261
90573
68969
62142
89963
35909
71173
31983
97937
73453
10703
56265
43549
94357
21438
90632
55079
75740
50967
52625
23523
23889
30852
48534
91038
38875
86269
34781
61047
72860
93875
4308
79785
79197
82802
86100
15106
53976
18084
13043
27429
28787
85660
70978
39496
7099
77962
10927
82839
45281
63552
22714
69171
10757
71249
60209
65984
73870
11342
27031
63082
5218
31339
42867
84415
30494
28968
15873
84470
47052
28916
28251
92191
14577
99229
31687
38028
93544
42615
20867
38825
22519
43582
24348
33276
31183
84558
15613
21405
12252
42644
84487
17470
90336
43706
18237
20830
72674
34110
21652
36078
79379
49903
28269
93956
65484
76309
48336
59028
35276
69203
97854
57795
29137
22202
7424
76672
23112
23037
14429
35365
65681
98916
69187
72369
58975
3777
93199
31649
54239
14851
67728
33618
64754
12349
43926
30239
5010
92262
5619
40286
77818
3473
98082
23307
42028
21858
99980
65140
44895
14409
16857
26928
29678
86045
99298
88653
6174
8849
36654
60413
23701
20734
10384
4807
49436
70662
51398
54446
62925
57018
94733
57095
76843
9167
80402
18871
31025
96734
364
75920
11144
17221
19200
57174
19618
18498
62179
42144
27348
15185
2558
67401
35920
29294
72208
85356
99956
39959
56154
79233
13329
50887
36328
90172
60054
16731
25396
7431
13465
25760
83351
40961
59333
2552
14487
95304
37402
93018
37448
64750
8204
56358
48503
44124
85652
37064
45832
85609
77023
18338
64842
90352
69226
1171
96876
45632
34254
22272
53064
64071
64384
52767
5033
40070
71671
35872
35374
9074
28891
72822
90176
37095
29181
55032
97571
14833
92096
59755
16794
85471
78093
81637
75823
63671
99160
89051
25656
33414
27676
95072
13837
8412
64191
35222
48482
35863
71095
83856
61289
16338
73031
67817
69785
2212
22849
83708
33397
14945
43463
50192
416
37908
48181
92591
17932
47341
97995
59940
97107
25671
55012
10944
50435
35555
62519
98918
71418
33614
99126
49059
66304
72157
16877
36089
90721
56078
19797
24119
71024
79612
90663
87792
17520
55196
96736
51804
2537
94731
11744
15996
36754
83108
43292
87189
18664
5811
86107
90082
55777
85234
55494
22081
57391
88723
58170
64465
44801
94319
88584
32177
73931
95599
19970
91452
50795
16706
59608
69684
27789
71353
2032
64543
54461
45324
51732
73125
67488
54192
79560
39617
39426
35054
61699
13169
23777
36221
77634
84930
30541
82570
17108
4472
78169
53430
12276
45316
86488
71885
31352
14277
59590
33384
95172
14051
95061
63256
3529
78901
17448
83089
18518
73226
34495
80217
86396
74624
16439
80382
59554
46980
62953
93014
67804
57474
62796
80081
19143
49284
68318
50495
79913
27908
232
75085
41959
95293
54694
45488
74194
72142
44929
92712
45369
79424
89282
48117
54048
5721
28499
29955
69053
7804
22969
53209
81631
85766
33290
17126
51402
1608
83973
31316
45868
84205
22753
87828
95850
77447
49668
70044
65942
94598
79109
11311
90374
68391
75780
60775
90464
20631
90730
75869
44788
30051
29078
42771
32169
78721
59897
99924
96681
43870
47592
42550
28076
70345
46730
40278
64145
12750
10323
46439
7348
5784
74102
14075
90527
49882
74850
97343
70513
81932
73212
31653
11983
18642
74424
60505
13715
34321
60429
10397
94544
8021
69299
38972
94718
16029
79250
75215
28779
5925
21654
52480
11709
95756
66555
18588
61990
57757
15931
48856
39689
89143
80509
68024
24138
54934
44881
37853
89255
5310
64602
83799
29683
33901
22771
40754
66282
18374
15969
95062
24299
53976
63894
36009
66084
46801
54597
28075
4558
70529
76931
60599
76024
57440
28623
16514
12374
73505
54368
17982
95167
35322
18133
41203
69224
57257
81957
35506
75631
97926
46920
99930
68254
10814
52291
34339
57615
6889
62414
78525
93770
39345
39124
86146
13137
84100
19013
41864
73957
73381
59846
69124
25055
94331
10327
94279
51588
8636
46138
27219
22915
93058
43502
91169
3873
95793
25508
77840
19034
4274
56366
12804
59971
95490
15303
73109
79590
34316
31325
69899
24049
91171
39024
49104
85502
65703
59736
53443
74340
5874
80662
97255
15284
24164
4776
19157
19958
30285
13350
55344
50911
69716
68149
10883
81558
99804
344
77501
34120
31669
47400
74521
39192
2776
39977
41046
68480
99713
94489
59172
21939
91504
72779
37224
32020
77555
72733
68330
24192
86083
23675
91456
72151
8176
2339
70062
7980
19035
63915
58452
67056
11315
49325
22600
30444
89302
63646
15276
5368
74488
74448
27307
82344
63579
64531
14364
57486
37265
99047
81679
39700
22722
73135
28204
47250
91826
98266
71582
27213
62181
30034
10621
89848
95711
33221
20292
85013
96867
35568
90381
87707
26368
17689
70051
89947
98572
768
63786
35837
99815
45465
91890
38889
34952
20094
86139
43130
18360
57721
70343
96893
4107
97316
86741
99818
30537
7034
1183
43756
58954
91565
31464
1675
25606
17867
7974
24178
34987
71760
76368
34802
17225
84610
90043
68529
4704
92534
28011
39416
66607
14706
36309
87066
12022
39402
86884
42559
62788
4420
86316
21743
12337
34132
39770
37943
51999
47744
78473
3339
19505
71193
54493
53082
72155
44537
21612
93211
53423
49623
32627
20031
64330
85288
7097
76352
41043
10334
35264
3831
14754
21580
41926
27091
72064
81696
81386
40415
29441
76211
43754
48946
63757
98248
2028
35912
42785
39992
29124
12560
5968
78103
32591
86650
79744
39689
79354
20787
66375
14618
24618
97481
52550
66545
24572
24614
64593
22310
65030
94034
14873
8784
59332
78630
23384
77713
30895
82521
17705
60019
95082
23673
54474
27673
26675
34218
83714
6030
55005
66441
20648
79624
63922
73199
62521
88494
14165
27114
27156
79195
37501
42030
4332
96833
37012
27716
74546
67907
26590
8604
44278
21672
48629
98753
65697
75305
49323
49412
81335
4329
32205
18335
305
96128
7886
79178
974
22052
22644
28131
1247
60145
86513
21931
73331
23525
66000
64229
91433
92590
72833
35711
14262
37815
50816
96311
13120
140
62075
10807
20821
94281
45494
37478
90409
53381
16656
91383
75433
39300
35866
93032
15798
38731
14964
89129
62257
97316
53358
70042
89906
42544
22105
20520
80359
72922
16831
9831
89414
95259
36990
10235
89540
82484
64065
79949
35865
80721
87684
11298
36373
39903
20683
52171
78634
35647
41300
57243
49315
11011
27285
39221
53555
49391
76093
50266
38665
9276
76449
28079
4535
13439
54666
10427
95923
18731
6728
48141
15804
10765
75791
52177
50668
96474
4349
45654
48473
62001
2898
97788
89364
30183
53361
42919
79574
29454
9537
18239
55083
85986
62670
75970
15777
33688
86398
11701
68771
9478
76194
84575
20243
51985
36753
70911
48460
57454
16566
96933
35807
19464
11074
25172
65999
64435
84443
45574
10242
93981
80165
81677
96319
59188
57647
12097
92876
60397
40150
61648
69876
16344
62575
90119
84681
15680
77383
33141
89486
93949
46427
25294
29765
73853
50466
95764
38288
51261
57690
48530
45242
54208
30207
57914
13396
4207
70011
22624
64604
10161
624
50832
42857
63200
40952
27538
78880
18335
77032
84719
28636
39811
10013
74753
13664
76831
70517
51952
28092
44560
16835
89687
98768
63394
47601
28516
67601
17612
51140
48558
44125
51765
15742
86982
31317
56694
14520
26549
91381
7904
11268
36369
47715
37633
11122
61379
14464
97992
29684
58909
58904
46519
64948
57672
26265
12549
2540
10219
46513
53680
58777
6990
21797
74519
10324
69466
47566
41196
96016
55299
49101
23636
8021
96816
61270
35495
74548
92086
49839
20584
67347
8743
83455
32295
82767
9720
61196
85307
19939
24061
55340
95068
31051
93489
69588
41375
62956
33506
82572
75324
5157
48025
98960
13178
61193
76582
48674
35741
85021
98513
56325
52368
23609
39780
1016
6376
65853
62212
91684
85792
2626
63376
80861
33677
56865
66801
91405
19821
307
90329
95145
5464
38354
10458
34995
15899
3392
83669
51641
88413
98534
24318
40782
22143
80451
58150
28520
46304
20362
36556
32096
22988
99932
29309
73018
56797
96110
80775
92971
96417
87456
4468
18234
42162
31278
53229
58061
34671
53250
9702
23084
68136
50373
80218
90280
30824
38368
35152
77128
75083
88060
25576
14423
87992
54886
87441
61141
50996
84568
54112
63766
72024
74933
98352
14186
6211
67933
72248
40882
21183
98302
80319
89319
65027
60537
95951
12203
15258
47455
5683
90341
35515
31260
4764
23507
2498
8558
1001
69846
93126
71465
33612
65151
46398
48316
95689
52610
16249
84289
9844
53784
98944
90163
59456
63971
67053
55407
76175
82311
2863
81858
72652
54730
29470
77416
94590
31968
85974
95591
1815
95453
67056
51779
60604
13455
96
72645
82417
32697
56935
92261
86482
55879
98777
45938
36202
65830
17697
28729
48141
20560
10588
37145
91643
56410
30913
86233
88379
33240
81824
6546
28693
48880
74677
5649
78687
91125
78294
61104
23823
51581
69718
26657
23812
84847
72595
60015
50677
90292
88744
15170
27205
15684
68667
18848
72095
99580
5081
76826
32820
3257
99724
77865
68489
74401
83514
47177
81879
78161
24633
22054
29742
10703
48711
53555
95550
37658
29922
62579
27950
18666
77749
71507
50703
46416
6707
22798
62349
28140
15976
11521
31397
15700
89387
99887
6453
89253
63416
88332
67414
4401
26738
13509
15105
75449
83416
10655
13107
13338
73235
57410
48356
67336
28917
15411
30105
35625
54561
92454
63765
70537
3975
11515
2589
9714
27754
9043
98968
91170
13727
82734
95571
40466
12595
27028
32267
96011
54036
61727
25701
43623
35489
90410
10959
64406
5821
41064
16383
60383
33518
96501
47272
53846
8016
49862
63560
52122
75257
62528
43292
88984
61615
55215
45802
74210
82244
94422
86574
52632
72501
12275
96255
7990
19037
7214
88748
24859
64631
5132
1594
14501
17985
48866
68347
42353
15080
48260
94475
90337
27140
54119
95674
88755
9334
57828
62966
7930
52250
49540
76914
24751
78167
73169
32741
97205
96736
37842
38416
61367
42974
56362
92220
77311
21580
60568
19664
36661
25180
30491
43350
52320
84610
39024
41076
10296
96853
20394
34579
65455
86286
11493
6559
64453
1015
55652
78010
97751
93494
32778
59118
52820
89140
51338
30131
27073
28258
66147
63734
53438
96638
7084
22111
97600
62461
63187
24249
75666
99933
58828
41121
86219
86673
64032
67024
87688
19685
61387
85439
29531
94165
60909
82352
99658
28600
28835
26731
73210
94983
6817
43001
7973
30253
65112
5574
92714
44651
29823
84732
44584
5003
42206
47155
91676
6238
30531
79365
42275
91918
81156
71807
2436
42066
54159
2094
87018
82994
45177
60228
94329
51994
3229
2303
98599
84693
24229
91314
29344
70404
76046
90280
75407
34604
53787
83435
40843
84319
79152
83118
76237
60309
54925
78673
18727
9084
97119
22097
8431
58648
98677
2760
26994
18259
21415
25594
2952
45644
33260
48649
32400
25658
55281
24159
60263
9069
7595
1106
93388
86747
576
69625
63408
55502
64651
98487
80938
78122
36936
89369
53123
35614
8482
80117
53873
29897
22063
56825
91894
55323
21826
24294
80982
77108
48454
41245
86177
72401
58703
79565
75500
59279
65542
55261
14781
46545
70100
12072
41020
7037
17793
94143
42651
42627
90612
96524
72525
12676
69701
80771
67999
91528
21417
65333
68636
86223
6578
71165
74976
81633
50730
50477
40913
32624
5738
72046
79170
75838
84118
20190
82875
18264
30685
41878
60891
21297
38402
49768
33973
24456
46891
18325
15984
68309
83658
972
70884
6589
72137
45861
88222
39219
96338
45487
88195
18428
17534
67365
10618
18004
3907
9846
52620
50944
51724
13512
72242
6479
63280
22567
30935
10172
40892
63271
94833
24551
80595
65717
47492
69084
27930
35714
8303
24268
81202
96498
59048
15088
80216
69667
49444
475
95865
2065
51420
47589
15577
40014
70420
95209
62581
17707
21733
3474
80978
16566
44377
61573
98636
91869
30657
26566
43935
55312
67187
41489
68163
42587
72929
64731
28606
22374
65206
24471
24439
16626
88413
56368
56640
58833
51577
35574
76541
89663
55400
73871
6229
99777
51797
21217
7998
98806
47784
68285
54119
31323
9775
38634
73910
99056
3365
2517
21430
68571
26988
45869
1550
31753
18589
74542
90587
86519
26468
83480
76182
81868
73703
82411
81645
25500
19981
5995
40659
84117
90633
11130
15440
408
49764
5702
99464
53129
24571
37247
38052
51560
99468
55954
99665
18058
46849
90252
4577
73317
90084
80759
71538
63788
79522
69535
5640
99503
75531
46299
83620
66164
57429
15412
82924
23545
21115
98740
93026
45686
52339
47431
13598
51808
19737
13264
69866
82938
19868
90795
56256
26305
87906
44146
6445
67428
13681
28437
83284
89212
91089
83256
71728
64870
98669
71004
88416
19784
69745
81442
81822
22084
45225
11773
90244
64963
41389
60110
47901
61257
67257
20509
3914
55163
64655
10359
38944
78337
38797
38580
83901
29886
21836
55630
94756
20505
26634
99524
56641
12731
97319
38464
34816
42544
66589
25060
23859
7978
1523
71761
69235
85132
8622
89502
56648
73278
99861
11944
67967
55010
50524
51868
84896
72360
23850
96005
92866
66837
95529
49507
79568
9200
4323
30736
51745
70912
72149
75604
95242
90024
63717
80830
75156
72340
70332
48156
61970
70193
60100
46289
41556
10624
98157
42804
82985
38360
38809
92203
5197
50691
41710
84765
59891
62386
15502
27988
49650
4003
19945
44893
94027
83662
25723
85535
72354
96055
33692
34324
82600
93792
96965
24156
20769
95123
66961
3754
33483
22122
12309
55032
72813
54019
39797
49057
32757
71651
77045
82408
75654
13342
43653
69681
97005
69376
55217
69359
81783
5261
20036
80735
15405
17001
4892
36174
28476
88205
56280
78311
10327
68589
33343
99493
38961
89493
48550
71718
61144
41947
70478
36799
55290
30483
22832
68647
99859
94401
54358
97994
99662
90746
78730
31420
7748
99974
67594
52576
88179
40227
47240
98506
8816
80583
97999
47777
70076
62901
35848
47573
21201
22678
724
92843
53162
39908
61490
69373
34310
32200
67368
50324
22947
62450
81744
47047
62424
65691
99623
50603
5918
46863
65461
14734
43799
79813
78864
30227
42714
31064
77800
80267
70094
94876
73110
23256
34785
50952
92630
85447
83153
76350
52123
6100
55152
50220
69499
17576
15911
69122
84531
21829
32338
49992
52915
76137
29805
48131
22716
88872
95547
16869
85491
65642
11745
74954
88898
62882
25906
97880
64681
25411
90582
16805
47863
45734
67025
17362
63310
82936
2837
64193
21117
35175
14186
90384
27664
60343
38516
50380
65567
34063
67249
51059
99705
95347
26013
4956
74581
68271
2836
39263
93683
93419
56068
41546
55505
23093
75261
18816
22381
78098
83009
59850
13273
13547
50234
57289
73891
5102
7669
39458
55518
91271
6869
71575
2970
32882
76531
77551
1154
95720
16814
11189
5491
89234
52735
60996
28679
44348
79812
51060
22446
79174
27262
52071
9073
77497
9360
99316
98951
33382
55127
54469
24653
61996
26045
27623
94879
18928
21526
12385
14648
38341
23574
20139
27575
92661
81136
56255
37010
77300
23667
75808
72826
50930
27880
81900
44779
53592
81216
43730
86974
52695
14552
11627
14692
56949
55602
25923
75877
93481
38308
90526
31822
78234
27017
75749
70895
8153
48356
24257
1806
88376
66
90984
39306
44298
72884
437
14242
70453
60519
1217
23148
75071
29196
54192
48372
1151
80115
24250
94632
34775
14776
42806
29361
58145
18555
257
66299
83264
40866
84457
71640
57284
75441
27298
17934
64678
27735
32177
51483
4606
33394
74631
96030
62590
45176
44402
80093
41643
68652
74725
76419
99780
17531
5780
57926
36087
22389
40577
35703
63256
41386
7343
36892
16827
34641
54827
81505
78728
87004
32988
99686
36750
23972
95716
15692
85500
56471
95786
27143
41475
70511
3562
41256
88043
25695
15534
40482
48084
72463
92537
27692
13849
99880
80937
30676
50873
35764
28534
45953
39120
77874
45639
75870
18198
57708
91562
3698
30531
3700
30842
72006
74212
50756
29614
78607
76451
61500
35441
40888
33963
27978
84932
64164
44210
65869
11193
95083
17985
39727
57388
57105
33953
19379
49327
68504
93439
40890
88554
23970
60942
35748
12329
35154
86505
58295
30113
79308
19796
81906
36548
70111
9884
21481
34276
70446
3702
45469
81881
21688
1548
39269
78793
51853
75001
28121
20357
68440
85363
25264
8763
46305
61012
21092
97812
47517
79387
44277
43178
15535
26184
79726
1999
52420
1207
36275
22867
4910
98096
4748
42950
99644
44018
21743
67849
19019
66216
4559
3811
67931
29823
12574
30589
90835
50018
44753
54705
29406
89030
97883
61293
15214
77609
63292
67635
95169
15919
90502
16431
14015
11602
59381
30011
71972
97476
14213
90991
80045
18772
11155
64328
48595
23729
94917
55782
73748
56022
10487
19506
45053
8370
97151
76619
2332
60444
60606
13853
92715
51108
30284
6731
79063
6017
53094
51035
3493
67307
58379
99890
86079
69534
64219
51026
93263
75488
23161
83363
31511
33648
2869
76564
58371
21
69535
77055
76817
30142
90908
69532
97602
21192
92615
76665
43561
62062
27701
47054
45721
86080
63297
48153
55614
27516
99179
65229
3004
38692
48593
50867
72341
67814
43783
47064
84187
13319
24119
61004
43461
31379
46889
57415
68923
55856
34081
12484
34270
78134
75890
79992
64214
39187
28145
36180
66703
43676
1409
86060
82369
66354
53279
71062
34169
97063
18126
18356
10382
58597
95713
70195
89976
58954
27610
58899
31162
78043
87735
65433
56177
63625
45425
20391
2813
89922
72923
85868
33598
74333
88280
32319
57039
41560
3381
7560
38623
37859
25917
65357
12808
37982
51904
2784
96936
79514
78035
28098
57558
65770
9883
13735
45748
55308
50479
48561
61582
23402
50781
11533
14087
39062
43852
87479
96974
63586
95039
51949
1445
20956
17306
14254
75290
69210
33390
72226
65076
27778
16677
22634
93548
26560
52722
39296
98221
19553
4209
59803
42955
54991
71336
73395
10405
31541
60874
7379
95127
55913
59328
12924
93222
92986
27178
68512
78548
76921
57091
43624
4699
90120
82611
14599
33032
35333
70248
47605
71238
90809
7409
14193
62152
95097
3940
72557
42990
81166
96288
38117
53432
71968
67394
46654
81306
94572
31518
59854
87845
4961
3479
8896
11433
86090
23496
44466
37775
10096
92071
9013
905
15832
39558
63058
27282
43499
35615
70272
41017
48256
24742
94449
36576
92136
57455
17883
3060
5326
77737
7258
10287
81216
16154
38073
83658
39650
82539
21433
49746
90962
30446
50652
23147
86357
30062
66781
29856
65677
53405
87225
30285
78147
81675
66862
86635
39130
1097
6048
44456
78834
13306
71096
76403
29460
9169
60061
69111
8060
97847
35209
15374
44645
2213
54873
31002
32275
21654
77210
14305
75060
64436
60942
69559
46111
44156
56195
1593
45253
62243
62402
24088
75549
33498
16843
21361
59019
93256
6824
83431
91103
42034
98805
35749
60599
70031
66751
9227
91685
43962
23532
83097
8398
84474
52657
70861
28631
25204
88806
90236
3799
51208
30676
95700
1058
47519
17061
60077
40776
23886
59860
48231
82272
75018
83980
59223
45049
67084
68450
53086
11046
91982
36184
35796
92809
5193
23009
37792
30397
11815
28028
34196
79376
58705
46248
80434
22576
63309
56864
79704
3547
16724
27936
85819
91742
11916
45043
53143
95352
29845
6230
6398
21828
58766
58546
30989
63959
97907
68781
94356
9723
13161
44904
89099
71866
91152
85885
10795
54461
42749
90499
74361
75826
18435
76532
67568
46704
21575
37064
42056
51421
59646
64807
89601
18412
39705
20590
82371
37613
5723
76727
47336
18884
37983
52787
7103
29135
38672
17898
99948
81422
8397
74309
57248
43185
50842
41168
89889
88769
94584
48297
56542
54230
29456
46143
72642
69162
83085
55013
6775
5160
48092
70463
24045
86075
23250
47500
15210
78274
65398
31511
76048
90147
5820
49648
49684
56662
90817
39573
45432
1753
4223
18326
55984
33679
80822
44978
2841
80259
16344
25968
85420
80788
96431
25817
66864
36033
73317
98426
14308
55067
29937
90356
61566
52110
56357
11251
8772
63526
67176
70556
65279
71399
5235
37615
21431
86057
82594
40624
66316
15290
66593
51736
96078
79376
93905
62942
15410
67222
77721
46070
38641
24010
52778
208
76120
9135
11459
1245
72661
78635
71801
54293
66387
77036
91908
4170
79445
90854
44794
45762
6144
27739
13850
2223
7116
7756
81517
38878
74978
75590
84948
29972
99601
54078
30180
92073
79566
57991
93318
52227
52978
81472
6520
19365
74860
14781
23535
54306
5635
84682
68
11780
12421
13918
30355
19537
38026
28224
74767
29357
3815
59715
59329
19768
30146
5861
11841
9712
63852
5160
78291
16830
86632
1164
52548
77844
15945
76083
32150
21580
77117
48570
49712
89539
78841
96419
9076
16867
24644
83844
46224
44811
59911
5553
80931
6409
27766
92772
16121
91618
14284
10765
8449
17268
11929
77349
95113
27874
69784
27263
65806
46902
75834
31871
36441
54675
28290
61869
87894
69286
62065
34119
30449
38329
56024
11380
44738
83791
20505
77212
91761
34789
87977
16562
68410
16258
93911
63523
44132
63696
7138
26290
10598
82972
58161
63391
53999
2804
25260
58246
88442
87326
8717
35244
42007
81093
62976
86745
64884
99833
80309
72998
50975
68286
89560
19385
84544
83472
82908
45028
63520
90046
87671
74118
89371
62184
37509
59722
64988
79121
34320
69783
82799
43037
21379
24806
24131
84355
11552
5367
84189
91861
78365
35164
76500
84278
70901
77396
67750
53809
22425
47622
60207
10096
38092
65930
72280
91953
42005
53621
71074
76325
39756
53874
19363
61135
78680
59846
61842
6584
65213
62383
14798
59931
13899
7650
44209
84800
85046
28311
38609
23823
75933
15169
50271
14025
97451
38904
22330
39456
8877
93404
32134
48633
63630
67849
26120
58663
27695
4314
65247
9260
66698
96397
69191
80597
4047
29752
65398
89094
58063
20359
29269
50348
51880
79541
80725
49332
18445
3055
88788
27322
12812
20922
92307
76442
88771
18427
35105
32818
22741
16705
42079
5791
13102
27622
86389
