18782
10086
26172
28356
28474
24244
20433
3122
10998
25766
6365
3056
5431
17959
9667
10086
13915
11089
26169
13039
12007
2722
10078
14230
16010
2243
20619
14346
19735
3981
11822
14869
14067
7995
13226
18893
2239
3659
22015
19589
5777
4733
22646
17560
22692
8665
3998
12959
19755
167
25998
1762
9241
12428
22344
25252
14671
12963
9598
10758
16944
27772
1980
7363
5767
21558
2608
14359
25217
976
3948
7346
5709
2946
1259
4753
11612
5257
17712
7719
5425
20062
15833
21018
8842
8177
16270
29865
27493
2220
16976
20789
29993
18956
4505
12112
10514
7113
2823
12083
14441
13124
19429
20150
16070
20688
1255
4034
2298
25319
11753
7723
15381
3938
5093
575
18468
27716
441
15961
29936
17417
6750
6281
6373
17607
24746
16887
24721
27569
28970
15514
10693
24751
5665
3116
21792
13272
7150
442
8592
25256
14517
325
5546
19610
901
24014
17326
1342
9975
23615
18759
23078
6248
1484
10685
994
24723
11758
4916
45
27273
21961
1148
9290
25077
29292
28914
8580
29734
7506
10188
14251
14184
15734
3862
21437
9749
21188
29131
26076
21155
24242
19154
27404
25726
6192
4750
20449
24302
9666
20494
21575
7980
21642
7217
9409
20935
6132
17989
20669
19990
4529
11273
4174
20264
15135
25611
6365
12675
24742
2441
10183
18984
27948
7587
21062
10492
18689
11511
4794
4708
8357
26370
12688
6352
9939
22097
3639
16071
16439
660
6062
27320
11933
16588
17584
27068
18552
23949
16096
13294
2743
26279
8631
691
3866
6045
11183
28907
23909
22329
3615
2266
25051
16303
14970
4991
14753
18609
21062
7544
19270
3476
4864
1203
20065
28801
4624
8617
29102
20720
28263
1845
16999
13246
8888
27217
19292
26423
26124
13201
18753
6092
21819
13804
22395
6790
18795
13500
1751
16210
21044
21021
19686
2261
22225
9751
1062
3201
18368
164
23921
16632
2010
10920
6230
17250
14489
25522
13674
16965
15075
8779
23057
13247
22583
15453
26389
17731
5305
28140
3941
2702
19162
29979
4963
17739
9731
6025
20940
4451
6189
21213
27435
14551
8485
3666
1802
22974
5540
15476
9939
20616
24255
2997
3863
23190
24802
6604
10921
6459
4744
21214
9161
258
21194
14124
17997
925
20149
15289
11728
2691
6502
9164
17242
14987
19182
19044
14313
24722
10872
24253
15338
5127
3602
25553
28318
4756
2157
15591
11215
13254
6806
20377
13512
28000
10853
7862
5277
7355
23151
17005
10046
6006
26169
27288
27345
15351
22685
11659
10074
3557
12264
1764
8685
22218
3670
13355
26974
12179
28946
8189
25433
12104
28566
15298
10104
9420
23160
15381
16775
22663
2387
3173
28669
4908
6813
2367
20260
29498
14026
6686
3056
2642
14802
18093
24860
24824
7800
21834
7004
13098
23
8789
25203
4942
24087
5307
20714
23599
27041
13841
16263
29428
17014
21284
10688
179
23651
7300
29678
14029
13986
9086
16671
5141
3531
11531
29965
11331
3365
13321
24429
9741
22111
25984
14683
22550
1292
11749
22502
4685
25590
8765
10465
18956
6401
21153
19135
53
28454
25165
14082
18792
4251
7106
23933
7782
18637
251
25465
28355
13572
26247
8096
12035
22231
22779
10938
29875
10880
3440
4560
6470
18557
15025
1778
24958
6179
20913
1363
4633
16079
21798
29777
20330
28904
23711
4465
17541
23962
29930
15896
7534
26177
344
25922
18409
29475
6860
18284
10355
10300
29197
16825
5209
14222
18603
167
26753
15869
7883
7738
1948
29681
7516
28630
4937
1227
3095
28830
1541
9378
14727
15427
11907
15071
11349
6668
14547
24561
1305
1254
11213
502
18080
16422
21076
13035
22942
17830
28904
825
25568
7204
6858
3084
5835
11795
10663
15282
10625
12204
1012
1704
3984
12920
23128
15333
19588
14027
16247
20893
15281
27460
27747
9713
13883
18824
22749
6825
6654
28005
14002
2222
5210
27212
11659
17397
15359
28674
2679
25984
10879
10044
4041
21215
22964
3521
12900
18904
17548
29147
9798
9181
26608
7545
18895
10491
26369
17996
23668
9375
22353
14022
17950
27563
11234
29609
14960
26593
28283
23992
28929
15514
4036
9322
13081
3352
12843
25982
22256
6743
25129
8406
22277
21737
22304
17524
8580
25025
11872
2248
4401
4225
16270
22351
1789
3856
28312
23101
6801
2947
17093
12083
24814
27481
21405
7895
833
10601
3877
23090
23696
29007
1496
15973
27096
23800
3497
5677
18826
15369
7925
29579
25947
548
21930
27736
10756
26594
27189
17558
29541
14283
29641
707
18116
27398
8603
18950
7999
18832
18392
1696
17839
19888
24021
14936
20041
3871
26965
15219
25592
4890
14798
21539
11790
13080
25627
22547
9674
22817
16457
15567
7100
16098
16275
1568
13496
1230
20518
27848
20062
8910
5896
14254
5151
29917
5542
25192
3788
2507
16763
29381
13749
1561
27272
25540
20993
22900
24439
7019
15717
10896
28938
29169
3346
15213
737
23194
22795
21256
21042
12858
6518
26938
3464
11669
3208
9006
13213
13348
17865
6328
19081
1614
7889
16354
3506
5234
9254
27945
12253
24971
15193
11192
24140
18539
2757
1229
11734
25553
28837
9128
14763
5356
12419
24579
23377
15627
3585
12943
28975
21450
19271
18057
29416
3513
10763
2923
8747
20017
7220
27353
14988
22414
14897
15480
10953
17654
23061
29039
19559
21899
14520
10674
27255
26939
5253
26984
18918
15190
9927
24245
12992
5551
12302
12409
9064
29417
21684
24163
19434
28904
21516
10774
21318
6413
2606
8624
420
25668
14015
19979
17567
28535
7006
21174
25474
12259
18158
20744
3802
4438
14990
16794
16341
3644
5555
25405
3062
27239
19568
22496
26144
11085
9623
17462
23850
12229
2438
24270
7897
16454
20602
1816
14989
27608
22990
16816
16219
17501
7560
20021
28291
28902
13168
14632
2547
18723
10037
5609
15963
5957
4457
12107
23394
14080
5921
17245
26310
14712
17867
10559
1166
8469
12376
22507
6077
11718
15675
22297
29219
29588
18670
3862
28490
1838
18494
1037
26914
4883
12998
12877
10841
23808
1336
10587
7888
13609
27832
10550
28321
15700
21110
5839
521
9838
28347
6599
27908
20374
5248
27128
19962
270
7342
24805
8461
25837
2194
5375
7072
15193
24604
24265
9001
2292
4853
23241
15901
9037
3792
20575
1089
1254
26414
1611
17444
1113
14562
15352
21488
26162
18832
11450
26432
26175
12607
4893
28364
14802
16620
5436
29995
11224
29702
15348
13516
10907
8589
5770
19944
18733
26345
21034
26339
22759
28997
13783
23873
13559
29136
15361
9721
24320
3163
12505
20495
15771
17399
18859
6925
10371
648
6920
21596
6702
28620
11464
17609
7209
17234
7553
2295
13579
4939
28634
6339
3936
18770
6564
23847
24258
28277
3568
18578
7792
22426
15426
29915
9825
10637
6840
20196
11285
20112
18144
17987
18732
29609
11948
2294
16843
25854
4589
6775
793
9575
13114
11082
28345
26030
4929
22603
24307
14850
17534
2099
7276
2960
2015
23453
13597
15207
20001
24883
5320
14498
19222
24052
14107
1171
26346
7302
27025
7287
20429
4170
23215
9895
15252
21560
5925
26534
20516
232
17736
8050
8684
25012
11010
17051
24817
24607
2258
14818
25842
7578
5668
15065
7983
26127
16236
10681
3430
19613
24321
211
23783
17536
10107
15388
15448
16032
11922
5964
22617
29658
14014
1301
1022
1376
24704
25839
25984
26962
17009
21826
10893
29030
13243
25228
25157
5831
12261
4939
25444
6582
5151
25580
24118
15258
17320
9567
1290
29242
21883
259
5252
12250
1560
12626
13626
2616
14817
15962
5931
8178
14141
16824
7208
27384
18404
2366
3216
665
7305
5012
7248
18808
592
7718
4066
24264
23637
11709
29858
15521
11968
5110
27771
19881
24088
17749
22497
8905
3712
28428
17084
17853
21604
644
21589
10008
9362
24805
17026
23020
6170
24274
11828
13114
8344
22247
7379
1982
3956
7237
23855
22276
18700
27978
12157
12788
15727
11007
21694
25791
15787
15130
19996
7392
22126
11586
23752
1489
12743
17130
24509
18913
11404
6337
8380
26101
28584
15759
28083
8892
22996
28290
1169
18048
26268
19678
837
11995
7037
28883
14139
22825
20365
4135
6569
12491
22073
6673
13980
11169
23804
8489
6434
11560
21179
14814
7661
19763
573
12096
5008
29922
10386
6177
24322
6654
2207
25159
25002
9245
24042
9141
2070
20759
19628
8639
3251
11702
21664
17231
29223
15468
2073
5657
27029
29604
20472
4690
19367
27397
23139
24375
3671
3525
6904
27994
16532
9112
23153
17886
18357
23548
3379
26779
14307
23007
11770
23910
11061
3434
17494
10284
18903
19567
15942
15932
19171
12766
26974
14890
10163
20113
15618
20187
29991
28874
18181
22875
7986
17686
17113
2695
11234
20492
29474
1894
19851
11244
25804
7265
14679
19650
23901
3582
15569
16195
25866
11092
28961
22840
25983
15477
19306
17953
5664
25649
16827
23845
24876
1166
11531
11989
3861
29118
8833
3336
7364
28684
14580
9520
5949
5611
29171
6203
9193
14740
22398
5059
25833
21360
4252
28168
6837
29910
22473
12501
1911
9300
12698
26787
10466
581
15128
20680
29699
23961
24016
13415
28997
14948
22936
11299
20560
28459
17502
6105
13199
9900
11165
15384
7612
21769
13552
20801
28031
6025
9654
29942
21678
22352
3081
8496
29286
24561
29176
5337
24874
23192
18753
223
14493
11689
11522
5053
10148
5376
11158
29699
21629
28675
15084
29241
26796
4988
26395
24827
17366
6049
1121
9044
4754
10554
17540
4040
11467
16717
9377
6341
16261
28130
6565
7106
16171
24439
12159
2671
6168
29670
8723
27797
4697
23807
3390
7846
5147
29785
9025
22513
12187
10147
1557
16941
27053
25450
20981
14873
18519
6710
21214
11132
11193
4131
18239
27364
4923
6750
6388
11091
12772
15111
15240
17470
15270
18630
25316
20417
24768
4341
12931
6955
20840
20840
248
24246
16290
21229
9119
4809
4291
6685
15942
15484
17169
4181
19201
22092
10931
1941
9535
56
17052
24775
17526
8674
19757
19194
5443
14525
29887
18374
21480
20728
15567
21728
21326
1857
19309
445
6667
29953
13482
28961
15437
651
3142
10990
22743
20425
12931
2278
20481
6335
3405
14359
15009
23163
3553
20453
7688
3441
15179
5521
521
746
3601
28199
2604
29263
28644
15623
29216
18478
14584
21005
19130
24078
1996
11873
20855
14927
20504
17689
27615
23909
2048
12624
23424
11954
9429
1113
21747
24609
12986
22268
1707
16587
26819
10663
15850
25463
2638
15066
20293
17222
12424
9423
17652
14420
27649
14860
5699
24505
2549
3314
24766
10949
15939
18191
22903
1720
19304
14650
2681
2290
13270
4389
25229
10089
21404
11080
11904
24043
2498
2198
17617
14922
17973
5270
5694
15622
20130
11394
10127
29031
14708
4894
9980
6999
23085
9236
8720
18741
238
17753
27383
19861
22142
22612
6302
19899
10044
24559
13942
18895
3109
1559
3817
21082
13181
15864
6705
9663
27258
23184
8694
18318
4430
25027
1670
27515
4263
16742
22608
4501
4495
19991
714
2990
12604
7017
22889
29000
1576
6831
17895
4685
14742
28065
25767
27924
13929
8824
7587
17539
2009
22634
5857
12791
17661
7527
10307
28276
621
9267
9129
5117
29259
9844
8107
18215
16861
7348
17215
18437
14179
11463
29474
5273
9528
25241
3197
29809
10418
17137
17348
18779
16123
29557
1570
3784
13437
18229
8412
14058
27497
23893
19175
26756
3737
3634
21323
26950
10982
14890
21739
1513
26353
21213
6787
5881
22807
9984
5690
3225
3473
29390
22004
19596
28948
29926
29732
12385
18156
8144
2795
15653
2038
21971
18761
12127
1957
10084
9078
12940
24974
817
14453
27680
22031
21240
9913
21190
7577
21956
24415
11050
21346
22771
647
26646
22697
379
15383
10853
14876
18179
2858
23266
16502
21619
5393
18459
1703
20823
7751
3030
21641
22205
710
20024
13445
16975
11214
27374
8931
11981
8425
278
11104
15424
26924
3801
15803
18660
21007
7031
6839
23865
297
23341
15485
12043
18152
23540
2866
25904
26570
24507
18109
3632
20883
7906
20608
8449
11633
29539
20430
20058
6169
1534
5482
9446
11688
27637
28106
2695
11021
4945
26560
17670
4638
18397
29713
29142
11938
2580
25046
14860
3439
19507
24845
675
3766
21805
9124
15399
27696
5907
11809
3866
13793
23643
19664
25481
27632
17770
4528
8653
29067
7441
2676
10057
2190
2389
9199
14128
11321
10598
5341
21113
105
6538
28140
10223
28343
7264
1974
26039
19523
13783
6257
9669
13778
25921
11502
11411
20043
16031
26416
19110
29824
29092
29167
2014
7834
14719
22495
25507
25317
27836
16620
25422
4374
14760
11998
9069
28377
13972
11460
24252
4108
17718
3921
17886
19991
15424
29297
16387
7807
2066
11849
7631
7510
17369
15997
15344
2088
8492
17204
27405
12680
3824
29179
23406
24937
11177
2475
29666
1502
20288
270
5610
14358
4192
23496
4349
25968
29146
27088
3775
7564
8938
17758
15074
26307
10107
6771
28395
18600
23975
2152
7632
4151
1331
7391
5440
18861
16218
11458
20363
6506
11729
25973
20864
15921
19469
1566
18241
24967
28654
28368
2531
13944
16126
17606
10251
2585
729
14998
27537
24704
17150
5170
5207
18482
12561
10648
7343
28779
22106
27706
11638
3835
31
2502
26108
25852
4068
14349
20820
9075
12717
23351
23019
5195
17309
3271
7781
18038
18269
11670
19094
11772
16840
24302
254
5753
4950
13949
10885
3408
18007
22523
7244
18038
1377
9704
13890
11798
24054
4710
20873
13123
4414
20244
24671
28075
29867
8804
22466
24489
20474
11560
6261
13667
5862
6515
25772
17164
26816
6657
20573
14823
5532
4169
2861
13262
13873
23103
25060
7927
4166
22285
27403
8580
12529
22074
13007
18749
7230
5473
13238
27704
23386
19499
17723
29248
2366
13496
22765
29182
26505
13338
20357
8390
23859
23218
21652
7732
16321
23064
22012
26839
15349
19415
11771
4230
17841
24779
22979
25071
6604
6217
29127
29990
2068
16851
5591
4434
347
28356
9968
3204
18046
325
11594
11905
29895
9598
25989
22569
2662
18001
19408
18011
7416
1180
28594
1609
2311
21573
26680
8915
4143
2160
8906
6211
19011
20849
16998
25710
19205
26966
28914
13603
3644
16861
1860
9891
26459
27849
2460
5474
15851
21869
29837
29619
29401
28431
1229
1712
26357
4261
16979
500
6421
25885
13063
1784
16734
61
3846
12291
3380
9113
2246
13376
25974
4106
23267
28785
8308
25728
4259
511
23949
4097
130
29702
8880
7711
1414
5237
18325
24745
12089
1098
20631
25153
9235
13717
25214
13081
26009
28594
22194
4607
11970
24520
8714
11590
29658
23374
7318
3917
23885
7619
14366
367
7321
29599
14431
15087
4836
2756
9832
16926
10206
6815
12079
19441
20533
13645
2523
22894
12240
1069
3853
562
1942
12567
12152
1600
5941
25822
5517
6178
9793
26236
6546
17114
25835
20977
8553
7023
85
24738
301
10291
1553
12380
6085
28438
26026
14960
27684
14618
16029
1538
21532
24323
20457
10037
25923
2751
12211
7793
8929
22005
4029
15475
15471
6216
12804
24025
13239
12889
25115
19893
29533
26668
2273
5618
1459
4651
26930
29143
25621
19311
7033
23506
13635
27491
9895
9558
6594
22106
17351
15523
14111
27732
7351
5935
3948
20155
6312
23540
9397
1427
13433
8930
28095
22058
20900
5906
3062
17830
11402
28683
7141
18435
28541
20776
22278
8436
335
28872
543
17686
20748
21006
21771
28099
26941
25719
18254
3253
25611
27651
4680
9044
12933
9128
1103
3833
21386
4165
28015
2788
9200
5157
27576
7742
25933
26206
16178
2620
1431
23073
26659
22179
14080
18430
20278
17373
20501
14884
20627
16113
18888
1659
25157
1821
17139
2612
12007
8526
13129
10022
17666
22330
15179
15242
72
17465
11449
22602
26437
12880
15676
23096
11411
6108
17878
1689
23481
8380
22925
20460
24493
11813
22120
19650
19987
15611
22263
1994
24137
11744
18368
18156
4074
9900
3398
10498
27365
21199
9453
154
10431
25129
23251
21842
7589
11129
23531
1070
19509
16457
21531
20354
4622
20003
10005
24609
11966
8620
2955
12456
20364
21324
612
791
1224
4010
11289
4941
1562
20742
5095
11993
22223
4698
3836
29812
15828
3719
7235
11689
26528
5118
2044
1151
1473
18401
2112
13439
3373
5068
25895
89
26392
26507
880
3968
6870
18522
8909
8432
15616
20356
20425
14192
25055
613
14004
17235
4333
27591
5276
7213
2709
7320
8364
4182
2073
10477
17622
11798
15545
13517
11888
18289
16377
19120
22257
23247
7642
7518
1679
29611
27874
28456
13803
22929
29070
27807
10164
9755
1751
15441
16968
4460
29113
1685
14995
7539
18514
2617
19337
10411
22486
7577
28700
15215
26698
27309
8462
4340
4827
16493
3951
9053
21302
24106
1983
26724
28266
18499
6479
17
3940
29799
4477
9406
1484
19472
16945
19998
28441
12634
409
27280
20212
5461
12495
16910
2770
27310
27602
13949
13803
7906
23003
5105
2012
1338
1829
278
19837
14660
295
130
14460
11125
9536
22296
6949
2833
18647
11743
21819
25408
9023
12031
870
21518
5293
9992
18828
2896
294
8984
17154
23297
20441
19166
24635
28623
25797
20824
13283
2444
20954
4095
13569
6842
26392
26871
16027
21391
8614
7847
16799
17637
19878
24021
15507
25172
4014
10688
4420
4308
26024
21574
3957
16465
17092
4944
15088
19241
25768
4724
21686
23075
8819
11607
6269
11563
14830
22297
9306
23444
144
26106
17433
26374
20127
9293
27898
493
26333
8670
4801
22357
6596
15110
15174
23689
20054
6615
19282
22175
11339
17320
15250
26510
28928
21519
8074
13758
20168
23732
13555
26664
19838
988
23039
16318
16633
27289
16811
12966
5960
21613
11675
12556
6723
26850
12597
3130
3465
8232
25305
14804
25552
16907
17666
24480
14778
2092
14591
4947
25825
4498
1611
15663
11838
1002
1981
28472
4644
18793
17790
10604
16758
29466
29512
29833
2668
18462
2963
6133
26694
4620
27289
28598
27879
14955
29431
12658
17048
14022
17605
12873
24872
25568
4888
6710
2923
6870
5182
7567
2015
29325
24523
25125
28791
24035
24958
1459
18849
4274
13944
21895
15246
11233
20494
13126
2540
19925
25784
25940
10299
19741
15165
5171
21661
20054
11881
24584
3276
23416
2151
11643
22741
26674
6768
21532
27062
1726
29343
22263
12352
13287
14159
3951
872
11005
17077
9764
930
19213
5705
11229
15306
20870
22752
6967
17276
4633
1552
20552
28049
10055
2195
27142
13082
8963
25026
16496
17042
24369
8759
5746
14008
29270
9697
14880
10275
26774
997
11205
22339
6702
28786
7645
3924
21538
14613
21201
2524
22517
11753
6925
8924
13949
4068
28358
29264
29094
14854
22658
29816
29966
28405
13824
29236
8102
5057
15864
11229
6054
3421
9920
12756
2208
17566
23032
98
8531
14233
8974
7400
25987
15900
16324
