22127
13934
76006
75402
50526
33847
79096
90147
86006
2218
32000
51249
91815
31200
77754
54148
91154
78805
61682
77419
10292
43269
97414
7511
32712
10391
53833
31253
24655
66767
13533
63134
97053
5891
54889
47579
56090
50337
54078
42096
52555
86078
9698
44370
33630
87452
14870
24785
82609
76552
2204
92901
19821
15971
16764
68886
42714
70597
139
83721
53716
13672
46855
50769
35915
18096
98348
92005
68433
68778
34102
20988
54857
60152
81710
4839
47604
12933
29624
46565
5837
48181
55818
25659
80504
72583
10897
23218
59532
27388
6939
13249
57413
70146
64018
93328
88243
78719
85334
56676
63849
35788
94017
18706
95940
75727
23546
59896
5012
69522
22813
10850
34055
78631
52861
14559
67566
63758
37777
27099
91146
61068
56700
48559
31215
37070
58240
35810
32141
43574
8838
95991
95714
2855
31049
91654
94935
70947
67902
99947
40470
90715
27149
74525
69346
80010
5437
36913
60120
59566
80364
67619
20635
53416
32530
68202
6838
90770
4012
38980
50696
12850
51323
46410
32058
98724
38064
26993
69672
5966
26940
10142
13033
70442
1019
82380
50452
6456
35645
10573
66023
32361
78192
3010
85777
10722
71212
92615
17845
91576
47947
68541
4426
15622
14952
52836
14347
69368
79829
84019
91687
23122
10513
4720
93564
27884
87100
44016
50693
39097
70941
16716
71458
65485
36078
73587
92560
7290
66203
10405
15218
30502
78946
35996
46125
10250
88833
60472
79619
68662
60843
71306
8136
87708
76026
1700
15592
79479
62069
66285
18576
49362
99353
6387
14848
35431
79974
7408
59073
46177
34165
74291
93032
29463
10288
55509
39714
15473
15981
19333
84135
93176
90639
92272
80884
83017
10324
96476
62496
72393
79114
81073
21756
78467
3812
52956
13899
83786
60364
89324
46316
10881
79968
39348
40344
90256
94857
80058
5729
27190
99391
6216
36718
6382
14840
17602
89400
25165
30430
51896
13910
9544
49321
35666
88012
53133
88622
18263
36920
65338
7587
83236
76219
87555
38936
16564
94163
50145
96622
16244
77335
12366
38813
14053
18748
53653
48007
8148
78818
78437
60045
9081
87982
25718
44747
75994
78852
49722
10609
32124
31412
18196
31712
7632
22104
70648
40548
32619
20793
53522
48864
14480
65888
87677
44885
84637
41330
92892
92785
36501
87681
69182
45582
75663
94901
6681
68009
90105
72755
78618
22229
4168
13167
70293
28152
51623
40941
85052
84242
78086
38574
33106
8918
4463
37135
53803
5452
94818
63047
14589
31319
50728
83772
93253
42744
95025
16286
27105
1482
5394
22076
40063
25914
35243
10356
54066
3218
67649
39118
87460
45735
77692
36919
71005
98507
74054
41160
3959
68872
4207
18549
16543
71287
18673
26148
30383
30050
58787
57489
31532
64181
79565
71595
90095
31160
81951
60513
34378
49600
15983
38190
11687
10027
75109
82692
8535
49164
40204
12494
34388
60763
47395
67284
32050
66068
93432
78786
96118
68571
36275
44002
32752
32192
15597
39199
63352
13900
99712
14082
79852
32047
52272
91539
42075
43734
90583
50610
92898
30787
79456
43638
91550
26852
10922
39953
9272
20707
35091
5391
89278
71366
49393
22031
19910
81343
77582
99614
95243
93647
13696
75096
25694
82320
82987
67769
26054
73571
34731
35304
20710
14188
95295
28613
57392
6217
68566
66664
26924
3657
88407
16203
91375
54153
54586
27637
35496
48520
27251
47091
42167
57299
22187
67862
55971
21527
51983
82026
11450
3067
33682
32160
17255
28977
60773
90999
51547
45691
57663
94823
65700
62423
11026
73427
16576
81964
1064
52072
30485
44667
99163
89004
1966
37703
73218
57938
59230
25202
56316
70680
28269
6350
19192
61876
51680
96318
69227
3227
42009
26890
98050
24062
89313
25429
97489
22241
23745
14906
74313
54230
59573
89829
43235
77892
43884
32805
35830
3114
58007
8498
90146
2628
14848
25690
80856
82880
22008
50083
86107
80370
93326
510
4432
98991
25939
18273
21233
49684
33179
11898
20267
9105
1727
79854
86997
61963
12659
39179
81429
87019
47677
71575
5999
78877
13618
86856
61758
35626
53291
64217
15996
62969
64727
20428
61961
90666
55054
99546
56703
4585
11444
76970
13690
29524
73176
687
91487
85835
39866
72917
89206
3895
60844
95206
99125
74462
98414
77235
10089
51705
41452
42437
31027
6180
79218
92988
13198
34272
92534
69901
38857
20330
63223
52548
49854
36399
69587
57694
22235
25806
46963
11441
46053
7807
22999
45178
98622
21413
22413
25063
89471
80218
67500
20498
2750
46718
29838
15948
80990
38724
85850
36200
59054
65425
5100
25261
1825
74687
99307
40412
16845
46270
68205
62899
70429
91205
8077
69051
28970
46843
94114
18441
43413
77967
55291
46163
24685
85129
62111
22028
40205
64313
74580
15612
29739
79680
57225
47916
70719
56532
88328
87565
19154
72885
50464
89583
64090
74893
74987
9413
38088
85453
27854
81501
63420
99498
27664
4458
84627
6128
42838
24833
70441
17418
56797
16532
97098
14022
64448
67817
70554
69128
55382
6060
42014
22198
95643
22456
97092
86982
31869
51532
72436
76076
33034
52208
75574
77050
73018
76553
83178
15856
17738
69972
33274
74535
2856
46724
88557
83657
14542
75463
52785
86276
81523
11151
8475
77167
49960
21919
80501
81829
73451
69289
74257
22837
21498
49831
99888
10868
26385
99418
26725
44123
85742
59999
18659
88599
23076
23568
88608
37618
99032
57745
40246
80555
68897
65073
74074
35209
86992
54576
33390
76796
23865
7648
15985
61715
57479
15873
72584
216
31644
15661
44340
33738
92012
79351
38689
15088
2919
27297
69058
18303
85043
9305
98859
70292
90730
72933
5501
94075
43861
38891
70871
84079
62891
86856
62146
36723
19082
51082
36939
67078
66743
97631
816
58756
93334
39506
73844
12606
83155
42903
30909
84550
68560
29768
54842
59290
19054
76695
69717
79267
31939
40588
63346
94830
43797
25493
31553
79231
76575
84845
46309
43319
82476
63477
18427
92163
19335
8623
4769
2491
67878
35678
87041
36438
81799
58236
12081
17205
34931
81798
96472
83222
38739
59819
94405
98888
85312
42310
78119
78239
27155
40780
37910
25984
20609
56337
18147
39945
64961
22916
58788
32839
74946
45829
85630
73097
20417
14063
90302
55349
95861
86775
54923
50952
62946
49328
49840
64610
91639
44311
42849
18794
85091
80760
61130
5701
53449
79277
61998
34762
18545
20786
67602
9844
82967
69584
82941
3385
83647
73244
58734
95860
76371
30009
46813
39317
79338
96653
3927
70977
57317
46776
6123
42408
43888
67254
64461
13690
46531
26459
48452
81429
63597
32406
91273
46565
1990
74214
49950
85637
63810
25036
81498
40181
55045
44663
79498
34383
57668
83425
5360
14985
46554
27836
57394
6794
95090
38207
20484
57973
81019
85289
39402
44616
17695
47027
91181
19686
21242
41131
21675
1404
66167
19525
41586
21213
80540
21084
71948
38209
20862
93661
53194
67416
21497
26940
90562
32939
65148
27399
90912
62519
12688
46667
7135
30383
93694
98317
66421
31288
55800
4449
32693
21968
23974
74279
59533
4515
11715
31481
59076
32577
41494
12270
16345
62991
55563
23260
95930
37063
50659
3195
99582
63347
49862
6717
10082
59908
21386
76504
91197
77187
80953
40242
15507
21279
30873
91392
25794
42588
39225
1222
91518
80720
13493
24215
43711
69056
47475
55994
6119
14486
59189
22053
77833
9051
28770
87916
85311
66509
80772
76508
43696
61725
33102
75555
83004
63975
66947
25151
22916
6172
26373
30786
86892
56218
55001
46956
41626
18829
19302
64097
49667
78491
86150
27501
3894
31273
31769
89205
97782
12541
82066
41478
90618
15168
17033
73622
95496
332
15125
34764
22856
57851
65550
9749
14069
36903
73057
55696
55732
92359
36145
5400
87202
22296
49253
91096
53569
97374
96653
51351
9915
95071
9181
16885
26592
42566
90507
22088
42898
21985
56852
65754
79836
38754
91855
10257
75657
81264
82305
47742
89975
18451
69494
77177
57099
35099
84625
10668
32473
81279
62019
58740
92702
87552
75625
19294
30118
82484
57734
73016
4469
30938
55122
657
69692
46978
27267
61702
28242
25924
9444
34570
60727
95290
11747
17826
30389
96373
28494
62862
94004
6865
37954
3058
94417
13579
22353
24535
96063
80087
13903
16885
11026
69026
33894
97070
32356
61161
58772
76950
3438
84568
11520
64165
79858
23268
81992
10247
35993
10486
89461
46349
33704
43767
49407
28121
57346
88112
69009
69762
68200
82912
86647
95578
68290
36893
9000
646
98055
67773
77597
1493
52341
5469
82010
48552
45089
64002
75151
81082
90841
64613
43783
24545
8380
9543
69018
82079
97655
38027
51841
82207
37292
54840
94137
5582
91733
3138
6229
6140
87263
178
23985
55956
5647
5996
4508
67089
69998
79660
48171
60839
60625
8307
1736
85357
34202
70755
67436
31857
8782
35629
30417
46074
90469
24554
51657
98555
44044
74238
4695
31307
90768
45033
87264
12767
51029
8124
79856
37379
87784
44380
14571
64761
52687
16307
50119
86889
87062
33907
35098
12197
85889
81867
58271
92710
22774
26280
91265
66818
16870
12313
14478
23990
57346
18094
36758
24727
26218
16614
78458
30355
77346
93029
11468
46385
9337
61587
49626
12751
11847
84725
24948
14088
82944
99572
6798
5718
42204
14416
88889
75427
26729
3367
99417
427
21461
36175
41506
64031
69142
19964
10738
46488
29346
22207
92874
38683
146
58852
67786
28345
43577
9087
42433
42874
8659
49232
48592
67215
63648
37481
42642
6729
57200
58412
23508
95013
10939
81366
59045
80081
1330
86135
42922
30676
8342
52148
85711
8489
11000
69850
36834
70930
78937
95620
13804
3948
44852
78748
71163
24852
16230
30158
47933
73430
88570
71441
68444
99509
69159
43841
95943
86841
29976
55217
17518
54671
7365
19581
79512
34717
89431
32698
5647
84720
28318
35803
88668
73170
14552
76184
98022
30782
6342
45955
20564
11264
33748
5360
27125
2907
49201
39420
89749
95530
94637
23619
50201
2002
59552
29713
36720
65336
62411
58719
50056
90730
10875
38725
80252
25427
14909
94627
72561
37603
56934
9477
65219
7035
14838
92344
26294
64039
31765
16043
75921
26402
56014
26122
44757
31919
72187
97829
97255
50951
72900
63663
41681
83775
2388
38285
25554
33649
49264
98115
87604
6199
23945
52823
29586
38783
61520
55880
19174
9637
71924
95096
52391
44290
37570
13500
76209
9758
11329
89816
60709
582
53480
18742
84357
72220
73379
26264
5870
22644
40731
9826
45195
64676
79002
74781
3459
40522
30661
22634
66511
18937
34082
18902
63228
88004
32403
55789
97762
60084
45606
74823
60666
99086
9917
61376
71306
83297
87640
93528
22293
28371
3355
67488
9400
98709
42269
12859
39231
72930
51845
22094
8220
2279
57348
71448
90284
89751
43589
88046
66188
89195
79222
43206
4633
89139
20934
75940
88788
24926
85820
11081
69650
89175
78569
79050
87884
37190
91909
43467
10121
60107
81913
18341
62386
39262
6141
52670
45365
49730
57069
11553
55278
52643
71112
59911
41782
92046
35851
30571
33325
21672
41652
2975
27199
36574
82025
31436
73764
90286
91255
237
66745
73169
34930
29132
12431
57423
98154
57796
7154
71575
85702
78784
24218
56814
38695
66001
65212
90899
12924
98537
12571
70928
1512
56122
7502
99889
3910
97619
6528
95166
97856
73273
84687
32787
2405
13470
90210
16912
87618
13716
88487
73320
92500
12706
46486
31196
95059
28051
22095
24335
42940
51018
95263
44453
23492
19118
60694
27403
16737
67222
38921
14593
40496
39960
63732
59253
53430
70295
76165
57400
84011
81005
47073
92864
10063
9911
24060
21474
37962
62507
45809
80903
29877
41072
41708
53369
60190
18754
97124
76927
85977
52397
7873
42825
92357
71605
18430
62139
41900
10948
35892
42264
91953
82965
35128
18368
92876
75540
39842
47191
38047
85651
28094
84276
26723
86154
53997
3266
4908
51122
80193
7237
19871
4418
66414
28581
76024
84845
90720
34276
95793
26612
76540
4098
25929
11668
22466
18806
87208
62308
65997
41607
64311
10443
25883
7386
12949
96233
10652
34209
63707
7198
41447
83578
11616
24213
12159
87640
9058
19232
21917
21203
62196
14809
25301
88126
26478
64119
23284
30038
42779
5633
71646
7090
32428
13881
14477
45377
10114
41481
79586
73821
48679
37385
73752
60296
61599
85911
64288
87009
21495
2557
8213
83692
17367
49866
88170
60197
30338
27806
90235
73117
33439
61881
96560
82219
92115
27389
43948
18581
68870
39886
92403
17550
77272
82507
94198
55223
68418
74838
42232
6266
77396
66797
6310
11115
16664
94480
71312
47002
38638
61547
36471
88429
39781
49383
70648
31896
76772
14596
66829
45643
54482
59232
79545
48106
58091
90095
3329
26510
64933
61914
49128
58681
28711
55438
69796
61727
49918
41108
25081
88556
19008
77905
93337
58789
27288
63985
7037
4061
78581
73866
66056
49415
49451
61953
97522
7542
52048
17203
50404
33333
79117
99532
92015
24181
54970
61811
2260
21240
19272
43694
26148
38280
21599
19485
13421
48887
83470
36810
69300
78403
10676
35356
44171
76479
13661
41693
374
82061
58896
50778
15395
54366
66663
7410
94899
37985
85573
97159
75578
21197
40853
1726
59477
62452
37564
89250
27692
37386
26060
96992
15790
53089
32349
76313
29568
46010
18006
46294
44424
93254
13425
59819
47620
80088
83581
58871
34425
85506
56031
10003
6704
13236
11730
82533
92041
65646
71784
19733
3032
97844
16725
35174
67285
65426
11487
13206
27789
29493
59500
72213
39100
72925
32032
3072
69365
31965
61944
3791
17471
34327
13794
24175
47563
41876
6709
39604
7522
94845
59337
10555
9041
92415
45729
76327
57841
73569
89533
85630
19414
65385
57843
58514
38311
6227
61587
7676
38192
39883
27819
55664
74210
57966
96191
38125
99842
19252
77730
23717
14097
53419
50624
23139
45834
12705
15818
3676
86274
5351
89306
5689
70736
63502
80555
25399
69729
42142
49428
24274
98377
77247
79938
72587
51565
92481
10713
67760
11734
4795
91477
42183
58214
42101
81674
20401
71158
97492
24077
57433
19195
29735
79474
6284
9589
60029
48035
79319
18524
97463
19945
16901
91063
16235
5841
42628
8716
32906
10388
36802
54053
18217
78986
12267
76670
60660
49020
47829
74505
89449
21614
93700
35537
1088
16336
45126
61117
64372
40797
95993
61835
60742
12895
69250
76977
35088
28231
2046
84346
54971
38848
38399
73189
17834
67018
49859
94847
16039
14040
69352
5488
35654
79404
41025
36742
95741
2504
14212
60113
43301
10205
38300
20396
39452
7551
97373
90892
35782
99419
75238
90753
38268
13637
80294
72454
80656
46506
67301
96695
60546
53005
18535
12553
32410
75913
49295
28151
78417
79859
4616
38070
6417
42916
58466
45869
66819
72192
53114
18953
71611
28352
26059
26231
41990
22705
15038
38998
69211
98691
35693
46110
51697
70580
58663
84107
46493
7958
28610
24910
4170
33226
62981
10587
92494
37799
72808
59314
9991
25922
94619
97955
54275
20678
24186
12617
43384
55576
51615
28947
54268
3660
75057
5965
90592
33720
6424
37086
58031
35034
78348
62201
84612
57681
89140
77106
95481
61948
52772
5472
4223
47392
3427
58498
84422
43966
87467
44158
99542
55434
89458
70162
75446
64515
92479
66038
14588
98903
3124
88971
50289
97825
51172
34901
55506
56664
12008
50987
34964
81132
56460
39187
44876
76239
14037
45651
20205
1504
6161
36100
73290
95619
6262
48736
60135
98742
14775
91075
13997
34251
80046
64287
32076
47570
99188
3935
4234
27548
54922
39198
8681
27734
78386
69909
3974
8775
15560
40531
10280
21722
76631
99922
17341
99246
48659
93828
97988
79786
84903
11985
30389
81301
92624
78818
28871
91813
82753
49457
19361
54027
5008
44394
81762
83394
14304
2088
8521
29864
42619
35153
67938
35603
35076
85280
34849
87
95460
32837
96225
80364
61174
26614
78017
53799
21784
6889
61964
20889
56346
97677
91269
61354
42072
89383
61100
72728
91471
69622
18944
50442
4775
86883
86045
56203
88515
20894
56290
83975
70083
52515
80691
47610
95482
58709
1409
33618
65598
79725
70860
38296
77402
62129
16003
19474
51512
77103
8554
59335
63077
27499
9777
84205
14382
95823
56760
2897
33069
13051
3224
3153
81918
83916
50763
93752
42625
68524
43723
8223
48249
14583
62871
25651
76712
78874
61478
44576
72330
70032
3911
51759
13883
13688
52316
44617
25863
9077
63866
58933
22128
67091
62086
20398
51007
29201
30503
93632
97725
74226
18207
45974
88809
81078
87977
81873
59953
49455
26449
48635
35840
46712
394
49723
60400
52711
94341
2616
61788
58207
61549
268
25298
39987
37018
92657
69188
67521
86289
83265
41747
4496
29239
30556
1927
33568
28781
61880
99376
55230
26867
35216
1942
27261
1291
78695
96324
11984
81311
58112
70192
59212
74732
11842
99199
11751
4500
84739
79272
7141
68004
21020
27990
13595
67928
29917
47163
96710
8149
46539
68292
35016
98107
70235
62277
99399
65282
58602
11383
46593
33066
97927
22157
7799
26122
37708
19550
46974
22447
15174
54115
6803
52546
82105
20398
20475
28374
83913
33537
36523
30453
1829
71539
28560
72064
50169
44311
53698
25123
55695
291
74541
69974
38800
82340
96096
76508
18242
43070
98955
49769
13538
5758
2315
95643
42508
22790
24018
26422
72679
76893
73227
74509
48433
1787
62925
14954
62451
16624
40077
18146
33267
14618
88120
72068
13311
569
48576
47905
43639
63884
97674
57177
85994
16342
69173
28503
39132
9543
71277
28164
86436
44504
2673
34869
46291
65598
66175
25094
98574
22604
43240
31842
37223
47713
20262
66886
64634
68838
31143
8273
49074
45170
81803
35069
61512
67328
79924
16996
76871
51201
45160
79659
95705
47833
14529
58348
29784
97056
83443
28358
19661
43035
76552
73236
7100
96814
56474
71734
65653
87617
96360
31079
32787
94515
66148
94299
61843
62424
27648
55066
13625
72808
34725
9330
36994
65606
84031
66778
62663
67474
11488
82324
10509
88041
55560
33962
84855
12034
5696
66860
16003
2056
97940
65143
96571
80440
59442
74766
42865
3442
29832
72842
76251
64558
82173
13245
30164
66204
96375
92827
50030
7863
91503
76891
95904
47063
10853
97112
75449
16550
63972
7805
34958
78264
72948
47882
75057
48742
22648
34274
52185
52481
7116
28436
17039
89289
58033
63555
71845
70760
56383
21875
78623
47886
15119
90880
11302
25972
4344
3103
58874
84668
10908
10185
62933
83856
58067
54342
48951
97067
88616
1136
49548
95732
45924
82939
85022
20309
46495
73219
91069
19230
11447
86044
83468
26566
76924
11122
68890
97620
14226
44117
82289
41486
54302
45222
41695
12369
15916
90646
9436
4532
91782
75337
264
54058
74628
1638
74367
37475
74858
65436
73057
2657
67832
56526
29223
61109
67648
14465
58729
98226
58582
41018
39713
12884
2592
81408
41605
18508
72054
67394
23040
80188
59083
23305
34246
33711
41295
8613
87539
16153
90401
76948
18810
58233
33474
64385
19342
17475
95203
78072
15701
53785
35442
71766
83022
38035
53174
24627
56543
25228
92021
79584
21768
67456
19241
56014
17520
60536
80979
5059
93042
71380
82007
28204
45966
31834
8942
81660
65661
4145
59732
81362
74282
95175
53129
57304
49562
22655
81932
6105
64236
90305
2041
86004
57762
21282
42019
91634
98171
22998
96693
7565
10731
95052
35769
56697
43238
44711
38357
8899
65208
14442
6614
39491
25969
76095
13147
75531
98750
95079
81636
62986
1737
30
48991
75851
37664
7362
67485
52187
30360
80530
59752
41091
91934
95522
14140
35173
56585
52498
44072
38146
66940
67038
77637
9261
43133
7136
84792
41884
2216
82780
21222
20305
82810
86565
12508
36827
93927
79993
89014
40640
76875
48767
98083
68809
60641
12224
3982
17226
64722
64407
55372
48014
31445
49361
57275
90931
56498
58419
49167
75066
41199
70389
11723
40362
56955
24231
77189
67234
20576
66203
7874
97451
31322
5958
82612
91963
18182
86595
9190
99256
67354
80914
63622
15151
46628
37249
6082
19478
95668
55249
10896
53219
41991
38971
93581
98946
63202
87122
82532
130
69678
90407
97581
1000
12717
96545
92964
47251
83140
18506
62859
66846
15772
26481
81998
62400
80082
4432
98230
75750
76034
9126
28969
18025
48097
38903
33323
27651
26025
15855
27781
12055
22614
41714
13056
51683
38260
22372
98934
37752
40878
78145
20951
73002
20978
19301
35403
1060
23733
49985
76810
99767
75464
22132
34144
39913
77387
67467
67565
3412
99675
11698
15468
22289
69765
44876
73973
24377
67248
89259
78481
24478
67405
99432
97480
4735
18733
49235
5796
58819
99221
98958
74938
91037
21090
9083
30950
98477
92902
98515
18242
92577
26566
50062
14867
96331
11290
5192
37060
78538
94451
15541
19368
78208
14974
33200
82944
50059
82436
5092
25230
98009
4050
169
89046
41493
25604
19996
56322
18506
34864
90916
11084
61430
40978
25951
74113
52268
47495
27525
47158
58298
43066
82878
36507
74392
16079
35803
40804
14867
40895
66034
12876
61297
66203
1922
2790
8159
38270
75465
26666
73134
66381
37750
50916
7360
80053
41381
75980
27548
68906
39491
2198
28325
38721
55057
19069
54800
90860
59873
69667
48107
25908
98895
25757
8463
17169
44899
16623
55440
20364
43289
44926
86746
97391
12195
10458
93796
69928
2790
37696
55187
58633
39894
83512
97355
94952
2581
68507
2164
78807
54527
66624
4715
53422
92381
29530
70592
37280
62505
42384
57645
22146
3662
60743
19537
32209
71201
13333
2138
90343
51029
73677
48977
7276
57189
46332
2228
76122
14839
4392
54929
69366
71016
75996
39141
79749
5527
26085
17030
84384
84821
91027
6531
4835
51770
42420
37045
39323
72106
55535
29666
39487
29212
78643
46763
2753
41327
48991
78875
72519
69736
50157
58237
40752
26153
97378
36854
31680
39815
53884
16065
24636
61263
38948
29472
29385
81368
82869
85060
53474
54756
14726
92962
83968
9722
39725
3073
67401
5069
98300
39920
74805
48457
14510
31909
74611
28240
68763
22643
68056
38999
55060
92692
16614
94008
38516
45999
91729
21385
31059
45203
92493
62138
54517
76461
88212
94243
95886
71965
15664
94187
28238
90469
42644
42748
22378
33607
70988
7494
56251
55396
62845
27663
48089
79460
21672
2957
41811
29753
40695
89223
74956
33188
51361
29474
26002
55925
40069
21888
44242
55733
32427
72480
62554
75072
31580
84932
25031
18921
8778
97634
74317
71624
25298
38758
51084
63322
41716
92895
93075
82411
82118
84383
15599
49831
13857
41601
22108
70278
79842
82703
42363
12269
55183
4917
3693
3116
6202
28725
38389
14980
26359
12706
2956
68009
67817
54040
31331
9533
63288
40758
8296
61758
25142
40247
27942
55351
98201
50050
41982
78043
32753
84345
6664
4289
89263
10358
23757
95465
39083
62146
26797
81794
91204
29754
66156
59021
83794
13839
84906
63434
54598
93202
25193
96092
49802
53135
67795
48003
19537
9777
42398
68643
94123
49062
72932
99738
59420
13041
11555
14855
75187
38352
13002
66391
68106
79158
25413
68253
92997
10319
31687
63947
19874
73232
76391
69676
42719
44187
34031
62257
53964
76429
47252
64439
25491
20184
64177
1264
49577
75732
32471
24764
30437
45473
7507
98543
40983
32920
83148
33981
59592
31188
14280
95818
4420
90672
81846
63492
51211
15877
42101
21527
8658
89353
85967
50501
25889
66496
51765
75466
58581
84237
230
89018
46062
24089
3913
87046
57010
87062
37379
32954
18250
51659
28772
39022
58683
10618
2514
26246
42847
44615
47774
51505
33968
50093
2006
76209
16589
70124
51675
91522
70713
68257
80540
16775
92347
806
3821
65709
87868
41200
98663
22470
9212
43787
61492
84247
70757
80359
10494
13604
24974
58268
81461
75295
8361
99819
51504
41302
86295
19532
32825
57008
87789
29717
90136
80136
46875
93957
62197
34743
51510
60860
57213
77074
20999
35058
61321
91756
15417
88167
21712
56743
46435
3173
48390
71148
19345
16247
28803
5640
52131
77980
62649
39920
24049
52785
36409
70925
63094
98606
22020
30956
75819
95586
8030
96818
46996
85704
88575
62413
73871
26639
35508
36659
46165
251
24159
65510
32850
52962
71150
84981
47294
50151
24901
87696
19288
77662
58621
82383
92621
96993
29691
68440
92579
37722
65258
39575
23426
70185
18340
97297
96825
70201
33956
59342
70452
74468
24852
19654
27430
96002
4635
91077
62506
45888
78773
81794
39903
53746
80529
32524
50739
10221
964
43319
64295
82574
99246
4073
69112
33939
17722
82289
4140
68031
41631
90944
42499
66483
10598
69929
78837
31585
77358
41343
77473
56131
39490
17376
9877
36371
66252
76969
62944
67216
36640
27239
66143
35886
47664
35255
86177
65387
17544
6669
33418
75527
97613
75917
42010
24563
62198
37199
72500
39557
94895
66326
12040
50737
83702
38270
87108
66307
15239
50053
33523
51879
93644
16018
4117
41309
51273
6647
6696
85169
13316
40114
60696
27282
16031
19058
51845
94581
72610
40698
34138
67505
7024
62531
18242
7078
801
21702
73385
32392
71755
23261
623
81752
39279
4740
23061
90553
27739
46109
92074
41056
86223
69123
68338
18606
4533
36535
29539
77143
77233
80030
61000
84257
42561
95594
91336
43362
33649
81073
92106
5404
4334
92729
3508
43614
13821
26569
50519
41561
89030
42593
82617
75253
28068
67307
10211
32602
3842
39751
26097
97428
19781
3450
98037
78694
15396
5725
38408
49045
86799
30514
70802
91133
23243
74310
51099
37064
17232
1618
94977
6262
60564
93946
97868
88632
61253
24431
37586
81448
64182
80036
78876
315
99838
76913
79009
15234
98991
17417
80632
85790
64283
67786
93275
87526
42096
44375
40943
75680
45993
52272
98295
22909
46219
96163
11542
7472
36946
65480
5272
17481
61868
84148
17796
61706
77414
13158
93293
76405
46927
90277
78547
11211
58063
71822
15089
16511
16197
72384
92192
78543
41009
6839
1452
87228
19354
29346
11052
56300
11179
16325
73781
73047
16825
7930
51106
94239
37440
60751
86996
84367
51028
65543
11930
9091
37366
43372
41954
69915
32108
50498
48458
73117
57337
66263
76697
76691
95609
87750
49344
23140
4075
23125
96188
20900
47407
63646
31492
84847
24397
18488
85567
91777
384
13849
17220
54102
73573
59174
40369
22034
9673
5180
11503
67010
71443
88201
60054
83404
92303
9398
6545
96378
48875
2733
33630
12635
82731
81474
97482
7128
99963
99401
98905
16699
29603
16125
70801
19528
91651
11170
41562
1324
16350
53066
84687
4145
57619
61093
87550
49922
86843
94095
62652
35718
13180
96282
64705
12263
77757
78540
19391
94072
77941
34648
27123
23896
67125
14276
43425
58776
25446
1339
76453
58149
54405
77492
78646
28376
38585
82548
78298
25428
92995
40950
77498
22527
53585
42204
34790
47694
37096
70533
41766
15037
21533
68889
55286
88658
83165
98711
63787
24963
50
56592
99464
70808
34084
94463
99184
89021
77011
93835
14449
70007
34785
8299
92534
4722
66855
27325
52416
3951
97858
94182
35341
19392
79423
90627
24402
78940
5690
4541
20256
22092
61133
36072
9252
11569
30535
24789
590
7547
18624
31391
77554
69761
39691
70088
74484
6546
13765
26900
10498
27976
37435
62191
47368
33210
52818
88122
28503
74860
92664
48759
96952
53797
1183
6205
81719
31719
30994
82309
55618
65970
13701
33172
35731
69744
19612
10215
92642
49730
53468
3140
77706
7255
81683
25074
56817
34501
29548
85320
9361
22212
50431
22666
92362
51615
28871
74081
99686
76217
56390
55304
42187
86443
4828
94270
56187
24440
20838
48830
74170
74306
68322
68228
97913
66358
93302
54730
859
39203
56403
26573
61415
6834
49239
53777
74801
94462
27858
74487
87031
601
29791
45570
3396
34619
39840
75936
75412
60678
41118
65934
51336
25792
34163
49249
92150
43817
20332
9362
83020
76735
35935
44436
99921
1526
14565
91075
12340
58776
65562
15723
75729
11706
61293
79125
62677
1133
55061
54441
61812
96179
20376
13148
38324
70891
78750
30474
14708
15434
39836
14081
92169
92123
74869
8442
93649
89434
99517
22341
64562
81432
38064
40291
9490
99357
19417
72167
491
90830
26609
78655
3362
63337
8155
41686
34228
3257
72160
65288
18691
28349
95721
27212
20472
70590
35655
14122
76377
51524
36463
57291
49308
90880
97583
58798
90237
17000
47318
7080
24182
73927
2087
27544
53616
10243
69230
4196
29852
57743
85836
48544
86092
81558
92108
6564
68500
44115
37038
61229
95640
89854
18521
44948
80734
16104
20099
70971
49456
67417
94404
73638
41344
96491
1183
11312
23086
86765
31860
52939
44508
17696
17835
30600
15606
9943
53517
459
54059
90555
61688
66051
80409
96561
27351
61143
29017
47450
48467
78473
14867
42871
68464
72563
39362
85999
83875
78801
72764
15735
31740
33625
49784
65927
64225
65390
92222
34094
65849
46281
24650
43890
28684
5059
40451
56036
66203
85821
3486
14670
64294
34706
73893
49110
7269
13255
35109
7497
92056
24226
39584
40148
57851
89368
22427
22076
71111
14650
56171
53312
60931
97173
97202
5968
2232
54006
62004
84787
39827
81842
15809
20473
16548
89702
85936
40170
19310
21045
47667
27718
45271
87251
67867
3122
76620
90294
41551
64083
21296
14074
17395
82228
11247
30950
4548
29831
1308
82904
14619
57487
64746
46780
94312
97647
36483
80248
37817
55793
1294
85484
83511
62917
89087
67730
66040
65707
74377
23943
46142
95673
38017
63538
94253
65616
10840
98801
95447
12148
98057
26418
69635
62804
73199
63947
76803
9682
44196
30972
81827
61842
16456
81690
24759
5543
65773
90799
87603
40150
14742
50097
52175
69111
13635
62781
34727
24475
77934
46527
36623
75992
72945
22610
55148
62496
2910
31951
88530
47106
79275
86709
8948
95731
68400
50059
17626
34173
40859
21581
90675
71953
71679
59202
57417
1666
21983
8496
42494
99918
55023
95469
92262
44321
18080
47410
23169
20990
95713
11700
84448
74988
98409
9748
87071
83161
59807
21049
33686
17018
58983
24361
5324
47014
99916
62741
65032
21899
87589
7526
38169
58965
2996
46783
3286
37428
10545
42807
58418
6258
54507
59218
97598
69269
68966
1021
52430
45125
38423
86117
62144
13758
26830
67468
60772
26746
46561
25804
64998
34150
33331
19519
93115
52679
66303
12753
90107
76848
71913
64877
99459
42772
24095
13409
12041
93061
30783
80824
38186
69206
83293
16682
82964
26475
502
43736
69574
63415
85892
50924
97566
35575
70443
7033
88254
53098
36139
78361
46299
8052
59590
62110
50824
83685
75519
79218
93098
6302
76394
31285
91860
59687
64319
74824
2514
64822
34912
72088
28237
37157
23012
42155
72732
9808
65541
77339
79258
18032
72052
25557
42436
31643
4019
9612
15328
79539
88830
8427
2193
81576
56064
10406
57615
20383
85230
60130
1557
36495
32218
46147
73652
71583
4654
62736
81391
70195
40075
60649
88227
12128
2559
30663
43771
6578
40276
75451
2469
45458
83878
21015
27035
56294
31421
84650
93030
33003
61132
10939
85850
93351
57086
59502
81286
61741
38591
79029
48288
78666
56030
36516
7146
58589
83531
67269
81520
40159
42721
83989
85618
42951
21356
29005
15598
69129
30007
8628
2133
91140
19567
87983
843
93006
63838
82129
54747
2429
61158
3035
97447
17188
55903
4594
92130
55787
88215
73650
95946
30936
73991
97916
90240
11700
43273
5838
80829
73281
14466
82962
80773
50385
87298
81616
43391
67488
80097
14490
69917
57607
33878
83716
91147
89781
88310
83277
45568
76526
73279
57867
23814
63623
55783
14054
75323
99057
36244
56152
88690
67062
55467
69463
17448
59117
67431
77191
26605
47528
91682
12874
5135
41912
96590
96282
31693
1253
95912
93614
94131
69191
51481
17945
32814
23616
48352
8137
39025
84596
80642
27715
51659
52461
97178
85459
11578
64609
62650
38183
28489
70684
51057
49976
12596
47647
46259
60642
65252
58523
54256
59383
27714
22089
77329
76881
62057
42033
1370
1083
42981
82012
28798
10992
34473
42329
96451
62403
23290
75454
586
68132
46138
67995
18108
75087
15643
