25469
20673
27765
3251
25948
13190
17194
478
14045
25132
7368
1773
6720
12153
16301
29595
14954
25369
17498
24188
28506
5022
28848
28305
15436
14774
15590
29647
29622
18931
17801
25091
9604
15566
4695
11904
5108
21889
18734
19154
17021
26102
20927
23741
14607
13580
29688
5914
15302
17186
102
20160
28561
28951
18465
20349
20077
4055
19997
26051
22986
7798
21143
8942
29716
2190
27198
11176
24079
15932
6682
11100
12035
3961
11193
2994
17542
10881
8908
9196
4420
9011
29356
9333
14314
17821
29682
10743
28228
26031
6794
21215
10181
4289
6509
16249
6479
3708
3778
6910
19640
10460
24362
8027
14422
5555
11022
8316
22789
19930
17512
3561
5293
23220
12894
19607
17393
18928
350
15621
21312
7145
6836
7845
17786
19698
24095
24266
23406
27873
7528
13046
14685
1891
27426
29107
7446
14800
7423
6587
4730
1287
10148
16376
24507
29394
5983
11900
24675
12686
3874
15987
26183
10710
23832
13969
6760
24279
14587
166
22152
22116
19565
6838
24007
16991
12297
7805
1791
26073
14393
12873
27360
893
29249
28220
288
11585
16472
24963
24271
20346
17302
20454
7409
11134
4423
14169
5414
25363
14336
3918
17479
3901
17108
17838
27244
29406
25643
5387
1831
16388
18260
29191
17282
23862
3763
17570
5447
20236
18885
29718
10582
6187
26524
17991
23673
7299
8513
29087
2662
22849
9358
26493
3102
26466
14331
6698
2224
16327
12085
4055
2715
6697
9599
19997
559
13362
13919
12358
9950
2804
18428
20533
15343
14952
14876
9017
22252
23389
14456
1266
22590
166
27760
2044
26633
18443
15094
5209
4770
27179
15617
13838
10229
1568
10187
17140
14930
24107
29499
1233
3263
24279
21766
24959
15584
12994
3976
14188
12736
24784
15454
11678
24951
19566
13723
27936
8010
28817
9497
19132
2349
25114
9322
12578
26682
19510
29718
17965
13617
5569
19198
23232
29849
17316
18191
15433
6662
28519
29621
19398
23304
21427
1077
18255
10994
21152
22543
25356
19969
2040
20840
28670
27155
163
11248
189
19673
17319
24506
9642
22888
20056
2874
29089
7372
27418
20874
14035
25937
20495
9785
25593
18275
10862
20200
29269
8366
12743
24625
4688
14784
15465
3358
18291
21980
20959
24832
11653
8278
19339
21295
7518
15747
522
12960
29472
27940
3834
19859
23877
682
29644
19471
18957
16859
9671
24578
25225
22415
19203
29913
13551
11020
3272
8194
3001
583
3026
21006
8861
28717
12302
22731
14465
19176
5691
13937
17116
15878
3796
17345
16560
9792
6816
11869
26651
22840
6447
28229
21607
2002
28142
5158
13022
7766
13352
22375
14701
22730
19734
23562
21448
2036
22646
12265
21212
4689
26202
14680
20567
6350
2025
13479
22494
15194
25348
25498
8034
1795
23727
29641
10149
28221
11151
23172
12340
855
21899
27041
23585
11633
26956
21385
20021
19602
3650
17585
643
6204
2265
27563
18906
10643
11042
11401
25837
12743
6899
3871
20890
626
9864
1040
5199
27367
564
17539
28222
22463
14581
28159
10449
11537
19545
470
7491
29547
24408
8134
5752
3025
12049
24658
13668
23092
12411
9505
12187
19310
19728
3077
26288
29592
4117
1488
26959
11033
19027
1533
3497
9960
29693
20298
27849
25590
27120
11692
1489
21528
26179
7241
24554
8228
8252
14574
1320
20663
24080
13507
16326
13808
22937
12614
19753
3406
20454
16712
14440
9482
18246
24289
25794
24291
14587
29996
19881
11707
11688
21370
9588
7867
4964
10494
16096
19568
25068
23768
16583
19148
13628
2909
9309
6565
21876
29062
9971
12330
22126
763
28164
10372
25052
23959
11015
9639
307
7248
27699
11995
28619
7287
19863
9935
17781
12311
5855
19201
6079
22438
14702
26059
1700
24011
8976
29928
29425
25300
18610
21551
26063
16775
8276
21116
17086
19291
755
17393
26540
4806
29388
1511
12093
25603
17798
6226
14266
5
25428
20346
22443
10130
22757
495
10493
1734
6775
9918
27034
25386
7821
23097
12161
22449
14213
5599
11741
21321
22992
14633
2479
28732
22496
14573
688
16646
27151
14954
16651
22579
11652
15446
9061
4410
22294
19554
6144
29069
5824
9530
24455
19998
2627
12968
12447
23193
18567
24188
20866
17911
15173
23345
22996
14021
14270
23684
667
11422
8638
23670
10353
20291
9117
25767
24701
1411
21673
7197
6832
27498
16727
1288
17496
25706
20608
29943
25251
9176
484
16117
3439
22009
15815
26435
12383
85
20119
13050
17859
28758
6721
4565
25401
22190
332
26454
23601
22005
3651
433
25855
26730
8073
13351
28788
28682
19647
24040
14210
26483
16509
24001
18492
2324
20437
875
8762
16908
20278
26621
22018
3351
7538
17419
1893
7870
20225
1846
29876
23876
8631
25731
26958
16705
15435
25747
21739
11434
19787
12301
7917
12648
6302
2761
14973
3091
9989
87
26352
6619
3060
18370
9970
10599
12142
11863
18469
2367
20061
24697
2596
28692
26781
29554
15397
12216
1653
13488
2
27792
2141
7919
10441
14796
10680
1766
17887
27021
1853
20591
3640
11265
8962
13610
21864
27456
1825
16686
29823
21886
17735
2419
26931
14516
8326
18680
3084
9979
2169
3086
14124
4310
11005
24565
25458
28038
2683
13346
25059
4536
10289
28700
15801
19251
18662
14018
16707
26840
704
22883
25078
18439
1654
22009
9308
9980
10690
12392
26312
19211
21831
16788
29873
9188
11353
25332
7226
14036
15030
8638
24924
25319
13690
17077
14571
8704
1095
7630
5544
8151
6865
6975
2943
8520
5336
12251
24852
22378
24643
27516
11589
22826
14304
11463
2015
2009
6795
15593
22397
28177
24231
17321
23496
14273
4399
14419
22978
11846
28402
4874
19998
5267
18201
22941
20139
23538
5192
14992
15916
6187
18860
27506
29014
3165
15321
1029
11526
28468
22974
3924
26645
17206
21245
26493
7831
1996
10913
809
13843
15667
12036
10193
20934
237
9486
11074
23775
14678
2418
16044
27217
27630
19902
2583
7147
5223
9964
18674
10043
2939
22598
13040
26497
20195
9533
4328
22192
26798
11490
12387
12465
29878
28932
9752
115
8418
27178
243
29448
29596
22639
26665
3578
12541
5601
10726
24116
15565
29400
4159
24856
21998
23551
21353
18545
9436
2034
17089
6235
19876
29476
25052
19754
4760
4804
26221
13178
1982
26464
12626
7930
19103
15644
11509
7996
27597
22235
2112
19514
27987
12623
14371
26337
6174
12076
14882
15611
14110
1972
28198
10338
7800
23250
92
12561
4407
2666
2091
6389
29130
21070
20672
24586
13066
8533
8934
10663
768
11047
177
28755
22
14548
25092
6197
26625
16326
28160
17087
18298
26358
27426
2451
25960
3870
21364
367
6536
23455
13109
12019
20877
3781
12957
3943
12314
21891
14606
19434
9290
21136
24541
9313
12036
25985
21862
15013
12311
26374
2101
6962
29084
5879
15765
25044
16101
7129
1764
28990
6936
14873
11009
27814
25006
318
1757
13672
28561
22716
3106
7852
13852
3999
23517
25888
29984
15379
10902
18647
18105
19355
1961
17189
1586
17726
18585
17687
24855
20349
16677
1792
11574
4038
29606
6580
4356
7715
20252
9270
431
29710
17122
14283
10061
16991
16524
10045
8722
3778
28693
26827
23133
654
14016
1071
24733
2601
25110
19588
29303
18140
27732
10877
22178
3690
17458
2887
17758
14062
12157
18189
20125
5631
8825
186
22622
1701
16584
1344
5479
21629
28171
4964
28635
18539
6035
23368
27492
7497
19309
26795
25637
23393
7673
17816
27084
1483
27055
14842
21897
9212
9383
12022
21195
24560
18561
13817
26261
5145
21513
1740
3126
26036
13056
1761
14575
25443
25130
12067
2941
20791
8863
28578
14184
16536
22746
11268
24371
26153
2462
16268
11717
18198
4643
2912
12758
23204
16729
9020
4701
14594
17112
7827
10630
6521
9588
25205
1964
11070
13625
11257
1861
22488
16188
16046
15376
15286
3666
9747
11440
12481
2367
23157
679
7010
26070
19789
214
19151
5161
11267
3746
28626
19094
14376
5147
5035
15934
13463
16105
29559
1073
17967
22047
17261
10365
13775
2547
20383
29874
20339
2864
2241
13497
9895
9252
15919
29685
15818
5070
11198
27086
15168
9824
16180
29545
21323
27567
15479
4787
13673
15038
5860
7992
13437
29473
24709
3564
8372
15092
3438
28712
17957
5679
12209
4204
21283
28128
3889
7102
9550
21440
4188
24719
1264
26720
24264
22588
24288
16095
3727
14313
7485
15939
22305
27274
15412
17014
838
136
8458
4276
28848
2767
16307
17409
6972
7591
15537
17213
14693
1440
8653
25233
26159
9918
28305
26775
8858
28945
19222
12585
13258
26707
28524
11915
23981
20288
5281
1171
20424
13740
5447
19273
16507
21754
6682
29831
5697
28572
17045
20390
12
25698
21975
2523
11968
26633
29298
20826
25578
18520
3411
15189
21579
8287
3456
21912
28575
15090
23083
25352
5182
28530
14625
21689
26636
27659
27873
2334
2583
14918
29076
8947
10616
27404
11470
22585
24037
17120
19763
25967
11992
23175
17508
9923
7814
27317
1835
6390
12407
1270
1742
17589
29800
22719
15630
2789
26730
13503
11475
5666
28421
10551
14613
15390
7955
2436
14327
8344
25908
4090
10664
14253
3617
28172
24176
11432
1841
2364
24174
14248
3634
2268
8189
9787
1339
23820
12576
28069
13675
403
10087
18449
10954
24701
3839
25262
3489
24518
9958
29397
28608
20622
20002
8578
25147
14179
26362
26988
16543
20536
17589
26529
29156
25778
6316
495
19598
25244
4916
3274
25647
15004
21723
12954
16057
1914
8216
19546
26432
24526
25295
1392
15149
15298
16322
16648
5829
12684
13636
22372
3220
1225
25253
2376
27004
1570
9223
22954
26814
14140
2580
28814
29144
655
11768
15201
2569
26336
11099
5353
20862
6394
13098
12363
28044
29420
29011
3873
12105
19000
2597
21677
26577
27851
406
29933
29421
9629
22888
2587
23769
1820
7753
29265
2476
19521
20818
11397
15857
8269
23103
13072
14664
6201
25435
12708
11973
799
22934
430
26151
25531
28460
22728
23382
28866
22662
22803
14847
21902
1743
14969
23722
9496
20586
2550
5370
11405
13948
27579
19674
13403
10651
10690
25956
12439
29751
7929
19590
22685
14712
15741
18216
13172
8469
11599
18390
7483
10754
3237
29385
18849
24558
29460
4698
15145
8362
10068
26550
28662
7647
22576
12065
24651
9619
8021
13442
9370
22303
3032
8407
7015
18773
26623
26539
3594
14574
21281
11078
1681
24518
16815
20530
19077
22627
1580
10574
990
11648
7124
29652
25648
6052
18070
26651
15671
26091
10093
1393
18394
19477
9800
1761
8250
12776
4652
11844
27350
25933
29274
29031
26804
16090
25914
22233
8717
27494
2807
16059
15495
9931
15712
17495
22335
3782
14146
14359
6225
591
15752
972
26420
1905
9085
4670
14681
13738
22866
12031
9671
22141
17415
6475
14583
19681
28708
23300
23527
1515
15712
15374
17798
1424
2869
16486
11558
23367
845
24135
310
22949
25107
26730
24854
4193
7752
9535
24283
6971
27919
3954
5464
15334
16782
20047
11367
21842
19699
11246
29710
5411
26621
17508
13187
5842
10346
1097
29210
11191
25233
5872
4141
26692
8955
5347
7237
16707
14883
1520
23678
12802
11827
29142
4488
28609
25541
15855
26803
15241
27101
26513
27004
74
20374
10192
5917
720
11289
11479
18264
6522
17351
28757
9567
26306
4104
16804
19366
18987
18325
19396
8141
152
24891
12629
5113
20432
4836
1916
12025
8290
4782
9030
8364
25156
19222
20633
25876
6863
2112
20492
19738
25816
19249
29305
22122
23354
16109
17840
18693
10786
7237
26835
17290
2128
9464
28755
28912
20653
672
10938
28943
5454
26320
13659
6962
21894
4293
9190
28757
6405
29683
24847
2221
18932
24152
696
18638
16614
18536
7332
3752
2125
10519
21043
10605
26335
19798
15870
16988
26822
3160
22283
8628
29480
5943
21942
21374
10236
1133
26483
16641
816
27683
25215
26100
28187
25911
21091
14801
20799
28423
24906
29277
15294
22301
9882
11629
18451
25752
28618
15274
5264
20901
254
4744
26844
22197
2470
13432
23330
5306
74
498
2989
25289
2950
1176
27552
24041
22330
18351
28816
17236
17628
14110
9537
3863
25740
4340
5967
710
19614
11232
27963
26221
22328
1160
18418
24799
14592
18100
105
21018
24950
9446
16307
27900
10622
13859
28294
2952
8563
27110
26540
2543
17573
12429
12758
13313
16770
18726
20375
12736
6310
24690
8957
28638
2202
3727
23437
23147
21827
29894
14165
16777
9340
6825
21030
26315
27036
19324
29267
11951
16434
2160
14495
4007
14589
27253
23672
7711
15979
20399
20448
28641
21442
29405
27280
29996
3133
20717
23143
1312
26964
13661
24442
12656
20486
15472
8971
23874
11148
14591
5826
3934
16751
20321
14294
7692
23926
14318
15404
9906
4718
12204
14899
2512
17961
12179
2508
27446
9249
2004
28759
6213
15665
29553
18869
6151
21377
4193
6377
2525
18784
12203
6459
11887
2524
20753
25931
26451
11424
11335
12709
22494
29891
27608
25006
17853
16140
3866
15299
25389
5870
20410
1602
21535
19963
26823
4038
11340
7368
10416
20217
26152
22619
26677
14391
1496
23782
10323
4299
5206
21658
23360
27700
27902
27320
29058
15755
13460
2925
7406
8849
8795
27817
16803
6683
17780
19979
10721
5473
27347
27489
25690
23500
20109
28719
7891
27957
22502
18214
2256
4060
16225
1968
8113
20479
29288
7171
6234
12749
16448
13640
27950
25244
17809
14754
8279
5590
4733
19000
17415
8432
16490
13105
8284
12951
18177
22528
17260
10679
17094
19516
21091
3319
27836
29204
150
27124
12728
6384
16225
29176
26377
14176
24420
14186
5282
9051
26128
16367
28052
13543
24799
20894
3001
3084
10197
21178
25612
27457
8209
12706
16973
29300
22378
21161
4857
22528
18285
17585
5265
10863
16761
1642
25039
17534
22180
6673
26585
18309
23040
989
8204
24191
21883
17557
27275
2080
8735
29239
29537
23296
18298
22862
28949
10676
20375
3806
9556
8661
27743
21173
25876
20856
22815
20915
8390
14996
3940
11328
9657
26980
12317
17861
21171
10553
5419
24799
18985
20506
24038
24875
20155
12336
24089
19104
29364
14465
22910
15273
29478
27005
6446
25354
17861
5614
22621
26252
26962
26561
13932
6619
29893
2601
832
27416
19506
12603
22215
14844
9462
22606
9719
29617
11294
10160
18721
17011
977
17983
2284
6807
14988
15082
8513
2849
20696
1134
5453
24010
4047
25737
629
10292
28339
7814
7709
24197
26769
29924
9041
6231
28882
25112
5848
10177
11625
921
27188
12602
18904
5824
19410
10244
20906
4275
19446
17955
5410
24899
11965
15809
26989
18947
26102
1680
3113
3811
25877
29882
10087
4919
6114
15322
31
18314
25499
11656
19236
29039
611
8140
11215
26373
18385
8473
648
7831
2780
12410
9082
14746
28220
12423
10045
674
14103
13158
10837
9981
13040
20924
21252
25506
12598
27635
13821
8097
9292
3057
13488
16255
11197
1055
12628
5934
9529
19628
20117
12309
2039
5552
3407
6611
17975
19804
7285
8431
2962
24474
24764
22355
21750
16016
17861
4349
13651
1682
18798
29295
4739
2287
15550
22289
9694
4530
4575
25575
511
1045
14237
8902
12949
17644
15513
924
13801
29150
15707
16763
23624
10471
9118
15374
26487
3332
19723
16491
5014
8522
15786
16106
17161
7689
14747
3207
18571
19322
28783
25434
26719
13020
4336
9668
7016
26201
16945
20817
25351
2652
7581
25327
19476
23051
17054
15963
26383
13129
8806
1398
28003
24593
23856
21516
8634
8603
24724
3557
4277
23507
28992
7349
6527
3328
17017
13543
5882
3962
4361
1233
12967
18294
2913
2443
17697
19967
24758
14081
9448
9917
21831
7452
10862
15687
28968
19496
642
23692
29405
11271
23551
28397
18620
6430
8078
5638
19974
13960
15952
687
21545
5271
25333
810
14066
13030
27129
8825
27111
6578
18742
25294
20382
5956
17333
19350
25452
17975
19395
1209
29247
19298
5959
17867
25729
14037
29857
22055
4349
15810
29094
2246
27433
24427
3057
11500
13809
186
26677
17273
13116
21771
12567
3498
27727
29901
29201
29531
24228
18596
740
29827
7894
6699
17695
9975
27088
23904
2030
1437
16066
1124
10036
13500
1903
13093
25000
15713
19631
21677
2986
2748
13448
21905
12598
11175
28158
11799
10706
22387
395
11446
22214
14642
24498
16261
24617
21586
10166
3000
29376
2584
4124
9412
16084
12380
22505
11084
28093
18488
9113
7431
27588
22561
5688
10187
10088
3847
21986
27146
2586
28734
14945
24800
13376
9443
17414
14345
1029
3932
23697
405
6516
4174
16169
28953
16554
8674
16389
20999
3515
25503
28430
1103
24416
10470
11290
4505
14317
3277
1651
16903
8363
22948
18056
28091
2391
11822
12436
9773
22106
12486
16530
28622
16660
2700
3927
3214
17726
20317
24213
21241
15820
28995
22345
10236
9465
9987
21093
135
19616
29097
23390
27979
22045
11446
26070
789
29620
14859
16914
21726
27345
3444
26701
14005
12496
628
23571
223
20945
17784
21464
13117
23131
20161
29706
8948
6501
20799
9083
26117
26248
2474
24097
24646
20272
26519
25435
19893
17730
12349
17971
21427
22145
14672
11784
4642
15301
5355
4865
12598
29491
2681
25716
22622
29195
25422
7923
5696
22573
17006
1813
18822
25832
2262
13468
22457
5134
15255
12350
22864
27604
6673
14292
19749
21346
26076
743
12999
7784
5608
25597
7275
14642
27665
6250
13837
23087
14173
19533
22013
1179
27698
10835
3364
6313
24303
25821
11447
9558
14523
10663
13514
21196
1307
9615
18894
3736
10359
8245
11520
22319
3843
25147
6961
7860
1397
20798
7300
15570
16683
29313
23102
14382
10148
26466
20695
10803
22287
8494
26713
13162
19157
16579
4358
26817
26194
29605
553
12905
7850
12073
5225
18045
13572
12186
25906
14970
9337
3206
6892
26020
8871
29994
10402
19019
2812
7449
6174
1451
15943
9239
14613
5101
25818
25324
1918
28364
24929
8823
11270
2779
27248
22847
20825
10820
5033
23083
25790
14370
2641
2683
10391
11512
9029
27145
6883
11842
4595
19409
13293
20538
28648
4259
1991
24466
29583
10261
22830
864
25436
10452
3643
22684
3299
820
3505
8333
23903
5647
29055
26544
14682
15798
14408
23712
19296
21291
11906
23891
10700
1551
20781
9348
5810
29125
10166
11745
15738
9349
12609
11175
19801
16253
3859
23101
23425
13716
7786
17329
25716
6841
20225
10398
28992
4634
10462
18288
2277
22368
18531
19330
23920
9312
5030
6082
14789
15197
17828
528
24546
437
11703
14347
23042
21914
7448
16468
11983
21586
10149
14051
28428
6726
24449
3772
17712
11264
22060
19990
3632
16943
15672
3904
2607
20702
9987
17397
5899
4167
17925
6797
10956
5980
21145
3999
4246
4945
26819
22581
2884
13320
6632
1312
26398
7434
11436
14111
18698
9848
10453
28682
26791
26125
2587
29398
16827
18926
23147
29079
23093
17424
12228
4049
29756
3373
14400
4003
14671
17571
2936
17555
7243
15921
25219
3642
23355
13007
24105
12053
22855
4558
10735
19646
7035
19674
25396
214
8600
18544
29293
8045
5968
11522
18447
5725
21247
9199
16080
12270
26771
25368
6177
10366
11289
7748
14008
4644
20755
14465
23049
13610
19023
3785
9608
26058
23459
11357
2625
8412
29901
8270
22809
12221
26144
11256
17946
23744
20456
10378
6014
23579
5747
18544
10297
17036
26292
658
28033
23400
15123
21082
7010
4147
24867
22971
6557
24679
4328
15534
9443
10581
23805
2252
22802
19949
19861
17101
13693
10317
3831
26060
10248
9578
14604
20545
2967
17248
21203
1000
10648
6327
28434
24011
16826
23302
23334
29735
24333
27662
15270
10128
8243
9075
18732
7397
5376
8593
24498
19070
18910
28330
15130
5510
14260
6086
26056
17227
23334
23611
24579
10335
6290
23014
10698
23116
22668
4032
29204
23353
1694
14474
3481
16289
29901
28565
23686
5277
7159
24537
24347
2421
29219
15829
7932
13479
21915
10340
7059
21602
3951
7990
1937
16594
1004
12635
9710
24
23019
8914
23377
24713
29740
3210
17354
29641
1776
17392
4919
8935
18281
5618
17708
17500
21448
25640
980
19715
12332
8039
11317
22636
16029
19606
9230
23386
8593
25292
23410
1612
10559
23140
2677
10299
2702
26383
9941
10830
13776
21212
26117
2057
26830
13826
19558
24630
15818
26890
14346
28151
11281
2015
20787
3662
21622
6369
3400
6567
1661
3163
8180
12220
26303
17209
22520
5357
13593
8813
16188
3721
6377
12305
5778
3207
2483
1688
4190
18302
4930
18536
22805
16211
20551
19944
19874
18525
26313
23274
25093
27974
26437
9625
16547
29092
3186
15419
10802
16779
24232
26990
26852
6961
15647
2631
16520
18131
10671
20710
12785
15602
15598
5590
8165
6150
25534
4391
1027
28199
4018
2472
26173
6807
12097
12720
5900
21636
28139
23054
8415
28723
20044
5268
5684
12043
14251
22205
6526
1274
19267
19311
23228
4866
1253
1394
17368
3139
12137
18395
1338
16155
20868
27512
22963
9317
16584
5215
953
21076
28269
15721
26151
24665
27341
8188
6708
17944
6745
13235
19218
26012
8898
18799
878
16504
20193
24598
19643
8682
12994
20982
24838
10214
24846
24153
25883
17782
5720
3189
15210
10341
18910
17714
5006
16251
25902
18066
4195
2647
7653
29765
5011
22904
18564
12242
9408
15109
6840
5403
23792
26186
26385
24982
12752
27583
25487
8636
21718
1207
11825
6928
11548
7087
24642
22906
29690
26896
17324
10237
5895
1330
10002
17259
24234
4919
29501
9994
20028
12693
15397
20172
15232
18135
15154
27984
22070
10641
6620
13788
18200
24797
27069
6100
8236
28063
5358
7926
1312
29035
18163
7207
365
4518
24466
951
9437
319
10945
5817
13013
2694
25990
28245
27181
17496
26229
19252
4490
9202
9392
22690
10351
12813
5143
18588
10877
10501
2866
18541
9536
27382
25748
9901
1900
20215
17204
17689
20534
28149
23506
9899
7196
19496
14496
4377
13345
10726
29981
17835
26280
9374
10525
12983
28539
15668
7923
15768
2522
10790
4309
12058
14524
58
28312
16424
26625
15516
4113
23511
20018
3971
3411
3566
29820
17907
7943
13165
4985
14277
1000
7617
3
11525
26953
28542
3546
4876
14311
6068
22018
24972
24478
12894
25030
29142
29318
28007
21011
9783
27871
17381
20107
1282
20947
19927
25541
5242
3092
6879
25871
4092
20848
25874
21969
24153
24417
1867
5382
15080
14287
3752
10052
15118
16647
11435
14260
22317
15794
11623
8453
13665
29004
28560
21299
26303
18487
23193
7898
21579
72
3769
2023
27272
29644
344
21426
413
2212
3160
21845
16499
6912
1897
1617
23559
19684
22230
15877
5479
3853
24330
19144
9210
29242
10444
11865
17729
3637
19763
15660
10061
29885
24035
13685
29529
24379
11463
6294
26591
14623
28139
19443
21536
6388
21060
21447
26073
13290
7324
7904
23496
8006
27048
2706
13600
13844
14571
1329
23833
10687
23341
3894
10572
23728
23932
16453
18108
5395
29099
21051
20019
27238
10494
17907
9978
1555
9354
6051
21197
23031
20307
14693
7389
17356
23751
20990
7552
14675
28671
1386
1714
28365
11632
18638
22093
5564
11443
10201
17312
10542
7605
13683
14132
18099
1590
24110
26006
17296
6514
17204
10327
26821
8249
24069
20529
8353
21411
28082
29380
20082
5820
1094
24799
17452
26084
16893
29369
7527
3446
23033
18069
11051
6716
8553
29151
14658
9015
1509
1954
15529
25065
18634
12351
9667
12703
9232
18020
4114
7314
23752
548
13134
24846
25348
6939
27282
18593
12660
4809
22039
5693
29230
9443
12409
7783
14946
27067
16798
16455
5373
8680
11521
24007
27383
21188
13062
6615
15560
23528
13930
9312
24077
3416
10510
25777
16707
7792
14370
29367
12601
12761
11412
18183
22204
23821
2318
7150
27240
25468
29958
2614
4148
11479
26621
1531
9019
16036
8147
24579
9564
28429
10243
3641
8197
20753
5770
24905
4897
26492
624
23850
9254
12037
12033
7810
12210
14351
14961
9451
9819
14919
18417
20320
2750
21390
21851
11769
7426
6350
12700
16991
11131
22943
26984
19329
20048
2755
14234
24945
5599
21210
18795
14853
3247
7180
22664
21810
21531
13977
1261
7702
5248
26030
4374
7998
17420
26226
26119
24847
8928
15171
18190
20060
8114
15174
9389
4514
24281
29975
5811
6233
27537
24606
21086
7137
8138
20102
28947
29669
4079
208
13723
15679
2590
18098
29
20010
20676
26148
21209
5956
11319
9399
26016
25785
926
11757
6651
1559
18084
12462
7792
21974
7068
28879
29111
15206
25333
28058
21227
5765
4618
11303
21444
7208
5753
21474
27218
2781
23974
24780
8737
11646
4179
11106
13783
11457
29215
20435
13017
17300
2897
20809
15626
16318
26040
14737
7876
21374
12795
5456
3491
23765
23111
24935
973
28864
22761
4543
1645
16736
29323
16734
4734
9855
27840
18517
21312
27056
8952
4329
20708
18202
1491
6334
4520
3883
27423
18748
1609
10218
24204
5100
10335
17315
6388
11308
22531
29149
22203
528
22237
27879
17263
26971
7734
15103
21841
5398
18511
7145
16080
15571
25347
17571
28257
6219
21454
25680
24968
29416
12250
19172
4516
22585
12840
10904
10245
5371
10054
2449
5900
8643
6680
29515
5615
20766
20970
3808
26164
15834
10953
12244
1405
6301
6167
29663
12520
3974
1695
7488
3390
13946
3013
14258
12883
22205
25163
23129
3928
11569
1930
16180
20212
14962
15695
2179
5728
6666
5987
1892
22500
16941
20489
257
29594
3008
29920
12114
13334
7968
25955
23076
28266
5320
7335
11149
27525
2498
10630
7805
20419
18912
23986
10631
3874
9681
19163
9602
16347
25150
17847
15199
18443
14688
15457
18037
24048
21729
6504
13735
29697
2459
6811
4315
14131
20498
15465
11656
29348
2447
19461
19767
21360
19799
6751
25234
29481
25914
11189
22180
21064
5388
7380
15860
26428
29189
3897
20476
20918
10401
4211
26968
19212
17375
1283
3343
7873
23100
21351
7222
25548
17165
26989
23260
6964
10092
24846
6445
6006
6035
28626
27071
17775
12358
12931
14203
17899
23180
11032
8817
3582
15243
12137
22794
8970
19773
26138
16844
12873
23841
418
14773
11006
3759
8033
17971
13852
2880
24416
19858
15267
29394
23281
9395
18104
12564
23598
6003
5745
4630
21173
15679
26226
3310
14825
5196
23083
17315
28392
12309
11157
28810
3434
22163
8922
11468
10134
22774
20700
10903
18984
12319
16649
12266
21714
4754
1182
21665
10757
13279
26295
1930
28958
28873
11593
20136
10422
11028
7451
8814
29689
24960
13977
3124
23476
22899
20944
9962
22025
11644
20865
11009
315
13867
29627
28382
18621
810
20047
5730
20441
22694
14013
25752
21568
25606
15888
8342
12986
29691
17156
12676
1004
7485
15800
24480
6736
6744
4442
5113
24740
1660
16123
25055
15527
22102
29789
4148
29264
19836
16230
19706
18883
243
21810
16803
2201
7698
25145
15188
13741
18653
27864
14745
26139
20016
9225
9227
26760
20020
14341
27852
21680
6816
29259
7207
5270
29049
17707
4535
25237
3937
593
14120
4181
22403
923
6382
6453
26068
21570
20194
14722
25786
4940
17213
15802
20517
26440
18914
16889
17133
16766
8569
301
22378
22128
5572
21427
9835
10107
16664
13773
17052
7137
24306
9455
8060
7040
15908
4129
4963
12454
25203
749
23746
12416
22904
14264
15208
11818
1153
8694
4937
16075
8995
27315
8203
14567
25094
18039
1026
18110
8164
18078
25247
2470
27533
3308
15862
19793
13789
20825
2248
15344
21575
25994
4112
20831
16610
19320
2649
24116
4366
13938
16543
13362
17605
24746
4281
19051
19137
5308
7162
27301
23386
8761
6123
27272
18421
21986
23417
2210
12811
2017
23906
10738
4364
28018
1569
20974
23691
10571
21442
28057
861
7985
17771
18467
9084
22053
7518
28221
27361
21032
1875
27099
29794
14350
723
18215
6336
493
26778
25500
2510
20684
12590
6874
25055
20512
4201
18746
1083
1995
16803
1944
9981
10927
26763
19065
2980
4282
23638
6693
1666
25513
3792
1460
9864
10868
26028
22552
11361
29158
24404
13871
19842
6995
27098
21249
27507
1299
9995
4942
3294
3151
6886
19627
14078
3650
15044
17058
14284
8683
23751
15950
4196
3895
23763
20412
14763
19791
12965
2476
18949
7369
16348
15143
20716
13446
6393
24575
21097
22740
29517
24391
25891
12756
20371
9969
22758
5415
3379
13394
14098
3482
5696
24647
7378
29459
15059
28493
25602
4376
970
20903
18098
23670
12399
8814
13468
25144
9742
4565
17884
9259
5308
13776
28367
25679
97
27477
7447
9829
10871
21545
13311
16568
16192
20689
16027
7604
25535
17982
11980
2857
8885
78
26527
21284
15245
16347
16428
24987
27264
10665
10598
8924
24441
8966
10956
890
6443
18403
10719
23667
9948
24031
10235
2493
21072
2614
10097
22959
26948
22077
25816
5834
28508
28695
3470
13753
15042
26251
8740
12306
6916
19338
21231
7709
4656
2187
8599
17452
26942
25671
17471
6890
26054
27706
15735
17126
6672
25832
16438
3621
24262
12254
15807
22770
10950
25629
6523
2344
21880
15263
21003
28796
10953
18586
6505
21962
27125
21457
15766
24067
23480
3237
7309
19534
7295
23045
13012
13967
18877
29450
23940
13139
11705
16099
12261
29007
11729
18784
1351
3609
10399
28706
8758
27705
17292
21615
19667
14417
13072
5433
8484
12904
15022
15794
2438
22317
8839
21803
12636
4068
21253
12929
23560
9310
29028
5821
14669
17109
958
22373
20719
11357
21079
5829
15414
8372
27444
5081
29141
16869
16866
7626
29773
1888
29772
2212
557
14963
367
13194
25383
21620
26123
18943
7283
1503
1117
21952
18613
8427
14325
15684
19784
5405
21513
5199
13777
18957
16632
12918
12178
9851
26896
11952
11739
3020
20516
18649
17983
20883
1843
19719
12503
4318
8662
19786
12173
16131
18091
786
24558
2416
22822
20695
7821
20687
2246
27950
9645
25230
17221
21823
5081
20469
10127
23173
23490
643
11822
17825
21526
20017
7544
10382
24335
22559
6520
12860
15042
24611
19999
9601
27028
12821
6648
11201
3509
8894
9152
19506
4124
26373
17681
15558
16842
27809
8731
16684
4804
20553
4510
2683
10570
18406
19417
11257
10965
25937
469
26008
26901
20468
11961
281
3290
24961
11482
13151
10207
26986
2657
14331
23359
26690
6241
16554
24499
14972
3238
5656
11877
14100
8339
28799
2507
27756
10056
19824
45
16878
22184
26946
7346
10497
3579
10636
5458
15062
23787
15665
12048
2796
6349
11760
29487
12590
4666
338
27563
14256
5994
9440
28357
14333
8240
7216
18441
24648
3392
18487
17878
25577
21785
25225
6074
25365
12213
11533
16779
6001
3550
5179
15149
9899
23291
14636
22490
27957
21327
26405
18566
27321
12197
16923
18007
26789
491
12800
27790
3883
7639
15668
5812
29425
10893
11887
1142
23107
29772
24273
5460
3322
5804
26961
19574
29096
17950
18416
3405
9277
21173
21971
12950
3370
15246
957
6512
22089
20110
10654
25973
27749
26322
8137
27174
13568
26376
4668
13027
26148
5293
24839
5823
11098
28152
1749
10194
16102
20165
13599
25379
11338
11923
8330
21060
27169
15639
3924
19259
5749
14578
21584
3499
17253
29721
7025
7173
26098
18046
26552
28598
23339
27743
10773
4437
25895
12522
14631
11998
9039
4583
7377
26729
22858
22059
24142
20027
7699
28066
15638
19800
18997
13574
29651
6250
19648
6677
19775
22098
24723
16327
20696
24414
14070
7822
28852
9965
20344
19835
28315
5736
770
12045
2465
23628
4104
26607
20008
18155
24674
11998
7956
13671
25573
13959
26273
15221
20636
16048
7319
21711
2375
4367
16126
22797
12189
21330
9114
8886
17517
7430
14622
18288
19475
17087
18268
29931
20047
8276
18087
21073
26627
2395
4744
22200
16354
7369
13773
13343
23417
27444
11406
2144
1811
3884
1293
20353
25214
10407
29239
12732
24189
20213
7372
13664
13652
25640
19948
3699
10269
8035
24772
6896
16782
5868
5448
9488
13237
19221
22831
13006
23017
4238
21502
24828
8122
22795
21533
9689
9555
20772
22421
3744
17337
6145
23761
990
1785
13709
4689
18406
28096
5814
25302
14878
11682
7102
718
1272
2675
23550
20630
25692
27788
12133
26873
12262
11280
18406
21951
20835
15531
20724
24580
2868
26869
24693
3858
28655
8402
14900
17061
12850
27066
18716
4080
15100
25818
4798
16372
4846
28348
13355
538
2488
25488
27411
14751
13120
15818
6702
3956
7701
27427
4888
10569
24296
29581
20780
29303
14335
12032
22717
27185
9098
17785
1265
24198
19955
6063
16923
24801
10764
278
1692
13252
2118
29103
4355
15238
21273
11058
25546
28974
14837
434
15896
15485
15
6676
21141
14350
25060
13858
17887
4158
7995
19152
28356
27950
1568
15279
29104
12332
21909
796
1936
24027
29899
6292
15618
27525
23702
11164
2851
8539
17951
18747
376
17966
1775
21517
8669
26835
11727
2908
7345
19722
22061
5702
24025
29981
27333
23129
12313
19243
277
14249
19622
176
26893
5240
4053
20595
22757
6905
29134
10708
2004
5863
5026
10132
27380
20047
13319
9108
22956
20665
5182
21369
26367
29207
21350
52
28688
10015
25647
28965
616
15270
5494
27510
26862
15899
18105
25971
22804
23592
6679
1161
29455
18058
11293
3187
8105
24612
18647
7413
21629
23830
28782
24348
29389
20132
24401
4430
6499
20048
3395
7116
11670
15241
4626
14885
1141
29083
10856
297
22675
23888
7810
28482
11946
19103
1670
26403
20068
20317
3817
18049
20499
8951
12398
26241
5436
13151
671
11935
3199
10418
19051
21222
2012
29
12459
3153
29113
23315
9802
28140
23555
17613
2975
11853
13068
4645
14609
9488
1314
24778
27538
28166
3729
16288
24407
9165
29439
25078
21101
8990
11848
16504
212
13860
16534
12671
23365
21999
12339
3168
20139
12246
27133
29466
24100
10201
4111
8709
26042
11778
3487
23580
9944
13568
9868
10703
22734
9307
12133
20187
18297
23981
6691
24862
7842
29577
13885
1207
21576
2576
4375
18068
14823
7860
17534
8923
18062
27998
23984
14104
16128
27471
14036
2424
11039
256
13127
10125
15915
25260
312
10564
25593
13356
11778
3435
12933
25664
10995
10862
28240
15370
5282
13063
29583
29168
28338
17645
3518
22322
8101
19646
19793
28489
28422
7185
5097
11549
17310
21012
13161
23975
7928
8755
7331
19707
18542
26616
15371
29537
13830
19963
21260
25464
9379
20843
24633
7717
14840
28151
40
22941
24150
26185
27782
22572
9722
2879
4122
27033
243
23635
27360
8171
8742
4691
27878
3637
7659
19601
3174
27842
9565
786
23306
25296
21629
17939
3013
6469
22443
9405
5762
16593
11943
9896
9165
21665
12775
19639
25050
13018
13275
22410
27542
28369
3453
25420
2006
17465
15022
11533
15307
939
12319
8613
2587
10301
2905
5600
23122
25348
21358
28885
11941
3301
15133
27458
1318
4261
17098
26369
17279
6725
25131
21173
11446
28585
16594
13453
22402
7968
1338
7709
15259
13657
22674
17846
23958
1931
29798
17081
27279
21156
22318
15572
809
13803
19383
2128
18064
6481
4849
11696
19558
29980
2869
1004
4917
19463
20809
3671
3783
22147
11380
19042
5805
10407
13240
6115
12338
13039
29548
15970
10547
28218
1542
11357
12022
20925
19837
6438
3758
1038
18134
23316
7370
21004
24321
18640
10467
21482
22311
20603
13630
3692
9645
25787
20451
29238
1902
2789
12277
7803
18759
22824
12373
26654
10533
747
23931
6722
7186
27690
7760
25320
27358
15131
16324
28031
3771
3144
19514
26082
23747
3144
6126
9744
5283
26577
8982
13537
29367
27611
21340
24478
26788
10066
21132
7321
10813
21416
14044
24351
19106
28156
19672
22816
13287
12348
27200
17058
15492
16714
19493
15591
26210
25619
25336
1493
28549
10670
21382
4268
8282
19075
28746
11422
29141
26231
25095
16306
17647
9139
10658
13105
7296
330
12273
26935
12678
9473
20346
4523
2539
9839
20114
5101
11810
21802
12946
16711
2473
4329
20979
17107
23404
26078
4881
22545
22309
29976
8851
16308
15468
25861
29413
22764
26191
11686
26051
15222
21160
16397
26097
51
2588
16211
5153
14399
14366
18099
7462
23191
22428
28442
16650
15832
24520
21531
14729
23181
21507
23581
9489
6975
19442
15254
6091
21986
26940
8495
13560
24452
24892
16009
24504
3833
8572
29657
24584
22938
17756
2046
16129
16537
488
9131
2369
1360
662
17099
24541
28522
17032
4030
11849
12826
25636
17941
11164
22577
26436
1076
23381
27680
17085
17885
1513
25658
23894
26097
18596
18003
28144
11078
10892
4984
20209
13261
6345
27224
6712
7238
25746
96
17621
7595
12923
13257
1888
439
12186
4676
1516
5568
8709
18601
29805
16574
14259
52
19024
9208
18055
17168
20286
28947
28504
16847
18560
11201
14071
1625
18440
16169
1721
6061
117
20996
25670
8357
21436
7857
19386
22952
13425
28095
17905
13230
21021
2165
13282
10045
11373
7689
27213
8011
12988
2070
1210
7901
13271
21634
9526
8063
7803
17599
20476
14272
14948
16147
28982
6384
24004
18368
5688
13781
22815
23593
27011
13836
2110
16646
23882
19835
687
27447
27846
20028
29517
5409
27929
19141
27043
13807
27204
4846
1406
17681
25471
16354
10180
24453
29090
4184
12821
4778
24317
5636
4724
21328
25824
6834
14326
19706
3022
21366
17154
7220
11394
23023
12629
9323
12164
9672
23130
15721
20871
888
9754
16342
23595
19934
17147
22685
470
6320
3816
24787
18308
14892
22467
14132
28078
13146
3839
1100
4512
27345
8321
15906
20368
20950
1581
8885
623
1063
958
27846
1951
10712
14188
25546
6998
1335
24584
13820
14007
4752
14959
2315
25996
13778
16447
24074
26924
20286
25175
7788
23983
9848
46
20704
798
1627
29589
7773
2690
547
5619
10994
17611
26159
12892
961
