12135
25704
8400
27835
27091
23327
15657
24954
3004
4829
16277
25645
4687
17974
26684
16350
25558
6048
27910
3982
10763
13085
23451
27990
22953
11627
12953
4277
25423
2481
7000
13911
4537
21753
11746
7980
15080
27403
2934
24436
2233
19212
20081
6920
13538
16766
29622
9096
29166
27532
19431
9929
10617
12882
14271
9923
24509
27225
14200
26285
6058
21201
10196
10595
19306
21942
18576
4386
25697
27862
5174
27930
17074
25256
11202
6964
12022
10824
22413
11188
14708
11844
27469
25326
24726
11740
11601
25588
8965
25801
21873
21375
23354
2069
1971
12660
363
26899
23398
26060
24761
28573
343
18188
23829
11545
25152
12203
28722
17565
29743
13430
5761
27212
15108
488
15304
26709
2428
24270
22511
24301
15645
15865
2722
23968
4878
9437
20867
28276
11849
15629
26849
12192
10169
27030
90
5321
9233
28812
29239
15328
12242
5000
12540
27351
11840
27845
412
14268
28467
22923
14921
20464
15141
23995
20785
26371
3432
11652
24647
15282
3633
27849
3826
13802
1231
10268
25476
16817
9080
24715
2145
27675
6067
21038
1378
17908
25235
1790
8528
54
1066
23450
20518
22559
17445
17655
18930
27230
29308
19929
18864
9293
17778
22690
29448
19010
2959
24924
5827
18391
19639
14324
16066
25706
5362
23796
19966
597
1939
28495
651
3005
28297
27522
25564
15742
15177
14494
19324
20837
4423
8188
6483
28554
7231
5931
23916
16542
855
29743
4933
26846
20419
27352
28904
25782
27500
25223
2731
29439
23718
9735
2444
28367
7257
4360
14109
28786
18854
9786
25976
29630
17974
8811
4536
1557
14742
28452
18099
21949
4547
23033
25147
24966
26737
403
20748
24237
25626
29832
23677
25696
9567
2473
24063
23176
6834
14525
21962
25688
24311
24290
1670
18637
3101
6206
20195
24195
11010
8294
16144
15557
7679
17643
10524
10768
18047
7624
5006
13673
7456
5035
15722
17023
7508
9785
16551
14342
24310
8514
16383
24973
9156
24405
13611
18610
612
3806
12805
11622
18452
5302
3532
26132
22945
20408
6900
10992
28032
18258
1018
11841
23293
23092
5216
7154
2877
21768
21496
3540
6634
14231
28513
15790
8637
12124
4400
15601
22282
23558
3575
10735
28860
7107
13219
21805
27515
26471
9150
1900
14730
16520
13741
14375
9612
25309
21529
18841
17077
19378
22381
63
3609
27247
22206
12246
15723
2958
27847
8006
26516
1423
25093
25376
14882
8312
23534
12398
11135
9036
20650
25865
25556
10743
10241
11520
6052
8122
6713
29482
27500
5447
29545
7462
2694
21751
26060
24769
24710
23908
2775
27578
1683
4220
22955
22917
18884
22841
11667
20
1877
2317
2237
3785
13060
18830
15305
19113
26953
22018
24947
805
3817
24492
14619
6511
22596
10680
1281
17306
10940
10408
21236
12623
20981
20543
5540
9865
13384
17208
16237
15261
25877
18475
25398
8938
7305
17055
4403
10610
15426
29350
17768
19243
194
2387
25755
22790
13067
3388
16448
24007
13796
7685
12982
4777
28228
24875
20995
11613
18435
13584
3226
14312
2059
28625
29602
15717
15680
4005
2679
1106
9707
20447
26702
9902
22835
22457
2692
12254
25845
25493
6262
15993
3178
25596
27123
1406
20471
24470
19371
8906
8054
28950
29571
16466
3927
29173
2183
25959
9531
11214
3418
25590
1662
120
11844
849
22577
14537
13103
24774
10030
25717
17119
19560
27666
20594
27318
18137
15064
16690
3396
23119
21992
9319
9585
25919
14844
18120
21878
24375
29334
1648
26318
7348
1768
8162
14549
697
29051
4005
1823
15433
6074
18943
4993
3740
9537
2312
21878
954
25354
1626
24073
23698
10945
10010
19617
25789
4482
17847
26517
10168
19496
29187
17517
21264
7349
2066
28314
6401
12423
137
28186
18498
19080
9532
22238
4970
18196
20468
5924
13550
22094
6349
7248
9391
22711
3217
11533
27193
21064
8050
7361
16912
13589
1230
14529
20938
9649
12843
3691
22072
12980
1878
10570
8413
17762
9161
13383
5958
29629
25659
25860
28076
2008
9460
7467
24719
12677
25352
28264
10093
3402
11977
27006
23343
19560
17887
14282
29209
730
24325
27633
13710
2555
14556
22123
20317
69
11858
26275
29698
7517
22135
27774
15877
7947
11594
16948
26976
6946
15212
7070
16701
3542
10428
10044
23102
28315
678
28663
29045
25004
26296
19107
27559
17204
11231
24229
17273
23089
26856
23324
6959
25344
27450
22836
3291
9044
16137
268
22343
1349
13690
15396
4891
24118
1792
27993
28785
2471
26656
4182
3827
29305
23289
7738
22861
10872
1967
10135
10314
28824
3459
17273
24168
7261
16461
3811
16306
2598
4079
15001
10300
17769
397
21543
18239
2189
25889
23376
11012
28897
27558
14839
4554
20848
22578
27416
8072
897
13903
18386
6073
23714
12011
6593
975
28473
10405
23633
7423
20836
8634
17723
14958
15383
15619
9549
23925
11508
2926
4937
10405
6836
26129
14960
27684
18707
18728
12109
25956
2631
495
2030
26345
12507
14975
27320
17332
1732
20954
24755
22569
29588
18831
13879
14972
4450
23428
15249
22310
26354
20186
9067
3191
16315
24027
7227
11374
12755
25688
13683
21738
26184
15713
18083
8691
7040
15404
2375
8773
6358
27130
1342
12298
22313
15221
3622
3115
15001
18871
25425
17708
15410
4493
27251
1725
4872
10830
19452
23980
6519
3135
15718
2703
25200
3802
17746
2240
25558
26473
11013
1916
23603
18707
20566
22269
10280
541
25384
25282
19412
20810
19342
4822
1655
16593
12900
12879
27423
2352
6859
10294
11839
28930
19349
7039
2732
13447
9279
28290
9920
26645
6558
3524
15352
3476
2145
1985
4017
27529
3619
29782
24691
22961
10956
26346
9554
23856
9226
13329
2560
22437
23624
14399
21367
19325
27790
451
2773
7070
5093
12693
10067
18003
22569
1771
21480
24714
3756
1849
22244
7375
1631
16935
336
12588
19634
16242
12796
5212
5924
21709
4001
29548
12460
25369
18873
10251
2172
27998
23673
7266
10692
3740
1621
3261
5511
23101
27976
15620
24951
26572
22995
2934
19859
29684
21874
15845
22278
4671
21057
28202
2732
1411
4102
15192
26780
29328
25443
5304
27326
19116
18922
8018
29208
20544
17632
11072
13645
21960
26692
14948
18532
26039
24235
14743
2075
16109
589
24354
27132
27998
22556
29864
29409
26659
15057
2541
25987
10500
7846
29665
5969
26768
7684
11529
17312
1668
28953
7310
23628
1997
28610
18512
28037
22845
3255
6464
8955
10196
818
6087
8195
29727
5952
7604
2738
27361
10146
5077
14213
24344
4742
26534
21112
18778
8064
14777
20446
13369
28439
14074
15367
3401
8938
19756
26247
12194
26220
11554
22390
3391
23993
6937
9470
6297
14542
12208
3658
1040
23637
24224
25384
28379
20758
22848
23510
5174
13977
13956
18544
12416
4383
3911
22170
13321
23667
18417
1867
26239
6323
610
29630
6668
7547
9100
12966
22089
27660
22976
29481
21297
17200
24865
26029
7959
17714
19539
19485
1691
9847
8029
20460
20582
11940
12630
10256
11959
7399
18475
8199
20074
19085
14181
26742
2985
23282
9708
1426
27294
9037
908
18592
26237
25773
20973
10548
19839
16864
34
21531
3063
14415
18343
23646
2708
973
10254
21019
14724
28729
29218
4798
24167
19752
1540
27152
19386
17601
4930
16680
26638
5838
11624
29227
7964
2597
16128
27803
25813
22514
25686
28877
13281
14029
28875
15989
21354
15481
7009
6078
14210
12579
17228
14729
2331
25121
18233
21717
12722
23164
8398
15712
29002
26374
21291
6966
5324
7419
4770
1137
6285
6808
6366
19567
20838
5241
5556
12192
27074
18917
24623
11285
1497
18203
2366
3828
13324
20600
1898
26046
13764
16648
18110
19118
13022
9402
2437
18346
23173
13559
25836
29459
20367
2202
19026
11205
13796
934
29750
10870
19852
725
28507
27701
18928
874
7881
2253
27826
9779
4651
11590
26427
22762
7060
9450
2164
9497
4148
25337
23056
29984
1148
13424
8539
26526
24629
22335
27461
731
9557
23665
1456
8065
27718
26737
15291
5599
5342
13117
15379
9993
1059
18158
9107
8119
27608
17623
17617
8109
19313
17025
8093
20461
449
16632
23340
1431
15319
20801
2162
24877
20818
9971
9294
18536
13060
937
24135
18402
14054
15866
4747
21465
4025
20207
29584
7985
7830
23553
16094
3495
10579
540
309
11028
17172
23649
12459
2492
20802
20974
3721
11620
7297
19367
6508
20357
20304
6995
8759
10710
22862
13506
2175
3239
3713
1759
17576
17896
1665
3671
21391
12244
4211
28052
29624
27735
21701
18436
6579
12503
9410
10300
475
16707
6019
6983
7064
26323
20331
22175
7033
19545
12033
9208
29136
22099
17320
16712
9995
18985
26735
7738
7581
946
5791
7205
5034
3844
1993
11613
16348
17755
28266
23175
4462
4285
6511
17878
6961
26842
16405
13994
22739
28439
29555
21875
20538
16875
8587
6885
12212
5323
14623
19793
12621
26766
3350
17655
611
5344
5621
23311
23099
10239
16486
3914
20876
29349
28144
27837
26191
20902
18184
18930
19341
24091
17157
16231
10966
25745
29468
29530
7420
20443
25675
20041
17210
29025
14049
24173
10721
26022
17484
10173
6261
10322
20439
3489
9672
24935
1327
12215
22189
25863
7498
11530
19954
24655
4113
7272
26752
3581
6802
4172
377
2477
24214
17587
7854
14615
18112
24928
10637
11948
11453
23250
28622
8244
26739
8294
3179
28066
26862
25369
281
10712
13251
20235
5367
23717
27507
2120
3650
10661
6292
4027
19490
6858
27966
27345
21473
16078
28625
8462
4378
10078
1712
3001
18322
28452
11295
27853
2870
14509
29574
3152
25221
19178
23387
6941
19247
27247
9061
22897
14260
21705
3277
3751
4916
1243
1096
26389
23674
6073
4852
28052
16151
12916
1053
10825
11368
18701
15030
14239
3210
20957
17391
4784
10135
17130
11725
29382
20729
27138
28631
4990
18843
1908
8741
111
3152
16189
26501
3178
22262
7705
1230
14765
20621
2284
1942
1990
20985
16972
22581
547
7929
16324
5331
24416
3454
17056
150
536
20546
28782
5526
15742
690
20619
15853
10194
6808
18706
13372
5422
26411
20955
26539
23385
23239
28481
1727
20576
21805
24308
21123
29735
16984
2807
503
26790
26215
654
27326
16762
29436
9204
2504
6478
29823
18357
23025
12983
7064
6397
24757
9827
27352
21296
9564
26943
26129
11291
17519
17935
11951
14995
24022
5287
17802
24525
2078
14017
1531
29404
779
967
8609
9635
13798
14784
4345
6823
4120
17761
19572
28877
27588
23277
26526
13505
20220
22655
1148
14092
16942
13100
29087
10964
24739
23241
11842
26817
13610
13373
26222
14390
20693
11183
377
10843
25967
4722
17666
6439
22483
7238
5317
26424
6867
1843
9929
27088
850
11077
17532
17793
529
22971
28757
25269
16212
16951
22086
29822
325
24660
20564
27370
5843
27294
8213
8163
2016
25879
14602
852
9469
26271
27276
16337
28114
7205
19777
5317
24634
7309
23110
25164
6632
28219
26785
22844
15171
18871
29018
21848
19884
25935
19218
25727
23229
27431
10242
1597
29662
24845
2449
15483
21116
29725
8172
25583
13282
27949
900
7917
11610
362
9433
18242
28581
6218
17438
13752
1441
22809
11952
21325
18744
1170
23405
18325
4953
3647
19922
10967
28492
22372
2803
25961
28449
10975
27896
11732
15277
5148
19649
3239
5510
5434
27834
4091
11652
15272
24196
13093
14433
12500
10771
3177
20023
4176
21502
24976
7823
17777
12296
12668
10149
15099
14981
14950
2426
12877
26682
24055
18025
22683
27295
29887
28117
25129
10330
16121
16753
10878
5567
1187
23379
16338
10716
13402
26866
8571
14730
4689
26348
27026
23709
12849
18477
8690
27799
27256
27919
834
21311
22296
23517
18606
22183
27987
20087
8866
14108
6841
19744
26027
14380
19475
18717
25096
2877
15583
3667
17608
20273
6367
20986
20334
19216
15816
29025
23368
13072
3296
24202
10735
25593
24071
29342
24128
28410
25781
2994
18871
2622
29091
14898
23354
18566
3616
18451
27796
19199
28470
15404
15824
4838
12742
6159
406
4910
11536
126
24334
14832
680
5070
16777
1104
10764
17258
29514
6545
26604
18385
9168
25695
3284
8874
20614
6900
27325
18410
2451
2148
10166
24628
13338
29260
787
20096
4171
18675
20223
4857
9859
27255
9927
2989
28359
20691
20247
27874
27237
23203
16259
12757
25251
25895
21631
15865
9147
25309
10627
11599
3809
20793
6227
17147
20053
13366
7243
576
2041
3818
11786
18252
7426
21713
21241
5785
18757
11488
3659
22346
11044
26271
11455
6295
22166
9438
28512
1314
11099
9139
19265
14908
29932
1844
8407
26337
15210
22003
3266
23603
2173
15052
11855
9599
13117
3097
15385
8226
20937
25396
572
1981
28019
18379
14628
20186
27818
13140
27852
15269
22279
17117
178
28563
18961
8585
24901
10523
6940
4519
4126
9114
19571
15981
18713
9040
25430
4098
17267
22720
5847
24191
24701
3866
12571
9330
404
16741
28822
4608
2010
21102
28077
8540
19665
23390
23478
20918
3913
418
1789
14391
9532
21360
6725
28246
6753
2155
8696
24020
24875
20895
18211
25929
24762
7134
11611
1518
23875
10433
6127
25886
7887
4204
10778
3905
27595
4256
1175
7860
4675
2965
22252
14207
677
28977
18805
7430
7484
27502
1450
2360
24749
26014
4641
19511
3148
16252
27382
27024
3037
9861
29262
17277
14065
10040
21182
18012
20649
22357
25873
25324
25322
24477
15883
26000
23454
4689
3430
938
8543
11233
9650
3292
7247
20643
29156
16747
6895
2890
20123
16285
12751
19385
3562
3168
5778
24744
21181
2779
23453
23406
28103
25128
24235
20338
27480
17689
1379
910
24979
16274
18495
10982
19567
2094
1625
25075
18842
14873
27965
8965
7510
17068
4703
11072
20236
16833
12168
17769
19612
5621
17527
24067
7101
11762
20757
4581
5803
22137
11844
7135
8411
339
18117
4330
2434
26094
29405
27628
17319
3722
12945
24829
27142
17648
5901
17379
10833
24421
11500
6797
6395
29028
7216
13496
17142
27974
18078
22946
20111
29922
81
4874
6613
24550
9205
15399
20644
14962
13027
7964
25037
25973
2793
22179
19973
15047
15910
7159
9468
27411
13956
15863
26439
21173
29360
13581
19147
23790
12879
15610
64
12960
26836
6677
7510
6041
22077
4507
27356
11456
18823
22393
13781
21616
14572
10107
13015
483
17266
28836
4246
7574
14699
685
28747
20411
20618
24246
20553
3498
16208
20617
22810
13045
27295
6673
25438
25724
11180
22794
13532
3
15187
3666
27971
6112
13773
17339
12947
7391
16175
17193
14965
7226
24230
20065
27638
21200
14311
24543
1050
6872
15161
213
19917
18808
6886
15355
14532
24418
14502
4416
773
6041
8082
5096
12153
21855
22435
1452
5598
8610
18645
20564
15837
19227
10629
19827
10428
1292
14370
17830
14516
5883
18043
10785
24691
24929
2493
15575
25699
16995
19992
26472
23036
28074
1569
11542
26282
356
12994
1880
8967
7992
28796
1156
27219
15777
27335
13999
23422
18057
1830
7938
23941
19873
18724
24984
21155
21217
10560
16854
14564
552
19679
7600
4978
21248
25494
1260
21604
8489
9493
6923
16481
8289
14431
20052
24067
18118
4052
23841
6176
12234
1779
6469
8459
26855
1453
29614
24424
18365
22821
8988
18917
18852
22941
23896
16452
18435
1508
14408
3276
11001
21332
19757
25643
12115
9810
26062
234
20214
19903
12762
2448
28034
25583
10907
24890
27036
16874
25666
21754
16047
4655
10671
4899
3948
10919
21351
28735
18780
5759
2012
29781
3443
28121
1776
15559
14283
27838
22145
10849
24093
4907
13297
22128
490
557
23370
3878
17431
19036
25632
3478
43
12656
8377
10343
23575
29728
9079
12355
11839
17443
18489
15283
21916
20265
842
12552
24456
22987
23401
18549
4246
6699
17029
4736
7256
10399
14966
1039
5788
10599
4517
5831
23255
19246
16175
23182
18974
1606
11890
7165
25401
379
22448
17317
26996
23290
29869
27804
22629
29623
22706
26875
6322
16087
7963
19930
2839
22930
20969
8627
9881
1838
20810
9488
21084
13337
2670
16410
14943
20912
23575
16696
27643
16024
4014
992
15666
10235
28796
14648
9858
27854
11523
22532
13942
25839
18814
16781
18769
16135
25408
5002
17973
22570
14490
15409
5908
23512
1819
20851
14425
1747
7548
18420
24123
17914
19412
16141
4501
18209
789
20712
22415
18665
19596
6357
14504
8411
23138
9625
24546
24898
20979
18872
17469
5469
4281
23377
5333
12453
20580
26110
20552
4480
14531
14675
28746
3943
7168
9600
28504
7958
312
20920
2975
19908
3629
17479
28319
3120
3456
29218
28018
24435
18090
21839
6256
28723
21568
11589
11176
18501
14052
1728
22981
28583
22755
28080
8878
29924
7680
7383
14234
7992
4655
17209
27900
8284
11040
2572
17756
14496
8142
15775
15283
26232
13966
27891
24955
5535
9480
12484
24036
29884
14212
23369
28467
13320
21449
7346
13244
29129
21081
27478
13473
2088
21039
17726
16724
2079
26650
4481
16575
4792
20256
8210
1024
10574
6101
2331
22461
21933
14815
22849
21818
5380
16219
26637
18700
14020
10335
8296
19502
1416
12126
2975
3504
3165
27053
20229
5244
23703
24710
28171
28495
21318
12733
5871
8244
18834
8203
706
17119
29370
23555
8937
4750
16126
5575
29802
147
15910
14450
19649
23679
26576
28976
3535
6093
26030
116
17689
19733
24826
22212
24581
22496
4945
452
7093
23779
15007
7799
10899
20730
7706
26188
25480
23833
8115
1635
23980
378
16085
13629
409
19014
18957
3944
1459
14987
4061
19149
11073
5239
11361
12006
4088
22659
18810
11181
16438
3818
18980
3689
24548
26686
6230
26380
26871
14345
4367
20851
21075
26805
10832
21484
22171
29790
25429
23630
21129
5842
19131
2202
11081
6845
14208
15169
29504
3019
26350
15942
13189
21682
25984
14089
24721
8566
16821
21592
22911
27541
18796
20339
24346
29628
11823
16517
5770
13604
16499
26900
19446
5631
29102
528
12476
19663
22049
11980
29034
24752
4274
18575
16434
6610
9016
17507
15176
25837
9100
14440
23378
27896
4779
24076
3876
16602
10593
9647
6559
3445
6547
26005
9076
12001
26533
27904
8016
24935
9884
13402
19687
20510
1977
6121
27121
10993
29981
12297
13183
9081
26737
6561
13329
7868
6990
23557
823
23935
3204
7382
27380
16103
3387
6456
28105
6273
10712
12473
1208
20596
25876
20895
11107
27853
3368
14580
15199
3349
26877
28382
18782
29967
11295
2111
7835
18285
2021
8658
18573
5225
22392
15953
27681
25780
28762
2138
2053
9474
14611
3261
6423
10487
508
17530
14693
3876
8462
6244
7226
5339
10978
26008
11658
22273
4472
25846
16911
6493
10856
5484
18070
3249
21437
15751
29029
26551
17889
7434
6026
8853
17047
12449
25692
17555
6331
10385
21431
14793
22981
5009
26484
3959
7370
14495
26233
11842
10341
19496
24687
27549
24980
19109
798
22769
11213
6179
19321
5454
13613
1699
14307
660
20500
10000
18215
26831
26737
15999
17976
26071
21008
20812
30
28378
5307
2615
16572
22000
22111
17611
19550
23443
13073
20348
22565
24286
2880
18238
6092
16493
19937
20400
23506
10437
6752
18073
13620
9841
4072
1596
5912
1433
22408
5943
29811
4068
8558
22736
26068
7022
16699
15618
6817
6124
12319
29382
410
15199
17620
6503
8044
13909
3255
1550
24346
10007
19624
14318
19848
48
22266
2113
1481
21027
8056
7645
25095
22966
6733
21163
29988
23432
13134
6806
29557
25453
12540
6319
17004
161
19174
1400
20422
28781
2951
21121
15140
28927
5439
11341
28975
27706
13454
457
18733
21510
14454
20180
14476
21187
17695
20817
20971
829
3975
20528
2634
16515
3200
25990
23028
22374
27391
13451
27508
6694
4572
12648
5621
10011
23989
10948
14069
7443
17757
9154
28953
2211
29334
19782
23398
17030
16951
14370
17859
20926
11250
26846
7441
20802
22836
470
13177
20227
13921
17037
26921
24845
29685
8894
4856
23675
19843
25278
1118
7600
4432
6424
16164
3767
2558
15914
20797
19509
6636
15008
16787
17887
11854
24228
8689
11043
1050
28218
1270
21323
15255
28192
16168
21293
7086
27377
14968
3281
22655
22438
10882
27087
5214
3398
7206
7772
19312
28003
3633
25949
19364
20420
20188
7570
21001
28877
18613
22051
3448
19884
19727
25055
24428
12247
16348
7866
9624
1316
11148
8631
107
28382
5719
5321
1780
12925
19446
21092
17281
23079
23393
12997
19852
13581
20567
10853
12459
9181
9256
22259
5417
28983
17314
6197
17583
3663
14063
27207
11331
25211
5839
11438
29945
17910
16760
1725
7187
6206
29170
820
29285
28915
13817
19137
12497
4385
6342
1308
19918
15599
23567
1687
20934
17233
7884
8517
20896
21947
12077
2228
23511
24268
13666
23456
12178
6778
1534
25717
12984
7056
26538
18622
5971
16707
14111
18468
21092
20454
26128
17362
12405
26047
19049
3339
13281
3285
18209
4177
25233
286
12757
18744
906
2776
18552
19436
15906
26438
15153
28891
3494
18043
23865
9466
4751
14328
4286
2195
11134
6767
19558
23539
2814
14959
3231
16095
18245
27792
26625
19830
28078
9382
14926
28984
18510
3478
24772
4417
29917
9925
9660
9763
27969
9877
25581
9072
24205
29868
11267
5340
12987
7177
5231
15801
28489
8462
1897
16734
6254
28522
12916
10684
14256
27842
16020
9119
1320
10792
19888
7589
27070
29548
23705
1391
15777
19286
10463
9982
25506
21730
21674
8493
5260
26906
24295
3749
11720
26192
26835
24327
1066
9751
11363
15322
7593
3736
793
15265
20880
20681
29207
17950
20229
22912
19341
6006
12198
6156
22341
7705
4239
20367
16198
9499
23625
16845
19600
11698
13037
16435
6025
20455
26186
23740
5778
10131
3828
12923
25396
24709
3605
24603
12659
186
23867
8353
12545
6066
20861
4886
20123
25100
25253
12673
10951
25231
29519
551
6929
18908
16986
19306
9364
19524
13046
21494
29655
16875
4417
25052
17936
8022
26007
6947
8209
19875
15300
20754
2293
6162
1992
22416
7614
3597
11441
18566
28828
10960
19117
5757
29869
12456
25063
9233
1980
8110
727
1636
1337
11496
3040
19273
19519
5399
26220
4080
25274
17873
24834
3919
387
26826
2687
14353
423
14129
2919
5604
25089
28389
11361
1310
17197
6425
16895
19177
20887
23974
27165
28576
5471
6557
24201
24990
11957
26773
29070
13583
14646
256
17503
21385
3434
20190
5739
10209
10671
15010
15813
12113
19751
27175
13423
6948
9952
6671
2478
839
645
5995
5767
6116
12553
29968
1106
24510
26741
6528
14445
17740
13136
1948
15477
16570
28491
27568
26780
9162
12579
12593
27627
8682
16120
17403
21983
26072
24074
813
3263
24719
6808
15382
836
25713
21702
8294
26575
18444
14823
11021
12536
4311
12969
4365
20882
17812
1934
17662
3327
20865
6607
954
29547
29080
18357
21530
1504
12431
22343
11120
7151
5504
26502
14339
1217
18205
22633
4145
13001
13808
15166
1889
18120
4487
6254
9002
22300
14540
3016
25627
5405
15975
2933
4953
21407
21291
2835
22912
10074
1531
10384
23577
7035
6886
7916
14604
1443
550
25101
20796
20710
10267
22685
8830
14755
5292
24184
13407
19832
3552
9034
25238
25880
11967
6543
17287
9610
15730
10199
19685
17261
20583
19614
648
3822
27531
21605
11617
4433
16706
2414
25143
26974
1451
3974
18081
13095
4510
1488
9280
8063
16874
10870
3943
5193
17413
21230
14804
3143
7782
10841
26757
4717
455
27405
14891
27986
25362
26509
2419
12069
5275
3915
15395
13078
7889
3476
26174
12399
4964
11806
26814
21838
22676
7109
27031
16441
4692
18187
25936
12474
29028
22693
23543
5836
26451
14787
10174
21813
17648
18946
3882
22923
22861
19277
12353
7102
22753
14879
25853
4069
26685
22668
2259
19361
29777
5643
5802
10821
23830
1739
23295
29211
24432
23191
11399
27235
14330
21573
19049
1978
16871
22931
1253
9732
18561
13606
16834
17666
28486
19040
28088
25171
18060
347
20885
24189
5990
26687
5011
6173
28426
4658
11736
29211
27849
23135
26446
12179
14708
21847
20509
7932
21131
21762
17664
9692
5369
10851
3710
10207
29891
1798
11730
24303
8498
2615
18492
20840
29303
23503
27013
4081
28162
8749
9644
2363
1884
12443
20895
22945
4290
17756
877
25421
9519
24893
11465
21240
12096
21528
7799
18339
23326
19529
12642
8176
22145
1135
29017
27800
990
26030
8233
5504
11132
24230
7868
19368
6673
5115
12313
17315
22871
19542
12737
8742
20788
554
29982
2884
22082
7781
21224
21761
3663
3866
29937
25808
11353
28954
29960
12344
1337
8193
17848
12469
2423
2068
8189
15448
13535
26855
2764
12759
16397
21853
21501
7185
22407
27836
16422
20842
5617
7646
12603
9280
11512
18892
11440
22866
24199
17752
11562
25536
2298
29410
14357
4721
7831
22546
26522
21366
19401
29286
4125
12151
27491
1979
25688
26250
29815
12110
17092
11784
26108
6047
21065
13973
1292
8857
13191
25491
2962
24753
21027
5260
515
11736
16333
14698
10634
12855
6065
6388
18493
16542
18539
15984
18521
20579
12235
24688
9042
29327
6473
5150
11727
3890
19123
13019
12747
2314
8510
22061
3419
5889
27321
3935
23977
13655
18633
4611
26510
1050
10999
15004
23945
5890
988
18818
26470
19575
13507
5512
25255
19980
17014
6982
23870
6138
26353
12969
14804
11215
5031
18224
23456
2352
28511
17433
22359
17144
28396
18870
24547
9396
10226
18492
21638
17566
7310
18108
7142
27169
29972
2397
17149
23339
15731
17371
5829
18436
6693
20633
29651
11724
15209
29459
20428
13720
16892
12788
7217
21640
8010
1764
7388
24588
26608
29027
12154
3918
23487
25648
1088
23460
4397
24589
16799
20128
18313
22628
14916
25006
19613
20919
6730
4823
20378
3510
24895
13622
22650
2112
5263
660
10228
12651
25248
6836
18030
13755
17107
11518
9403
24547
4978
13801
25488
28129
10281
13801
27109
25198
8807
23074
16117
21889
4249
6496
25400
29145
26470
18050
7609
1733
25063
24190
20737
26663
1026
8767
10418
24485
20285
19822
25384
1615
9975
20873
6096
20256
4674
9557
15454
19834
2632
7924
11723
6881
20772
13475
12378
17242
7878
26340
25328
2941
20530
22417
5956
27908
1184
16375
22394
27822
12549
17778
5789
22524
15003
18238
12780
26030
27795
4587
15864
6779
12511
3939
20013
9635
17415
2391
26877
25293
28731
28557
4586
19261
20974
10542
23522
28511
26917
15916
2685
9466
10046
14826
1990
25050
3064
21123
27432
7212
25710
13296
13991
14573
17235
10356
24208
11002
19100
27437
12647
17831
25995
17233
13445
23321
4128
6967
28184
7397
29235
869
23216
15633
15696
1558
17035
25112
22681
14467
2324
18391
4115
22668
9316
27703
9376
3524
8705
28476
7314
21353
16308
3309
14938
6105
2982
19066
19424
1167
26464
18659
8388
19680
4292
24084
27590
27680
25549
20272
12147
27873
15015
16263
26893
24332
13966
6270
4208
29023
4746
11522
20376
27406
21183
11667
9863
24166
7085
29287
1685
3549
24298
10073
29581
4943
10510
27172
2623
6059
23796
14770
10284
8811
7385
13530
9495
21351
19800
13704
26727
898
1578
17103
4657
22762
5122
14520
23280
12208
20160
24965
22109
14458
11390
28043
25753
28252
1567
28376
4311
25363
19499
20948
10526
3236
4478
20022
940
630
10078
27667
7880
11656
21122
12537
4418
26245
3410
4050
8453
23570
29015
6914
14380
16758
4957
10134
15010
6524
14862
25674
8239
10713
22974
18766
20302
27452
15140
21242
4434
25218
18909
18666
6874
16383
1204
17645
12628
10966
21695
27433
4536
27063
4348
25268
13821
15657
11754
5183
22182
2969
7209
6773
13682
183
25539
10336
3987
10679
1578
14773
12249
26839
3440
19124
13223
10996
6769
2203
21962
4816
29637
2850
1879
10337
28118
22052
25994
16225
27236
24528
19194
10797
7654
9228
10981
3193
19565
14968
20225
27495
6094
2474
24335
9534
27950
7558
20530
4719
9761
12492
15888
15750
21694
17767
2439
26164
9820
4786
12389
13408
5666
7935
24205
13320
17164
5186
16514
13081
26507
13091
10576
2601
15565
4911
12135
13516
18821
9017
24587
28583
27861
10475
20685
19555
4595
23125
22071
14415
27911
4461
4175
3577
12396
28380
16898
5912
9919
9764
25345
6426
22855
5922
15379
14772
17185
3866
4640
6007
12883
5580
10942
17096
22407
1627
13003
27002
1104
5074
17769
29015
9535
21944
8945
28284
26677
25843
10548
6596
11959
5894
19374
4814
11816
11105
25938
29001
14971
579
11360
4206
12511
22302
21302
4918
282
4305
8273
1386
9379
2394
402
25267
691
9347
29903
27368
11542
10451
10316
23501
16345
29690
4667
4513
10795
605
9867
2118
7536
21227
12676
26399
19882
3978
7670
26516
14635
15943
27902
366
24689
4656
1985
25380
20355
1888
22748
1897
12340
9416
1750
5037
15458
6417
9551
2605
13375
25770
4723
27263
23349
17399
23663
19583
27729
7685
16099
18716
29980
14002
25435
24669
18658
27420
20050
9014
29309
19150
17263
18001
4919
25366
23038
20377
1783
8941
22983
21510
11063
27706
25126
4413
21458
18789
23996
25539
2826
10096
14256
2806
450
9691
27475
19108
7111
23877
4474
12772
19380
28090
773
24299
23456
164
14676
1591
15457
7659
23102
26521
11718
18228
934
9528
13369
1282
5067
22547
17730
25675
25353
18180
11718
29180
13641
18830
23058
24467
7954
18790
22557
15080
13089
22365
15244
27765
23957
701
11777
23411
3574
29847
17991
10860
9375
7712
12143
14442
259
29873
10118
1964
24406
21836
1144
8047
17018
554
8866
1325
19344
7776
16405
2433
141
8001
6551
450
15054
24680
213
18629
24527
24556
29489
3902
2268
11632
24696
8879
17858
11166
10843
12264
9355
18340
26663
2725
18894
5529
4050
8239
13305
26807
10672
19799
4808
23575
20249
19863
18255
26815
8492
12782
21371
7981
23036
23640
25966
17733
8871
20176
28899
26067
2440
8254
14407
5455
17332
3301
17336
21382
17892
6994
18190
28565
26793
29350
28492
23394
19213
16748
20209
4057
5882
11581
18391
28919
11573
14357
23004
20444
4533
28255
22863
13325
12862
7270
25132
194
16924
12468
21576
4816
19462
16118
9733
22607
15469
8226
16002
11034
1326
12563
15092
7208
24144
3483
12479
12069
24192
5483
8866
28725
3739
1729
18402
16601
9000
13534
16795
2276
2354
14723
7092
21817
7194
16826
14424
29015
25052
6778
10049
26378
19342
1493
9938
19838
11328
22418
1908
5520
27901
10774
10597
7992
12503
5351
945
27855
18885
24092
131
21240
8816
7224
19409
22362
402
10185
21377
25454
16964
7778
28184
12658
9272
14474
2496
26952
6892
4404
2473
11146
21530
19422
25490
4034
24774
26436
8241
20011
20528
8373
17603
5696
21949
7012
28058
22351
17198
19435
24157
10514
27214
28693
23172
12838
13167
2020
9790
26412
6425
18615
7558
4307
8038
3048
14693
9164
29484
22935
5527
26365
7660
23131
2061
29609
6495
120
21960
23693
25907
22469
10559
23121
21162
10083
12311
4329
12104
28454
741
24881
17069
14651
29188
1459
24052
13882
16975
29888
6817
22503
26253
14477
15634
28315
20438
22129
4787
18750
22175
694
11219
9086
168
2381
19170
12479
13062
1274
17285
20156
26155
4355
4807
25343
12166
5211
9225
5494
5100
22394
27997
1353
13223
19983
6020
3661
18464
10807
22411
16991
11502
3630
26078
11670
12363
15248
501
1778
22874
17787
21934
19029
28494
3093
20724
10660
8305
6302
22506
19757
28696
20503
21110
11920
16838
27131
21933
5303
14290
20697
28646
25792
24327
24724
7462
13043
16324
14316
14821
9198
2103
13107
4579
597
22552
25304
17609
857
1606
10116
26966
6654
6971
18077
24926
23810
21560
16860
5465
12202
7557
10463
7995
8236
5188
21809
21279
27864
6125
12452
13415
14580
25559
17994
15177
18112
13298
9139
25321
21256
19255
22288
27911
2578
16717
22837
2740
14629
9697
8205
26831
23606
18669
4826
1843
209
2988
29474
4425
15465
11927
17840
46
13838
5835
15223
8302
25485
24362
9976
16742
19969
2264
14653
22548
25333
13842
25288
9962
23540
9846
6793
23498
4867
17972
25341
11428
27312
1168
15853
12777
19447
3694
12823
9637
15881
4399
17940
11366
28761
27916
28108
25083
6532
19113
17631
8217
2956
19271
18179
2848
5469
1324
26346
10336
25648
28040
21764
22960
5560
7618
5738
25007
17664
18561
4644
3545
22960
28936
14911
28074
3204
19372
23157
9736
14837
17140
17953
17793
12763
12484
26993
18233
13809
29692
4921
9457
27732
26686
2418
9644
10656
14508
4651
28320
3069
15647
8217
2382
14584
23128
456
24140
18852
29965
3877
3690
23457
28182
27835
12572
17019
24829
7157
7180
24521
12079
22989
28605
8765
1759
8249
25773
16267
12900
445
25689
4899
8662
28071
25835
8142
4879
19976
26995
11196
205
685
11005
4739
28520
23577
21758
29701
735
28938
24222
12814
21928
29179
27931
23687
7428
23704
16307
26680
24149
11996
1580
9163
10067
3767
17305
14946
23743
14300
2494
23948
21337
13499
28688
26210
13428
20446
25911
20515
25737
26486
9681
24017
2017
7612
17704
9446
7668
4011
12478
8169
22359
20410
17332
2426
24178
10990
23724
17921
25290
26218
11870
22980
16069
10558
19190
29498
7356
21453
20013
9445
24291
6047
3462
26309
13659
27519
12107
27680
7882
24585
12201
242
14996
5886
2668
9174
16876
2745
3447
18518
5315
15317
11498
21385
2227
7040
27235
15936
4846
23600
25381
5489
29647
5196
8150
19659
2715
20257
17339
10597
21195
29540
17191
12543
11778
26212
28069
28654
28957
1516
17173
4272
23186
5023
2009
1765
12064
29244
17701
23262
22845
19435
28751
22492
24631
13254
12151
3698
9863
5842
14295
7410
11735
1487
19953
23513
4051
24374
22168
3008
25891
15693
13632
25429
20716
15642
27194
9132
14886
21248
8746
7731
10683
7498
6576
11666
27104
25079
15364
6967
922
29659
14378
12657
7498
10683
12522
17901
5058
4690
20909
7301
26735
4542
2730
17452
20184
6276
2936
11422
27524
11683
25506
8207
25533
2082
19873
22637
27161
11589
29604
4435
17601
20334
17092
25099
1018
29615
19353
6076
10657
10262
13377
7393
21156
22459
1197
17692
28735
10485
29115
26260
22168
24621
10819
24053
26703
7045
16690
216
18634
22647
4652
6235
19333
28096
7687
20351
27711
27040
2779
14721
13654
16156
28466
4811
14967
6015
22503
13703
16500
21618
16315
15021
22591
3486
9074
19294
10531
2117
25863
5518
1116
515
18105
20449
28611
2144
17153
2675
5536
19932
23748
19191
6089
22214
354
27408
28229
22857
17463
21081
20828
3778
6102
19771
7265
21529
15418
24148
23646
11281
6018
1114
11796
476
21563
16759
2620
8716
25786
8157
28649
19534
3700
11090
11748
4054
8498
16329
3263
25962
7411
443
6092
19865
20215
19709
11394
5633
20210
11392
16914
26228
12506
5062
26704
4070
28173
5677
19138
23960
20186
24139
13494
23886
11581
25243
27940
20080
17924
7555
22394
1687
7999
4838
21553
28214
24548
9299
10199
21110
20692
3465
23690
3198
8527
26747
13620
6700
2424
9111
7012
22610
3250
20507
16496
14832
22102
20788
11264
10026
28343
10010
11714
12694
14848
9619
17260
15748
18918
27459
6858
9610
924
549
19161
15803
27296
9133
28856
6072
18244
5868
5034
21495
26375
21530
12679
18477
18670
23943
4856
23365
10305
22922
6060
25153
2541
23320
17254
21459
27132
464
7422
28056
7365
2935
20212
11013
12068
19068
17085
6665
24936
22119
4512
27664
20001
17191
22493
15023
17486
27349
8389
27791
20271
20801
29296
22812
20473
16550
20624
17605
17015
4398
22014
24380
13685
12226
5394
2105
1294
28831
8770
2582
27303
13282
6598
17304
6825
29092
8680
24311
26441
17069
22102
23065
7870
21399
15877
28343
14301
12853
22301
7668
23603
14315
2049
7288
26541
13795
9394
4187
18978
24516
13121
16281
14151
19720
9938
20976
18812
18618
15288
21605
12039
13742
14670
26261
11493
6900
956
25795
26105
23257
3463
19709
7572
11864
3349
10465
2011
19095
21004
20990
13612
4126
7271
27763
198
23561
25091
19010
12179
10379
16967
24218
474
1638
20479
11967
8538
21436
14114
4643
21045
17578
704
4970
5794
4054
15435
7806
29501
6440
28796
13113
16918
12419
17228
17116
5981
12320
12478
18160
29051
29445
18731
29525
7435
15562
11493
22325
13350
25607
3321
4396
19537
4025
9366
25332
14431
1153
3138
13933
13945
8286
3398
7215
20705
26979
24331
3038
9299
13161
27551
14702
18959
16282
14228
2746
8196
2073
25072
21547
4032
4745
2295
23570
15122
18013
25254
29554
19166
4744
19839
9464
13030
29589
16679
10087
26568
17363
13126
12219
6876
10677
26922
25835
3311
11150
4934
11507
19575
6
9406
23607
11103
11701
23529
26225
29714
18783
2131
25233
29879
28322
4697
19261
27912
21376
5701
24480
15091
18827
6700
21968
5856
3622
17803
15519
21124
29089
3378
10699
29095
12785
4306
16550
838
4188
12776
553
22971
21259
25786
29203
19582
6835
18464
17494
4563
24165
11974
19655
19344
25026
11623
1552
28648
5778
23423
26124
4868
26802
6823
10315
15939
17482
26866
16777
21670
15994
23682
20993
7253
25820
20196
26835
2655
15013
20681
7219
15530
2656
26874
11227
4034
14849
19131
9035
20627
12555
5159
25495
15709
11983
5811
1648
29465
9029
24777
21135
25023
18460
12128
8628
14280
8677
11816
16936
23690
2497
507
9220
11505
3733
26799
15540
18582
15931
24575
15561
28486
6086
11057
20547
18069
23220
22195
23886
8601
23324
15021
9976
11784
3502
18604
26065
12179
420
19353
12221
9270
26212
27793
20775
29945
24593
12667
24879
10524
7242
10440
15362
13329
27849
5909
7750
27421
4456
1637
6022
27780
23010
15998
9565
2864
10955
11982
15043
17727
7687
3616
26997
3899
1410
17773
10196
26003
440
11427
6527
14035
21867
28241
3716
26069
10502
11466
23490
14958
19455
29513
19090
18818
21863
5007
21682
9170
23341
13078
26898
1028
16694
23895
11279
18104
18020
27827
14107
18461
9254
26986
8848
7474
25227
12564
3543
12081
382
27033
27039
26190
2898
22482
15008
1114
27489
13042
10284
20831
26120
7182
28211
19167
7430
9491
7271
25450
7318
27731
20263
22925
1069
5463
399
26297
18027
3942
14730
24762
7327
11770
27304
16578
4252
12312
17692
8093
1706
4328
28924
27827
17863
3488
23346
25293
12979
617
27095
26649
4700
17359
19574
5770
22822
19973
8419
17202
267
23149
18316
7595
11271
15620
24173
15523
4284
18217
29969
5990
22545
5245
10169
16760
8733
3515
12053
28064
4133
9149
24714
15185
2860
20640
20955
2034
16966
29374
19236
17233
22524
7552
1180
3795
23172
1705
25671
27456
19922
1992
9799
18820
7237
19968
5580
15971
23484
23986
20387
3969
3135
15101
19154
12347
12094
10110
14381
29060
15836
3618
16293
14712
17522
23826
24860
17047
25531
26883
20855
15454
28875
654
10626
6112
20623
22558
28435
20459
16544
18823
24428
26031
10276
13582
8378
22370
44
22760
21430
22233
2730
14076
6945
26604
7902
1805
13651
9785
28688
10859
1591
27563
11513
12217
10028
8488
4776
8463
28947
27672
27286
29727
23704
13915
19662
2082
6285
19706
1194
4068
11939
3924
18144
25237
529
2398
3394
20532
12183
2083
1391
13775
5998
19257
2344
22378
4097
7120
842
9397
4793
4480
9124
4849
18395
28786
6931
1033
24845
8126
5101
13136
18402
23245
8373
25283
1995
11768
15816
14178
20203
23559
4305
2553
19168
6650
24932
23266
20122
2126
2663
24915
12958
11787
6116
7706
16926
13048
8739
11771
27526
13840
24907
22280
13437
3281
17564
15432
21401
9732
5962
11604
9643
10268
20509
28812
16918
15441
22078
7040
23919
1093
8308
6878
12880
14424
14584
6158
3824
23323
17929
7702
13515
12837
29983
26952
22470
17547
18736
13871
27279
24698
1827
6922
11318
28688
12086
4588
14130
10516
17981
14401
11609
2641
21279
842
23417
12215
7000
27242
5538
24930
4944
25405
14119
4927
28709
12941
28826
17445
3164
2457
18496
4991
15732
29814
3679
27818
4403
24161
8335
28736
8563
19944
1377
6194
27138
24794
18410
4139
22036
300
5421
3333
25706
19540
14612
24415
2481
19791
18213
5645
22248
6709
16988
7980
12875
27019
12151
23630
27533
26838
22366
12448
23134
23743
18642
20273
18538
13404
764
16926
13705
6185
26611
15763
2077
11224
10178
4558
1015
28391
16555
29615
11452
9895
13948
24328
6914
26099
24310
10799
29289
16677
23247
22423
10420
18242
19048
5310
1646
19812
22237
15351
25997
18848
1114
28074
6424
17645
8984
13791
22388
1891
13407
3841
11786
27355
4521
25053
23454
28831
12204
22743
21860
5452
21518
2281
46
10567
13943
1692
6731
12532
23396
2729
7733
862
7155
14157
18507
22492
27949
17248
24383
17708
27441
12522
15063
1962
13927
14869
7145
26131
13964
29006
7935
5482
7639
7981
22401
21582
9674
29133
4115
9422
8214
18200
10284
15369
8709
5144
7861
6658
22392
8597
24366
19833
21119
15781
28147
5046
650
5292
7529
14614
10650
15465
20097
18289
23446
18850
16224
9472
17983
20339
18894
26197
14891
5531
17919
23600
10675
25780
6611
3067
4377
977
29252
1848
23111
27399
13246
23761
9043
20776
8376
19694
12593
4825
7983
12391
23675
24207
21864
18011
20898
17110
14208
12141
22641
2127
5742
9668
4260
12353
12735
14989
19682
18339
23190
12793
15738
6436
6555
1134
3564
21283
20828
16157
26108
5163
4901
26135
5723
3117
14146
2973
20227
4707
15115
19221
13186
27209
28889
23798
9562
17977
8788
5596
6316
8330
18390
28407
14766
1297
29541
24683
22580
26721
17192
25040
8236
22093
27527
20311
25210
18026
29637
21790
22733
14752
17363
12271
18313
16252
6070
27875
4229
21210
3471
16898
29540
28213
21657
20658
5862
21198
15341
4794
24271
2534
29834
8859
979
3714
29171
2542
21740
28808
24332
20825
19912
18047
3096
8225
4299
9166
12452
14881
376
22275
8131
6268
20489
29788
26927
26351
27338
12268
7498
21609
21154
7332
468
28486
17398
5991
1028
9138
4799
1712
29963
24711
19759
3060
9288
410
18578
21740
15291
25307
14016
29774
1575
4505
29562
28502
7208
26900
10771
14706
18509
8277
28391
25330
6763
22141
1321
7791
1280
12473
15855
7595
7184
5614
17007
22825
12377
5586
14565
27668
893
28581
27443
2468
9438
3357
971
22999
258
18094
14057
25119
26371
18800
20449
9487
10942
28123
23630
12222
10596
9486
26169
24132
21452
13177
16957
3829
18763
1523
7850
26008
6456
11645
28476
15895
15002
5799
15246
15260
245
29303
10380
2969
18104
7181
12456
29046
5304
6086
17620
15900
21924
13789
10033
13377
26966
3342
17206
22081
4865
1408
18089
17674
13053
16566
3569
28056
28717
25167
13316
28963
24470
48
1932
18926
7230
14388
17972
12534
26826
11944
4787
18751
25734
21172
8480
29052
24514
2038
21134
5732
3447
9223
23406
16500
2141
3327
14556
859
28494
4225
6174
29316
4273
8106
18243
11503
28846
12567
390
2024
24512
5177
20775
26598
2701
5607
2002
27215
7646
23136
2947
11093
8712
2705
27593
10853
6032
18502
18064
4526
22727
24238
3843
3352
8696
28438
14856
7542
11005
21598
15919
11869
3127
13046
8467
5828
18654
16822
9395
26300
9958
12343
13745
25022
15048
11338
5876
27433
6192
292
1959
28919
24531
12154
2272
9579
10592
23480
23474
21598
21430
9393
9819
24557
22439
18287
385
11093
11461
9780
13745
21419
28475
27490
22794
19876
15181
5022
17309
21373
5314
25620
26645
6197
7775
28917
15777
24719
28749
9251
22669
20179
18644
2489
14736
17435
27128
21473
4881
8589
7605
18626
6360
12433
22469
29154
8661
14002
4176
25970
5375
15843
27942
8372
22040
12069
13641
7817
6789
12390
23420
29458
8921
18416
8299
9
5852
5427
27834
10733
14016
5440
5711
20377
24225
4532
25883
2886
18534
60
5208
262
15903
3150
14986
14295
21572
28628
22113
28361
17370
21885
4171
26292
10302
12471
26301
16154
24250
24136
3239
8267
5928
15302
4996
153
19835
879
9391
14721
7291
14599
21335
29546
24101
6322
13842
22025
4950
12307
26738
22320
4192
7262
24964
14494
19733
21266
7000
20335
21754
16591
4954
27682
1894
9950
4187
28081
17182
13578
19154
24473
4529
10490
24020
4982
16812
7862
27008
28114
20169
23746
26786
24361
1008
21751
15208
27093
19369
28560
23781
11123
15152
28735
15157
17046
8686
19344
21479
25868
9274
10633
26693
20155
21123
20713
1489
14287
4927
4849
18753
1448
4948
21892
25810
12308
13643
17370
15754
9364
15930
9535
20487
7434
8270
5644
24480
23308
1340
22311
25528
16966
2945
22222
7121
420
19287
14962
21060
24215
19812
9813
25663
24760
8057
27825
7068
21700
21547
22822
1064
7478
2357
27903
14912
16980
9899
15745
10288
11239
14408
5817
28205
17353
28039
11678
24126
23678
26641
15186
17893
16453
1351
19909
17565
9409
24086
24633
7461
15634
17456
14878
29464
26165
12781
20728
13145
22681
12825
23434
10272
27234
29251
14830
20939
3642
2860
15065
27320
5853
251
21566
28658
7955
11475
16223
17364
11913
10857
24825
27547
4665
16055
27011
830
28837
17740
20328
27870
6917
13762
14494
4151
19365
5676
25091
23007
8537
10156
26679
14390
16760
24597
19401
24715
6072
5624
18431
17986
22833
19608
21885
27498
5664
25249
4681
4501
12989
25009
8723
26258
15123
29569
410
4488
5246
1853
3847
20135
12009
6878
10877
5121
1476
278
29836
13900
5903
24619
8238
5088
14228
124
8939
19892
25373
13620
745
14714
14981
15820
10972
104
15389
17734
10944
20635
19587
21143
10770
7949
28021
21648
13070
29497
28278
19259
19750
4181
13878
27988
15622
28106
4464
24561
17998
6189
14533
25095
20903
29514
10915
8228
5970
26305
25962
23266
23292
21902
14409
4063
29851
12430
2063
12921
18280
341
8532
8030
10875
22411
12370
26497
26869
16835
21058
21220
23024
11943
16315
20280
11457
27231
28508
23779
29888
822
17045
23180
22724
1454
3595
22575
20236
12010
11849
8516
12352
20381
22898
29579
19144
5269
2428
16014
22104
23486
13586
21480
5429
6253
11760
23238
9836
16620
23369
9724
17443
10414
9257
10167
18220
12852
9095
14808
24863
27296
23325
13567
17677
22575
19498
13174
27844
21926
5540
26300
15412
19126
17781
27193
25379
5893
26783
5216
22514
20152
21292
16309
6918
549
2828
1490
13402
11923
16298
14617
9219
15975
4536
3249
8551
24034
22775
12747
15960
28315
15400
7724
23793
9533
11269
19172
15426
14404
740
14292
10908
28385
601
24178
28934
3430
25668
18688
21705
18318
9657
7277
10646
14193
16878
25549
14579
9653
8296
6891
7968
48
14615
8113
9581
2236
3637
1360
16640
4378
15652
3900
2763
16254
28078
8049
26036
98
26738
17741
18417
6395
1370
5415
26941
18248
964
17872
27901
15612
24764
12221
15661
9379
20334
25242
17968
23972
26602
10960
4702
18607
14861
13817
4861
12939
21866
7249
19390
24956
24990
14159
7704
26361
19574
10997
20961
20538
28869
25215
6150
23633
7436
28163
9365
4123
29758
27333
4447
2712
8293
15501
21319
29506
29318
26180
18798
27536
3429
8188
22493
4772
22347
197
7485
18273
11194
28446
8811
16415
13
21313
10049
13802
25829
19414
17925
25587
23099
28724
28299
7744
14225
19619
7251
13543
22151
2401
11079
1933
10589
9924
13057
9288
16473
26894
27561
4019
1692
12724
20435
1706
10389
484
15508
12570
26250
9785
8157
19349
8509
12809
3445
22734
8780
17048
12629
7283
19449
23708
9216
6390
9985
28625
15678
26458
25519
19591
478
27212
8667
20913
28918
25409
21397
20778
7979
23999
563
16137
13348
9072
5298
23145
1806
14078
10194
20787
21361
29643
20847
6930
6034
832
5555
28064
27291
7427
17656
27769
10991
2675
25034
16261
28084
22783
7039
6064
16782
7602
22201
6482
23026
3851
29627
24832
17929
9821
21971
9290
15817
12818
22572
28203
13651
4480
26267
10942
11907
20275
15063
22898
22951
16449
9159
21035
9232
22550
3451
26014
152
2004
8848
29530
5855
14827
24362
23784
24649
22685
9427
16818
5503
1999
15021
19154
6479
11288
6448
24738
7916
27863
23988
867
14312
9499
28254
23544
2049
8058
25910
8553
10062
11110
8083
15918
25938
8797
16054
26939
1482
25481
13757
6986
3833
28778
2492
16664
16418
8941
11403
24334
6804
5391
1553
21117
14891
6160
21013
23292
14218
23276
1846
24280
4386
16281
16550
324
25079
2605
27263
2913
4438
17372
9899
8271
22502
12392
24936
8921
27685
12691
9607
4489
18082
17513
1958
9325
23673
22972
2618
7891
22600
10816
8523
26986
27097
25074
27311
22176
4031
926
25090
8469
18299
11341
23093
10801
85
24381
26074
27770
7072
12034
8612
1506
29547
10570
10832
23220
9894
19802
7463
2494
618
15986
29481
27715
17412
3144
26244
21443
10422
27686
6265
5073
9027
29358
22227
15465
23739
18301
13235
811
6687
28199
2317
6234
8770
19501
29454
18664
9303
13269
27511
9921
29256
3344
7637
23020
6488
10233
14464
23262
7919
20729
28336
16946
26439
20563
8763
20178
15216
28351
27341
21904
26550
6010
28138
11672
25512
3945
6689
11167
17214
4200
21089
22822
7544
5078
15843
20384
21663
6659
13646
29582
27388
11982
22880
23827
8897
1644
20357
24114
29995
17698
16018
2897
23708
20508
14570
25572
805
21259
13092
18020
25459
10533
17194
9355
21963
9389
29739
13626
16048
13385
13208
19788
1720
6088
19967
10617
14084
10324
11083
20431
4374
3453
23329
4435
314
7899
7
1119
5510
13099
25491
7321
23632
12686
16676
15595
28427
22767
29221
14476
12504
18781
4264
20576
1222
24232
7546
15306
10908
18629
5738
15283
22083
5419
19718
22397
19670
26077
29868
25180
15529
25360
8853
15513
14398
25529
1109
12825
24648
6682
27301
7152
1816
7918
4081
3038
8502
11627
18344
19410
256
434
11045
28691
5853
763
27440
25523
3193
27309
27055
18722
22669
5908
4235
7067
7789
11696
26244
8789
24731
23546
22294
26547
7816
26375
5937
16318
8002
24281
5728
8258
1068
23126
13302
13273
23889
10742
15149
27082
8051
12204
22156
7072
24465
26392
20491
8606
14440
16736
23748
9171
16634
16042
5718
24450
12417
11655
10768
20419
12289
22848
5029
19709
15974
18331
2982
16216
29074
18131
19650
13477
6688
11807
20550
7505
14551
11041
22463
28991
4129
16211
8163
20763
2253
20233
15213
14670
8241
2333
11441
26882
1534
16471
16591
17508
11154
25925
10076
16580
20409
29727
58
27097
17886
20608
10954
2437
8001
3417
7780
12131
19629
15943
9246
21882
12529
24460
12905
27122
3145
24346
24004
4679
17169
16947
28540
4676
19224
8616
21256
9633
14695
21314
6730
2581
18274
24036
11370
2628
27454
19151
14759
17083
11446
357
15317
327
1169
4574
27449
4315
28921
27805
8994
22442
21104
7534
27118
10329
22503
18375
19962
13550
16041
3045
16132
4316
27081
3854
6944
24535
29357
28055
17970
17156
28412
9640
23835
29582
14214
27637
10249
19487
25442
19243
11930
22899
3130
15400
9580
1985
10127
29542
15535
26169
8939
8019
6837
12373
11874
13781
13260
17583
18188
1231
11091
22952
17223
4927
28886
1437
2564
9135
20925
4358
4731
9207
3609
14213
24607
13189
16198
4735
19084
1733
7256
28023
16105
14093
10396
4331
4226
23657
21914
28766
1240
3006
21718
18463
14285
20605
26252
23201
6092
17177
27559
10823
26384
1169
25036
27344
20710
17586
8431
9794
19320
15687
14170
5425
6132
24566
9756
10358
24575
8022
9124
2167
17380
842
26982
8017
27799
23235
1218
3892
16764
28778
21067
13149
6299
22456
10493
3361
10042
25276
13156
5714
10963
27326
17491
17095
28244
3599
3805
29172
11622
12929
7691
5354
20123
4674
13372
24275
4261
14590
4519
21025
19720
25586
4174
2371
24394
21019
5733
4437
16295
25241
10151
3610
22567
27643
27057
27163
1242
862
26335
19216
13791
4027
24571
10267
15053
7943
4542
19314
28885
15413
10339
18606
17351
20866
20977
11746
18237
3062
16183
10885
28303
26334
14495
27222
329
11553
24386
1572
18767
27073
27140
8911
1100
21711
19178
16153
6006
72
5467
4892
15485
22159
29850
2836
13025
20827
14582
1262
242
7117
18499
4897
3452
2995
2120
10133
20900
26506
18057
9667
23579
15198
18578
1032
6909
14108
17185
19268
14180
29005
24160
6017
27516
24010
15206
10541
21189
6140
18155
27783
13258
6655
2681
23062
16002
4801
3195
6902
7659
21253
22921
7590
6451
11500
8622
19712
25608
2160
8980
16141
7517
9492
28510
5033
9854
13716
21926
1044
19857
16433
28827
3115
23088
7860
2529
15442
12661
5724
22344
20320
3329
21618
27911
9780
3118
12885
5845
5078
15045
21177
27571
28914
670
26082
3947
16876
9798
25873
17920
6007
12307
23100
15474
11747
960
18003
27190
19974
23728
25886
16646
27057
17504
20909
13190
26974
3795
25387
8405
25192
16564
12328
24107
23586
8410
28054
10463
24561
280
4735
568
18939
4187
22395
686
11500
10398
4228
1474
10478
6467
18120
13888
323
9030
27078
3650
19177
22465
12055
14369
15381
24383
8476
8968
9146
12883
25783
10059
13163
518
10627
8454
11058
9374
9140
22558
19773
19721
24032
6603
26188
18504
20491
2863
3886
23921
6513
23063
22738
24920
13785
8120
25656
28613
23440
4802
11496
25575
14861
1011
2445
1840
9465
13503
17567
24958
6061
7340
14679
6445
20295
17219
1302
17139
20082
11540
11060
2948
10956
3799
27868
24741
18271
23524
23354
18063
4678
4851
19990
25891
12214
22435
27732
21680
5939
15299
22990
18352
28991
7669
1150
25638
1240
2452
12777
27674
13992
23838
622
24948
3989
4843
26041
28612
4719
19396
23027
9398
599
13017
5289
19165
11804
9373
10845
17743
1024
3835
12448
6367
17856
13598
2006
25448
22402
21135
29475
12746
14973
6449
7695
25314
11292
10088
278
16012
5836
23305
25410
6435
12674
7051
1953
24479
22777
12798
18574
23801
22986
1022
169
17194
20972
8527
18995
13374
29662
18470
26121
20988
24919
10168
22654
6212
20256
22933
28576
26093
22590
23986
8880
5265
7389
10833
6096
166
29984
24670
320
29322
25693
6841
16516
16665
15368
5511
6392
21382
23981
2513
18722
25253
19033
11377
1465
9289
4310
41
11734
26900
379
26967
8517
14120
14152
14613
14287
14136
9284
20959
13458
11329
27800
6327
4346
19520
18190
10738
10902
18524
19603
29625
13777
8636
11002
21594
24278
21664
21635
12364
24916
28366
9331
3434
12486
23484
24399
3125
13972
3683
24084
3783
21364
21884
16462
2063
11404
4652
19153
28659
29528
8757
4636
13305
23745
15638
4899
24375
13654
2886
6740
8570
7604
22423
12004
20091
22259
12756
29568
6232
22791
23653
16367
14156
21889
2829
16219
9646
13833
5372
14657
13362
20481
19293
26667
20579
4931
7919
14954
24937
17157
28046
3507
24762
20470
21864
14853
12729
4620
20773
25313
27411
20778
11680
17919
19020
20861
4138
28666
4695
15863
13323
24409
12696
2616
21076
3275
13899
5347
18230
8836
22505
16276
18695
17267
13098
10559
8472
25828
21531
29245
27493
18943
26376
15526
6862
15396
6387
17353
14062
17434
9568
3737
11843
22264
12705
9272
25540
2956
20971
20122
18144
13476
12750
13191
7095
25849
23751
15567
28029
21634
21165
25522
10577
17541
11048
23792
2937
23788
17497
23351
17574
27065
3440
5770
19329
22497
21394
21221
25453
12365
11343
19949
2194
446
3140
9289
26295
3243
1209
24324
24878
28726
26198
11807
22619
13599
5599
25556
13739
23096
25259
1313
26513
5051
13435
15843
27548
11181
13416
23001
29899
1112
19302
2093
1558
22442
17734
27853
25686
25295
28529
20564
24021
24727
2371
22992
14678
14323
18548
28417
13771
20159
6083
10285
25210
19518
2480
22758
700
15896
22111
599
23360
11413
9044
24918
3856
3130
29123
5894
28426
4004
26458
28799
5084
5181
21792
19762
19504
16692
18180
3276
13204
24263
19913
8414
20133
22393
7525
27185
14641
29636
27784
8002
17402
13180
2920
27610
16311
8396
3504
21089
12400
6314
26240
17484
11495
18032
13599
7352
11077
1779
16980
24281
2394
6893
9047
28879
29286
22924
26065
13927
22561
201
28281
16315
13382
7554
13925
6045
15950
17429
3486
4702
23743
29726
22187
11590
24111
12138
18942
5188
20269
12274
5821
