33502
57375
68139
22596
31790
4850
51865
82139
56731
47758
62864
6063
66203
65920
94851
93525
78732
32126
85832
71526
37249
20611
6632
70068
59705
39689
28499
65496
52791
56121
68237
86293
29848
52728
25241
61639
57579
93459
43778
30662
41217
6642
36725
23773
88914
47928
33650
83998
80054
35835
55525
33656
56446
78509
20076
32503
18198
48575
14352
87341
4696
98941
89987
50897
51670
31580
12536
25601
41391
56314
56263
98961
79308
9340
22734
84575
57268
56384
84925
53675
92219
40450
87331
65018
35311
23759
97521
69861
72334
28225
73555
93382
27167
79894
44279
95189
27826
56815
37142
69218
29481
93405
68179
8790
19097
7265
9717
76365
63649
94642
46392
72221
51445
50075
37239
86756
73834
51112
72970
46168
79338
62877
55903
22857
42771
182
18046
70597
73350
55188
56167
2831
64945
40698
27973
84042
47963
37690
76759
11613
32333
23152
186
83778
73227
37425
86886
47062
4889
76208
93230
579
39085
49133
23436
81856
65668
57834
68806
39018
13022
41325
41849
94319
82024
86175
78361
29987
23865
55121
57952
56198
94625
58138
56328
67852
11915
43215
14914
33157
19423
24497
33736
74861
89982
73525
56717
55650
31359
41875
11020
60734
99553
69222
55053
81577
55397
49767
27916
79262
21240
2221
51813
15865
76711
8141
83717
4979
67708
14984
38136
3484
39481
88224
78345
45815
61749
51414
17818
93109
9642
28838
53843
9195
14412
25248
7124
69809
75015
35040
65424
96255
53613
17237
12120
30325
41730
12190
35304
9439
27174
89792
29275
83007
78016
7620
45174
39766
59034
62992
49227
85028
8183
19422
94223
22595
44670
1347
8757
19686
52740
74181
32293
6353
7770
44414
36678
49500
72956
88334
75291
130
78126
4566
99489
72495
28538
44663
12261
3925
24008
77840
88953
32191
97262
83177
71138
58284
876
79895
94322
53616
54076
26616
59970
78198
71030
13000
27699
60338
1335
19342
60468
95813
23909
76309
68308
68799
37324
96921
72724
61332
74761
61678
9875
88375
61207
81014
63012
78435
77261
57334
32052
47690
83950
8374
25888
71332
21374
53587
31670
39061
72930
8490
51227
13191
84799
19535
98342
38476
16457
71067
99808
7570
49097
26036
12298
26656
7050
75310
5091
663
32644
53495
48353
32947
61869
74242
20631
99596
44181
52302
55009
33463
77144
6236
46654
78296
42124
44997
16772
58581
32416
16580
82503
97865
42616
94801
24521
66018
70111
45964
66682
19108
99460
31387
68407
77681
5629
89038
93629
49811
57692
64991
83274
34837
71227
46281
13133
29703
7630
29905
88284
40046
62837
70788
54263
21806
81941
95136
4176
68405
41100
70858
87513
56912
2246
72272
50946
24227
61310
60927
74038
35355
25918
73665
70192
13498
19946
99677
43201
27576
29582
31486
83974
8771
18626
54589
30577
567
49725
34754
68972
7177
21964
72837
64090
40562
61461
31388
64790
22772
92315
55180
74479
18234
28845
44671
31732
65143
44348
74933
9071
90282
22771
93045
99053
57749
47634
45983
74669
13711
80737
59993
20889
19053
32831
84979
59616
10644
32719
40758
49768
25034
95938
24247
43268
41136
68918
75000
6279
29618
66286
15351
36252
5409
24748
35306
63159
88735
97641
37828
2446
78378
97821
39687
13783
47004
41018
73399
57649
73737
14157
7417
98772
26448
31665
42040
67584
16935
33393
90215
62906
16031
21918
99158
21440
46667
50816
84599
51754
48457
38779
70552
43187
36601
10240
56971
99957
51258
46722
57606
24996
60880
81376
23768
3680
29393
82160
87616
46328
15553
77831
9234
47936
99750
24745
69377
62769
75561
70328
14523
40371
9108
85075
83558
62061
11667
40529
78370
62926
87252
35977
87922
64484
33705
28042
84516
63098
10202
72132
25778
42108
66315
51365
90044
82417
76110
75773
61538
68023
46102
92413
8394
71562
77489
91953
49975
5508
48834
28345
68434
52438
80674
56356
33274
14379
84398
17790
93829
10953
6274
19608
53061
88942
87325
43105
71359
63435
18879
32898
47810
81333
25311
56205
52895
19152
64510
2870
24661
29696
47567
9447
82135
28242
65804
31761
58973
66554
49552
52803
77507
72178
88763
30568
61120
76088
90026
48832
55875
8905
81730
3685
6590
23393
76242
59485
58898
40752
78707
99911
70449
26274
9358
68936
70868
91514
697
29842
74421
66601
98997
68280
38780
87760
15201
16252
80200
5227
65084
36075
30484
63166
56112
37074
2912
32355
12911
61810
89459
91618
78073
59908
17892
3783
45196
5113
95298
45894
34955
86071
28847
33952
54351
83979
38064
69552
232
34616
74779
81668
87043
21615
44835
43155
58689
47747
75510
71600
25909
64970
79570
3982
41230
13815
7765
2779
18928
19415
65025
70235
5486
93872
20539
59838
77852
58603
45742
94436
9571
36874
76104
96614
58489
20939
39769
33531
85038
31632
21483
10947
12954
1054
31281
70536
31221
39047
73315
50149
58462
54692
20384
63949
48565
57275
40139
42769
32230
85881
53557
41801
22755
29661
38415
97597
66953
94536
31128
68343
42520
52611
79291
71826
70017
10572
58715
1238
65971
32030
67739
24434
86723
4475
4735
51640
61750
61226
10761
93980
63459
64318
52133
86215
10331
6900
83812
93636
1437
31292
61980
60309
255
41271
32136
70273
68195
90851
87863
34167
39233
71955
74953
42308
76430
96040
10300
54533
57266
21061
64865
20725
1731
16999
23292
12063
23899
7104
5699
41688
54748
67679
1998
55004
25302
50486
41629
93498
57689
29492
44017
13274
1447
18970
71935
94230
15010
82235
48763
72276
19649
29980
9353
21380
46979
32646
49795
87231
56102
71847
28919
10851
55878
47269
65855
81181
97755
7484
91031
71796
53328
35048
85071
71128
70370
57006
65358
85380
55593
30473
74008
91594
76805
99713
29327
23785
32359
79122
11016
4814
67321
56287
15665
23200
3557
97872
4381
1312
21708
11764
89461
91388
63164
74532
62516
33534
47890
44226
35266
19835
91051
9274
11430
67857
8987
40757
91642
57699
36231
19010
62513
3553
75297
94530
26753
78854
92402
47486
96519
30462
59250
85980
21850
22414
76864
84367
72300
24754
28593
7566
44589
19645
33192
56019
3854
58531
13128
95496
16230
49360
30858
95095
52913
6155
89625
96018
1362
98379
43504
97881
28841
19106
213
50692
57872
77077
51411
30172
1831
96356
54090
62772
32353
87282
35144
36207
45813
48272
48055
78396
13984
78913
73491
66897
85069
79469
62915
2783
77848
22771
664
23042
41877
877
73734
16101
77954
41497
46273
96137
37853
363
75261
70207
3997
10405
6414
66163
75030
54470
60911
5366
33383
50754
88616
34804
30223
67883
53939
24424
90655
54603
47466
48884
71832
21200
64986
66138
62697
27611
78627
16902
44327
53889
87109
48324
80646
9876
30839
72028
64346
91750
77395
14081
42505
66011
65238
72728
33894
19177
97152
40901
90133
44618
89786
61965
82170
54772
44456
61219
82383
23083
78122
26710
76972
81583
91387
57619
91459
22226
45999
72157
13977
23394
86239
56482
5757
67829
45562
39652
3358
59067
96905
93491
3685
86691
71809
2208
57815
32617
79779
40199
55700
57901
83261
32673
55837
91000
6644
47296
13227
52643
19454
43556
92390
22045
16390
98147
6226
61952
54151
9584
21019
51057
19428
41057
54100
7589
43265
11916
40206
23044
68467
95906
97298
68080
44931
53135
59081
67927
16783
88660
36923
52589
32216
29313
74634
48606
43812
97212
10558
14316
6797
47930
81725
42577
88987
35825
66518
48604
64093
6724
88000
32560
18982
85298
641
63914
54785
76074
48193
87921
64734
85116
40510
96950
30781
31497
45556
90946
28709
72466
5262
51858
36748
3339
10787
25735
39164
77305
90691
3258
84029
78692
52170
3012
80342
69163
83278
51480
45237
47823
39401
9971
32940
79911
6921
63721
27760
68829
71019
56470
57648
76281
24680
94396
79620
35468
36484
35137
12773
27175
54747
13155
5867
6917
32519
2562
76081
32149
54042
21318
79972
93443
31290
12912
89706
54563
92986
17467
23393
64005
90289
97393
56639
14969
91789
52611
66789
28273
87748
79563
71801
42495
92718
94020
65765
25237
96582
41846
57386
66976
79516
53710
60419
10806
66623
66478
81722
75961
297
21467
56318
90586
18860
12957
21907
27001
65569
88697
71627
69669
84612
43428
28517
93682
53800
94282
35271
66735
52480
9009
33711
31996
62719
10483
59155
29342
76961
57229
21655
77258
78696
77974
84196
97556
90931
22455
40909
72852
11152
12536
58874
12116
72316
87391
5798
26117
98025
41069
92852
66857
50078
26563
98853
12798
53398
74360
58492
30359
31589
80148
23969
10285
58122
24517
24193
65405
46973
65103
54610
74477
93991
29836
86594
66308
33579
92392
92425
31604
33462
1629
98461
99892
44544
13666
12690
97943
88027
71183
44654
19616
67683
84976
46254
42157
9493
70447
7562
72818
51902
78524
47296
45894
8360
50242
12202
41939
42634
20979
89895
92448
38960
4708
92341
83504
18375
21383
97799
22754
8918
42454
42370
76601
43782
4976
18758
69627
91776
26321
42446
43678
21197
6094
5924
45910
56336
34478
4201
15322
71809
94097
24123
10769
15157
32816
10626
33532
54199
8425
56286
63118
67231
15009
39719
11013
36337
58478
80641
28113
1151
39439
88144
38700
45533
94068
84610
18221
44899
5164
33543
16708
99261
74018
27478
30770
6834
38104
64303
61034
62881
36941
40504
30113
68302
96575
57478
20992
55053
54471
49105
72556
93910
53601
27609
55795
47670
28571
74016
92569
33735
7560
25629
32996
97930
53107
63767
4765
7563
44422
82151
86797
97715
22655
33262
82370
19230
90740
3362
90636
61564
68819
79544
55474
22421
7153
11270
86443
35725
85286
79012
69460
9198
4641
18809
7129
74101
98928
28246
98016
59702
10397
84813
73769
33052
18075
56139
68634
25168
75853
75622
86732
44673
55167
58558
83446
78672
86180
69889
30749
71467
48901
210
97017
69894
35371
20498
60347
50651
48744
58364
26705
59141
59529
474
8545
93957
72966
77180
35477
48819
52802
38561
9844
24321
97119
93290
2994
83300
63179
33743
71119
28432
50305
84488
98327
2028
4987
75026
52679
53731
49742
79384
29225
9272
96211
37770
19581
69177
31302
55058
17996
457
93619
27841
24778
7090
21131
44124
6742
84311
94220
77861
12743
44525
62350
27422
62906
83689
18801
15585
53772
68543
11322
82997
77815
7533
37120
97396
76710
68422
68806
11058
85231
78777
38899
10010
85868
76383
70486
92610
77046
64706
86824
89789
25584
65526
33564
88490
49215
52365
20427
2987
20908
48101
2337
15076
55634
55809
28824
48696
40583
13983
76107
25815
92760
31358
52177
78628
7741
22663
71239
84787
87370
58063
90929
29306
23589
40845
17796
89156
93210
54575
8495
30470
2677
27184
61898
74663
82993
90723
39712
23577
4706
15819
49392
13818
47177
1569
92447
54919
40584
80038
56058
44306
54453
46987
73612
94394
4184
7760
83550
97394
62336
8397
44217
65013
35582
6115
39676
18575
13190
79388
42152
34248
95207
7896
48067
58737
25817
40514
30008
82754
36904
86066
27060
91357
49406
673
85751
53590
24785
85653
67337
87121
94050
11554
52134
45984
34021
91811
64560
47212
87551
23064
81460
99111
47313
29527
57848
73130
86393
87856
55884
23297
90274
99297
31006
56032
99970
16757
25975
24755
18762
9664
28229
29165
21218
80363
75149
71591
88526
56061
18803
76078
79126
16616
91541
26439
62495
49389
15921
65241
53597
88158
4890
60223
87455
35897
32608
3777
69006
58583
44884
87769
68247
73113
33286
5817
53477
24787
77408
58355
80849
12564
34433
76327
45532
42326
2766
24379
91715
35039
89620
61664
23197
94511
38240
10652
46760
70848
14429
15766
45783
75666
19887
14030
48779
53173
36199
18608
77961
29959
76964
75162
42523
27749
51489
4407
70076
70607
28787
78143
5646
34759
39808
45196
29270
94400
72200
76030
65248
2982
8149
11031
78648
28036
41413
27427
97562
77612
46036
91875
7571
23000
67037
66447
67101
34878
70854
37177
5485
15993
15321
27483
50753
71481
89031
96375
65881
61232
88758
47481
64214
96907
58512
59214
41295
16277
86641
38857
93889
49029
30732
17812
88381
14121
611
55483
48999
71466
9012
54484
3811
24333
98320
70916
12166
87351
67292
78047
48583
72402
25528
29149
85661
392
88363
26956
16669
91357
65814
26910
56738
12898
61075
61472
27020
61686
16955
76019
49504
25967
46856
53316
66653
45176
24232
78819
32527
7876
73219
97463
80278
15099
42964
65939
15492
47680
9248
48513
55389
75062
91776
12127
4312
52851
73599
31332
14537
6906
7352
64042
49226
54208
33710
15879
99384
57942
11050
48263
82171
84269
62078
78801
99369
5043
61093
31213
52723
70341
96078
8112
61755
87854
36591
66067
40705
26543
13752
71595
49801
21104
35637
99027
91664
69347
31258
7400
43641
42309
72015
42164
42930
34094
20966
42299
39137
98411
89864
8212
68752
85943
32676
46859
73797
69267
29278
30855
12162
43030
2450
61964
64134
54439
60991
72150
40138
92250
79550
131
50911
51566
42296
93841
2012
79614
52493
41149
78025
42357
49361
63129
44652
98389
26340
18450
67656
55618
65657
96171
98649
84459
58135
79135
38898
19126
51286
79036
27728
47188
95519
94991
15106
37815
88833
17118
33781
41326
74619
28158
35
40332
91287
44688
38721
33979
79490
6378
89598
45147
2549
4599
45958
77036
83734
84856
96162
51372
80244
40243
14913
75763
35234
30019
29931
40419
47138
63712
98097
38109
91871
98133
78442
99510
59173
17163
33490
38663
39893
39440
162
58794
44039
46120
35830
44125
47328
48345
95498
43924
88588
26763
36039
40174
56782
65970
80594
20272
46035
78691
58382
54258
93176
36824
53768
68701
53987
3610
7364
10233
59402
23878
69027
19793
86350
4858
63919
50030
53203
75769
93954
58143
2532
29994
98317
75666
12316
95263
95939
58351
90307
70673
28961
83483
7497
82730
52185
77836
2692
75901
88069
78447
16132
57097
98240
18834
78307
62159
68865
31510
54280
79171
6005
56812
25517
4322
32479
37834
99586
44770
12537
6245
15443
41499
6080
39292
40581
58265
33480
59625
50519
21550
38072
83003
94999
36313
1837
89658
14824
70702
21168
69105
49874
43525
25917
75391
47847
74748
29577
63785
19518
42115
70030
51313
99966
76111
90605
56899
50728
24086
16524
17599
61988
54597
602
73339
7262
18792
62997
22086
89494
517
91191
55720
44042
33461
47464
8241
24561
77041
72027
60432
35508
58409
11745
51826
50872
2351
8725
17953
42789
25250
51904
4777
96199
68859
94468
19813
87651
57465
41899
93497
74334
49443
49218
18376
82904
13034
42969
23817
6427
14996
84249
58288
89758
95995
10114
56982
14698
35192
91287
57487
76794
43192
78616
89345
12051
73084
9158
16054
30549
51057
9551
21235
16852
75121
39611
99756
4507
98932
39926
10935
30281
24175
85575
20039
20170
12041
93373
34868
47233
84661
8707
24027
44205
87323
29724
72608
60407
38882
88662
7308
6292
14565
28543
23144
6039
84506
39253
10546
83439
79179
37833
13720
3354
23408
50111
39877
35450
43484
91097
82683
44497
99805
23063
88702
87128
52787
61310
47536
8022
66324
71196
14314
80890
99740
37458
86929
598
76711
13827
84037
72242
51661
14109
75597
75069
64220
31826
10519
24057
22923
9555
68554
22728
48970
57257
9857
18109
34919
73745
26131
1244
44941
56797
98486
61033
94256
1767
61632
87319
15594
62021
75914
67255
76131
51511
58677
56703
99689
85548
80760
22612
11455
65667
45341
76777
39276
71550
94887
74195
45295
37370
91791
6588
10520
6629
83974
21128
8396
45606
8447
40343
23979
713
23950
16462
52224
82627
73166
51913
84528
70278
90878
95983
35945
36219
72761
75221
7769
84000
65769
69416
37722
73912
92356
48242
80542
76330
69370
5290
38288
94170
61985
62268
94883
85936
78730
63460
84915
68248
31725
69443
38527
22603
81779
74472
58822
54540
66046
82943
54892
48167
68711
92614
22079
61068
40857
2621
53750
26579
24264
92039
20749
86249
70659
15633
88537
49389
79093
73453
33990
10818
59248
72517
33422
41027
63341
8596
11919
45739
91540
66811
93906
76603
75778
15986
37671
32987
34959
91422
59566
75575
83461
80316
78177
70472
95949
66714
19861
91394
56519
70203
2212
15768
42720
35634
56795
22414
60583
85067
68153
52123
68230
78412
45078
60360
94398
82750
93347
45709
90524
52914
21285
90337
49582
99462
60809
61883
82528
97022
53277
39048
67226
55489
54816
26298
7476
27963
48712
68059
29382
33218
36534
97613
27982
81612
57973
38732
80714
67673
84441
71238
20587
22078
61575
86521
21540
38736
48404
20421
35759
1681
59469
2985
73522
14285
45635
80998
58600
10700
65409
87983
43918
18295
85596
88252
16260
59921
26984
96974
27594
11425
84565
64533
33504
62492
51054
71396
1229
99458
91817
36988
17491
67638
56325
91014
81923
1960
88364
40524
12660
70126
28507
72930
4773
30455
61182
21033
90376
88166
34360
34323
99592
18925
98856
49448
97769
66263
37196
98998
65721
45366
35986
99565
13004
8663
6931
94928
10624
11647
51804
23284
81773
96663
96215
86547
43470
73749
23932
33846
61916
58292
84521
77860
93569
83378
43660
91339
49641
80856
90337
31714
26222
42676
47631
55579
51339
54562
66859
78315
66210
18663
1600
64335
31678
14167
50882
75148
87916
91167
25346
66184
49459
9868
44044
43029
93246
87704
50720
59239
84913
41057
90953
11135
85
38585
83066
51425
9499
49925
29740
75709
68588
47692
56397
16618
78211
23631
91766
82480
14798
17113
48664
80610
43333
9061
23639
36579
96765
90711
12170
81678
31768
19475
9166
48206
74412
92232
99631
83912
42158
45723
75973
27098
9768
32370
43717
87979
56002
51835
86811
87152
85300
35476
67762
28633
44537
7753
81564
57654
98464
93734
55685
46585
13210
81203
94791
87622
89787
10774
87886
48297
72849
63860
91748
82617
12582
51817
86949
84936
3652
73760
72089
88953
25588
39851
17586
70125
63957
15503
44132
62421
9237
99817
9006
38799
97372
3797
42774
87159
30923
30660
51809
3773
10872
43557
86390
39807
95374
89691
24743
99026
63452
13184
4331
5392
69388
38270
75518
33345
53773
36002
12118
79362
52171
21125
18162
49543
41274
77288
53054
72198
7948
4863
75971
35173
64772
78713
74980
60146
68405
16075
75525
48209
45612
96208
53601
15000
34478
45471
64697
4603
81473
76815
318
49996
14292
34832
99539
55567
12120
68946
27765
20068
90161
20088
71593
54934
98801
46573
15080
83558
79001
6957
48119
24613
3166
1721
39613
53996
63544
4310
74952
61370
97477
75270
11366
11770
10102
27258
67337
38574
96204
11454
58642
86365
47894
30236
41299
46695
93161
72732
46606
72162
79689
94725
96775
99207
12798
52740
53204
76343
73402
28156
37713
70880
19778
49079
99002
46232
76337
82691
84806
88893
94145
59800
75259
42039
6388
32910
5086
99550
21994
68044
88064
1684
62770
1192
891
91920
70284
70447
68263
43687
14955
22328
30919
51085
87760
29921
97317
80449
12612
82123
69343
23109
58276
60954
81500
64664
10216
86586
80566
32211
54631
84983
50247
33753
86175
67490
25673
56459
37938
10289
16498
69245
32617
47417
20331
20377
93690
17648
17179
6302
16124
86522
45763
90752
63828
27263
55416
74044
30202
52335
22607
84833
37318
72854
34938
39845
40345
60611
12656
94635
70900
29155
63880
19870
92924
84211
56599
86615
18212
73778
9269
50688
76652
71385
41440
56832
98648
13208
47229
28850
65543
69836
30035
19213
59043
64973
75410
99388
41937
88067
10375
29189
33574
74255
49059
26498
74819
22011
29465
9383
12141
55087
76423
5146
26472
34215
61978
25120
47423
25559
70323
29319
95396
358
64884
54439
65332
40295
70179
7269
44714
80554
52810
78288
71161
1870
21138
62332
40233
66956
71715
52374
22043
64490
57520
64867
98705
35851
6339
46129
61410
76662
91800
56806
77021
56684
27597
58705
13331
14128
82326
58045
94682
35136
52685
82196
53358
90176
44528
93591
57132
32596
62318
95527
97086
19838
60394
95792
72041
83085
58273
33452
59748
66425
6610
53121
39461
50560
28178
52793
64688
26856
27190
75723
61992
96228
57919
31703
86404
2447
41646
43536
51395
3964
55415
48482
40155
32161
60626
12196
15246
35251
62000
91346
1676
84963
44467
57489
35523
88997
26634
16563
15853
70177
92286
94198
66405
50205
42253
52809
69005
83899
12697
36752
4216
68112
1586
60723
273
62212
89271
15519
13815
51272
6866
31843
36235
67685
89333
88110
73035
32319
4673
5240
2496
13312
99438
68901
79869
58043
21710
48874
41943
50759
1979
62511
18871
3565
23234
19144
82130
12505
51016
12297
63777
74234
44141
16364
58271
49826
20826
31306
82145
25500
36547
84642
38812
52337
69895
18681
10381
7958
83908
68676
58717
2239
31187
77589
5804
54421
13085
4286
66926
80453
16584
47056
54687
60725
79772
29311
26903
599
60617
9048
42451
13516
10042
81263
82206
96290
16296
8939
4248
16556
77615
62965
18795
25154
56906
24600
95927
69992
28886
62853
66797
45470
26261
37837
22547
6034
67148
49450
22985
44117
74851
65436
73986
1245
46699
56192
97535
79347
81483
1783
95904
59098
81101
14699
604
38007
55651
96531
24351
890
75736
91149
62712
1998
28986
1612
24384
12486
67414
47369
56603
58617
12805
46941
59863
75856
3133
73750
55203
84616
75534
67459
60066
56635
98511
60670
10994
70514
73553
35346
71404
49290
42847
50469
51288
88185
68433
92024
671
35847
39393
73626
94465
52198
20568
70680
44406
40053
44430
99609
41022
19964
67069
1088
92951
81932
78111
20298
52446
51664
71996
40203
954
14843
90672
68594
19380
59105
60618
20051
94952
16363
10029
5769
84913
46949
76449
29319
87003
20880
28929
28025
57196
12350
45465
66500
94282
39928
86798
63080
91593
58794
3283
8899
89989
93955
93846
9369
69412
70816
45772
80717
3532
55801
86486
88445
19103
79288
17765
6106
168
63046
50483
57364
91748
95948
40216
2382
52229
43366
65462
60174
2160
68746
85425
8501
79053
79271
17870
48466
66440
79994
45535
69972
52148
32021
74769
71251
11309
8886
93709
27829
88284
44192
1546
96384
56492
41762
98766
8721
85129
80581
68895
3641
65679
54321
12143
44732
49944
46365
9550
32736
26360
55085
19060
94860
3459
93830
66111
14768
19068
59820
42598
7353
20364
44144
3737
76856
2258
18856
1930
87387
15789
87177
91029
81468
41498
19524
42552
7795
82241
52103
40531
8601
23540
75944
19813
26999
86126
2276
58120
5194
62096
17070
28899
98812
77566
48989
92021
79824
67845
93951
83564
99986
81128
90945
81454
38979
10469
40358
46774
92710
8813
3657
17664
32354
95953
53829
75705
82079
56106
33825
87274
34554
50895
16173
33367
28461
81514
25388
24638
65711
35691
24554
65697
16819
15499
47151
55798
42320
3862
18924
51382
12675
38934
85398
45029
34887
39228
20735
16967
95334
54560
20593
29888
21808
53118
79607
66621
34633
4995
7611
344
40686
32165
82394
73858
47664
45897
29656
6336
49759
64933
57719
62435
20219
43117
7464
55106
98697
44551
88425
94031
15464
25370
40272
53624
94841
19879
20245
29474
41227
27857
46170
81913
76374
28564
55771
40391
74462
1780
46727
40573
83065
20798
3008
3284
80268
26825
58390
78965
71376
63168
89349
86840
88538
29621
40464
83379
65852
77062
29205
7079
21271
91728
5345
97645
36644
77468
38036
27458
79248
1116
68032
62313
21914
71040
81949
2182
97865
56692
81148
85594
19860
86849
88786
24750
32822
45603
24482
98674
22665
70039
22106
60288
78119
27451
57933
14764
4919
12322
58574
520
29790
26606
79185
51704
13999
61135
70239
28216
17827
67739
30162
54039
54588
18949
95141
87410
64552
19623
2436
3569
6015
24542
63857
84134
68345
38142
15250
73265
66816
90177
90137
96606
33135
69322
64663
47134
30457
34902
91703
64636
2641
21865
35027
57229
57166
30169
60991
38070
66144
63427
41639
72159
4322
21848
72646
72667
59991
4248
45932
43159
94425
52421
39766
27561
21744
4429
91047
68553
55683
99102
33190
58324
20968
84569
15553
94486
14738
76544
32557
97235
56323
90548
69394
60645
12397
58392
33313
88740
78993
95597
31899
73418
48019
88017
17331
86115
8798
8379
54668
64481
7481
4210
22805
44801
88780
38358
55640
19870
31254
88197
17105
3930
78745
2852
64575
91142
77596
14240
79882
56589
26190
28134
30008
90561
16151
47339
93028
24950
72070
47696
89431
95904
68259
28589
57057
73391
66947
12697
93261
14554
894
26719
34836
95992
45923
15763
87134
23519
46356
83369
80109
88898
27855
26469
79459
44006
90160
88839
85308
62231
52887
91092
58135
21146
19681
15192
10889
2980
44242
4151
33886
45136
47222
68722
41128
93145
84486
44615
16664
30842
44336
96773
19740
72191
39594
15551
32549
29755
4390
34210
91986
57277
25302
66473
94776
44983
98017
5665
64315
42259
26168
98202
3748
73390
66924
61228
82887
51410
5843
99552
82252
66531
12677
1992
55074
52272
33895
87624
82027
38285
38186
90365
11915
63488
73190
6691
24823
71207
28708
89138
29819
54877
87340
33567
44619
70617
94795
27507
22027
16991
43411
20632
83522
56088
38976
38597
24712
72872
42573
23091
11157
80759
13456
39424
60599
86646
62467
1774
74206
91176
90912
4025
46053
94605
53944
7024
81574
48739
34531
3601
82082
77942
24233
65605
50383
63210
20554
91447
36082
63127
14539
63591
60238
44347
3016
20837
30994
65483
38963
21552
73011
46227
41929
35416
57184
95873
42441
38758
60964
93324
42360
43047
87619
82945
25004
54354
62507
45558
45801
98589
25037
76692
78533
1627
21040
97901
38816
68386
79736
77779
89938
52748
24006
31867
4516
81191
44092
46957
19949
5056
56634
78661
64455
44253
61607
89459
98607
24114
51369
60760
39056
92758
37453
33941
94385
58493
31842
33201
26879
27930
10980
33169
80678
51339
81388
85195
32530
25480
48504
52479
46888
5138
47493
11344
65743
9100
17155
64350
33214
84877
41463
88622
77635
78916
22563
72021
53761
70757
21574
96992
98688
32555
30161
95718
83894
27901
97265
32776
69733
45770
1607
16621
67260
49100
27965
33004
58200
61473
13706
7767
46350
55169
12741
23985
50437
35305
12358
4198
22414
33933
1190
21102
82840
47703
33173
83086
91956
30438
15862
61689
92560
17469
78311
59821
82922
22628
9177
57474
84101
39235
65241
46803
10757
94335
87141
61194
45992
99499
81745
68406
33432
99287
5861
16272
46991
39034
99358
38947
69472
31572
637
62033
65394
95300
38206
48316
17928
63735
5790
18382
2970
87384
65185
13727
81719
52326
74922
44063
68178
73019
12469
1610
72306
18330
34235
19297
57364
49945
74597
43189
97870
91586
21574
63264
3238
59780
27932
21166
23515
33722
55900
26485
37458
37438
56565
35529
6116
47839
79592
74294
20858
92062
92257
93164
26744
42844
28814
461
9141
19763
43650
7011
27701
65224
86627
30939
41356
14559
52105
64871
64634
24358
7708
2092
61796
80625
37622
67912
28464
33566
42207
65674
41980
50816
58839
68725
93660
4005
69186
2801
23768
29188
9813
67821
10764
96440
98760
52120
27352
67217
33343
91986
91575
57403
94078
69723
38029
48052
37636
82845
81619
96195
48520
23599
47011
23711
8676
57023
27716
94214
59824
67836
23402
85989
35657
34166
98782
50769
2638
26134
17986
35981
18120
25914
9737
28550
95637
47766
76603
33273
30611
74574
45820
95483
14525
9183
19194
23202
66206
46910
17416
26031
31098
57171
28372
66755
7689
27154
17524
10328
53288
51863
62661
87760
77777
72398
16311
73414
36516
9266
23040
83480
83840
68860
78963
98365
78044
98158
37919
44250
61420
55336
86633
92519
12507
31358
75626
36548
58512
9503
46876
28153
61366
9538
15913
39143
98288
48576
12557
51157
57842
51949
34637
58034
20810
29952
72752
15206
44462
10671
75808
5883
82359
62442
14754
11218
93800
90380
47767
68664
16235
10995
96817
77601
36885
29083
16744
35174
94011
45654
86331
68206
97603
37320
42592
34765
67272
15344
49971
11735
42368
25780
33970
41079
4574
48724
52298
14726
55456
16417
99742
71692
27412
12912
49293
64298
41995
82390
15824
52358
44396
2155
20564
58351
55827
63157
9469
23099
94853
59440
51186
53573
1572
85156
94653
22498
50232
63303
37224
5689
79720
36967
77381
7132
49879
43026
87782
8226
41768
3606
76936
2516
22113
97501
60868
77940
77010
70337
1040
88215
46129
52226
41789
47702
53735
36442
86552
3967
16097
23777
9656
95817
77096
3389
19301
43327
62768
7084
67905
20888
27042
44841
23405
49156
58694
625
27096
52056
70962
44488
40272
33443
13067
82061
97497
66802
34855
84050
70769
50952
24179
96778
63121
17627
16519
98774
60954
95639
5858
45211
16528
32901
90052
39933
98409
48747
40558
25505
17155
27872
69994
57427
77667
83061
55840
75165
66215
7047
75567
36984
74351
99746
50114
37472
17373
82986
36247
94679
78625
58457
39890
95153
7710
46294
35086
6119
11393
91996
47977
28549
36220
17971
2328
13888
17384
58169
89053
83599
65216
64620
36935
55920
80718
3402
9744
14443
86388
45991
25474
65013
20801
81716
60167
44863
28010
11605
50983
55756
19954
15312
657
56174
49635
2985
70062
67019
77506
75467
66970
42723
40087
3905
14995
37157
7307
24739
51600
10047
87083
93426
75061
7884
75142
51580
69099
19505
79537
20082
75261
99491
51746
75918
55666
1381
95255
25728
84752
72762
1196
51722
31837
57635
71980
46832
94793
95639
71571
62745
5687
58654
56172
80748
82890
47666
48680
51990
67171
28217
88424
58784
27709
40171
34702
83375
57904
46310
25455
42657
19072
26651
94379
50909
639
82711
97741
95432
78351
85664
74529
84038
60671
47053
81138
59913
94720
29818
11903
61891
58035
16680
20676
85744
73203
71730
85471
31107
34392
10927
90116
53464
37578
84496
20725
54569
83559
34818
50001
61910
20483
40883
45948
97506
4288
27086
57419
99008
73256
69323
77252
31292
2355
14280
33388
75558
2362
18860
23017
36755
29787
13134
6571
83717
13982
27297
54639
97541
62115
4640
59452
82598
61875
21752
80104
66164
48839
53876
81524
22095
23199
75128
69739
41906
5760
3128
17464
8123
38340
56833
61230
84479
69967
67801
84548
83949
95098
39187
97843
73566
60180
57295
56164
22055
79047
52621
4571
44238
6497
2448
66334
46048
77576
52425
4306
83337
55553
38122
7812
10245
94955
85394
94724
64923
69547
79273
65224
80998
18460
63067
54564
78640
36714
27080
17048
15762
96053
21619
60000
18902
24067
42686
64950
17996
11464
69256
17685
83369
7378
41849
93615
18686
43595
88339
83609
13142
67612
65185
10492
2425
44605
65056
81065
81319
8489
98113
13433
4542
36085
73434
23445
76504
32472
4747
10852
60288
90356
28537
43658
14086
86738
37273
32772
30333
25612
32733
59828
9577
97919
70320
12002
42524
51729
9419
40195
76570
7533
53629
81112
59970
43415
20909
36474
92239
25657
47327
52528
16013
92216
96186
46451
78955
49811
79224
25640
91775
11957
1820
1352
26228
72141
29706
85104
40222
39126
25300
16792
46659
78929
14256
22981
22344
35166
59455
14583
77175
23134
67111
9540
31703
79649
55991
27010
29460
35215
52650
21236
63525
70823
38940
89753
59316
68647
74858
99538
7773
16510
32682
70784
95439
46938
93765
17783
82104
69572
48718
59279
92707
15830
68819
40762
11831
24811
67772
41292
76378
36774
62528
39903
7597
1468
46009
66913
86467
37219
82803
94240
53729
15485
65024
49168
62424
58789
83303
60880
44714
32021
20160
53773
64203
5331
94535
76035
46494
78659
17327
22873
15433
96207
79128
39383
14027
25137
22648
495
78708
5452
11087
32437
37289
76112
81605
99713
51253
81260
60594
95967
13282
97106
49740
77485
18789
60627
53520
65284
39286
87199
4509
54720
99758
83637
10455
30138
25127
33103
30633
3835
54907
41720
52625
92197
34184
50582
8262
1790
31843
85208
97757
45125
98666
63850
38962
17456
24477
8835
99092
63764
96034
3601
34836
12145
3590
45291
42283
45069
94746
72916
65257
66006
30988
17882
74555
81525
68464
99169
83315
307
730
97424
61784
99396
61274
17099
33204
85752
25934
32296
65868
38320
52249
704
50465
72192
62347
92748
17261
73445
82016
98870
39451
29357
16752
30358
10882
1569
45880
10549
18228
46610
7973
80013
46006
69248
13464
95563
71352
39398
44211
37220
77718
96461
54276
44536
85005
16623
37284
18618
90068
19301
17489
45872
65010
34241
92582
75892
35810
38462
2793
70391
85072
10766
50404
47431
96366
63868
42994
84070
19618
87205
37642
13688
18
91918
58224
85023
24893
95509
19994
31314
31162
37483
93538
96172
88076
86120
88416
23887
40935
91209
10630
26007
18327
77386
89790
14694
41254
32784
15116
77224
36342
52759
90912
52712
61029
49137
54088
85923
60998
74082
17237
92160
11565
10775
88332
99641
13247
93100
39880
54182
84309
50510
96542
2636
27896
86332
33682
85502
35469
65151
79078
88163
17910
69991
40875
95291
35480
94963
81214
96478
85397
14803
88638
96962
25578
93322
12956
55178
2774
52836
9360
87083
19699
22254
6071
47595
24939
56106
49450
60408
21257
28528
64923
55519
14871
5798
50810
50351
17114
32025
46829
2511
46828
51819
99474
88759
61493
28782
60289
64267
81618
86001
67702
17669
8256
73774
81617
33195
29880
31067
9955
67489
75947
74878
23008
90819
97028
73818
41170
14142
22195
4352
33006
85376
72523
48832
90487
34017
77614
50776
14636
75584
36777
82339
93254
45033
56113
74871
94580
2345
22290
20887
86186
98237
95765
9194
89056
9146
99364
46579
39640
37912
67283
72646
23288
39806
21478
13775
90175
99092
64551
4812
74677
1328
87151
67931
62714
59616
42802
57294
78313
81444
94534
64499
79681
6651
90045
85090
15797
5761
31669
55438
43673
15304
28084
83313
71462
49563
97088
61638
65007
77991
82802
39684
79320
86305
23967
58386
62273
83121
32032
40586
64565
26566
21437
44247
33218
27834
29337
49015
49947
77358
20805
93621
9014
48890
76934
80476
14805
90375
58466
79812
68366
41268
35849
64038
27573
59816
38776
89846
59290
70809
46784
23855
97375
84573
84454
46945
28759
30143
12313
78707
23853
33118
72328
32867
98360
65614
29696
13165
72341
88162
9330
57060
29431
61531
37450
73356
37699
76227
79555
96989
47036
26339
37197
60763
27265
21651
7709
56024
68147
20022
34731
92000
69492
23411
41220
67853
5378
70916
97370
77719
59078
23052
34779
88509
84583
72230
78218
38635
64809
57773
35624
11845
464
89173
88960
27729
27177
96669
83754
95324
33043
18485
3676
2536
41897
44896
86741
47275
15812
84111
41346
74891
23516
92478
79752
8099
81060
57970
46734
45869
32095
98711
74066
32560
87884
63026
60289
31413
76048
44043
26737
9091
62529
30414
27979
20778
91662
31072
84405
7475
15184
25751
82366
38700
18229
78470
63151
99289
36441
26238
45158
68536
41301
19224
17448
45537
98603
77738
76951
74651
21781
20040
94
662
66806
28074
21440
58469
59146
5845
65944
90682
31597
64662
45734
66178
43132
25238
65468
95925
51476
26978
80814
92777
62555
98262
38314
61158
76000
31617
52161
14134
51658
52255
14796
18464
96681
52589
76933
72180
74786
59229
62862
22735
23891
24949
88914
67024
66539
70734
79301
18015
14064
60115
27144
92971
74730
81810
70481
50730
29780
22642
81216
81438
74898
12365
16254
71579
64954
93188
60111
39740
52417
39326
78828
92661
64275
67742
76037
30814
54828
55338
65181
68892
31806
8677
61864
6536
6839
32345
73618
36619
71340
54835
18057
46238
67200
34312
34169
48506
43852
94281
4598
12621
49959
83426
5282
14234
51168
97671
61400
22348
53010
42933
91241
84816
51610
69457
7704
74801
18154
81322
11421
89494
52509
45830
35732
19709
80142
86254
84567
40346
96887
89166
52968
46846
72592
74602
77432
40113
72274
55184
62461
41636
98117
70054
42804
66079
39511
50508
57232
57666
48182
68653
47160
692
14484
99245
36753
10978
1851
21321
51325
98738
10487
20645
61936
99431
11599
55720
39544
225
10904
18358
41861
25373
88412
1017
7804
27924
51525
65036
85590
99708
50042
49102
400
64526
48347
53505
75504
50198
74826
43181
65288
85313
63826
27224
1097
75426
99296
40641
92003
10200
58999
33865
51925
47412
51234
76081
91688
2760
57470
93630
18820
7512
42732
35572
72038
91080
89077
63894
57630
63904
7076
22919
65569
70902
66495
66666
62680
65792
23660
54684
92344
99011
4901
60622
62775
56135
36703
54463
75247
94173
48093
10419
1685
7178
45991
90075
14610
51421
53970
72240
31677
61046
11511
13598
48300
94359
96617
10981
76503
20277
82017
85199
35640
86918
45821
98416
59405
98877
69231
34653
9402
33677
61424
27440
40855
7416
17515
55465
75189
87837
44057
6866
48883
71921
36816
13536
66280
33433
24517
42783
70062
22886
27982
5703
26156
90156
20471
85561
5385
89702
36566
14787
39731
97991
42227
80586
21759
76095
52403
96948
63932
12813
20166
29168
84734
56982
42704
51014
90416
83573
10149
60478
6459
54483
82533
48967
44639
3004
34528
66376
92707
87447
81164
32438
1790
39743
29377
23549
32190
98132
36849
12475
10945
57015
57995
12031
30349
699
79397
37117
624
5898
97596
23435
60382
96481
72402
21373
99486
23282
87750
92193
10729
85266
40983
12519
25009
86712
52420
73552
84845
89269
86027
12142
62636
44022
40526
92986
61073
19923
30103
61697
25822
44051
85132
2556
40533
73886
23929
40019
97168
28031
48564
7898
13297
5899
36769
54659
92612
89190
28211
77457
78459
30590
5951
57448
74612
46477
50434
52037
82753
96889
13734
8575
57293
15218
27483
14178
89104
51412
70549
2624
95796
35465
10522
25445
41364
63644
80104
33976
52834
24667
27785
47645
55257
50089
5093
46221
96566
71879
98258
79319
85121
28344
4246
58766
59914
31729
72944
49018
99494
59845
67995
95290
95310
94869
20735
53026
58513
17192
87003
27699
41859
31140
75345
13469
81229
96790
76042
94148
85022
74301
89819
70143
18997
94066
45261
78912
42147
18205
44282
41641
94402
12277
53283
89712
7147
90371
42738
65660
7563
46093
9712
65774
93586
85057
95595
91167
98199
71638
1667
83221
62291
91487
69716
81288
1905
14977
60200
44052
49534
4483
85694
43936
33112
55329
50000
40259
45700
9091
22272
69615
71536
31984
35390
65122
33393
30985
72642
31592
18975
74309
31166
81266
82148
17234
62555
84053
32212
39107
28106
98098
59942
30152
58387
93055
85481
8387
49666
47534
33830
71938
17149
5367
20274
68891
86841
53667
99877
75835
1612
35204
50145
32778
16471
32293
50012
95378
16347
98576
34485
60805
96675
94428
7309
55062
3835
92790
79801
53501
56676
13632
41792
73826
35351
62066
42717
22192
15734
58946
98028
33698
94151
64525
82828
26974
13170
32840
22352
45869
47769
73189
6674
60796
83969
30335
32210
87804
23126
12011
41306
96154
41995
99450
69980
93698
61516
29050
15891
93602
4348
30271
27300
98499
11148
10128
41825
24318
59321
64177
86540
23442
37367
9566
84238
21336
39902
16448
25493
79380
44811
83151
75534
3159
82601
61867
96857
60469
90917
29100
54072
95265
75723
97724
10117
86871
24205
51942
27542
83526
32472
14082
23320
86191
23648
7558
7527
63550
40358
49372
42930
1521
32523
34817
4680
31476
96684
17890
91946
3953
46990
46018
99218
22714
60094
25687
25937
84299
77630
69831
84177
10102
265
7497
96293
40266
15055
20172
20168
71765
85897
79451
73287
18420
14268
94319
66249
10952
12209
58195
14905
59200
20565
30475
98266
80659
56163
40555
81311
50145
26739
65488
76599
27004
72986
72892
67270
4393
9416
87439
92511
95313
66890
65798
30086
97510
60117
96335
24814
88679
54530
56071
47879
91447
86546
62497
72106
59061
19404
53417
9206
46143
35258
85805
73148
24596
75049
56770
28989
84466
60561
21500
96131
43803
3650
42569
41313
80120
38904
66127
68799
9786
22198
33030
1233
25097
95527
73340
84158
31283
43109
9717
77427
78367
95522
66927
2963
86924
23697
48305
87742
84259
86157
83873
44414
89808
26443
85728
86280
81699
68207
55079
91486
6758
88109
9071
31855
99988
98763
32365
31271
41873
42082
8698
36592
53957
91977
55908
40881
32027
20565
28623
32638
6722
28848
77052
12882
71643
62780
99162
53343
47340
70593
61181
54098
58702
70252
2305
58690
69016
34670
89962
27241
93105
15012
63833
47062
6990
36093
4295
39017
56658
49270
88007
63381
78118
65059
92615
49762
44192
8130
19457
91532
78723
80638
45630
37426
67242
47935
12468
36258
98957
2430
79851
92062
33795
43685
55476
57137
79778
76123
12506
52789
25393
513
32522
3512
65572
25137
69626
9764
49619
89083
17648
28343
86073
63278
82121
69667
27565
94589
5926
42875
13372
85777
34937
47167
45814
6766
20656
41945
82889
33162
94734
8283
50027
43608
28147
15599
85097
97773
41716
34717
3208
59364
63060
5633
38995
45181
75300
66560
39770
97578
25787
69494
99708
77077
16661
61874
83843
37317
20171
83084
86831
31257
7719
36858
74865
35866
68810
59963
49991
10526
94680
69551
86242
74092
75184
25237
19273
66837
8150
75395
80767
33937
44890
96827
11014
77903
75054
11209
31573
95225
94294
18404
26483
2013
55263
17700
37880
40425
77663
4223
50951
88695
73775
37193
62787
65311
78783
98412
48500
86933
90160
45620
37222
51402
42447
48237
29305
17501
59446
77230
29079
70092
95635
55562
72106
67250
73262
26338
7675
67278
30561
74978
55973
20688
28523
35113
2352
7306
33525
50852
94239
23685
96472
31462
75087
55272
96051
20745
89125
71849
97975
18204
41942
9962
73766
14048
93564
63381
56738
1239
30659
3651
92569
2984
24340
21093
38097
26692
28399
71623
93896
38991
11660
90369
86805
3100
61993
99208
40197
51118
71057
54524
69323
12999
64487
59441
27047
58051
39174
137
75643
86185
3789
68212
89170
28129
5657
27267
71173
50409
15242
65069
89400
43255
71790
92557
62707
33783
91765
2904
1254
62822
57428
70577
75822
38267
46370
19221
12671
85545
19359
88314
71730
23148
72878
77252
67629
94888
20872
55154
45297
36114
20223
34697
95721
8366
43606
74780
58501
35371
77684
59755
98193
51465
46684
90367
89732
9407
25941
2403
94952
45300
7069
83034
84800
96300
60287
68781
91188
81159
23935
36485
33625
60510
87534
45699
85228
31140
20479
43730
66511
98164
3485
81056
65981
66522
71424
55713
75929
97365
74469
87233
59017
97890
70267
60169
94190
46906
28950
85378
28065
69237
38215
61691
29747
25749
7390
14976
56889
27869
75058
39752
42385
94895
20809
8366
61417
8585
80432
53698
5950
71253
40931
81319
69143
27551
41488
79686
74457
70438
81416
18875
56027
19632
96918
2126
45381
20660
17102
18623
64881
8512
58375
7267
3408
79184
31985
81177
87769
28769
34876
10071
22
92159
91390
85518
19710
49230
81556
10520
36020
62972
29395
92047
82604
42665
94174
44338
63325
27628
79313
28206
36141
37688
51825
55901
33225
83811
37078
37346
28932
88306
47418
45307
80466
55160
47177
16528
20743
28733
43400
56763
91705
89147
48811
90662
31812
59337
51352
95137
3317
30665
23344
55810
84705
75169
11711
17930
75332
48790
71629
4265
37096
35399
65924
33914
90559
13101
50443
11302
41834
93843
84418
49891
99343
49581
40553
31155
25270
8257
26293
28587
55274
49637
84398
39980
41158
96109
74262
16491
61251
45891
37108
14700
81290
3032
64966
88202
16133
15409
15856
74319
25605
16626
24210
24948
66207
81116
56103
91477
89373
98748
20065
44648
64737
20815
980
5896
33276
91594
38739
10880
37486
92199
25580
35128
11583
90546
39682
27716
22308
71891
18387
64265
88517
42597
5565
71077
23713
78020
62554
13087
76769
98971
74087
41506
36138
75067
63754
69415
66661
18845
80295
20499
11044
5875
71980
22627
12773
28014
66695
51433
99905
85082
15698
4775
44032
37615
75852
67745
15636
54758
97184
8757
53730
71271
66615
89868
62690
30370
75635
45704
65567
55930
82555
76612
78157
54535
15591
7283
98902
82287
58716
98807
83721
90767
3582
27753
28382
79434
11851
60370
50545
9035
69127
4275
96659
52095
10495
75701
98817
86131
37757
64384
58413
20313
40996
36571
91200
72940
43854
90102
55227
18922
5262
55300
9689
8844
83054
54424
4631
94905
14794
55176
20292
274
75803
16951
52369
2650
9005
67538
88781
46762
31922
47195
67075
89271
118
74628
62211
43972
64730
33790
79246
69992
89090
88936
95189
88496
43360
16172
99753
74506
87700
20046
74780
79855
53349
43501
82505
62354
11039
87639
9117
59314
51186
92544
48585
51304
67172
10796
11628
48255
60938
90874
18247
50028
79810
29788
54877
39522
62312
54630
14029
50012
74676
5161
29867
44378
48663
28725
6732
76054
16364
32201
35368
67550
41098
83953
18854
8270
11101
46834
56525
72039
37708
91125
38420
33871
37265
93297
89745
99578
47927
3774
65942
38956
25288
95810
83334
73951
24535
6418
66357
57251
54972
1726
24801
96070
2031
60007
20692
13133
6841
77218
1524
60901
84695
39944
11124
21960
49593
870
37890
13873
20996
3833
52829
46284
15995
52515
36587
56882
75285
2945
14133
46609
4671
55286
42679
6702
15293
63372
36187
38486
56942
37712
99387
41637
94008
10512
79949
59954
27734
34192
73827
48730
54377
43008
95015
70372
11875
31602
43606
87160
50899
57739
33770
55570
13025
92801
78625
44670
56173
14812
83156
29467
68876
98895
87456
79237
9407
83758
39191
53493
17950
13018
2224
72327
72378
13591
59051
84253
61545
2657
87765
12445
76748
37887
84367
6125
30689
62992
50795
3214
94157
33951
32682
63033
49198
36490
58622
58606
20248
97813
28451
38198
27183
47027
26877
15913
76970
85928
166
38516
88585
87932
67313
81685
42171
68032
87810
72860
47377
38605
92427
41534
88908
41461
20919
38107
77951
79542
13065
98200
93707
41516
52750
37243
4896
79628
53156
81866
81908
53323
20382
86846
57607
4047
68531
99778
88432
56342
88991
35809
11299
81418
77343
208
22879
14614
54667
17182
94156
67732
15382
4216
25600
68133
41459
30496
64113
94615
12363
46021
47938
49097
32867
21897
69497
1399
38028
57929
74093
43371
93738
85392
24789
87433
85600
64020
2047
56619
81202
12556
40703
12937
16772
66304
81070
58231
13152
61535
52846
41867
7556
17137
7317
56776
55386
76814
58175
9766
51095
32268
53137
61185
34012
94278
48618
19613
58298
67017
92584
55853
79573
33288
68790
12697
15944
66212
87280
29096
27747
56479
87316
51655
89968
94633
8431
45354
71447
82958
55121
38894
15226
24610
79
49239
18889
65049
85204
77187
32066
77788
49392
27992
27428
34534
57041
43372
746
44322
88821
44845
801
76137
96501
90769
70770
4932
52475
58569
4243
7596
97463
19469
48559
13894
85060
67448
78943
86616
44635
11009
80757
10380
55353
8185
44914
12395
67910
62013
56717
56731
6858
73870
32868
19711
64639
3638
40996
17114
78559
45239
41063
76022
81060
89622
6268
66121
57070
85211
69089
18057
12572
66198
44789
67926
74384
89704
96673
58646
68069
53390
15377
74927
27260
48245
94639
8251
68235
51987
41717
63146
97226
82780
55520
78286
88754
61788
60759
62176
46999
46201
96586
59571
12399
41375
43849
3135
47431
40522
61781
15500
93912
77158
6780
37524
41755
17771
62127
26342
69758
3845
89488
83336
2977
45008
77974
91732
23148
38734
70260
70147
1287
66846
46071
13686
24574
89920
16822
88357
30443
78603
20210
40707
72114
26990
94584
30221
44761
56711
56564
30871
60556
62404
14207
63534
23765
92181
71618
46913
47267
41878
33413
64906
25077
79484
78593
66003
69404
11767
54360
16199
6722
74570
73259
78836
17912
84195
9058
62673
40906
81974
9896
17815
60730
24103
97701
84495
32637
69319
31409
96256
27549
64822
61163
68978
60658
56108
34981
46414
67875
5694
78966
74597
96616
68577
69786
14529
52772
95196
93554
10030
77170
3451
27845
37900
43906
41898
38748
92895
11217
86509
5504
55119
67683
66667
24097
28341
39127
75431
74755
7002
97477
53721
97951
94093
22298
84089
24974
91422
79285
18529
1453
72807
38332
45650
10708
82238
87549
49456
91486
15118
35965
96990
86589
3648
80009
10687
48341
19136
2470
39448
42490
16299
9522
56793
10392
48172
40883
51719
39595
20168
70248
41048
92976
8580
3050
20036
7170
90599
85844
98656
22070
38161
11998
8659
58161
92007
35698
6502
27495
54520
45950
86337
70819
55472
43131
97564
3645
84014
49283
59592
20534
19531
16992
29862
44463
20042
49898
67985
26994
52094
66642
49064
90255
94992
57723
48416
87000
93422
71270
30847
47942
17221
17185
35114
89045
60316
32678
9042
60682
81961
68634
97568
1492
85626
27431
62307
5669
93681
30292
49015
45776
13286
98079
36031
8279
72154
800
95279
65576
72070
42478
29871
5643
59663
64985
11041
19979
97663
20083
97013
79624
5070
94582
97468
90696
22013
76127
12717
15694
6419
61732
77822
19706
76163
13854
27985
48318
31006
39616
30246
19428
82094
60117
25072
58110
41454
36113
94441
55469
72548
91455
51445
77618
86037
48913
84667
24402
25040
13736
56448
47812
91821
34271
67518
67984
64477
11855
16302
95483
67823
46549
14911
66269
23018
56335
24379
80825
8800
18821
36294
97701
10276
87740
91671
12665
53005
76338
53419
94398
6427
9867
42210
98248
60490
26080
66232
41319
54287
98887
53154
22110
61788
84418
88379
1158
40753
12759
81983
65906
31580
34630
63607
58208
38722
55278
87225
91727
47969
40644
2477
54396
66863
44687
52644
43706
87119
35228
85025
41406
50467
38180
63516
28607
22598
51896
46118
79703
81007
44453
45609
28939
79083
25568
3499
17805
97199
90724
25885
45168
47720
28362
99564
14583
89402
68560
74641
76521
20140
59667
17928
86960
14199
81444
31919
53149
49692
78037
49204
47051
22491
11166
92342
1574
36734
95841
35732
33933
2917
61617
79101
50637
6331
95017
81573
95733
79929
56214
72255
16422
32233
90183
3382
46432
87979
35301
15933
54024
13339
65138
17427
52182
76304
9770
70108
13038
21963
5840
63324
24881
83809
58777
75518
90141
53795
73443
2226
50076
46010
74481
66498
78243
81016
86232
41028
85348
21534
56961
55724
51225
22099
73151
3407
98403
99273
89867
27794
21237
95708
91118
46118
95869
49895
37988
2362
20042
27784
4589
70119
73794
95422
52969
52037
92791
39202
93065
78139
77088
66379
50215
28313
88478
39718
48072
3234
38992
37939
47380
76581
49999
38498
39051
62221
4745
93391
64583
41140
21175
85524
27611
94969
80947
80580
63359
73738
19782
72776
68229
13222
39155
34796
41535
43986
74514
5959
47220
29858
60251
94600
6439
26602
49450
45490
88823
70547
38882
53407
11687
76409
38931
55650
87731
36230
36231
51090
26320
72365
40218
10901
85588
95726
45697
43475
39712
36564
65787
3284
66422
42390
97884
72862
68992
63686
34704
57816
34233
89938
27575
62273
66348
82858
17923
54079
19089
70506
21521
61761
59224
78091
72663
61164
73817
18360
20991
13529
54924
86778
16813
37699
29168
31049
10561
98161
94735
61617
72329
45321
51556
99904
7594
17904
99114
41869
88335
34555
28728
26208
96317
87952
4299
68980
65468
94469
3692
86459
7998
74969
73238
41164
12668
18758
88565
39581
33271
99653
1198
5600
44974
69106
21856
68920
87010
37323
27141
91697
71878
55869
17905
68195
60173
38557
37175
25641
33026
57220
28453
57376
32189
18043
14892
61209
36801
3458
790
70073
3111
18340
92025
64437
87447
13882
33357
90809
51205
60498
82507
39435
32720
16764
7631
9245
71673
61158
51239
21051
18378
79692
78428
66919
97735
9672
28128
34536
13130
45270
20961
32593
63611
12987
97030
51058
43221
46739
41867
10778
23590
40726
50213
56310
73843
57844
81907
45516
35355
33146
66568
53733
12838
61348
37005
10573
71020
65133
61462
84151
26756
82423
33096
90367
95410
30127
57777
38631
76866
99644
65761
16808
56723
15975
73118
30566
73819
71378
92434
25526
4524
59002
79260
17363
36702
32617
44288
7723
14102
5750
8226
40858
88174
41322
31225
99936
87801
5354
54920
81020
4999
20681
97828
78074
36656
87299
8640
26828
58677
17426
52354
63201
76429
47966
96916
13131
96935
41205
37206
11038
46955
45432
51896
51481
3107
99474
51418
90908
4828
22690
71928
26179
59723
86109
20605
96380
73408
45597
39560
48437
63024
8266
11638
55805
72585
8555
68936
69520
66112
22495
96910
13067
84279
65159
80901
87386
64633
48671
78295
85813
71361
66575
28345
31084
69036
65302
43816
58796
10900
99728
7233
73924
7995
35224
29729
96932
60131
15017
66452
26243
37512
63363
55662
21792
28522
36563
25530
9507
85234
20177
11672
72947
3105
56369
4032
72141
21672
64200
30938
48924
63929
54523
22848
71924
89747
68929
85208
49878
298
51660
92473
37811
31375
48136
75955
76249
1051
17837
2108
2638
38015
30133
75585
41120
2854
79617
29613
40878
43818
60551
89802
24099
31427
29002
96023
21174
97931
97583
87405
98230
49243
96230
52393
96971
60718
44700
89572
61770
62537
91681
64408
16904
38166
39993
58024
41020
35963
3990
81899
96133
64541
71701
20232
12320
704
32607
33495
14987
30190
37252
29569
95785
33482
81962
92756
10553
43014
98681
72323
21904
90362
53083
38808
28528
9428
13185
69548
61743
17175
67799
57876
98068
55853
94460
10389
72909
27067
60236
87896
73609
13840
17466
69395
63674
15780
78503
74227
75147
93536
46550
97051
83898
15985
35859
28778
25414
65396
14679
87157
82571
82478
61386
96992
38331
55846
7381
11240
99266
83969
15489
89227
97809
49307
74974
61483
65087
69830
35711
40234
63366
98613
53637
47265
30951
89497
92395
56365
71245
7074
59874
53817
89553
37612
67161
44236
93459
90894
71829
9077
74863
87318
98304
89024
36625
73279
66859
18064
43109
18922
58299
6475
17536
11936
70092
64839
17785
62488
37556
5383
69562
97430
75552
75467
35043
42713
36056
44854
33607
7885
53931
24822
11555
68587
13846
48180
41866
80705
66244
84975
99628
40895
7803
33516
69184
77895
98355
3321
40383
52263
8704
9946
66045
84256
1765
1088
43321
37821
62294
76928
62058
32577
1750
73613
1165
31948
21793
43031
12654
4390
44359
28634
61637
52162
62150
30821
46409
76857
50495
86793
29120
75551
13091
95165
76160
14856
12606
19481
69030
91252
12762
31088
40182
14512
4702
41347
62813
42847
730
91819
47237
61441
20453
25227
29955
98955
56048
76365
92164
22895
63158
37636
98447
92601
49153
74607
23809
78111
10440
9191
69364
23202
40280
9546
54067
61334
67245
16880
4181
67975
8699
67771
45769
45504
92998
75724
44459
65398
52089
52975
4646
31599
90611
3093
40552
39764
94052
64362
17876
4492
73553
3592
44047
30185
29490
98114
91519
96735
14994
12053
81062
40045
96176
26831
85549
5526
18908
30008
70924
70997
99335
75570
18949
89946
95015
59501
46062
5419
40215
80290
26264
30121
234
70311
60306
29724
68425
68178
42811
83419
96583
40226
23464
92759
67057
25365
98285
85965
55373
85561
73315
71060
77484
92264
61006
88851
68117
23420
94271
8333
3711
20535
38454
3945
7198
15112
50022
75623
83290
92833
75394
96225
33059
15210
88984
16469
40575
3621
18786
12300
5535
92101
83360
99371
717
44366
88222
85187
67786
98845
9872
87849
35732
64678
91795
42930
79790
41817
18553
79433
51002
10299
75658
414
25509
80995
16883
66084
968
35669
78384
6503
44123
61744
5874
61192
22462
10449
62731
6601
9294
72603
94450
45027
37281
2597
4309
33424
60766
39215
12857
28121
49514
88515
28535
75024
85862
45418
57460
86831
97439
35845
93334
57914
13941
15561
35459
36404
42362
98190
59357
51656
87146
53807
13035
24427
72757
33697
57851
33523
72912
87060
61644
22426
91928
6531
13802
77790
68301
71263
80973
82093
23460
74308
56359
53753
6221
91818
6509
48583
6361
65866
16591
93507
36026
45979
34286
8783
79676
8490
58658
52588
95550
36655
91366
3830
43186
21521
81621
11488
9136
62594
9933
48948
53254
66292
2701
75827
58111
9211
40762
80824
75077
57354
74331
11103
19685
24969
36238
99361
33459
11249
68301
45362
47904
76019
49192
7442
97540
47165
35282
23028
9760
45215
71976
79366
11508
74678
55194
85971
83889
12308
66795
75318
86014
57478
2774
5699
82447
55364
21412
15907
66613
89713
77621
30869
65733
26813
38312
79625
73979
89946
2654
91
35162
74630
79457
63022
65660
51003
65345
65901
63312
32140
41220
65678
5970
60346
71378
88417
15710
92790
20676
98676
98856
98297
29545
64589
25111
84209
60566
15442
74156
79572
15533
25670
70555
94990
88692
36215
62346
54037
2117
42010
2529
59689
7688
8499
36387
79066
13268
52097
88209
33945
50773
87065
48594
96671
68006
90057
80880
44924
5499
55036
24497
21032
80706
95052
32375
85750
31267
11073
39787
49736
53083
58668
25777
77123
83519
62164
72542
96788
14262
60751
47085
81387
64168
95679
78058
32174
2089
58939
77098
7588
30327
17947
44973
11034
12999
93700
96784
60619
4773
52924
10355
57856
11592
36133
34979
95112
14649
7521
8252
28911
84624
55337
26651
48792
67368
21061
97318
69457
80000
74417
93398
10328
8716
38371
37714
21716
32071
34498
82335
36844
87422
9042
11052
15367
61527
62383
26831
76177
86257
35083
21440
87233
6772
64443
36026
74140
85505
33344
59950
81857
24113
53348
8537
32830
8071
46251
70898
56494
97102
69585
9690
876
78627
20742
16243
56507
99477
43074
49036
2086
94509
70476
89320
1281
51272
25346
91774
36777
75042
51724
18634
99156
21424
43524
48338
29495
89775
35588
85989
3229
5173
95679
4106
152
32773
36701
56659
48602
96128
5695
50689
90637
92524
40009
91919
43796
65355
45
80573
56749
51769
15559
72257
89545
75435
20595
35392
81563
56183
21381
84792
77708
33412
88898
77861
82537
41952
34520
31139
38080
56568
81828
28717
49092
38189
36988
92888
3544
37033
89813
60294
5154
21724
48903
94699
97160
69499
30091
95075
42034
67824
79867
19743
17588
85118
97604
16477
27070
48476
47617
65150
5044
45797
10219
54136
83987
47208
63376
3883
593
69541
80529
5748
91266
29433
16799
4778
15284
63243
99853
73670
31067
96072
93413
65008
97542
7369
81485
24612
72198
45454
6114
77242
7604
32686
47731
91591
96246
27459
11826
96839
97001
8708
18939
4619
54493
52091
25749
69777
15334
41954
43447
62753
38026
53213
27761
51921
76934
25599
92885
49132
71053
15352
26375
78657
48038
90458
86600
44284
17917
14779
57475
14918
23487
92767
35889
94332
44858
61638
64109
60192
3592
23908
22945
57971
77121
67059
9892
70408
92658
19129
19540
80063
34481
62267
75073
82519
52725
78025
43155
86995
92804
631
18265
32643
93398
54155
26975
38256
15793
7436
14800
35738
31345
54097
10061
24818
21156
36305
11578
30166
55434
31119
10230
89916
9738
1655
88787
62464
79680
31943
65811
88837
32574
84076
37832
42324
38231
81160
96932
70377
88596
28084
22467
36293
82181
32528
77464
19690
85185
89042
49856
40619
36513
76438
46887
46252
78093
35675
25068
74126
67618
90879
62963
16544
74955
17147
75220
29539
98307
72152
16268
3256
236
38735
55901
98769
71263
33365
18459
72800
38760
68316
13419
91625
61106
60307
37877
39200
95982
79297
29678
79952
70176
92641
96496
61484
26140
71716
7375
24448
60220
23643
44056
76808
62378
99957
75577
49993
49675
10389
22793
4787
78705
52564
96412
56163
29223
34290
95363
25205
29939
25041
21509
116
34034
18005
77952
60175
6073
1679
975
82645
25322
45031
59453
4052
61340
51383
70397
11015
61772
9542
15802
56829
62106
12215
12992
91330
62857
24708
32887
92796
66101
54397
9264
16488
88754
3568
93015
11180
5247
93990
93825
46921
55373
69631
67325
16713
21014
37722
44081
99138
47264
76235
72319
25723
4802
1663
33405
84011
26371
66292
76808
8825
37041
2424
25313
42148
22345
34680
53328
43944
45022
63505
7218
16747
33136
74543
49812
70502
28618
93893
69640
75882
70129
41959
17957
91283
43623
51362
75295
86346
34007
68455
11523
87400
87231
53188
29548
9576
87868
99228
69873
32890
62734
77091
49637
95870
67986
99450
66373
96604
9695
36013
88839
96176
94325
6796
87460
54300
74511
62755
56998
8518
31210
68522
95918
18441
21710
41819
44370
9579
41047
14243
58821
3781
7686
24811
16004
75672
24261
82377
72277
33956
34742
77468
46485
45419
84264
33945
16071
75127
96700
73070
83645
44262
41592
95916
79055
79654
54087
23425
89233
11486
54020
64407
15268
61706
89218
47624
37379
13479
30001
26008
63787
81095
3476
10272
26515
4092
60569
42586
79220
73621
32008
79217
17883
73600
91485
96939
53255
61924
20364
58840
73411
74385
39599
5031
52443
28817
52655
6174
58648
99008
32182
38788
80103
52010
65412
22970
72455
25982
81909
68027
99603
13917
47244
17487
3870
55082
30778
73477
17006
67494
48669
6769
58231
88269
11800
10675
17086
64455
16849
75735
63463
65384
30875
59919
17394
96287
99241
89849
22269
81150
57876
38225
11420
21473
72064
15290
92907
2842
88767
26265
70336
37436
33035
28568
42057
44835
39243
59144
25643
72444
51231
5458
37828
82106
65377
71575
94745
80971
77776
17015
62121
52005
71592
73541
73478
43656
5183
82737
46498
93950
9002
33186
47739
42037
61754
6148
3225
17349
65292
28868
6146
32875
50678
43974
31333
16056
15549
26079
13379
9678
59446
75500
61683
31038
65394
51513
74694
70577
34250
37544
80880
43252
70730
44971
1642
48837
51119
4867
66186
32764
50087
72332
65639
765
32659
13325
33173
64560
55756
46552
74238
31554
38405
35921
62592
3799
87434
53638
74376
38036
91182
55256
97641
78264
227
99283
27101
67699
20502
93288
463
70589
81972
82454
87706
30983
95779
20880
95544
67887
83784
86134
99441
22189
38408
78385
25988
42194
32023
16717
80231
39557
71973
77872
17822
88553
93507
44923
56252
14009
54563
73067
950
52888
55521
88656
83871
67653
25888
95767
35540
9673
81902
51334
31862
20310
29719
74203
62504
78095
90920
59087
17652
79245
36959
51826
84150
46818
13102
40402
60827
84017
29821
78129
36905
85343
83138
37129
52996
25378
32896
4888
35051
14798
56222
83266
51460
85942
73821
30317
80389
64741
89404
98041
60338
42716
66220
44489
89534
79322
1243
66714
79691
31065
44843
16597
16408
44333
53726
85756
69712
86622
90644
21115
17773
46867
20733
85585
49161
94554
15902
29550
75647
5307
43943
35986
48023
26515
96827
53909
22189
98070
20623
1881
29135
81819
18478
45543
26152
88556
31299
12216
91530
38296
49684
9303
1515
70417
94889
50676
81324
27143
96578
73323
32450
56873
25661
96825
83389
22488
50735
5578
20559
87710
23811
49694
69529
42289
11590
12034
47197
59241
40602
38728
97537
90286
64383
15404
77056
75624
66080
58380
2768
79010
48055
51570
52236
73717
48396
35625
96205
15483
57555
33116
19545
81367
82811
5427
40008
10753
17461
87206
69994
74415
42286
83884
64702
6669
99288
41758
82294
81721
16490
1414
77083
64545
52984
29319
54614
17732
64944
50820
49567
38852
83936
69113
20219
83099
74540
76579
10204
8353
80137
80199
82768
22423
80435
63822
45445
79723
21932
44091
61444
38422
45505
38528
19320
14841
84199
73934
48926
49144
41106
98493
4348
41395
83958
40919
40846
74850
17498
51051
83203
97636
47602
82324
36411
28037
62498
98208
7760
84431
42299
85557
39205
4156
40437
74877
35350
24636
48812
84276
90132
6270
99121
94480
47665
83080
35399
4864
57930
69250
55915
57486
83238
3517
56162
36001
47906
35012
34210
55666
19443
92861
57575
75001
13370
14364
49878
48720
39001
15042
49348
45485
37665
48469
39966
1682
47901
91717
6546
22184
60967
78813
96022
44205
82330
52184
80207
30236
87196
30769
2255
22992
23630
76182
14345
37000
90547
64223
2072
45900
95618
51420
91385
33283
16242
31351
34965
80495
39421
41512
2679
388
20325
98701
60946
19008
67237
57505
65596
54434
88274
84203
93778
11904
60386
8123
65257
67285
88698
83681
13185
668
35102
4570
33951
67696
52274
68917
48191
8047
26781
67223
