50026
39849
74728
86107
24149
14635
77299
77158
78786
99455
30762
11500
21114
87188
77529
66432
97746
84901
15153
86443
19664
89228
89854
17458
12725
78315
56027
78039
12405
12146
75527
78783
68347
50256
64891
92496
81243
58542
86007
60029
57997
33121
71529
95463
36661
49059
61896
34408
50312
93401
37203
86328
82629
43410
3786
11707
21725
59813
6098
50482
88311
81625
45617
56658
31881
10508
65506
13124
85403
51513
89505
59752
987
61035
55216
37648
26446
17112
88408
93110
26865
41964
79438
9494
85374
83224
37553
23451
59389
43651
73933
64052
41629
19550
20710
73510
46411
86216
2987
48166
54082
92492
7918
71421
69879
63134
9069
12677
96598
13830
22139
23463
55794
1577
49310
41168
1153
86863
80971
76894
30515
54904
40946
88496
90806
78008
78358
53569
80577
81345
1735
34659
90190
9654
22432
76421
72788
31501
5451
85739
61683
27590
9202
17477
45520
58512
74997
46673
45376
55968
39920
92243
27224
80866
97091
18031
75227
75449
87952
55804
56795
89688
90463
63337
99342
12895
56110
88482
60748
61561
74221
22432
89152
99776
56261
51024
58288
31259
14049
20016
3579
53969
28611
30804
51188
25702
65187
26415
1152
53139
82219
74299
59179
89034
53988
74873
18281
10098
79708
95381
88012
53929
17813
93516
70057
90427
44540
44698
38038
58589
81066
41617
28911
9678
88773
80099
51732
70312
22866
69236
39804
5085
59887
98983
10471
13875
73857
28752
40326
53565
24133
28338
23846
58299
21854
93904
65078
66394
54954
3116
41335
36020
44733
70246
62050
33507
66697
13783
20171
89563
99371
59975
11000
75611
58959
21471
5838
49168
66575
46164
2733
7061
90854
42931
81712
12708
53187
46790
95454
8141
49906
36790
44162
10991
23388
6212
60850
90086
36347
81022
79649
52071
40997
90650
27682
99956
28473
33520
65476
95049
79685
68209
2110
70539
27493
83822
99600
80680
46964
11406
88822
96870
48196
49336
24213
87937
71900
85064
78023
8248
82438
74024
76671
23435
81026
4353
39744
9500
54225
5220
20901
50262
89782
39363
37154
17275
23185
36754
14307
86501
48160
19481
99723
12709
68817
23936
646
40718
25352
95021
65318
7790
69045
41989
31226
50072
62694
87322
75924
16919
92542
96825
67182
98676
36188
4336
15951
75725
57442
46611
62226
5602
66092
78301
34663
34910
2237
51661
91980
43942
46682
73650
51732
15728
15639
99310
82152
94685
86632
58076
11604
95527
71253
78786
94203
7441
99474
26507
99518
56916
73118
61744
78871
39210
40045
13534
90472
58634
65196
98804
2576
28230
72454
54309
60310
4445
69971
42462
99130
72956
16890
10735
68483
88143
5873
79038
11936
21700
21897
11454
78616
11367
89550
57487
66930
45947
87374
57402
4582
68922
72559
23510
97152
45013
94171
57463
49459
64143
16277
48589
37099
49520
75676
21934
54015
97902
17324
65952
19602
39222
93758
14570
50589
99661
88410
33871
45608
75784
7626
66542
44706
80185
90053
58210
25198
576
32025
91009
64719
48303
55951
18170
14175
31627
56456
68190
45881
73781
50494
65483
13003
60605
80054
79944
60266
68464
13816
22226
60600
21442
88769
21658
1627
95174
79868
43177
12102
28246
50539
76822
92901
6490
11344
7076
54469
67801
91618
351
41582
42113
82186
70937
19070
78592
67233
79336
63408
81049
17914
24008
18843
6683
62018
36822
18209
58239
80000
30312
86485
30539
23486
79386
53381
51182
2814
7850
18983
94432
24553
76917
52897
6740
64206
71967
1684
31440
67655
65093
28841
85570
5453
47685
8605
67472
859
26815
25711
97211
73479
12196
27750
13317
7934
97483
64499
10748
5334
99835
21532
46239
93104
74430
52979
73663
46397
71016
5103
14053
36109
33944
15975
41562
97981
24580
9034
98841
67747
34745
96052
57578
63293
40155
70895
87579
53990
51747
98327
75676
67934
19860
21916
77390
94290
91247
51053
57039
62263
56156
87444
98372
6453
3419
56287
20786
28000
65321
35979
95747
16419
48384
53326
96064
4891
40573
83644
58881
8672
98323
34558
76606
18183
56474
53997
28825
47721
21402
2217
26337
77559
89661
24709
364
93081
97348
21150
37433
62670
73482
33180
95441
21866
2858
7857
26757
59784
91501
1990
68456
89825
36548
45063
24360
9374
15412
69538
73448
36814
71755
99785
30725
61416
24494
31089
70849
21843
68592
8282
865
58426
57815
12658
80292
60673
20515
23401
20457
28369
41743
5266
18194
78292
50329
58906
87666
82093
28444
61114
35259
199
77251
65985
77968
1746
13426
48817
39941
98370
73452
57158
73148
31267
86168
69792
8292
6683
93193
45102
35052
34937
50368
69598
29581
17049
44857
33599
99142
73301
11066
50753
89853
88317
16738
84173
6415
46517
49342
62708
61239
22794
19866
34388
70413
22386
4180
78706
29070
13726
23808
80474
65015
74176
66425
94596
91225
11282
44547
6719
935
55613
57472
7140
60283
90563
91313
66698
37080
57008
29407
14671
79802
65625
49059
50216
88012
69592
45274
33434
99670
69082
30260
64685
59610
96685
75633
50835
24319
20180
57554
41607
92146
15026
48747
52429
21941
56413
19127
59021
13421
64886
90045
93223
46864
55456
59791
51228
25048
5065
84662
41070
90499
31274
5755
50109
44312
81388
944
84983
17921
74850
26590
10067
6229
75338
78848
28170
31751
14327
3544
45172
79214
93589
54747
42430
65397
30891
93658
6798
52308
94672
47868
42808
25946
53624
9269
70258
51364
26566
55242
85637
1416
98184
95704
23997
73522
90904
68520
21625
5232
72064
83149
798
82005
54249
43228
47402
85140
36886
70552
53800
31558
18421
12960
73856
88397
22230
60467
39761
48796
15709
41751
50212
30245
37455
90562
3768
44712
59082
41745
49944
31146
24895
50742
29503
95496
93970
93257
96988
47208
63810
50788
95118
98583
63749
68974
86980
85979
29441
43093
51127
61502
84844
17691
91748
38652
8253
11868
83364
67335
69965
49660
14833
94860
402
60688
6708
10724
53946
3696
74284
34108
70837
69402
49043
50938
54728
36023
36917
522
95468
4396
78376
96665
22087
86476
35317
30341
98344
35033
97676
68310
84693
28862
79522
1447
89550
2583
28523
59848
6279
2807
10308
93468
88561
59351
44406
43289
11726
97675
43811
7195
2071
38540
3860
24159
25016
55529
54500
23361
6914
68528
8023
7959
97390
3897
9406
3293
6480
37929
63141
29112
57088
73450
22580
45649
49153
66987
88938
60880
64662
49102
68075
66734
87642
88287
90893
12658
60168
61745
52371
83434
30273
76746
91393
44016
80644
17151
47309
87124
71432
26802
16236
28520
16604
38817
90521
65758
22156
79459
26638
86818
44913
11065
69904
48907
15704
60797
61566
92224
38894
30289
75658
85520
7036
67051
29536
4032
554
93197
91156
71986
36351
23745
16858
52956
78914
7379
35066
1070
3190
61704
4240
48104
89121
74145
97011
4825
51294
74929
13401
90189
21571
89059
75709
28607
72462
21597
32639
73016
14794
40147
61354
67497
80244
78212
20453
59158
1943
55519
76580
5133
33575
80821
69589
39048
54966
82953
60225
22612
74234
73626
12801
95805
62685
4862
40764
51499
42811
89755
24515
57605
46255
2221
41455
26499
96785
61908
85658
98728
33780
78590
20214
67355
59411
89803
22756
14377
89108
82981
53342
63343
56608
66143
59148
35645
87358
16265
87145
30169
6020
28012
4127
68627
30234
45582
95127
27019
7490
97137
42100
57622
75727
62314
41330
35139
68469
64086
65868
57578
47067
19210
20921
3675
1706
96421
39321
89064
29038
26466
35585
35059
70830
39712
3686
1064
85294
15165
44436
9137
12302
2888
66759
4382
81554
24441
39521
50023
88527
21741
23953
35595
57304
61226
55622
59010
57648
11295
64426
3038
54113
11
38097
24944
56076
58136
26008
41370
89653
86796
66859
18308
89684
49971
22690
71238
74412
78563
37614
62940
304
61567
14887
73960
22794
70509
49322
96794
98157
13748
99832
52270
30112
54282
77214
86188
28770
19575
43910
34775
6371
27122
53083
96056
77093
75773
83646
51505
70688
21260
30797
70993
99180
62036
61305
21974
32546
10628
35120
30703
40728
51304
99325
70840
5586
76540
73380
50708
96115
33643
85484
2486
60765
38567
14894
37858
30693
14893
5715
1381
52505
52865
88726
51685
14901
50032
90011
63799
77012
25131
10854
17740
76436
10180
4933
98374
86720
78313
65435
99187
11956
50919
18025
72721
5838
49272
26931
52883
64165
32647
70617
16670
1864
59343
68356
16765
25727
74719
80565
19091
99851
91419
36832
92639
17951
41765
7365
4671
36430
72800
20210
48387
40071
38236
37460
62262
87508
80744
15145
51673
29743
2114
84695
31607
61458
69403
48372
3537
44123
28937
22629
60326
36709
75813
69317
54660
17578
76682
75684
70360
65835
95894
35099
5906
34130
72560
84520
37990
53304
16018
89663
83047
18132
90711
14654
95942
60114
79378
99480
20589
24668
38461
80915
77729
14274
50232
32389
48204
43267
24425
18564
9102
20320
53664
31360
70802
42576
15881
8793
12232
31899
14808
95279
50031
5519
26285
45974
81986
22015
61806
18927
46683
16619
99843
24412
30893
66427
73154
95449
26046
97579
30365
35148
34251
84029
66509
21406
42957
98742
30199
55189
30641
61359
66820
97024
83231
93105
59350
65217
15121
37508
84144
78156
54127
339
2569
1372
83119
92075
96821
9165
89654
27187
60666
40258
27568
43527
61664
70526
42269
8215
25715
89262
69574
92536
86286
52805
1993
61989
34374
33466
99497
34871
11623
53625
35210
30544
54997
34681
22619
68171
43847
28625
11710
20865
85235
39278
64392
46899
26156
6661
55114
51872
95923
24689
60760
98561
93846
62753
60550
28221
12572
60048
63092
24195
30025
14654
71091
1374
49336
10062
69545
9535
55039
97607
30400
40275
53238
94792
3526
79394
17805
58641
47618
13728
99682
8378
28641
93528
87484
89192
21749
56
65592
1193
40603
11969
15848
28046
13343
65184
38108
99241
74719
9499
96848
5119
49774
50086
16263
69653
45833
34068
28294
93451
64148
44328
1830
92789
37856
5666
98333
75958
5722
80277
77151
62677
92246
92999
90723
21942
74535
45183
37535
49254
54682
34383
70725
20809
822
86988
90462
63007
37408
35108
56458
1556
79436
74640
10698
33644
80306
9031
25954
2380
5661
3106
65057
14259
12457
55780
36201
86993
17315
73736
52599
71998
24472
39677
9159
41646
43017
15973
4653
80426
51081
61111
98334
46869
52104
9032
80513
32410
34416
6468
34791
40077
25926
16200
70688
54735
88333
6890
58080
5648
96978
27032
93998
37802
66709
3157
79448
26078
35482
453
6504
86563
77917
21191
49784
30021
46575
46650
62431
80991
69470
13574
37420
11748
29775
8109
66483
18108
31351
24564
23756
28329
51596
34107
82484
34657
53616
61932
60735
89099
78738
83592
92014
56655
4783
41799
3028
67710
4801
81811
48702
74271
95386
2474
86019
41513
26935
52502
59621
58286
93418
99729
2968
61366
33836
85452
96023
87453
63736
73111
92904
42474
56703
84918
15481
77838
43069
18509
45548
47870
321
10602
22141
95707
13077
24512
37220
56364
77015
13193
14651
86785
12922
33971
48152
63111
19423
44175
66916
83159
33638
59820
41986
6693
61090
57467
883
4160
75977
46432
52030
76298
73386
90524
88357
2815
15036
25577
59180
8403
55122
90183
95189
68044
24154
43341
47507
43577
3868
30775
43088
53859
6947
1426
60552
68038
58894
61436
88550
34871
24220
56932
27521
97606
47456
15878
16774
78845
57807
75954
87248
12929
82489
98789
97325
6643
42130
61185
66572
62351
91960
26012
16210
98908
27439
93114
66946
86333
54550
71848
37556
78770
28780
65077
92729
76237
97307
9503
71434
71466
1809
75034
84395
84298
73824
98072
90941
32306
59257
57513
11009
67570
99877
27219
82830
27316
20334
66128
13649
91236
37976
51205
70007
66756
32634
79088
59345
46293
88591
30779
17759
6752
5814
18506
91050
79638
16579
98343
28296
92188
72208
39306
76110
72085
82877
58940
99402
19563
25068
29403
10800
63044
96961
97159
29801
29595
76247
5498
92241
81190
36278
10000
4294
58444
28507
11696
54434
61438
10039
82730
69978
98599
22036
46089
70684
21266
5029
86438
40829
46450
15842
51629
9494
12803
65140
55647
58750
57739
61146
50991
55281
13776
77344
59575
72220
5851
71271
26654
83641
97662
25736
53619
96261
47773
99708
83298
69039
21090
86088
26220
67540
1930
77850
93386
31085
59342
49034
6188
17082
26532
73531
72363
40308
67227
48291
12528
89430
19562
55534
73071
33577
81270
26691
29838
45395
42751
29488
30786
80193
15577
57007
47733
33859
51209
41120
81297
10551
6506
3837
43985
33038
93720
16349
73346
60948
80992
2226
50378
554
74112
23450
50483
71734
66493
96674
17130
25596
26162
64268
5790
58091
37627
53523
8303
88836
10995
89600
15740
17501
9789
76077
66891
3509
92426
56589
64457
89770
58815
31188
6677
49279
70990
57160
21014
37483
53834
54496
63079
96349
18764
85221
54440
72744
55097
62743
77932
66092
68695
93672
99946
94836
69750
66837
98346
78528
23427
79155
68299
98594
10343
74976
47874
81333
48488
85240
35168
2323
39736
14600
98672
74852
99821
53112
63948
54918
32208
41881
37363
17255
35553
37309
12092
21655
4146
26790
16536
27573
5945
1187
42520
32641
92515
6746
13974
41003
91986
65495
43326
48074
80095
41998
39278
79916
11463
3227
51187
60023
45108
88550
77278
97013
25859
5722
18669
46357
32512
35205
90283
38458
52744
32803
71099
45259
39549
1425
86262
47887
66920
29589
95961
63367
87939
35239
59636
15754
38466
10823
75777
83574
15725
69408
80588
57936
75130
15609
4293
23995
67166
94576
62453
19910
43731
49904
65169
99632
67681
67783
47519
50954
13724
43480
14321
1664
95072
90309
33770
33538
1132
25900
33465
33209
95308
30405
91145
86790
62366
95439
10785
29532
6367
89590
65794
50099
39494
47315
49731
23528
15098
97251
74482
28823
57083
5155
46839
52155
95465
80609
2046
12949
6509
51863
46159
18169
82268
37304
4960
44634
32743
32097
90518
39111
21688
56312
5562
77534
3627
71645
1062
35077
85248
75544
80252
42332
97052
43443
10839
92517
40405
12885
5466
63266
64748
51625
81436
63368
88930
2748
24354
38025
34845
14872
93488
72885
71184
15402
50420
91163
87048
51482
42593
72296
43379
22845
14628
40431
82641
25468
49300
23046
54705
54766
86312
19454
22744
67748
99174
28026
86848
23529
66051
38046
38401
75892
10931
25938
91294
77703
33453
78342
29186
92398
66991
88917
15244
81619
45700
14237
23439
95000
37283
94497
66118
23595
30303
88862
7696
29477
16888
94544
53006
99292
48942
7760
75184
76226
33698
82830
53929
83503
77525
99467
75902
44516
88384
7498
42487
50436
21735
82279
61788
59018
76776
27907
98965
7079
33121
6661
52908
66362
17558
5915
65654
82852
30027
57190
59078
63725
56372
13008
63580
33897
12475
39482
78413
17212
63332
20901
67648
85067
3180
29437
60437
79956
73696
75755
3387
6817
98768
56295
73179
16326
78562
55185
15531
8589
28727
74609
88666
85100
87617
52247
18997
93
8081
97411
33657
71414
34664
1305
72833
37844
47094
49623
34152
20790
25378
37539
27608
24146
10186
17139
56825
88749
88677
72356
97338
33756
63317
86005
18856
50935
54604
54206
67380
62685
67969
1037
50451
2633
18694
39637
56829
65789
5612
90981
86579
47342
44872
30539
87840
71410
47679
61017
60159
52708
49725
73850
86464
13043
59855
21673
63978
30811
75879
47710
9848
60200
65099
76652
62833
83793
16289
36014
49582
38253
43347
52514
85595
4571
83053
89787
75981
47084
50805
36141
99792
530
9991
86257
13573
86198
24282
93903
17009
16513
41613
43209
76713
23064
19861
55898
6858
52502
91912
72792
90755
51611
25306
92702
56182
8360
82490
32163
55444
33295
84656
55237
33825
10999
57846
63751
13549
98480
57654
46910
14993
15620
90120
91706
38684
9981
47604
61894
62484
55868
34687
53239
23831
59993
45942
80013
68353
44784
28528
40150
78079
29537
95387
28256
56888
69585
92007
70438
68065
66014
17348
99410
97986
23820
91116
53022
50154
55072
14917
12638
27292
49604
82229
51123
25949
44523
31136
94303
89307
76016
34453
83738
21905
46192
11995
78794
32129
20354
49232
16546
86368
82932
15956
84354
23105
7072
37377
73259
78496
68646
85897
5788
34602
84478
73263
60551
45354
20751
71206
51013
96767
5659
34752
18673
68203
63099
97467
332
83453
63051
33230
69822
62335
49186
70528
85440
72610
24257
58699
51106
92903
60948
73246
43857
61779
46509
4409
7133
67260
75615
58146
80380
97627
9250
15405
82182
72349
12872
82515
55803
92275
32097
41977
54610
81284
12505
40051
53894
53115
15102
21353
62370
76051
94599
6228
54182
57461
10637
61315
24721
2604
35813
21453
231
61416
36858
82414
33765
49730
81281
5920
58357
13378
64249
12968
11014
76755
69371
64909
46222
825
86262
8592
93228
97213
14820
47410
54674
41809
8725
95748
60766
60891
17201
77349
22307
54060
76115
72424
20142
57396
94697
78500
87127
58946
7820
14493
52053
93543
79402
98275
94368
82016
23220
87597
79230
54392
35007
50256
96202
60085
46004
73320
37328
63206
50669
59635
17266
26785
48411
37408
533
43108
32260
87660
2055
40080
2154
54108
49975
97908
52384
44344
96277
91956
48293
91859
46348
99652
42115
58902
59737
88120
32222
97065
67678
82892
73052
84944
9677
21464
38704
10210
64572
70965
14223
82979
27397
32729
37088
77373
30637
5824
38069
43266
97780
86362
35125
44128
86014
77241
3031
62104
81713
35253
59169
49391
18145
48574
50687
44174
70038
5743
54385
50962
93060
68608
33942
36810
1337
71030
14183
48326
93206
68604
7945
7338
54966
43070
51466
57332
36663
70849
19436
34728
22455
94958
471
56952
43532
51158
1127
13570
73254
55512
80884
66314
40472
14826
3124
58161
2208
33659
22839
95414
2263
30784
2752
73581
73855
70571
30914
26870
57772
66702
61599
80227
61660
62070
37180
5192
29581
38307
35114
2835
10171
15999
85501
66995
47177
4978
25156
49386
54989
64347
61152
57253
95132
80257
47186
85339
67180
94452
12209
24952
61155
90160
5180
22815
52231
42360
44360
98164
97019
79474
17351
23542
11825
2852
90537
75355
24182
32045
24741
79172
96392
2245
52777
91524
98854
99963
93215
66034
94416
5425
90987
71923
95585
12519
94738
64168
71231
39098
62332
84602
34925
96035
8144
63102
98888
98681
38457
39422
47078
79550
18594
43470
81796
87723
51347
80650
4039
44562
63037
14807
66339
70376
86730
78277
82895
81468
58797
54126
36919
37482
38728
88196
33517
63224
51298
32405
78257
89756
88180
25335
85658
23126
85157
67454
10850
36504
64457
14889
97419
43846
46048
80110
14222
32778
58387
13469
30598
33537
83947
67517
71019
39027
72065
4536
2251
23364
53294
80508
29472
41474
22195
31482
64600
7352
98937
91802
60209
79746
6691
57628
39944
52739
37738
54166
1869
12478
67635
32468
46015
67934
16337
17034
6961
88403
37922
9212
28119
91216
6072
73943
32690
28267
5425
13643
51971
20714
5445
12180
16812
28489
86160
56756
81228
23899
27274
99450
52729
11261
31918
15096
79195
64607
48482
86156
53010
86404
11720
97481
77621
17792
71424
26663
62411
93202
40306
14383
13916
45752
42915
30729
74241
29076
3837
71821
69327
31112
71271
22056
42373
19541
53504
21569
84149
1986
24077
53511
4742
35798
67345
82363
69942
38769
25379
48706
31971
65685
63089
62240
27789
6004
9321
2030
35080
13158
90204
4407
60622
77827
42815
2996
97369
12671
40917
97870
14657
64994
67733
19400
17144
35078
18115
3439
90200
43494
52145
22171
25532
15234
763
53321
37590
10084
55352
89023
39595
61908
9782
217
39735
68950
3213
37104
81621
60482
51326
96279
41829
19060
32031
75325
54138
66498
78764
44338
9993
30909
82862
51877
62495
99977
5198
16438
26414
76902
5461
66009
38810
31595
66226
78546
545
85792
32002
98519
62626
83329
11150
4455
2389
43181
79781
72879
26031
58545
33570
52376
5807
32784
4253
68302
49113
9452
84740
75527
86354
6553
41536
25165
38149
24115
20063
55046
9907
52065
53565
88885
35394
64715
93341
54135
24248
89474
43367
50280
64371
93289
2656
70178
26073
23262
38481
75186
32714
39573
50714
35420
62479
8602
60585
16980
32717
80648
88378
58976
32714
41944
47862
84460
23011
57555
54948
63612
47029
98315
30244
11400
91604
49252
81579
34029
72514
36412
25567
5228
92337
76281
40649
54816
1236
17586
71796
50305
14587
76527
9282
63653
18471
57144
48113
57834
31051
3061
21446
78080
17728
68042
89480
9332
17295
87411
59713
89809
23823
85281
95038
32513
77914
52039
87329
79150
69625
75478
29456
84212
52005
55090
64217
86828
12234
12331
61014
43285
31744
98813
37717
49473
66855
27197
75157
84150
30961
34871
73960
54784
20152
85350
3649
98066
53741
7331
93569
23366
82809
23025
23931
51166
94467
4500
54346
6701
16831
15360
66338
64928
30525
20407
14401
97381
63956
5910
81531
94917
40781
71843
66054
77285
73545
69703
91704
27286
77034
85273
67005
76195
24650
7288
43713
19117
11788
98059
42170
44972
29772
24860
9900
60297
61619
40653
74030
25575
62915
71914
20493
20049
43757
86547
97334
33655
56250
5390
77293
49637
90663
44298
25832
31665
67938
69546
67134
96079
83957
25656
41051
13729
66868
67303
90379
28487
7956
64409
54063
87223
36323
90908
7272
96433
77455
4607
46440
50057
9997
23733
99694
17013
84384
25527
65030
52322
95073
48517
48401
95382
74173
5804
9112
57394
73107
15843
85881
97415
96604
56296
84639
49280
47204
91911
45713
41011
12870
8505
91069
39220
32238
90763
72585
16622
32642
53967
85297
44067
2484
50050
39450
93010
72207
64914
50404
61666
80757
52637
59082
77361
25286
60073
26641
72490
68336
88706
13502
97559
97211
20923
36779
45802
11686
25716
78776
60681
79683
80425
4748
82168
46828
44198
91530
19035
9112
41934
80701
6221
10923
56135
99935
36209
16208
42928
25052
897
31635
54906
98456
45198
92181
51587
7352
3867
77303
86129
80900
73338
82906
85649
55506
29734
46199
47036
48769
55312
5322
29471
77885
32598
85606
77820
85159
18167
20749
26563
19064
68736
81469
33872
13934
73650
1811
37639
93870
95466
40120
74770
68804
23026
76771
24311
52761
22971
87699
17882
94635
9374
47353
72520
58324
49312
50341
43483
67479
87442
70047
2895
56178
67868
53119
86464
41519
54930
24103
51741
50396
64223
42863
19200
3602
35987
59863
56363
58958
63915
74245
53593
89641
37951
42465
47965
87263
9158
91448
71094
96600
61495
90341
69130
29364
43460
55595
87235
98390
96050
55328
65138
76626
14543
84338
80228
50530
60554
52943
25840
40821
43540
79433
30462
81491
38251
78427
85106
47409
69875
72552
60362
47723
62893
29492
93439
22705
1439
80674
37447
97490
52354
2585
90468
66897
3276
70696
33780
80182
23639
59620
21003
67179
55406
51465
65023
93657
29892
66481
41066
16119
39034
17780
80194
18279
47273
73633
40985
48712
70659
94784
62554
23013
97370
53022
6263
16998
40070
56395
97180
80061
16015
34535
63593
71421
86000
28616
81430
32244
95097
38849
64715
50483
56629
44910
68763
3902
18543
26100
68967
5555
20884
31521
44920
34606
896
51183
67956
40966
7578
81488
37380
39946
16023
973
27719
18375
45941
9150
66971
57390
47999
31687
7874
20980
92949
92989
24883
27844
35441
10202
33399
72677
58075
78320
7284
58971
45855
91592
16290
69786
73081
53670
9732
89104
70995
53803
23832
16936
62953
90803
74326
27304
22490
98552
48285
15439
7893
89520
43284
43334
99722
93035
16012
74149
71355
39648
33121
33563
31240
65763
3349
20673
35785
29433
26130
6780
83236
49962
40068
62542
40765
30746
89846
79608
45651
54483
11399
53544
44003
71035
13231
60077
64071
45595
34227
51778
1595
83700
85341
49187
65815
5042
69861
1600
50827
95991
24732
34064
62305
81152
12958
19422
11898
2804
99030
57549
73640
10430
27446
17643
97817
40677
94073
61888
2624
44652
30019
4219
44704
31712
53406
10519
36755
39619
28471
3934
51962
53203
54350
14267
34355
67308
33690
62605
86465
49072
20155
60105
75854
63953
94100
73672
4630
4525
51912
23606
49177
81931
27825
93881
13644
97583
20752
66751
37203
49223
70685
89165
18778
25036
19785
69485
8696
69827
32091
95161
18899
68598
55266
11106
32551
65719
84778
53533
70244
53042
77139
19422
34974
21316
29655
64970
18899
50408
48073
56102
99631
18758
61620
18410
60146
81405
87895
68843
51232
36338
80356
86483
4936
51975
97589
53839
17694
98719
7372
4290
51762
863
23712
3088
22179
69720
68058
41079
20128
16131
13533
36111
51241
75153
70873
27740
72910
75121
12935
40494
11459
93291
26978
32748
61618
24567
86587
79312
23287
10312
83603
91401
27527
23667
94489
49707
9739
62547
7138
29867
95030
20671
82331
62623
12177
53204
90363
1439
44677
3298
41934
56137
12942
68912
5237
74560
9831
8176
70225
33118
18488
70180
24519
62368
10199
35360
12075
19939
14259
35565
66158
9289
72588
48489
71913
84765
18046
78628
86205
62723
81927
44491
35212
11221
13403
56801
85781
23234
64978
56006
72705
99818
42538
13576
62186
52738
48937
90613
72677
63196
26178
55187
88838
98767
20029
77103
99884
38075
55731
2441
17150
54010
46932
68715
65231
76687
25516
67365
16274
6846
23371
88979
6665
82262
18907
85203
35000
67844
92169
24029
47393
18347
79216
52583
33466
99245
29686
49703
53672
85417
68496
87175
55780
31781
55890
21011
8468
97758
88376
41094
4605
28100
30073
27622
10362
65333
29177
61714
33177
21346
85743
96922
56046
81311
49505
5864
96909
95543
55567
50581
80961
40416
37756
36741
88549
9998
74104
13369
7757
62481
54464
28714
6933
84537
72688
17295
49870
18217
79009
99400
39564
81104
12674
11962
78767
78532
17826
75676
74075
89746
26258
71388
30162
80366
24481
18711
90365
98586
48432
14474
77419
2896
59540
84352
3786
32228
1647
70008
50445
97008
85760
6361
94464
98435
18323
73231
76967
36150
48908
67394
42248
91518
38783
88762
71884
63264
23825
78601
61850
72257
93075
39269
75154
52615
23621
78940
1195
41620
48948
51641
54980
34709
74354
49444
49496
92678
22676
42815
45180
87936
10209
87428
79454
48992
92542
67690
28609
16367
46292
6811
88624
55719
62433
63778
8335
2406
59070
25882
60379
8019
77523
15359
59080
68230
81156
8576
77260
20184
51391
22440
8120
77952
26220
3926
43297
18762
71616
71906
51481
17908
95069
40105
73628
57502
20236
98315
59909
79306
24197
20288
3677
18073
51999
79109
86303
33155
4037
63563
53339
71780
2355
77811
49733
44927
81737
93030
63689
53354
81288
31522
87614
76357
71627
61242
50212
8215
75909
26473
87522
107
63113
7551
34532
15112
86661
20835
64620
7050
750
34311
78831
19457
28475
28564
64384
10212
37946
44425
79918
19234
75947
67533
11943
63926
45127
78507
72142
21037
4980
76016
37496
84445
83567
72028
15910
86580
9215
96882
9983
26317
31193
88814
45774
59668
17378
10158
86233
71676
70935
66151
7262
46882
33684
19205
10808
95164
14065
99302
32553
35397
75318
70049
19843
75238
58429
35753
78170
67644
48987
88153
10313
80180
76967
56087
56201
10697
82597
42434
82373
53532
24937
89635
16766
74974
25193
27574
70138
39258
43229
2691
74655
18547
89092
10850
93785
47521
62955
88308
15165
11942
76461
25478
8475
53429
97917
64676
80478
80514
23462
62852
50398
48399
52487
67164
23373
94032
11090
9863
33290
54319
12554
24298
72867
1646
51500
83004
49167
14456
71312
80684
42750
64126
22514
51225
33907
36783
32253
14385
17297
55715
93589
84047
4115
62429
51211
43840
56461
62302
53704
6104
32973
82610
30402
22192
609
81902
21549
66128
12710
92861
63165
55461
73339
85679
23038
7246
38815
55292
37984
72464
11007
31573
56512
31474
94002
24075
75315
50464
2729
45371
56568
35703
44333
3322
57895
44942
1576
79444
11071
30639
88658
74236
2452
78349
76267
25490
85596
15082
80782
39932
87547
91790
71505
60411
39616
81860
84486
31283
32324
87216
76654
5244
22919
20988
24918
97166
65930
42846
92963
93353
73485
97973
83941
75937
76322
60209
17780
78270
91643
98562
18202
95542
6704
6060
55953
46321
87920
56792
77604
36596
44008
70611
58192
83279
91599
83110
96797
73881
42308
6112
83587
32146
4085
67528
8083
96760
44089
25863
91382
35733
40778
9585
47627
47482
31997
19933
10155
19917
76725
87760
56513
37085
58371
31057
36716
66322
30519
49865
56555
72827
55978
40142
4973
76415
24023
29409
73175
68112
71624
64558
20197
12402
90495
67825
76237
22492
4110
86392
58761
80835
74152
31626
34272
48875
62683
87340
31549
93202
37205
88105
66029
93183
44599
87355
85951
68622
16764
59126
53087
88388
40036
73284
17143
46883
57461
93380
69375
61571
96124
44488
58758
86629
76114
9382
35504
38797
96722
83406
31999
33928
87863
14381
43463
32462
1736
29414
17437
34852
4893
70524
39592
61281
60160
73087
8165
17622
82819
93892
95545
78944
38381
70656
65573
14495
80038
17429
69645
76761
835
17996
27041
88698
32377
86856
37513
50465
32623
54950
1669
37516
41826
57614
98797
18338
30701
6962
52312
13521
17207
47858
92465
55588
18514
58038
70083
14904
91819
56080
91665
92655
74077
35058
97705
22806
21915
35218
73272
70890
6520
91293
8406
64698
48907
23555
83037
79609
46870
35349
9482
64077
99559
1947
36017
34425
76337
22452
49330
68156
78533
57347
77163
52610
8758
74869
75416
47025
10087
65040
17915
32960
56334
42673
97658
21593
66228
97047
1202
29450
48749
10684
9879
48308
28983
45896
99086
5320
68349
64768
89829
46882
38467
66992
99492
63577
58213
91260
10602
68301
56301
28517
17613
28987
87542
15271
50580
53771
12319
68135
99573
61068
95171
9453
25728
24155
55349
41166
45827
23698
22286
52008
86932
60754
19001
86424
24331
93566
94037
51286
61867
50338
96155
95832
95677
83698
11104
46257
53821
39775
30744
53394
17195
25916
79199
59275
50071
34549
442
12250
74599
22728
64259
61532
99834
99612
64308
40518
93178
58345
91804
71398
25035
87959
67230
20712
88009
94686
83322
41830
34461
14066
95225
68008
39982
74424
27284
90053
25325
44078
18656
99925
83158
82915
77809
99345
82527
42117
39863
92057
16815
48019
63455
41850
52330
30686
78915
40340
41724
62237
82170
76186
76303
93747
60546
16286
84524
4182
22691
9849
48260
41347
26126
31419
40614
3935
30764
23141
62405
86979
15199
95572
51350
95006
37422
20032
42044
32689
60372
83769
94926
58895
76307
71230
52642
36853
87516
37166
41036
26559
63368
89296
84259
89494
37067
24873
9782
84183
64367
88539
87514
95918
84111
38864
90924
37885
75249
32969
70575
35621
16738
65501
10868
93045
53083
63511
46250
56951
17029
87286
83511
96749
92935
67770
86244
46354
8995
12378
46890
73362
17269
34404
69280
1380
89621
60205
55617
64870
9526
42544
16843
26264
24398
27712
35661
77481
7575
81911
50785
24604
85550
34296
21354
94837
18418
23950
41191
27413
52680
88081
17128
69949
38838
86408
87681
28459
46613
59650
9681
72491
2195
26524
98755
42945
54236
50768
20426
78163
32680
87563
2768
34582
21859
40474
29419
56629
80776
70610
395
49808
75044
17523
19757
13882
3931
23790
58693
66897
83440
68374
39388
1987
94898
54496
61284
65487
5264
81711
43650
54296
69274
62770
88878
7486
19596
18297
80467
16724
5260
97214
66532
80304
14737
2641
94186
35021
42783
52879
18270
42576
37605
74010
60915
48855
44858
22200
14342
50123
20263
74345
20771
5889
53467
9650
13375
89416
44299
10195
6140
49559
7409
89025
46215
38499
8018
40401
89872
50802
9632
8142
9730
47237
98504
70645
96093
43363
92845
26787
93486
13108
17484
30609
18998
87304
40259
48725
76720
911
58920
99212
50470
82682
4589
96686
37533
12608
53439
27405
79762
79424
51899
89492
43013
50403
60137
39106
93766
69335
82246
3604
82443
16082
34214
17793
3386
90825
66519
96458
91736
41791
95671
42207
40825
16612
55245
78358
45572
25036
22115
41686
4460
74014
31178
47474
24418
7668
2932
18184
93355
1530
38141
75798
17613
72355
9944
37351
63180
76463
33810
54917
34606
45833
13476
75432
62445
68721
53790
24370
10109
75906
66056
14570
66272
13587
78396
90690
37607
97680
25227
30962
99211
63368
23112
33176
52075
33056
70527
15255
25871
4337
86524
60478
66522
0
35910
45320
85073
6052
69690
11535
98310
52098
26105
64583
65685
20853
55273
19644
18533
96852
50606
17744
60220
90071
67272
28647
23127
37800
60255
48999
58489
46779
9477
25012
63132
61739
86684
64557
67791
72726
76092
66102
24824
18549
30685
6862
39402
2310
26506
74288
99163
77113
8384
75735
83536
75657
4383
6663
13457
64638
72014
88298
27769
97843
29662
7253
59582
16346
88163
43726
89072
64255
26180
13897
99157
56865
20759
54911
75527
63617
29199
74690
57082
37584
66778
40618
13241
87513
63634
43050
52151
35648
31348
96272
49844
61011
19878
25778
77357
8041
69504
82782
88648
95684
13031
87805
68901
50142
42717
44429
13759
71916
35471
70842
9500
18601
11460
39093
6114
75094
82143
74617
27095
13492
70890
93291
90855
90768
19069
84564
15161
4926
67346
3809
16962
96729
91615
2216
46871
50684
62997
60631
38952
98468
31473
64805
33422
59285
3898
39536
34380
86042
14154
77827
15886
85044
71118
6741
92164
6539
7657
7325
27817
75004
27486
44780
71733
19101
46996
18605
86137
26345
95588
25090
41165
43413
6247
74587
2698
10145
14124
53430
12539
28278
31257
44777
13322
18727
51518
21838
25267
59176
45515
53084
50532
73001
14216
38617
8455
77564
73574
94592
3909
69162
36034
45075
28927
42281
19662
31626
68779
33786
85056
81318
62064
32666
26096
91738
51393
93966
29928
93012
69494
75443
62449
36378
48445
76665
74996
73252
70582
64922
67844
74491
50437
20231
35918
79364
62512
55581
10990
47643
89367
12399
28962
67784
61417
71410
75874
12810
65376
5803
22175
51223
97598
84624
87601
62395
77641
78949
35647
64575
43872
19844
39067
94309
40075
74985
90025
18939
46918
17368
66583
52638
29767
11897
20422
91184
83307
96296
20346
48683
18451
42521
99906
16050
43497
3860
78445
37491
82809
14093
2066
26681
50289
57485
37342
90364
32471
27368
25655
79389
44736
8590
32027
90855
20487
68801
82039
3794
81450
18737
68830
16253
77611
85088
32303
21108
88948
27101
74951
71758
57546
93370
14791
7835
50855
68486
14551
99678
95854
40206
79068
40590
48797
27447
31445
85636
12601
29836
89431
94051
48573
74613
26656
42536
59701
58960
79997
48650
2413
54948
36760
59959
48318
67903
84146
99174
36389
98697
98852
48595
55255
94272
89185
20404
38072
36982
6041
67025
83170
11824
77428
48096
86437
4084
90632
46138
63044
70629
11140
81809
41930
64252
41768
6600
48508
42266
5774
84897
57315
20979
33493
12571
31603
39030
49327
86027
92365
71720
53052
91887
83544
30480
39983
69981
34565
46968
32472
13961
33949
43612
95771
75879
24217
53891
82480
72725
96158
4606
73974
69825
41937
7467
98748
73541
62850
48076
75920
55215
19796
28973
47102
3341
59453
3438
89674
10370
66758
22146
40684
707
82111
36455
92939
6328
6698
75419
79053
19208
96377
53027
89034
38315
76847
87782
28208
56049
52210
4128
11264
72007
49453
74718
91700
25259
94508
81374
35629
61266
19873
76313
78326
1984
29120
71265
24664
35819
63036
20069
55027
59413
89448
60413
97728
66295
64548
42288
22344
16758
46417
49960
88765
95870
41031
96817
21129
51891
94544
73111
29510
14417
65776
7836
32753
94897
79101
57417
47068
42137
77486
18447
17902
66934
78861
31983
49582
43409
74271
88278
76519
37040
54591
65285
49263
11974
78454
86744
80217
72998
59855
9727
3767
41984
17563
36520
36881
13016
93937
83949
71505
87775
18748
89408
71062
97609
21391
36996
57370
95662
25274
33890
49055
96217
15527
98318
8191
93981
85062
88409
83332
61270
14488
87099
3254
48404
23620
56487
61420
33909
56788
49278
21685
75536
38686
9099
89498
60077
46095
63220
72091
87721
97110
37498
83939
28989
35816
8482
39323
37231
13243
22655
14853
27732
9754
34459
92488
49726
90946
70260
83636
64086
19538
21673
39622
58224
30772
45472
34653
93219
8693
23097
80940
22155
60595
81231
67497
96412
6066
6820
49995
19309
29475
64848
63393
55581
15659
72233
5308
22957
42494
88944
87043
62032
26969
43017
20257
74093
88490
71262
67312
13535
94359
64604
35690
54955
62188
3187
67719
68254
10007
34066
3915
55834
15266
83661
27768
30925
55894
33076
53882
98388
38372
40925
60421
65341
83942
97030
39434
88784
84644
23098
2319
95356
87702
54362
50311
49890
57549
34382
34496
83909
84800
38412
56095
66
22073
83863
30991
94319
33291
84873
92708
71663
42150
69481
37004
42444
82863
92790
47581
83859
15888
49900
79215
19943
20614
45878
86185
94516
96612
20682
94777
81412
75446
50872
81478
97519
51088
12469
8190
84379
13694
898
56043
72196
86731
9399
14641
85946
18542
78574
69806
50782
44826
65373
70725
65441
11252
73263
59957
7864
93945
54734
89277
69391
21958
70755
83262
73046
99577
91452
73778
29623
8703
46173
1820
11786
71924
32813
14085
90466
11387
83891
57601
56213
49264
44678
21654
76868
17941
97963
84733
11886
69049
74010
97629
91008
61117
97243
80406
60694
88696
54184
6670
13751
16709
8490
25537
88634
57655
39622
95452
69042
39865
53053
41607
5482
97732
79614
82350
32025
77577
67083
60264
46627
57445
57893
37635
34915
71489
34393
95609
60185
4930
18631
90288
21639
27121
32177
26625
84776
71800
22078
70170
28017
91483
11778
49851
5567
91392
32202
37593
68969
15637
97857
31948
89435
72102
85935
24350
43591
20329
36311
20128
25259
54943
10416
63250
98416
42594
89876
83193
30746
28306
53363
75115
36141
81493
24967
41709
72885
73521
95654
58207
5510
93511
6507
94945
81965
92443
35647
25557
29124
71959
62037
70735
43254
72454
33985
41670
31400
40213
41215
78498
84871
10931
53613
21013
92424
94932
62722
81662
68453
74728
56221
73964
84591
62728
68909
66556
71523
20909
8465
647
92868
70503
87734
36122
59309
38072
94144
90709
78285
35360
85559
63157
46291
55524
522
38715
50457
79596
36729
18910
54324
92950
9226
38915
72031
94488
5471
43554
15397
30289
60554
8265
792
48288
60739
60101
86360
54883
67162
80998
90243
52721
60507
52886
8245
61029
91602
75054
56977
44683
93965
11301
37634
3191
66568
9665
97679
72039
69571
29428
2328
30125
37693
19472
78414
14784
95925
81126
69668
63087
62124
76263
32160
38983
29150
56758
12
37104
48164
56989
98139
42129
84642
35773
61673
51210
61790
75704
39602
31362
5133
58282
77839
59178
77755
72605
73963
73680
53732
59983
53120
32208
52598
1632
71192
98100
74742
87556
51556
22907
60898
49696
81388
45540
1821
59413
96751
79964
51470
52705
27678
72955
10987
5517
32133
5094
78123
22448
95127
48207
98783
48247
96767
67734
66231
84311
65834
57326
71868
33743
96585
32766
99791
77973
94658
1612
53739
7761
81576
5209
60466
9254
94516
71454
31124
26649
76548
25599
65450
71675
90158
80585
36274
86925
48319
18858
71237
30506
76184
59457
64249
72769
8575
80392
67094
3233
82004
37185
10995
79933
42394
71461
5539
36910
59267
53015
79912
52168
78614
61714
23843
68772
42299
76470
72050
6971
95328
43287
37477
87864
2744
18078
60633
11319
98470
44079
30904
96826
81265
41899
93111
40011
29713
15003
93274
88980
68018
89538
41148
62985
67604
81344
31757
9903
74166
20159
33226
69494
63446
87055
57358
82542
5133
34343
10213
19955
94774
41118
33134
76039
99369
26245
32403
29082
57600
42029
34415
25619
31567
91915
4956
99171
89611
36713
25426
63777
73225
58653
49623
36671
45708
23333
35566
67194
57676
45779
3501
68803
3249
36635
61194
2619
79233
93597
48053
36833
35626
98820
78804
83545
7088
83760
82716
96699
36826
24495
76829
10051
83148
26452
46722
45208
49786
98640
28754
23814
60772
32256
92617
64021
68891
53812
82992
48124
47409
47398
1310
99388
46218
80114
82933
69658
63875
82002
82710
701
6497
59539
10752
5997
2343
73826
67557
52129
72467
96312
92296
33239
44920
84913
13612
13811
38725
96605
78288
2487
44003
79598
18227
6573
59712
17512
76232
23587
99514
58942
40640
6011
34833
51392
28360
37176
25219
95918
89306
14038
92230
81602
47277
53502
82867
60889
67313
37945
73846
61953
56784
34201
57903
75011
40775
17616
92523
33359
57555
92038
8653
98196
14401
43486
49588
42762
80662
91159
38680
86320
5197
47262
84274
68826
17116
67142
46068
84429
5087
19914
62735
78223
54116
20638
53234
11243
38254
62109
60954
12162
70499
69607
10358
84901
13093
76298
44015
10107
83810
99047
12780
89007
62661
97054
74186
79777
80548
20254
80558
85635
56520
43293
63858
26988
63932
33444
54583
18538
95554
15537
30700
82405
85144
57410
67306
14589
50061
27673
41049
33871
26720
53829
39230
5733
67235
13416
85510
47784
50022
66069
49771
22895
25714
13630
49883
89646
63426
4467
24537
75332
36356
71589
57738
37853
29000
41396
68794
95413
69070
9843
29284
12142
80024
84866
17876
47260
14635
19738
95044
64657
85807
44815
3904
11522
74797
53788
17520
54576
74607
58409
29908
10963
29999
3998
65168
75351
45395
33963
70764
30817
60158
16400
42959
40183
1266
77187
3795
15901
96926
15191
96911
99085
60006
815
10607
51156
70955
44480
5732
45562
2889
51992
72878
32888
55991
38046
24591
17738
88361
95355
64907
48520
28107
24218
5055
29374
1406
8850
61627
14684
24041
58538
13769
399
75706
40729
51555
46661
85209
73639
8576
4450
25632
97806
53691
97975
52204
78282
15713
40566
89990
96972
89086
18097
21190
94141
63823
22596
19343
25451
37280
43384
341
51050
43783
76047
8131
95339
39061
9692
85330
63989
14142
10962
61795
67833
25289
13999
62468
57354
54565
52458
54326
60003
70555
75517
70496
34379
98113
89839
76182
51746
33223
76523
19148
77007
68923
27279
88698
24336
36971
90380
88325
67465
17695
66472
51651
42984
80471
14119
339
51389
66577
71017
11392
53484
46534
81889
4215
61000
71728
96749
29098
21304
89625
48246
14663
58548
91877
19713
99236
45200
10093
3913
12665
27788
70385
64316
87125
50856
78435
3816
18597
61364
74833
29990
31201
21368
28231
51768
98720
16311
48518
27818
53967
38143
92416
68630
13043
645
88343
12279
45845
14789
16192
74862
58929
2929
39179
46054
53785
33966
66222
72383
11683
41056
18725
42884
78776
63308
94652
77496
79619
59522
21666
33587
97665
30434
18569
10708
31079
23265
39339
76924
38054
71883
51786
13335
74812
7317
75742
44950
57636
41964
33685
69319
83020
52410
28555
61796
15718
23207
55644
11689
99082
93662
61628
96747
24096
80198
7456
55175
3463
63147
32099
57869
35031
238
71204
9843
23907
63298
54793
81543
5263
88478
50862
88283
57240
79417
66432
72958
18977
38428
1000
18059
32091
62628
14806
56187
59178
38614
27715
62641
1762
59814
36862
53145
76404
24419
62988
312
87717
17782
81855
92980
22612
32718
97616
79853
28487
64048
69163
47464
18828
86515
81875
50919
49144
96682
23459
8322
51648
51174
87316
69762
27340
40530
22907
3745
64949
85896
20409
52667
20030
2264
45647
58994
51334
43263
38847
96174
23663
24363
43638
42492
10878
41866
93411
60022
54900
16870
84697
6548
84396
88365
92663
11737
28895
15570
15482
93845
17818
52243
46512
54200
54507
8511
13195
22194
51775
68394
18368
91790
92757
78358
34282
3636
20224
44046
80010
75124
77268
64707
98025
61665
69424
90688
73402
14672
22610
5236
24869
40429
57479
87733
10981
28338
96244
24176
66884
64371
92571
85252
56162
85328
79963
90444
5316
187
50842
85327
91664
28111
66386
89689
89776
35811
96729
79530
66835
19339
84766
91704
76120
58597
79437
87102
3287
92033
27630
70172
56405
36553
71776
28919
38234
51739
19363
43550
68279
70206
28877
76295
14669
95264
82336
4445
47427
79065
83975
30614
14756
85093
22318
90877
43690
18107
94331
63329
10140
21961
33501
66545
58515
21630
95464
13101
89721
31180
56651
58000
17738
85529
50647
32407
97145
32983
53204
60924
28400
37179
91538
43157
22272
30208
50386
82314
48315
44717
61995
58455
83030
95497
41353
57897
33479
53169
70998
23200
84349
44002
97553
18439
29531
48200
50846
43028
81184
4050
20304
25936
57581
28194
69093
96205
58402
19479
94871
6717
80548
56867
81524
79931
68716
22877
54180
2195
92399
25179
25395
76748
69181
22948
11540
15064
71149
62386
74444
68685
82789
94748
94621
40370
22942
80067
52928
97696
15898
47799
20765
96447
4666
2289
92730
73382
41519
46910
91929
33918
88441
17325
27018
57622
40273
38558
89038
27774
17297
63482
96459
86
74582
7433
56808
13876
87500
26088
11572
3398
73888
32337
16197
94906
50979
8927
84641
92498
72190
76570
42768
60631
93895
86138
18254
50521
24697
23644
78295
41994
3479
91107
58432
94413
98540
31592
8290
2392
57681
36214
22142
31569
68552
38340
42827
35883
63619
27468
44733
35809
4039
87501
96441
14286
73639
31047
64807
14688
71043
59455
73034
74522
66914
31466
68936
65454
63059
93578
84198
20740
29792
6340
68661
14696
61032
11488
50579
24652
38957
11664
76813
59348
15517
73254
73634
5509
20653
54794
20197
91697
30601
93232
82571
97515
24698
51507
79321
4109
61437
63519
24849
91230
86211
93510
22278
47244
21351
72858
71896
60308
874
48709
36008
16392
38316
25994
21901
75321
80788
42098
67018
27741
35330
65942
25256
76381
33801
4577
80490
95239
84448
21692
86469
70660
31554
25099
17904
52905
97957
6152
29565
15184
71213
65573
31576
9529
91568
53477
1203
88708
95575
84573
16450
47258
50515
58058
39991
84317
78988
36833
79556
63436
74877
82377
50448
6432
7476
68352
75689
21786
90856
5255
36970
62070
87180
84898
87951
78748
38375
89154
67457
50302
73728
259
13912
40595
58317
53903
24912
37305
90737
20820
17094
65614
19549
67542
88398
43378
52247
64088
81516
43103
85695
34838
5173
72875
19736
9477
67976
58111
98631
51785
24765
88711
52044
38678
29307
26713
92581
70571
80371
99670
91392
97465
81637
27293
65007
70035
70671
17254
50475
52187
60358
52522
3377
81883
25398
23113
91360
9726
97576
6344
61511
22342
95055
29907
61020
40714
72972
69953
27638
53343
69624
19030
50808
67613
62675
32168
37648
33347
49422
4476
1886
26132
56998
21616
24368
98748
44729
15728
8474
58658
38424
86337
97352
49832
32596
74724
90546
5569
44677
18184
58912
30653
53566
9721
98266
32594
58241
52267
82293
7663
56743
531
50148
30093
22147
90868
28842
83229
6596
53668
41887
61373
40006
39239
11205
72602
13963
18103
94523
74992
52640
53436
5646
22558
79509
20264
55152
37750
72531
37445
61765
45626
37977
11913
75720
76476
2781
20914
59705
25730
74582
17944
87103
30940
57183
14660
19895
87498
32763
14418
62491
85403
67854
84489
24314
47363
4753
79466
1465
93637
33264
63231
39263
87593
91496
31335
64069
10630
52249
40127
36360
43184
58071
39815
74124
31607
70827
10371
19105
3590
24790
97948
5346
8996
98789
46012
72712
19895
25478
74177
29884
75094
37408
85499
62687
28905
16835
43109
39535
69084
83236
92247
28620
57659
48414
2745
89266
19241
13116
24724
39183
54258
39024
60881
63255
54166
6893
35967
74061
48724
26496
20297
23818
63905
5796
2858
9162
22631
62319
65049
8068
61907
57296
36688
19566
22062
55785
25185
57655
68902
49909
96838
39512
5285
74072
2767
59451
80965
55086
49864
29689
97935
70161
69860
78192
75958
72718
87354
14941
35037
68755
39361
96944
42403
76050
32862
64465
31835
58047
22120
17089
7956
35310
72954
29594
9382
92073
89045
90348
63512
38910
36389
61447
25423
22601
39639
17733
11671
43345
32675
63060
12100
72036
76356
54503
64438
9219
35320
12626
67266
73792
46067
91575
9102
19021
21169
18485
11095
26566
25185
74607
81828
77926
52406
7252
528
8397
24985
28551
51742
74012
91612
80194
46049
67968
51049
26839
77187
86369
39465
60806
60161
85533
68733
85615
20906
89902
20452
48353
32820
61989
39312
14649
39916
91718
38253
56796
115
63238
85347
68209
37251
76959
48403
99652
61280
99452
42843
38467
2173
82309
15625
62334
84194
84358
64302
21452
74260
84754
69806
23433
46744
9118
38082
3012
17189
76335
76160
17304
55925
61507
1866
9528
54819
50269
25532
16099
66074
68376
70918
68247
67037
86544
46934
51231
70902
27588
89035
61515
12342
58841
84948
75438
84312
39382
78450
1501
32069
54610
35157
87994
32470
37023
13875
3641
3645
39407
19740
86071
7783
7010
54318
91172
93554
17604
58755
80809
45192
47791
58676
73887
6632
43624
49325
90944
99358
44128
8797
31427
98738
43955
35773
47560
80978
49648
51201
975
89056
87293
87046
13191
94304
57717
20716
4210
91673
79471
1371
53218
27262
60047
27105
50247
20023
92782
57543
19381
36910
66341
67160
52001
26648
2934
15913
23978
68934
83467
24954
57990
70760
28352
87534
81416
2421
8250
1979
94095
4073
3350
47313
47688
63398
90770
14287
99773
99904
88182
35507
53167
70875
2667
21520
97523
21953
37433
21502
90888
20900
62808
65230
8013
7512
52764
89429
9934
77366
91408
4029
97792
11111
67694
45480
90861
74816
76119
90634
74720
64301
26141
44239
35177
45161
65759
32700
67114
19545
70554
58002
40445
49714
23233
64810
57227
92349
54240
67161
86068
62000
87542
83860
89463
55236
45692
80324
46404
21811
87311
37476
86112
13452
81716
21289
74965
47475
70342
42080
67020
40896
82
23818
90611
23315
88628
47838
32017
59220
31351
18085
37573
18893
18297
27036
90481
63989
23713
36885
2152
11024
74361
88264
40828
56077
25906
15794
19905
12600
57874
3277
69848
74308
43447
60459
13976
48428
24649
45993
7648
72352
80430
61573
91245
98727
88610
98078
62716
12323
34963
81220
39699
25677
69484
80527
98106
11742
12673
18011
40694
86899
37641
10543
61208
81088
71002
75184
29516
12004
37529
53517
84356
17959
31442
91954
16686
20052
90032
95754
48727
41348
76974
88426
67025
62810
85306
65131
90905
14331
99495
31599
1231
37136
42142
62439
34576
29497
53975
80445
41501
91504
50314
42209
25815
81756
34163
42501
18161
40548
54607
66888
81896
31581
71667
48921
10743
73325
30404
1648
87656
29899
33248
5239
83387
91742
67678
34316
21239
38005
14761
62740
45861
81427
21302
71676
63183
71817
30529
97696
12365
85136
80937
94261
16717
68956
43182
43813
42281
73587
45461
46289
19838
95061
51529
3226
86804
35559
37542
8043
73565
68655
87136
35778
66434
8438
7455
45969
80255
37984
43666
8973
23121
24603
3234
56190
93559
46417
3
52192
36356
45465
98481
56194
56878
66362
75772
43682
18274
29666
68078
8191
98321
55214
43969
81107
80004
51424
27077
76611
5761
70743
85584
28882
11698
88819
1424
5257
51588
1428
57449
87944
63245
72282
60490
20123
54997
36263
80158
73271
65929
48236
81462
80603
19802
25431
61710
99806
76856
88787
76417
98969
75882
78354
27851
87580
83525
29275
9189
35113
47055
66638
39409
26652
55273
16251
63128
10270
52514
43286
83541
34796
7874
65003
31751
27676
6786
9813
43834
99994
14953
20251
98963
90835
14957
26814
94768
98482
72442
3957
33595
35849
86948
89356
62502
58573
5608
41982
68843
74474
85268
68736
25622
9494
33739
57373
37170
40525
83539
81004
40520
98492
17607
55835
5679
48917
82650
447
47399
71444
20757
97347
23645
7705
86703
86147
66278
8663
44481
51473
83138
46101
20209
8760
55595
70300
66134
9117
27177
49673
90121
84049
64517
24081
39885
70196
72998
38887
86996
20397
10331
7753
34096
33976
31810
20800
36476
14440
29463
80957
82265
28953
27059
2474
37714
99006
89126
20200
8124
16303
86225
98245
353
50742
38678
56590
37290
11676
95477
24286
48426
5808
48391
82522
56136
96553
19674
8964
10993
65490
6274
93258
94443
33333
12084
48509
48691
1210
68709
56815
33866
54934
71413
50571
22028
10091
7161
59319
38120
2638
99957
86546
24798
64701
85420
97286
61254
5095
6251
88600
86937
12525
98210
97732
62210
26647
46242
10901
27857
14951
67717
78075
86238
39130
28646
24618
65573
35807
289
3693
38445
247
90239
79595
81300
92012
76882
58906
13459
83133
47506
396
12010
62069
98128
74220
88716
60722
1473
32925
75674
69190
11001
78264
24672
39647
2882
6598
91807
3172
10291
30252
19771
16883
26200
1071
8895
3082
59977
22354
2567
23836
39102
14577
85905
53582
88797
74621
14305
90270
7546
6331
75813
34899
84595
16837
74547
87477
23435
66354
7001
33727
12958
26772
66962
39158
44195
75857
58592
4173
14563
61159
44361
70017
75736
30266
23599
80885
21239
37904
87508
45137
44235
63321
80037
45182
96510
70936
32660
19946
53642
39661
70025
82952
82786
36987
22111
26981
29196
97055
47506
60111
58215
91867
30128
33951
38485
70079
31189
76076
24336
18697
21214
68571
98370
17603
30106
94880
88539
79118
31178
42181
18779
17555
25133
17917
54542
63596
61251
90
77004
8757
76553
35219
16977
6681
85522
71814
76761
16711
47891
1097
51760
85457
86020
50130
3060
32478
61363
91599
11596
92541
50132
46728
10097
91617
64645
80991
71566
25896
97434
48570
51006
73987
141
67983
97021
85663
39797
73782
18727
4040
91231
70487
89497
93603
36970
92557
26082
98333
508
37678
90874
50640
84406
17323
58610
65404
98315
30176
91300
12101
95098
42306
86088
95239
26641
83109
97254
82791
73243
32333
86831
80826
19173
92681
74430
56143
85238
16864
54476
85747
70894
61702
52739
71653
95378
27701
37057
10045
74229
44709
22146
69327
87016
8234
80918
30009
91344
94525
12800
80939
26858
15984
61766
46031
8665
52548
2174
10255
69412
73002
12354
56658
51057
65094
28311
46435
9147
81720
56480
83377
26430
78626
69056
29798
86860
66327
59807
94556
60852
88960
91848
4062
4944
53614
50094
29961
6162
68620
40216
91926
41623
52571
64936
92680
34017
93248
55467
43164
74968
11947
42893
1398
6925
28302
47548
10137
94629
7356
21046
71833
96316
12894
75895
17612
66508
42341
47573
89022
10962
87789
97300
52585
40360
62236
61617
74377
55484
17084
33894
46805
45383
76787
64555
52308
21441
12104
62445
32422
35812
83491
20607
48480
96385
96503
66092
79245
38844
13665
68267
66158
17806
65567
18743
74519
44156
96712
65248
99640
30148
99142
62797
75531
92282
27353
44191
13723
55809
22989
62498
91621
22832
83105
40101
35570
79608
22545
14815
34805
52562
99435
963
70368
81354
36059
44887
25510
49123
10136
41503
79272
25630
4300
71155
17912
48005
31699
47988
3814
54688
10486
11787
93872
93591
68240
29442
89552
90785
60610
40709
43347
76397
41672
30068
57751
94083
91307
99614
43207
17795
57469
38831
43426
78121
26338
77690
26127
74389
42030
46293
29077
52516
74433
39302
62460
42673
68744
52012
49811
29354
92721
9510
22103
50745
39578
79855
44829
47238
95821
4388
65033
53290
59571
24811
31411
2261
18854
73890
76651
60884
36536
22080
13401
10969
61382
92213
69994
30127
44225
19805
75833
36946
45668
97937
4043
85246
94144
65224
48836
6317
85964
30222
75959
45535
55033
7370
64149
90239
97613
40800
51124
50501
62880
80877
61470
40615
73090
47816
87094
33667
83974
79279
86965
29642
77216
91008
31240
87712
56233
80077
94029
42197
10299
69988
4085
81684
93711
84586
71924
7676
25386
39400
58177
4618
20277
35999
45233
9719
83815
32327
43386
67789
11607
30351
13783
5175
37711
45024
9240
93944
41453
19621
52494
51752
5962
72931
49788
16025
57517
38064
23701
99255
93816
98230
3873
30445
34229
65459
40164
34396
14138
99902
2186
42097
46605
32321
63625
84317
77345
72865
78261
18798
92486
47107
86902
14800
36390
53043
30825
93907
7459
54526
93162
1276
69108
13388
31721
3337
95199
88238
37734
9337
88140
56272
51435
34746
88593
15060
35415
82291
4277
30028
1089
13115
77136
4344
27916
13526
57387
58741
23786
64846
29620
33300
82474
98728
63040
14196
18418
58239
18786
72504
67577
6926
45128
35364
58024
50073
66776
93439
32364
71053
39820
49806
520
16956
54150
28436
46834
27889
3530
86972
9087
49502
20273
91562
64582
83313
22110
83000
57905
40896
55504
41834
64174
16984
77198
38551
67058
60326
31990
99422
31379
71810
49228
31899
5118
19730
76688
68305
47619
80218
55277
73059
46072
91902
64621
10654
75216
3083
93655
33121
43979
65511
74955
24505
82496
68505
63056
49554
28831
11399
65328
76562
99561
14557
24813
4680
50639
17853
89337
14611
14423
44614
87670
60495
36517
68643
71150
28085
71726
64805
77558
32057
46668
68865
56562
45516
37370
35971
95070
82553
47370
76751
75467
46931
7660
280
51611
58299
18134
40948
89262
32557
1915
76932
9405
38432
61927
80555
82869
50005
61712
60427
98414
8380
29292
71329
53897
83014
7300
65319
81919
54670
42070
57386
1601
66082
74018
69565
24382
92152
10513
13644
41062
28780
6929
50467
83564
85208
47374
66433
35214
9086
26860
33628
17466
72504
4957
87715
55518
12257
69387
37437
66927
27809
11175
84881
93892
85194
54446
34626
93698
81311
64622
51112
10092
71551
17931
93656
56760
65305
60090
8326
74391
3302
41954
8210
75807
63264
12277
31325
91873
81664
85115
75153
9474
96290
60034
19718
97836
14480
54344
91535
95791
18966
42647
5883
6870
60579
15892
79982
25884
75982
4660
16628
79284
46614
41190
71443
26230
53467
2769
18104
35132
4236
93257
60958
16878
53291
80676
14715
84123
51372
6250
79914
86690
65249
2150
9912
42180
18042
89894
84417
10376
94554
1045
6012
57521
42235
77456
103
12054
96577
34559
63538
17165
27816
24496
34043
97459
21524
65110
81582
89248
87712
77849
75939
52962
79999
2203
95142
14393
92098
79559
24769
3004
96956
30781
76877
55543
24589
93333
67598
21166
27892
31136
38331
72061
71985
88727
85872
9861
70189
83807
99110
57902
61656
91401
27216
41655
93604
38710
56048
2054
34622
97169
21411
31578
44302
14640
3474
68892
7973
71072
6410
52218
18560
61094
24279
6897
66173
10151
16759
36362
93958
32221
94264
71966
23622
21480
29973
33578
76543
2373
35633
11165
99542
73396
42743
43845
88036
62569
29089
12362
49993
35499
64580
68554
12945
88859
91803
79118
15362
8562
15481
25673
57135
26097
97639
80757
63930
27613
30688
40473
29986
66321
51638
45881
56069
10733
6078
44105
73303
35167
56467
23296
87018
21047
8202
99964
26258
16358
79082
57973
24920
10915
83646
82056
37013
97637
79165
17295
25250
9853
57768
71589
92526
25758
33822
48595
36491
39900
9053
26146
75067
65520
65795
78437
2920
90349
78401
45530
6707
73836
3503
47980
84751
87149
46388
38116
84787
41905
55411
26389
51759
29531
14330
60637
55289
48152
9233
8133
88052
34638
50631
79471
158
16426
57909
19430
23128
52662
64961
29835
26498
68464
94167
27602
71966
40555
82070
73105
82461
37482
99494
50572
83365
30177
27561
38655
94681
53146
46788
82734
87784
97419
78557
87943
30198
52818
23725
69678
5481
88686
15865
31979
73503
10033
75933
45469
66940
58004
18574
65753
11838
34420
32677
95203
64597
60239
50210
59279
13385
96998
58365
1170
10770
53274
5465
57320
6093
29190
26998
11574
34229
42863
59905
7732
69248
35839
53201
36189
93843
71775
1942
5681
22547
50972
17236
3497
11211
67447
62776
24596
80797
37493
42118
7919
90767
63935
65239
13212
93126
8589
24786
27355
67805
84692
51439
37053
36883
4640
89594
30726
92767
7889
52759
15314
58861
69995
18811
70072
37442
97939
11020
18240
51784
53139
26159
58904
17074
7751
72116
26552
16340
13255
70259
497
97947
21698
37551
34830
42690
27145
81908
35457
35034
34667
67124
10247
21014
2287
80319
58457
16579
91340
93049
68363
60831
35560
27267
94257
43311
15736
37162
76004
28991
23773
76501
43290
45472
30404
94472
88162
73902
76380
39972
25288
27399
7096
35536
48413
25735
15855
23222
42314
23547
32623
10678
730
68184
54297
11340
11495
86385
64854
3851
15376
88627
96705
75018
34099
27109
69490
38614
1011
62222
78586
42652
89621
2034
78188
54387
27769
10395
77609
70084
50295
10233
97114
51025
78417
67763
78717
6264
54149
43571
26468
85877
32199
23173
60896
82650
66634
46738
21264
83998
8961
16202
26650
98582
18236
4838
69321
46006
31585
46931
16090
81880
73516
29556
32906
68285
97319
27975
90901
67820
71547
17369
53698
20098
56894
30946
2748
23529
77684
40365
23879
2997
56567
50529
17932
74804
71719
87253
20810
3304
34184
53252
85185
24052
99160
34443
92337
96479
62418
99591
64300
50317
16960
34350
86767
90207
81648
89516
30088
75684
46233
53967
78682
2800
4496
96614
77604
92567
83867
14766
95871
34404
84370
97408
58456
83530
31851
67146
96362
10622
66737
77014
77291
49
27716
64059
6608
9364
69927
36696
85048
16160
90663
80082
18960
11511
93048
12917
4078
76916
44035
16302
27672
28406
13710
2480
28288
61914
85978
24650
88888
69067
1664
66179
69117
29380
46590
92077
55096
16517
28774
56497
49029
35789
36579
84342
63653
29628
97259
84083
22896
41294
385
66920
86052
30448
69400
14341
8714
55379
55343
97602
24446
57008
63781
9915
2740
26724
18345
57837
43241
47119
14334
92271
99260
67265
92965
79265
13245
90224
63349
52493
47870
80086
19413
50275
26886
88814
80968
35600
60545
36311
49554
1343
9671
13336
27611
12412
56412
45956
70249
99653
9427
935
8276
25039
84552
1241
4305
97798
7817
67654
50291
72040
64092
69705
22315
90979
74871
19635
42931
51768
55946
92486
53111
65618
22174
97074
78030
78586
43030
64631
94591
68809
81918
19220
93849
66470
36813
98154
64268
44631
82160
14560
33023
62604
617
71690
69935
75488
91325
12867
43608
47271
21705
96719
29241
43879
93794
7271
38817
53176
88254
33408
21986
70172
52628
32187
52995
5794
46693
33615
66777
45205
48175
99800
7809
65144
71490
94097
56984
62815
6964
592
26438
45021
13664
55680
88900
7458
79303
27717
76986
83910
77477
15324
70434
46458
47511
23429
52252
94204
57045
19029
55761
21572
35181
79923
86717
6671
74020
60053
85838
80984
60646
28628
42357
74310
84308
31257
98120
79964
75326
91458
63874
69155
6783
34308
31965
70646
74090
84217
81203
31135
19598
36964
52707
54779
16887
55776
77802
90907
15830
79992
88243
92828
8621
30600
83490
9281
78209
97962
89245
69887
89420
69471
55395
12555
20132
87360
83202
94222
71578
80757
25357
7528
34073
94416
78660
50961
66545
56462
58220
98727
52807
62816
91555
61428
9768
91397
87061
4330
89359
92659
74217
95131
62130
29612
7687
82262
33325
7241
92836
4903
4350
18193
28783
38423
28962
7443
89384
95507
80258
63957
94234
33065
26773
2141
10845
52893
93538
97906
57223
99249
90565
31441
10732
69048
77405
34771
67662
10730
42012
60499
31985
62714
95044
77121
1138
24006
916
6874
35865
81174
70831
46451
30591
13956
48592
41436
66850
58482
39343
40425
74083
46260
71866
84816
31660
65624
19587
99323
92706
77952
59822
41044
40666
71218
18165
41804
95225
19081
65031
31090
16608
35862
93894
47199
66171
42486
88636
49373
17321
44331
89798
91404
6943
78017
76220
38604
43641
12160
37927
52699
90112
14101
93743
30778
85319
28260
88935
96896
47342
53966
44339
80302
6180
38233
27501
72351
80719
32489
38076
14392
76820
27875
5797
116
5892
98369
38720
65885
10529
92999
18584
16993
7100
28680
47772
8771
56940
53059
5668
20634
7025
50007
936
29557
4592
44790
18261
85311
77279
56337
16056
70452
84212
21853
70568
90104
36574
25640
72341
63456
18639
90926
80449
25739
35958
44573
50862
92898
97632
56530
29885
21009
22889
47173
66919
27481
91963
85180
29145
69243
41517
45201
39695
25730
83406
10263
32186
36332
35903
4528
99788
70894
11806
80238
12985
47764
41163
63847
57014
38796
36730
3251
76157
59619
50425
43076
3453
42388
28256
32598
11631
86126
94151
67678
11856
93909
94293
60394
30241
46548
81274
30030
17442
93080
26620
30427
57196
67783
10627
30563
22931
47357
33814
15441
23328
591
58517
26781
42980
3126
75731
70963
89252
69882
38642
17460
63791
32935
94206
10385
79484
75481
56767
13278
84913
83387
60058
42110
67522
70685
89025
90454
18042
22839
5895
57722
39783
80764
84504
82763
242
60235
53726
5846
46470
8720
23306
26613
58008
33865
53350
53844
9346
10117
67122
94259
93504
27180
52721
77379
14217
41746
67833
48611
80938
90080
6334
20721
87196
90838
19836
87439
67425
89914
93285
30247
98635
32944
56861
56643
66809
26563
26839
92507
36681
93961
86766
46537
37494
55840
23916
68063
97586
8101
16675
78524
98181
23009
15597
1730
30199
35433
89169
13976
25348
98806
44224
23983
31750
17437
96978
14911
44000
40169
23770
80681
34130
26889
27219
87976
82729
67487
56040
80315
75589
72715
75192
90122
12076
90789
91852
42275
42575
81021
56251
67923
79828
16827
8258
27930
50616
21588
59194
94617
61757
82964
91650
12239
9853
35221
216
8934
2709
72608
89250
78298
61675
80794
68420
73751
87935
60273
32378
30510
57646
4981
14785
53826
38161
23043
98109
88777
44631
57303
83394
6388
56619
91397
18628
82825
26618
35196
91759
29327
24156
97361
7625
85831
78155
92398
75934
82443
52671
8312
12953
10317
29645
44091
80496
67806
67134
78605
56584
28118
35908
56330
50858
8879
47727
85838
91704
74346
21034
83464
20025
61542
80825
27651
47373
75333
20049
23307
57776
89072
47971
87081
15741
93969
31172
96237
61775
98307
74842
34711
42777
27102
7394
93635
35982
55121
79474
44038
45819
16860
27502
65845
78403
24680
9848
42128
13
46249
65436
74141
35321
29759
61222
67414
23728
92395
63652
1856
7054
54846
52919
49831
81949
60313
59818
34283
31787
55644
78321
93958
72505
22176
76155
67260
63208
86003
9388
63221
48604
91176
37362
83925
37288
98584
51340
77368
7331
31344
95576
30737
86190
48496
80568
84491
25161
56739
35126
56948
12383
13448
67259
1240
51976
43414
68500
15184
45770
94241
94757
94374
1769
32119
94652
39057
47055
45992
16426
70739
93688
12002
1476
96230
76850
98397
80722
2012
55136
15848
75312
67519
45648
42571
85112
13976
2338
53612
29160
48108
64205
23917
58834
65975
72388
53486
5032
35796
15830
37810
22887
9518
49813
24363
5749
26663
39112
2823
45027
94248
18671
20340
78120
80672
79263
63232
94648
81601
33196
40161
46061
97402
80430
4896
63377
69171
58382
68409
21319
74213
6220
44206
83
72385
84921
5832
15400
24034
25007
60428
34634
43679
97120
29106
40703
92735
92338
51703
90689
25535
91864
36750
39289
88647
57998
2666
57818
32733
87427
79137
23298
9999
39695
23381
98736
24616
45566
14137
65002
70573
90917
99637
30604
4389
28743
71307
97124
37434
23011
87813
79321
31227
40916
18610
19874
98914
37628
94044
31647
41407
73181
71297
51407
29228
94679
66495
53845
40245
80632
35199
10818
87901
51188
41423
92290
79932
29082
5767
33718
68445
93580
13039
16025
50848
48001
52251
66115
1981
46296
14114
43388
35829
85412
11147
65058
80091
77643
35255
36688
74627
70454
47506
62529
21643
5281
71171
17927
50716
93290
67997
19161
3223
81036
51538
54071
45389
3790
20186
47370
50086
34301
7110
85915
19713
18258
67325
16156
95901
2580
52844
70528
89387
350
49409
27382
21984
20581
45309
72700
13871
13306
8213
17094
10694
59752
87518
72435
63542
7704
36157
29980
58357
43267
32247
78070
61525
99573
94226
57426
18505
47070
44307
7892
63773
93716
35274
85757
30649
96935
74809
60873
10241
99374
94319
37287
59126
81837
26074
39020
5894
62231
85352
64251
5499
17600
58674
83376
33525
52900
57155
52030
16323
1462
59923
80096
11530
95197
82205
58532
8485
73366
19405
35078
72740
30076
72366
48219
11914
14792
3591
34160
77024
88944
98411
98875
22896
73437
98603
56421
26338
55758
8451
59013
73572
84726
55461
1455
79924
54018
59987
4761
27384
95744
39839
16476
25820
12205
64695
54086
43350
68287
88246
36726
73583
3010
35601
96479
76447
50556
52900
19137
6315
77703
78150
96239
62430
49963
97694
58706
3981
74033
63467
31365
69777
3306
47842
95598
31864
28889
66036
75214
13528
54283
11940
87111
73645
63893
99942
66444
14449
52842
85582
37116
30546
80084
49708
9328
30048
47402
68034
34029
21436
31501
81747
7565
34807
45941
3163
83023
74830
69200
58237
88359
39835
86529
91822
29832
50422
91765
96276
81224
44607
98210
34692
91505
78295
84400
17185
24695
48155
85219
58724
85943
33072
56823
93508
84232
2764
13024
67255
77595
98576
25493
82306
38411
12022
74128
68243
78797
65893
80871
76373
26853
79082
11065
34710
57377
11818
51896
98424
76325
37115
57148
62268
70188
30324
55776
54420
33088
85152
21675
27035
83728
63520
9341
22139
91895
83470
6734
87044
49363
3958
63417
92568
83040
90834
27279
56769
2652
79175
55193
78977
16290
28693
57597
2830
59017
29726
73602
8458
14878
11630
35493
98607
75150
44835
37098
83397
28305
60185
70441
94020
64143
50210
86589
63535
41045
30220
20304
60049
9395
91849
39027
42037
36894
12976
44868
95912
42702
18470
20722
57581
30100
56215
56188
21603
1050
9638
5000
45707
69823
91794
56080
50318
42004
59021
13853
83049
89241
34157
43099
98636
42358
98478
40673
79253
11454
1893
91517
54157
36716
12239
28090
66816
68454
630
4771
85857
10268
26124
47916
96444
17918
3996
46762
76274
79369
60616
59324
68610
11125
18775
83598
53484
33605
40624
49089
45059
42517
40606
15568
79233
52845
43658
62402
37651
44288
83525
23508
70909
9649
71425
67353
43919
91773
30467
20194
71143
91083
95870
39753
18561
30997
39704
88397
64602
80328
37486
26013
39197
94444
41582
34783
63641
1592
13537
1292
62233
97062
41153
33142
23064
12578
16847
66983
4351
63666
3529
91846
71102
15751
47952
89663
46748
87656
94412
11350
84336
31898
37364
23533
42694
95298
58316
6335
13242
71853
7627
75475
85268
48780
24969
8332
77710
58168
91667
98414
21835
95197
90260
92937
10948
38212
82600
74049
25868
93364
1751
10204
25262
55467
50090
84308
50765
24758
90643
80360
96612
98270
55835
81880
63403
97157
6564
41113
55325
98231
39527
77160
9780
46140
70097
37081
84352
69049
11130
26573
78765
12881
53129
4027
84701
3219
88335
51818
27978
95330
32178
40942
93601
88014
39174
73356
85171
45738
30821
56848
60321
70349
34009
70102
32841
20458
7183
17193
5860
34665
60118
84625
63898
13248
5005
48599
32819
9692
418
60797
5023
32596
18091
14976
36962
73617
4684
38485
35707
35505
95334
96029
22206
45695
82483
55047
82505
89666
88593
4717
24331
48711
89343
88229
61959
10700
53181
94779
36744
53599
71928
58119
86195
90020
89447
39510
79989
94131
77995
15697
29637
73329
28078
68195
35376
10561
23243
17882
16579
28188
22599
40910
76899
28294
45491
38859
55346
98672
49990
92091
68623
21918
50210
71171
28290
39658
10681
24632
50141
88676
40329
96130
78358
68407
64326
13734
95320
3921
47968
11899
32109
70568
69161
25360
98862
14652
80571
54209
29677
30561
62652
14652
68832
29214
85823
13474
85224
96504
38106
35366
1533
78435
31496
79891
63194
12174
9977
58514
32447
57946
70413
80908
28514
39574
6269
43728
70579
86840
14289
16608
33754
76941
31260
2586
22508
17084
16060
7732
29940
54167
43098
31473
48954
90947
11364
12149
19473
37694
87015
68273
95640
73781
49181
40506
29707
71802
84234
286
74995
14876
33246
8749
8169
80859
27687
30677
14295
43747
38410
44235
14266
81508
92061
79573
88807
19777
91722
8281
57471
95089
92906
53111
68870
42087
93617
98578
13890
94204
15216
5237
9080
64815
13986
17249
45674
58025
47927
59969
1772
86337
20556
32391
84197
12617
11964
89357
48747
20038
13990
6218
31479
6896
75682
350
48983
69299
15280
79225
79855
46848
84462
88935
11663
14800
22537
57337
72825
70464
33658
90950
73153
70567
23341
73702
99536
51657
63059
48283
88047
77049
70854
19526
83945
46536
36228
49281
32187
51508
28506
12043
98357
29321
17330
26372
44121
39867
62
33299
26683
50072
24249
16188
20639
63942
89891
36528
31951
52950
84811
19998
46352
55665
39524
46649
2201
75753
95930
50741
43613
40789
62784
58322
70110
80114
84695
30583
19982
84757
80234
46665
34829
4483
62854
71821
84777
69097
8349
16728
38399
9512
53078
84751
65178
8955
31401
83731
1060
43683
34472
44673
84472
13608
19348
70934
93723
4043
17870
30057
5152
98104
76722
56333
18940
55928
28154
3717
41377
52855
36798
79777
62368
89876
80880
43898
98831
28633
43981
99891
72317
78454
60917
73141
8414
80265
60428
2137
660
78298
32194
5812
76402
25269
78497
11694
97549
6652
15412
38927
59507
52210
35056
38227
58438
15936
82125
73622
44570
26107
89865
33239
20913
50782
6380
29327
47399
66808
47817
64411
61458
80011
86575
54213
21632
65073
65907
35534
88077
81319
74461
63936
49881
25869
2164
24672
41805
84289
98294
2727
26748
88159
35966
64013
55294
58699
93341
2693
41859
57510
83457
3318
53873
70032
57531
75506
35105
39790
11040
23182
37462
1853
87119
87343
27722
5635
12015
85879
89924
10309
88607
33025
14821
24573
97038
70115
99624
6731
89160
41484
64241
72617
44802
18115
42650
18685
9973
94107
58475
37365
33642
95937
55570
37113
99633
99644
42748
28000
85523
49024
38310
90482
82049
69483
31408
95440
39598
31032
18523
28758
72516
99117
17728
33670
33584
76730
52355
43557
70837
27183
97274
20831
39472
52844
57944
39105
52488
17044
67106
54363
66069
21768
44846
64470
91251
76254
76262
30849
7286
94786
75959
96155
93903
93687
29825
27487
86769
82181
87396
73959
25716
84670
94790
65188
53866
69087
20646
6354
86131
87752
77069
52200
25872
21915
33023
17123
14521
9285
64324
38160
4071
56635
34315
14326
66675
64140
41813
53444
62673
45561
27403
88389
30231
22194
69930
84097
7633
90576
6803
93764
78328
225
62317
20552
22140
95340
37675
53014
4625
18351
91174
8697
74986
25489
39375
41661
5981
81189
95106
68655
43102
38861
73396
73334
61055
43326
73783
68688
33902
96939
78805
28582
97164
41122
49134
35656
36462
3161
5022
57439
21512
96196
82488
12851
38037
21864
70864
44019
19405
82322
29026
62507
21184
18774
52193
98591
62101
42329
67280
12355
39268
62437
57290
52784
3559
22776
4792
56373
25938
9815
13812
63802
22363
96301
93005
60401
18165
63870
20772
37570
46192
66150
16429
67376
84924
68623
65968
63377
10952
49600
75733
66572
12037
33023
19356
31948
72151
24148
88321
98089
50315
18485
78244
72679
14786
71249
33080
49303
51471
70204
3225
97664
36354
19655
81392
37630
4630
47360
1008
31934
13312
76741
98506
41701
26116
34214
90001
98267
74714
94674
12709
25030
13160
7305
97709
44298
94906
47141
9954
46378
17345
13179
44042
70051
49186
41786
7681
70168
5499
8689
2102
18811
1782
608
76865
44250
51174
66866
58870
25889
61541
87931
50919
74701
95236
48628
35351
90142
95769
45305
52872
29466
74837
13266
15869
40375
55053
23550
10544
60552
48592
12646
95715
66726
29607
72580
27329
80781
39447
86199
6670
988
74130
57589
92041
85718
22569
43744
92212
34690
89050
45085
64156
63887
58351
80025
4262
29756
19928
31158
90308
84872
43805
86024
51598
89764
58604
78927
86897
14403
81478
93568
31743
71960
67509
40136
57678
6431
83881
66243
41121
89283
27680
5278
53170
86031
1655
73784
15788
37935
21295
22448
22807
65100
24824
90758
71216
99781
86037
58113
14184
67516
68033
62280
39476
51895
2416
13507
58326
86297
79750
99447
75580
7430
21077
45102
9813
39085
35239
41953
77020
56534
80754
16180
37986
5578
6938
25554
5359
92975
83667
35896
60491
68053
98176
16320
19948
592
29827
94626
3242
25929
94073
95174
49711
31503
56629
75876
70588
8220
17830
63960
64754
98584
80140
19092
20514
3430
44646
25874
12758
44665
61770
89601
29070
76298
5921
65370
76890
52100
59996
96484
94381
70422
91659
44092
1925
64640
19969
88865
72860
54151
69177
37614
69087
49318
73058
89601
69100
34056
31827
81858
95073
9949
71460
24144
86247
93733
89514
63138
45834
65863
75974
56567
36285
67633
660
38210
32273
36981
43427
21485
7484
12604
59099
76571
78274
48509
82524
47375
98917
14352
45585
93991
40653
17045
34487
26901
27131
40353
6391
89317
6216
82365
45884
42501
66351
62896
97063
14976
16229
40490
36462
23713
53095
11913
16636
31369
60423
15513
95096
59340
29865
40682
69683
70518
74079
4170
13771
1210
44524
20162
6879
67092
2528
52764
9594
85231
15660
6657
207
48242
63500
36669
71955
16595
48583
4944
64316
25358
20457
59413
1050
66674
16447
87086
53544
90526
91256
67316
8089
52132
87478
14968
19225
6358
84084
45171
91589
16097
68180
91797
64339
31680
44818
52646
48275
9753
57590
28944
51463
78047
88357
68866
61073
4804
55952
14618
11682
63560
81934
36123
15693
69412
51092
51270
75771
35176
12793
83712
51273
80973
91861
31964
29006
36680
84611
93633
62785
42201
22577
14249
36601
10934
83115
97674
32090
39067
12292
60125
2627
10578
96248
34672
79991
47340
2294
72114
98869
31439
55826
66494
28765
47688
98459
57771
720
99422
51404
63505
57975
73982
94106
10928
1268
77221
8603
49711
32640
37247
9836
51620
47826
6084
86292
44169
69777
4939
32635
84998
36378
4813
51492
65143
68853
66303
39266
69573
82077
90671
49431
40053
81005
43537
50981
82273
20759
75936
48336
53399
29536
58172
21371
77362
80609
24016
37883
50386
28955
70518
35384
81685
91683
3228
63181
60537
85884
2447
30110
67961
9470
95893
8014
90475
39431
75348
89101
60190
51284
37437
29941
80820
11962
51313
74534
92571
75329
12417
42957
20636
99287
94693
18673
90971
97921
81854
67860
157
654
97970
68119
10124
93864
92485
16952
49647
67833
22405
26189
19118
76194
56130
99938
88156
23795
90825
80727
15476
19594
40036
52464
18882
34729
71138
26205
49003
69344
94065
49160
69998
8387
33631
96475
18603
26117
29779
68250
93950
52184
94439
13068
28378
66922
29359
32887
7069
20184
13614
38898
56130
70003
91362
75012
21084
78852
17569
86439
48197
27986
51952
34547
36374
85583
31022
54977
11700
77153
39580
5651
29337
34019
35071
74068
17293
80782
6955
24363
17318
36921
63261
73449
23276
70975
64813
44361
49828
82383
47152
14377
10369
99104
48924
63095
84688
96299
34425
96388
73452
74005
18391
19142
24376
69815
93210
41670
50597
16517
66033
67916
69790
45646
57717
93067
16621
22530
53780
66449
4913
932
97178
31635
37
46103
94730
1077
42402
29155
13817
32206
3160
32209
67700
43889
18376
60910
85559
68973
93779
67944
53241
63570
13590
10958
72989
46563
33489
26769
29365
54754
27701
26543
86389
44090
72646
81120
61519
31400
26627
75337
79959
46140
23898
47659
90029
42274
24922
91940
11247
18701
59884
80841
98623
89826
91799
71612
52741
41640
14733
82106
96395
58787
25002
82784
19229
14000
80256
80749
61753
6884
56086
41712
69376
79984
5723
59405
22258
30645
51345
49857
65699
27581
47050
80674
33759
38850
68639
86500
80490
83372
84959
93237
42159
9961
76022
77741
23961
72630
58490
2066
95866
14576
43778
65242
10912
65854
24647
49522
96499
92344
15731
78550
36277
62782
75577
70036
1632
44216
72889
98474
27588
74200
91712
86100
84161
84086
63841
24474
56716
38683
26541
52583
69611
86671
17825
80523
52525
58825
30045
65377
67521
62128
60279
3799
24910
35856
90187
42894
80072
63076
41369
24013
37276
49433
26465
37789
49871
6658
78616
6587
45341
21509
75522
14952
8180
9700
11827
77058
84877
58224
58787
52398
20352
19066
56197
45263
54923
62737
88157
51347
25813
45878
75360
79442
95311
1825
33583
45182
8483
12199
68122
70176
33708
59996
1480
58241
86048
13307
35299
70925
71531
10438
39676
91884
29504
12225
53499
779
74962
41656
52127
17128
3887
27487
96570
99198
45665
30153
60733
70500
58705
45207
40677
92413
21555
42157
67006
7604
71817
2305
94881
43348
29095
50909
51584
58600
63135
5083
59379
54449
63092
11506
71577
66979
55346
84499
82529
1011
31005
59614
71511
89710
4821
12188
82123
42729
70698
65482
50333
42515
67787
61566
2215
13235
12476
53800
71835
91963
75235
47566
46412
54679
59073
34342
38010
14419
18841
20540
15430
66198
96506
3293
55908
17680
31834
54384
60409
2532
19866
27094
61399
4005
88660
79966
17240
1136
33766
89075
9451
25354
36642
55864
80033
12067
6558
18044
42838
41751
54936
74620
7950
51442
77913
63858
85474
9747
18242
45883
28631
54460
72977
6382
58466
77990
86349
92058
79126
20115
81134
4930
61821
34128
60794
58207
62547
83704
76251
5385
25455
47539
80005
33405
15333
74270
13616
808
84018
48210
63043
29001
2671
52373
35384
61137
30363
21733
53195
25841
58200
50681
30771
20022
1161
7917
78229
80060
91621
70832
1797
17077
34723
81802
66834
50056
56073
80450
67216
56443
28661
46612
85444
31332
98985
20828
8821
45700
42561
78368
71541
762
45402
2313
37136
62915
10230
15365
42976
18204
2549
61125
35281
37272
42928
18467
3680
15353
98918
87249
88148
27579
50213
73592
75263
49198
10773
436
11250
69686
78804
82791
70448
40558
85104
23936
3474
11687
55653
62802
29891
58202
23927
81524
11826
83207
99991
31859
14912
15261
35460
3060
42840
85673
93005
34455
51223
20130
34891
62473
89816
30048
45264
76617
70606
46721
553
90432
58408
56207
69586
4651
30761
9866
2527
42588
93073
2518
90799
24338
17780
26259
43750
76972
11932
53107
27780
63155
73237
62671
25628
79406
92719
87244
56023
79678
33965
72928
70110
8725
45487
56049
29728
76249
65915
32255
35189
58988
34774
42340
99678
68906
68599
43429
62230
80531
12888
90010
60038
2478
52682
2018
81884
61753
89262
54259
57783
39580
43539
27894
64657
89027
295
94386
81628
66210
42993
33169
41550
94119
75509
41229
63025
44108
1010
41608
40991
30250
31618
1029
32728
652
19399
14612
78758
25013
85223
36541
64593
28763
80787
45603
34142
81082
56341
15770
47292
99334
65291
88843
9806
57152
46424
89183
1260
63786
30791
58603
94036
62410
75984
26765
79414
95383
57729
58172
20396
42953
11066
1342
71716
8205
46945
5858
89288
19638
37980
52932
18972
19623
58127
28778
76775
4551
17962
94387
68337
65105
52990
62374
43867
45326
5491
23282
40709
63220
97806
77457
6173
25224
78799
94241
33430
42096
16451
22718
61734
70783
92002
97059
90406
50130
42189
83533
71033
76503
77920
39371
41609
47262
18097
85476
92588
39940
25110
49649
3160
39269
27107
9334
64493
22258
19927
97923
64355
36379
36993
42441
7162
28996
39500
13921
79126
98042
97454
50159
74545
91727
5882
32506
55341
40331
17983
47930
80271
59445
13931
83432
98714
41038
9118
63208
63297
29045
77483
44004
81776
14477
86445
5291
43473
25946
35564
38951
40340
33018
89110
14885
41097
11345
47392
96439
51676
81727
60721
31948
57524
74652
31732
56239
32043
40850
35799
11692
86247
13282
55696
84376
44111
58493
89667
3936
791
25231
42887
41131
74601
48350
56017
15699
59695
3409
28490
11371
1488
89211
59671
59012
80215
91403
31603
12258
48605
67402
23950
51205
97037
95998
35581
57500
54492
25248
61437
55283
66831
4324
96415
41432
52674
52432
73483
28721
72193
18325
56445
90033
7536
16116
49045
4104
23872
80649
16362
88829
64403
56665
40034
77792
52663
75615
35293
7155
17215
13082
78791
84046
17406
75206
41831
86433
43990
31666
31506
32535
49992
87951
22568
73880
20420
87965
77984
44292
84966
94347
33121
49370
67364
89508
43514
20027
65123
95159
43535
82339
8241
38678
82737
42000
13884
40920
44785
74226
72587
76291
6761
22579
64243
45681
96459
1015
33646
74444
45307
18613
85143
94780
84335
52507
84288
44201
88886
65764
39361
48773
64455
47602
87451
63544
5954
17687
4465
50739
91913
77052
27031
15026
15983
7626
60707
12442
24993
94354
3238
86652
29319
4733
81432
30006
73592
82073
74207
62479
64189
29920
11252
28644
93875
15056
92188
99829
32743
13005
50569
41009
90057
93952
56035
6040
17930
16743
34835
42923
27449
54425
29575
73120
59159
27359
3126
32751
25784
93685
11582
89973
23606
39187
34969
17481
54243
27158
33662
3338
56515
84231
44347
46573
94535
383
68965
12465
17126
3800
71740
60927
58226
17667
34047
33737
45027
53525
66488
70811
47210
78071
77137
87168
33610
12106
21001
87853
55616
54664
91191
12132
38895
35539
58705
49783
52274
44022
78600
69400
64175
50341
46679
22401
84360
80726
72490
29387
34251
38978
16551
97813
33401
93688
84982
67011
5794
22335
71216
61411
76999
78760
73543
32247
30651
48600
82030
82925
8974
60630
68677
73149
27323
15356
11902
11684
12434
84392
57423
63037
39723
73974
60850
73124
84014
62184
56488
6161
84520
44056
67572
77871
39168
57467
10118
69819
22419
92148
69096
31393
69131
37773
20895
12806
69481
32797
40842
98267
17190
98266
61304
56913
88592
38507
46389
72607
691
19229
78768
1563
79638
62692
79435
18806
36511
89553
88626
58930
98054
74074
6675
83537
28200
43922
12695
97681
76720
53538
12301
93910
51804
73605
67175
40396
28464
29916
29355
45508
65498
8123
47071
45136
87167
42858
63942
23678
48764
68920
98960
63170
42995
21988
46707
71195
65910
59402
85228
42630
29292
13881
52892
81096
87487
36419
21493
32303
66336
67200
77811
48186
75324
24883
93322
62491
84093
73616
2522
32857
42537
1482
96027
1884
23470
59086
89431
89381
34841
74659
48363
64133
88541
1256
45230
92380
54027
83075
24683
36715
50275
18847
84901
41951
60082
78223
20795
44175
51840
23317
77033
10729
24799
89412
12613
64622
48499
2044
70355
99692
93055
18718
63825
97948
36326
25407
6680
90354
24834
47716
27069
91462
66563
11971
49765
26645
6546
70560
70820
58386
93877
64205
85467
35029
53618
98080
99651
18469
16476
70006
34513
25884
5076
98338
23832
41403
40098
46865
48109
81284
94581
75178
89098
77496
3501
38864
4141
10048
25776
91313
84786
36006
55519
70254
71035
25489
84686
87038
60310
17515
73396
94823
43399
78472
9513
83583
36227
65963
46800
84336
47248
41381
59515
36346
18877
79368
91562
39370
89416
17339
30684
90555
53345
2555
77161
40732
44396
78199
27770
4706
95714
17518
15881
55465
12342
25394
55401
48570
91358
2201
49258
54958
59935
25125
91304
95164
4494
99219
34535
10262
16558
81571
817
69903
478
94330
26987
61226
72530
71109
82284
84596
88627
98165
56414
17321
39911
11815
65891
31269
30368
31502
2579
6655
56627
10236
1820
61121
9455
52707
87736
26013
50630
88553
12268
67460
82884
55607
28686
71766
26716
10970
56362
31695
25487
12776
49016
65398
40943
31260
13020
71312
62762
15599
77967
19389
25835
96139
96863
51642
65198
84599
94007
32180
73152
22627
99640
72388
78234
44678
44154
4950
55648
517
36645
81135
29645
85662
62886
70589
16922
75906
41901
79684
7857
36220
15425
50045
48712
12288
1687
30262
96887
95695
62443
86392
18322
62083
58780
96557
6762
19287
17859
78762
36156
54505
76250
65801
56519
39136
36390
73441
31394
94643
69477
39251
47216
84902
89296
12280
97191
7336
42542
10430
3031
4985
96822
37705
83421
55603
34262
90183
91242
52122
85297
27398
22979
61547
93199
79498
17035
45942
69291
48429
56937
55120
87681
20505
56374
93329
32785
69917
665
91680
80348
20048
96665
77170
57754
80086
49125
8368
86621
40367
60490
88271
67765
99821
49818
77317
95671
83206
23259
81314
31635
96548
36434
35668
17054
92809
28998
66191
62726
46015
57871
59426
66064
54537
36597
23818
50975
85722
32186
53949
26090
9029
58572
93855
25202
24742
87524
20874
7948
27135
18540
39584
23684
54975
75252
57090
64136
20602
23281
43214
66618
81153
2641
49034
52042
55590
72852
19369
41312
21390
89670
83754
46771
48242
77610
71974
72985
81486
9200
80933
8622
27740
36869
48658
99067
12122
5748
63203
49076
45381
22770
15694
42886
41763
64728
94928
97353
53932
30650
38665
91675
36672
22420
38446
84915
16382
26772
74252
14220
52324
71537
22842
80065
8407
71500
79132
36881
93600
58688
85957
55334
97810
18004
98220
39573
99084
9501
53278
53017
40151
91943
61044
76823
30715
15842
78090
63449
42615
68694
77670
94939
40232
16864
91356
48639
4717
86841
1872
14669
61881
87829
70003
59691
5833
68224
15616
4918
77725
68894
74287
34228
77189
35331
27403
24257
51173
5494
4058
10140
90540
98080
21432
30772
14945
12788
95763
36014
15981
97635
50683
77862
1817
20687
53905
7650
88911
85873
28920
82988
71119
3207
17216
48309
54890
44619
88918
22416
66465
92976
48908
73358
91057
70340
4130
22354
99481
16246
58368
15462
13881
9051
9677
32050
46090
63582
39701
51353
65808
84973
34341
36927
4533
67909
85236
59423
28881
90506
98191
11698
99835
47100
85056
90892
33792
5539
29598
33273
21785
87966
65088
52018
13369
74765
84069
59460
54699
40122
10813
20507
25095
61507
57435
29628
29416
59023
5404
74649
65882
3595
86348
65717
50695
71404
72961
84488
76943
2559
34113
98728
6877
99201
67099
20246
90318
51168
96058
45018
7642
23224
81877
32737
1083
55664
78718
30499
14688
84122
5149
80570
87717
7849
62639
54765
79253
35600
55605
72549
38159
89718
87629
61388
5272
54728
81634
95590
22248
94045
56960
29890
33621
38838
78980
34704
94502
57698
65203
25542
58172
86704
22464
62241
94553
85103
17006
90159
20703
88963
62708
75214
95034
50337
36602
306
21418
34589
95896
43666
44986
69209
89909
78607
8047
68889
13311
18901
42939
94866
44444
1111
97923
83260
63352
8828
68364
96711
98987
5419
85674
78047
96986
80708
44737
49940
81014
66155
881
93263
26173
45867
78824
32434
40826
86871
1323
54137
22124
60614
65356
66568
61725
63279
66181
25078
88459
50897
21789
87447
72668
23815
81846
69654
4524
26583
35947
1890
9090
36828
11505
51616
99048
90329
84050
39874
93552
1726
10364
15677
62340
75720
98597
24066
55351
64778
65496
43810
15675
3637
47609
4696
27452
29456
74350
48328
72391
26649
50219
81482
63478
78076
33098
78878
68406
33500
18752
61958
35226
29116
77635
97567
4836
92585
37985
76539
57363
19833
20350
89391
23470
67959
94087
67274
13767
84789
15603
86159
11439
82174
67641
91269
60250
17091
70147
45008
66943
5251
6967
2170
34368
954
16089
55556
93539
70426
32096
67255
90259
52446
56646
13729
36757
50733
81003
50525
51874
12958
36684
79665
95132
20677
70934
71735
54120
57433
16743
21063
62685
23710
39585
13405
41017
55674
68961
34556
42452
1057
18163
32711
69855
74809
46440
22965
41894
43796
73490
93769
73106
26526
89786
68239
63555
60721
56326
17675
34506
73069
55090
13543
13132
11028
26948
54149
83054
12262
5057
25507
29671
23221
58218
99527
14382
21011
22492
56277
81159
12334
66398
54265
38860
56184
38856
2415
33257
95182
36442
84116
68252
7884
97659
81384
18912
40960
51885
1967
53222
73294
43826
82893
96515
2044
98772
27250
23055
21264
99879
4214
49950
66277
58480
88810
38813
13688
7577
88423
8871
60371
72539
77123
84608
86550
74859
3520
43862
26744
21839
97084
38
65665
96330
12906
84062
95102
40156
23469
32719
40035
27684
82669
22664
2516
87832
77829
16204
11761
66252
41427
72133
55143
18550
56741
58046
9761
76613
1908
36505
14805
15345
52896
96822
11675
82154
80884
23129
38662
4354
55848
95049
48390
54870
34065
67258
42702
11894
83462
70815
94499
41242
59300
65994
59792
16041
24040
69554
9007
42301
22411
40164
73998
91659
36986
85673
73813
34223
25154
28827
38577
81003
23876
3319
52225
57941
70577
94927
86188
70391
82094
80687
11633
41395
46681
71426
73788
87074
57332
82795
45727
96095
22959
19725
87755
76298
21750
77920
10521
46904
23100
65450
44259
46976
68769
96484
21270
39346
7763
7458
9737
89858
4497
21371
31253
67530
9149
5041
70956
82833
4189
16683
78928
27148
36408
83035
19798
74510
77308
30319
21415
408
95769
65674
63736
64538
62159
1358
20236
69922
8816
29974
76132
29665
67697
7385
13548
93198
12427
84504
76031
16616
1188
71311
60116
53948
54347
79915
28459
48007
26586
66226
48415
38708
48252
28503
19598
26763
29862
39835
13038
55030
86161
89170
84696
53858
96556
98244
47056
8983
99100
39439
41951
288
10750
2067
70589
81449
98334
15400
45808
24921
97978
94223
79981
46230
39079
99579
72994
68941
39414
2384
40323
41927
91554
25019
95785
88110
39615
59193
13445
55068
98632
55396
71708
25735
73816
42297
7184
72150
74049
52993
13423
72027
63568
9756
18258
18999
9336
7604
87940
65102
9988
28264
7030
17894
69635
19167
6005
25603
78361
35802
80671
93345
7551
52379
19080
81367
11029
42617
69869
85078
11962
99645
73458
91882
9401
8068
10882
35089
15672
15174
192
42012
43438
23574
59906
29426
42741
82263
71381
37454
34418
68404
30800
41969
20783
66232
39688
48164
8849
25909
49595
37163
41906
23053
29046
51308
31121
39928
2749
63145
55102
19293
21509
14893
42867
81415
44319
1961
80031
32052
39415
14449
456
86567
72770
21239
52800
12458
85756
78001
54719
35351
15165
96626
58404
44211
47934
5877
491
67035
69022
55593
86329
90531
86838
29196
88298
47509
31157
84681
79561
86925
15482
80017
73492
88252
17609
26292
17062
3365
20646
71782
55068
35811
68408
29824
96374
32694
35701
96865
99729
4723
68810
86058
11606
55649
31607
99904
19510
79116
84586
99072
66041
68
95441
55886
4673
13050
98530
21735
32767
19176
93517
87835
54987
78277
17659
67713
10971
69712
64578
27053
74435
49741
29463
86041
21742
61070
2298
41252
40187
3236
56676
22580
19656
52118
78466
40681
65168
76997
62417
14288
12525
72286
18475
67513
50564
52487
35226
77887
22199
16157
4940
12987
65898
34404
15380
3992
11826
34030
45244
68365
37266
1921
7298
73275
70391
2116
13956
51911
79113
76373
66199
7991
65012
1027
75504
31928
53514
27082
9815
92065
59591
31108
5052
41841
81864
20433
45833
10042
54463
7430
78408
8082
25703
2058
81357
96094
4174
11665
48005
99640
4391
14205
7631
69403
15232
99487
1331
85098
26569
27498
77163
2513
74958
82216
44354
73174
19001
6540
83217
89816
13970
77977
14250
39673
80035
95607
35767
561
23625
124
201
28016
14329
7832
97419
45913
7319
15102
47363
50241
58952
24527
52754
50263
23095
13460
39789
58448
20000
39358
48264
50322
17335
78867
6347
13722
90826
42114
14284
14451
42239
30837
42467
72920
38670
56238
35186
45989
71340
82549
96230
46645
23428
65336
13260
62875
78797
53049
21323
15149
92408
85940
81824
26095
64807
88171
56170
55633
46638
86806
70085
88877
17643
28904
78149
56313
85143
29687
18655
72835
28589
31237
35832
52017
96574
49092
14893
91723
2142
36216
23224
10902
38508
5048
36997
3315
93220
93167
75301
39858
79973
45386
45087
13969
90642
39588
70282
75785
69276
5289
48621
97865
36527
84453
66234
49453
49898
81127
57528
52040
33696
80752
62942
72204
2153
16291
91872
11725
9459
67173
67935
5784
28911
13022
19753
19553
68962
6388
95339
54590
11677
60312
52455
64556
61117
35042
14009
11015
16169
87889
63055
66217
84994
42349
54774
87147
58641
46646
15224
84452
30171
83159
90236
59082
12533
9990
94987
81495
32730
90326
36086
44407
66990
4893
8964
28108
39935
39325
55475
56105
27215
34883
38674
12209
77232
93448
