10639
28644
26560
29442
7037
381
5640
22190
27827
8228
4791
9597
22027
24641
19269
12465
29975
19176
23620
7825
19572
20977
9598
28949
314
10902
16948
24887
8030
25410
24873
25021
24054
21433
815
7443
28166
12808
5986
25993
27388
10777
11942
25768
11771
7563
8233
18098
26740
1853
25924
16312
29183
5522
21614
29497
16424
8562
24385
806
10324
19258
2180
10731
17043
2995
24526
21561
22155
512
23906
19544
17642
5848
15312
29413
13412
29897
17511
16504
8103
19787
9168
13638
1661
782
13135
24437
9344
13872
25244
26021
9482
3776
6752
26525
6771
1278
18086
5279
1791
18344
24823
25785
24193
16487
25198
13957
22736
19061
6813
839
15201
15981
14477
16862
23116
3965
17652
2460
17837
12896
4833
3672
16672
11585
197
29795
19216
24636
11426
27359
12980
12601
23144
13525
29088
24694
3834
28177
20107
10647
29016
5308
2981
19846
28523
26097
163
16175
4909
24352
5423
9743
28024
28447
27680
4574
4594
16896
5562
16021
20607
24894
4974
13751
8420
4063
8445
18606
2240
4905
5606
7608
16565
14939
3806
15088
11036
10321
7615
15945
4674
19390
2040
9050
24189
29721
13624
28784
22969
25538
21157
13577
20433
26131
3680
5205
6546
18478
23811
15138
23383
5769
29099
9948
20708
9257
1389
8096
19579
15356
394
605
4747
2434
9655
28936
8507
29632
4072
7829
25170
1581
27758
15603
4065
1438
20808
16963
19916
20972
2102
19651
3093
7553
29600
23802
16810
989
8250
12741
16345
8644
13346
27444
17431
23002
2733
25938
22634
6805
10119
24156
14739
7877
9760
18804
9316
6920
12119
5584
4244
20573
25236
7338
28126
1188
7492
14937
2177
15742
4030
24874
24387
17377
28671
11818
10379
1404
14108
9365
14561
24228
9873
29300
8457
19633
24456
24125
2906
6576
29710
7150
27149
24946
20840
1628
26134
28332
22917
4663
14075
26947
5889
14814
14324
10912
2984
1055
12316
17092
16772
3230
17672
26646
8882
2482
22631
3339
26607
25537
16267
26317
9040
19768
27615
29880
21396
101
4565
14313
11116
24992
17613
23358
9806
1937
4270
19142
9345
22939
12586
26117
26169
259
22763
5051
2741
15395
14742
5700
17284
7361
2018
26324
27130
5985
2557
24878
6087
7122
15544
23555
2114
3157
16913
18272
11446
27536
7414
20791
26827
20000
16909
22996
26611
16024
4399
5704
1419
25494
11405
25056
2855
19775
27732
6337
25760
289
1216
8199
13763
23112
8107
22229
26269
1372
10501
7715
28908
24267
4859
25735
20620
21768
25083
17231
7792
5835
29288
15564
7681
10693
16972
10536
6820
14704
23226
2580
21346
794
17132
5109
23906
25239
27339
26527
26611
14192
10594
1872
14812
15453
3959
5432
13573
5395
22663
27718
11230
21951
19634
18911
8996
6606
5799
15816
21310
5377
24749
19008
6171
11881
24118
6429
13472
27809
2956
16435
18353
13551
24659
3165
29004
28619
8597
12578
4014
7613
16648
21596
5916
6282
16859
21265
12888
29010
7081
10550
4388
1830
29559
16911
20063
29
23341
9887
4190
26297
2675
28895
9848
27334
2061
15205
2305
17010
4135
12671
975
20783
10619
13244
27065
27478
4509
16305
26489
11590
26855
7229
19773
26414
24140
16188
2795
23833
2428
6985
20131
5103
5881
6331
8789
14294
21536
17447
7656
2023
118
14984
22806
10738
28228
26223
14568
2737
12528
17409
20679
9384
990
16804
12150
25131
2993
14946
18964
11773
28283
15447
23228
10516
21779
2017
1162
19667
25816
8819
21691
2287
155
20849
13025
28383
17073
3945
1120
29601
21355
28151
15337
22345
14956
27488
23828
24301
18786
19145
6074
23421
10944
29302
3938
2723
7671
11452
28743
3488
26623
20434
5775
26778
17635
25152
25161
4708
29097
2633
10662
26804
785
25999
25502
22093
29839
25682
16394
18625
14827
22468
18399
25772
28122
22337
4847
5793
10141
3590
9281
6765
376
15056
3543
18012
16560
28705
29072
15658
7690
9734
18814
8475
5734
14316
6920
5573
16351
23314
551
1178
22134
18950
3302
20256
17639
14502
26050
27780
24444
11683
10897
24821
3092
14441
19185
19652
13146
18257
11662
27188
4344
477
5664
10078
21145
18936
22003
7496
12251
28906
15027
4385
24208
24681
994
11847
15535
3396
15980
9980
15079
26877
4801
24523
17670
338
14176
7168
18595
2190
4357
22939
9019
16373
9369
6517
5309
7725
20365
17560
6631
5392
28298
7192
6426
29292
25391
21961
9040
17723
1941
24119
14601
13094
18643
2271
19784
9171
15792
14732
11361
20149
7671
26733
6522
23393
3250
11831
7470
23615
29392
14101
5360
4042
27645
11786
9686
23037
10099
18726
10760
18393
19197
1713
7839
14192
10337
27624
23363
26129
12356
11077
16278
26379
7810
22800
26124
11060
4631
3594
11027
10375
24048
16387
20769
21693
4525
455
14730
14625
25533
1843
9370
14731
3556
17209
28923
13893
21185
28639
10022
9893
16068
2652
6273
23878
1804
2397
11290
12788
5992
22317
29515
6392
8705
20285
28085
13230
27092
19168
4207
22626
21011
19929
13709
24567
7139
18984
14813
4676
17623
1187
14570
3691
3840
20843
3921
5644
29592
21563
18432
11936
20233
17948
18328
28938
14585
16414
18520
11677
11934
29080
10655
2945
19009
716
3864
2500
19701
18677
7177
7324
19865
28099
17368
57
25294
27641
12053
1238
19205
6838
13175
9438
1138
7855
14728
15723
621
9600
3752
12555
8680
20760
15500
4042
21476
19365
12894
11177
14394
26423
24854
10611
24522
18574
17020
19816
16215
29074
21055
5420
12264
10582
21210
13402
18437
5938
5477
19059
21891
9229
7966
571
6341
23467
10965
27818
19184
23860
15347
9930
20283
16553
20542
21158
5127
7562
10974
21343
12988
8381
3115
25252
25315
24326
8654
20105
6616
20483
9164
28507
6065
23482
5431
12406
16949
16396
16576
12485
16608
1924
22416
6892
18477
19310
28050
23605
26872
15376
21300
16213
110
767
11465
1777
25093
26472
21882
8062
16955
7398
12921
23020
881
18352
11779
24182
11101
28355
6668
4061
279
5436
17305
25109
24746
15355
25066
27970
7084
16366
14183
13546
17133
2001
15323
18579
4825
7206
2993
28132
20956
15914
27505
21837
10619
9284
16020
28072
7639
22688
2133
14271
28124
19439
9380
29222
11146
4446
27192
24582
27164
11376
8128
14297
19729
23452
2876
24554
7010
12221
22686
27966
28136
20191
19804
15107
29475
12176
13179
7115
11216
21664
27738
15692
11103
7118
14914
28602
17916
12106
23184
15080
29834
1313
29377
19563
1117
8606
14117
14479
20827
6804
12445
25315
3347
8601
10422
2823
20777
29953
16290
8345
21618
14028
24037
9073
27498
8951
7675
15414
27410
860
6846
3596
8525
12575
23160
15994
27533
13629
473
24713
26785
19270
20028
133
27872
6803
9308
25001
6756
25598
3347
28374
15978
3736
7448
13476
19040
21475
5242
16450
28687
18440
20046
7212
1015
19558
23206
28549
3188
31
23262
6325
19302
13290
6458
17174
26445
15766
18527
3202
17716
28226
7928
3694
1963
21728
23522
27355
13204
5116
13805
11891
23556
10203
25456
924
29762
25014
29473
9302
25046
22735
15627
14348
12377
28438
7874
15175
20556
2753
18377
14625
980
2657
24671
9295
24386
24546
6650
13942
29662
26807
2185
29571
7010
27641
6847
13124
22656
6320
22426
24054
5407
14406
8402
24136
19196
22628
9311
16104
25381
4040
729
2713
6698
25401
18360
7436
19947
1362
21378
25961
28169
23563
1884
11532
27557
8731
24656
20213
21403
23435
20619
3162
14193
5373
27299
3389
28001
12962
19493
23382
23355
26575
2448
6405
21976
20808
13841
18275
22171
5219
14236
26692
28782
16121
8224
26339
1204
9233
22904
22608
9020
19875
2122
23213
25248
5773
2954
23249
18736
28799
22984
18443
25374
1784
24848
17350
22592
8689
5625
21115
20260
26214
17808
19042
12335
2384
21734
19891
17969
20990
18851
26989
17218
20974
20202
12466
26747
29508
12068
21835
28308
5052
16630
23682
6836
11478
11033
5780
20167
23010
26896
10427
19224
21056
5822
7911
29792
3908
27803
17762
1250
23006
14751
18468
13980
11306
935
17080
10814
13003
15267
15474
24407
1898
9157
7595
13376
26542
19727
9896
19552
22975
26675
8777
14031
8849
23040
20176
12757
20843
14290
20360
13850
5393
8828
4182
16699
16115
27614
3866
5470
12882
19340
6229
14780
4849
20176
28156
1391
9904
14404
20944
2879
11080
6073
23263
19929
29113
13439
9039
19957
27729
29399
10159
3122
14579
20693
26174
7047
18308
6392
12517
1190
2084
25099
22322
6934
15275
26830
8325
25179
11235
29269
4411
22315
5342
27674
18596
10808
17465
27635
7117
21546
3386
17276
24668
17966
14321
27194
25013
2629
3586
13882
10171
5671
8981
2493
18957
609
29324
27282
25788
16911
2904
199
15578
14598
4225
4174
25406
21690
8162
2523
13236
11548
26151
14257
29514
10473
11451
879
19454
21390
14762
29626
3413
95
8471
22370
704
14147
26004
2845
7410
28908
9396
22988
13507
13622
27163
8913
5312
5325
11437
24901
23225
13940
15510
29092
24413
26961
29971
13868
24703
21085
19846
4468
21181
4669
3190
28237
18817
29195
1082
2579
4455
10479
25568
17962
453
29083
3228
12117
4408
21017
7018
3985
4957
22528
3077
29371
25842
3049
19591
26897
486
9437
1366
28019
20458
4556
26257
15627
10103
3691
18207
14559
14170
13775
8873
14623
12858
12101
3093
23618
9470
10111
27603
14428
8992
7033
20151
11186
10082
16094
8083
16920
1883
15801
14940
22341
20358
11197
7969
6813
14888
26176
27724
5411
16303
6598
26386
29161
25051
29479
29131
4522
15943
3086
25302
1287
10119
21805
12473
20201
7899
20556
13474
16134
6358
28414
8475
3068
15963
22796
9881
7203
25324
13958
12614
11627
20556
15353
17140
21959
21184
22623
2833
7127
25710
4487
14766
5829
26292
27239
2383
10543
17796
15857
26677
24154
14271
11505
3574
234
10653
19807
7437
5978
3765
26404
23957
673
18109
11098
22633
9293
10073
25466
22773
5783
29954
7539
11613
2598
4779
13996
19494
28927
29853
22523
29433
20476
4028
3007
27062
14682
22814
10851
27012
2932
13607
20969
3605
1716
8419
26238
17362
18493
28057
10135
24276
28011
24026
12241
6961
5157
26237
26455
4084
2442
18979
3517
29270
29359
12876
26332
20393
12043
13536
17405
14975
27143
14727
24932
28860
23146
27523
16222
17991
25580
2709
18620
29943
3087
7213
6904
8245
3451
9712
12329
12245
28691
22199
17868
28050
11427
14200
18444
23470
4088
12201
14797
1232
26928
9730
6444
26427
7253
29018
20770
9185
1727
9390
9128
4814
16604
22384
19411
26407
2096
1741
15004
7139
292
2872
5190
11719
23425
29986
11542
27513
18539
26339
5097
15468
12421
11541
18247
26026
10559
9017
5211
12286
24760
20691
23453
11364
13076
12864
14123
21524
20957
5479
28664
27601
8352
10206
9321
8129
16544
27215
11994
5083
23554
17092
20551
12328
28633
8798
8354
9193
24168
13566
27831
18928
10609
27636
6644
37
10501
27119
21562
7810
2598
26578
5412
17302
6784
21085
25431
23328
18300
7426
28411
11854
870
25315
24182
29503
10465
8889
15048
4633
28807
12880
29913
9416
10516
6557
9454
27369
10028
7368
5180
12627
3946
16944
29929
17082
8029
1713
16762
26329
15491
21525
14535
16361
16840
15070
22216
3658
23959
7265
14643
22766
26497
14557
8534
7013
27466
17988
10735
7495
1708
22267
26474
12006
9211
26403
29088
23592
4468
15850
19921
26311
7376
4456
19024
568
19526
11241
10578
19837
24858
25222
18955
21355
16131
27490
4720
13597
21830
15455
27444
23539
14074
23918
5545
23285
26674
10986
23229
7494
3188
13150
3806
16916
23959
22830
17485
19837
10423
28063
16027
5281
29637
4982
2988
15768
2472
7709
5718
24303
29516
3162
24194
13591
27081
29739
13228
23755
17077
6458
1249
20266
25960
11407
7182
19919
10590
1019
16109
27365
5435
2136
8999
5072
7118
11987
20841
15943
19696
26559
10246
19213
6073
10792
2804
3154
16883
22384
3261
3961
28842
10863
24227
24803
22270
1409
21074
9212
2429
7183
6578
14216
15671
15577
19288
29142
27564
16481
15085
17261
19392
1683
12826
25466
12475
21982
4972
29358
14366
8234
3319
13209
25449
3898
14364
17719
11660
5438
26932
20441
18974
3510
4657
10997
19087
23945
10139
23003
16779
25224
16616
6171
3259
29442
1637
15734
27776
12962
21445
12143
21196
24764
1704
16645
5015
16068
10716
16675
27858
14000
7116
23184
17510
11773
4182
12949
12070
20673
12305
28849
22250
28921
5021
25509
28364
13010
17596
2492
25972
9041
14635
23520
10157
22691
16517
15172
15111
27234
1847
12970
17586
15315
12506
11449
27088
23040
24398
9159
13714
6703
14360
12316
11977
19381
7825
16693
2392
25421
19185
4716
4462
3821
28237
20972
26512
21106
6144
11624
24692
14344
946
12279
6011
19804
23728
3100
12845
24478
18611
2911
7534
2971
15227
19511
28705
29404
6204
7449
24826
25389
12165
5640
5562
16754
26612
8427
14213
9109
26403
8905
29805
3701
21184
5816
23505
14912
15268
12702
15743
3879
15613
23277
13203
7192
12788
18260
6597
18992
25709
1423
20733
14226
13415
26296
7333
10028
11075
21546
25489
7478
451
25294
11179
21636
1110
11036
12900
16379
23739
28643
26610
9352
28272
16165
22897
11060
4425
29494
6404
6486
7269
3490
20713
20684
6138
4398
7064
17213
25944
2553
1043
26395
4199
12222
24383
11662
23258
13636
28041
23349
18631
1003
9054
16904
23521
1951
4316
4298
1445
17073
10785
15066
20563
7850
5750
26701
12248
19167
13914
14544
28072
14957
17291
2272
3531
18027
13934
3141
1663
18327
26491
26646
19330
5545
19902
19203
13848
24219
23502
15293
11292
4287
6711
8207
18489
12461
4908
737
7980
25174
21633
6053
16483
8924
8325
26366
26951
28611
29507
4966
16938
2350
7965
12620
14247
27867
1824
28095
28438
25326
19740
9730
5965
26451
17937
24454
15265
29197
1543
23245
24371
23176
29298
17206
8452
7623
13572
11756
12586
13080
16722
29524
15430
24687
18497
6030
28907
20321
4125
27345
21999
23866
13428
27964
26669
7717
28770
11934
6915
6665
5180
7638
29841
4478
24845
14645
18454
8417
26401
1040
27849
13124
6917
19632
14163
25414
25662
19422
15735
29787
16768
14086
5
6548
18402
26675
14265
17172
8609
27532
23837
20141
11523
30
24620
6368
14675
19426
21137
11077
26818
18987
553
3735
8619
21068
29149
10633
10491
21236
10420
3611
5322
16778
10159
23724
13453
24424
17248
28414
28309
17437
18556
9832
17467
19528
22552
8495
15306
20041
25924
12124
15380
26477
15860
351
23897
21361
10984
4388
12598
27757
7999
24272
14535
18158
24349
4340
18935
11597
9106
23596
29035
4014
9780
22854
23542
8684
7701
15200
28725
3625
27325
14106
6454
19537
20809
352
10898
1794
11092
23496
29551
19092
24121
20438
13602
18470
1130
8889
67
10236
8837
5454
14251
18617
4661
14145
27301
12362
29346
2379
15988
3023
22837
28794
22560
13646
29146
9810
21792
10239
9659
21343
5683
3780
18133
19285
22250
19263
4527
28669
5852
13364
10476
20103
8334
15137
10600
5635
27499
16298
14366
19839
25673
7203
18634
24585
27202
24132
4396
18994
4371
14055
16690
10054
17835
4823
5692
16437
439
16571
15106
6291
29935
25582
2746
8269
10719
19698
20257
14571
5997
10975
10762
1670
24531
29396
26256
21733
29881
7004
17079
4252
21059
3769
20659
15246
14945
2703
1683
21736
19274
16789
4379
25561
18724
7125
10183
5795
3175
6792
20366
9172
17767
7481
17195
12298
13229
19803
10383
13110
26807
27463
23715
24218
7584
14374
9464
28881
23429
17499
20617
19055
10640
24996
20968
29364
8473
1151
5160
11649
7943
1878
27173
2063
9359
20720
20713
22589
10523
1097
12051
13682
4912
5766
7900
18848
26492
23716
17730
19921
11215
8347
15328
21856
9696
6297
27572
24521
13800
9084
6170
28096
10963
9696
159
26674
416
27224
25615
10940
28321
7667
974
9585
13433
15227
28434
16278
8943
16164
12551
26511
863
27880
24719
16911
10529
28643
11433
24329
7728
17603
28777
18691
27299
5288
21717
4068
2513
17333
15008
7186
1352
22334
16772
21137
7561
15206
7415
16505
7722
19967
19368
14937
24199
14087
1849
11080
12730
13282
5409
20458
7237
10539
15501
10889
15827
7219
14957
24692
904
6317
1879
2256
28651
25003
23393
6213
16561
809
22718
24283
27128
18438
9220
21327
8877
11069
2407
21607
703
14168
18418
7941
1059
10271
25182
16887
23842
10139
11579
24746
16456
19810
3354
15107
14813
26748
21320
1374
3909
20390
25657
1037
15180
11230
28716
24057
28651
7475
15665
5707
27995
10435
13648
29055
27058
8830
22294
20901
25321
10225
21999
11777
36
25354
3236
14849
22102
909
22576
26011
27651
18233
3400
12832
5815
2116
6889
10819
9591
28906
16526
13938
15693
6526
12993
12752
21708
5287
3653
17029
21865
25652
5158
21901
21006
14746
13102
19460
15655
5678
21823
13307
264
25223
2491
12431
27339
9380
23250
13282
8287
16128
27221
332
22654
16566
13084
14362
28206
16737
7743
20071
18742
19253
11972
16100
4000
1426
5561
19655
7105
27384
9314
7369
28960
11805
26152
26299
27538
19403
15934
12177
5531
19507
12509
4538
6073
25594
18900
10631
18683
2996
702
7425
22249
19026
29878
26249
20453
11791
22257
3910
15527
7923
17631
14487
19729
13783
17139
23619
3186
3073
5796
15070
28932
18305
19608
5005
20251
14860
21989
8935
17856
22691
22712
16458
11718
22590
19059
8523
4381
11316
12433
19909
19240
64
4396
15321
13847
27887
8940
17034
7312
14736
2104
6244
9393
28064
17602
29645
12924
9591
14932
781
2282
7644
17239
20352
235
6298
28875
10968
23967
11308
7229
19559
11372
17978
4880
25220
15865
20172
18606
23178
4908
27062
29422
20653
25126
17024
26650
8050
2967
11582
15183
5250
19227
8774
25602
25814
21425
830
6782
21744
12138
14012
11303
29863
8342
16183
1435
24207
6355
26393
17385
17615
23455
23160
14620
24933
16536
11271
9335
19504
22853
871
24754
12080
9645
26708
14246
7422
3890
27381
29166
16029
17745
10469
22244
26087
3004
23679
20294
15711
20072
14032
9678
19879
7192
24299
21164
23728
11922
499
13232
4775
1370
14338
23208
17368
17399
7454
24790
21289
4835
309
13670
22580
17130
5914
18667
20135
5945
15314
12198
2369
29346
28229
28600
12890
22528
19764
12970
10802
20264
2555
15577
27986
16893
8785
21706
10644
22592
16497
8286
27427
23158
21956
26360
10288
4223
21379
6775
16520
6693
18974
18890
12391
17203
17490
1633
16083
13607
14604
26885
10223
17159
18814
8209
10404
3952
29916
27401
26544
22765
5687
323
15923
3995
26683
26211
8218
24415
2987
