24842
27996
26783
8287
13056
25950
21677
14942
27609
13211
4934
6542
20885
24899
19466
3145
14001
28630
2945
10292
8716
24955
16384
21168
23582
15447
23789
3886
17117
23787
10057
11959
28135
13192
26598
17543
9143
24627
8837
13104
7838
20123
25998
5076
15023
15464
14573
5376
14094
17518
15668
29162
18825
2053
20331
12407
17500
20472
16293
10969
20612
2702
29280
25099
15894
25879
18995
1389
20506
27832
14493
28345
17956
10491
9773
9331
2307
24346
14707
22753
11864
376
21916
689
8781
18599
19448
2633
15423
5741
13602
6035
14795
12882
1135
7041
15113
20130
8431
5620
24314
29276
3965
12270
16120
20090
27953
18427
14436
12661
17533
26300
19389
9449
3341
4522
4400
22789
13507
19823
4882
3461
25859
19677
22695
3346
3070
7809
29828
11501
13429
24142
17130
23746
12765
3250
13836
10718
28029
28272
29731
15562
924
25472
1363
10617
29994
5763
9758
19853
1939
20992
23314
4150
17021
16010
7496
20091
23819
7324
7945
7248
7818
25075
7346
20583
28325
21182
7654
2706
25806
7385
24621
26730
2858
25984
13699
9204
8100
23457
29058
10039
14449
28724
14189
7822
14734
28037
27913
14905
5361
5858
28505
13179
933
5851
10115
5610
3385
17769
8317
29191
25154
2938
2273
4364
5274
15972
19921
19726
15781
25331
6117
6582
24055
20306
14404
15142
24695
12318
47
56
24528
28553
19588
1814
10756
6055
7424
14142
23824
22093
13333
25330
1383
15607
29695
13010
1579
25968
2736
23713
21299
8854
295
15354
5512
14700
496
208
3370
6896
6616
27898
5449
2556
6064
16205
8611
13489
6699
2435
11934
20033
4118
19670
5640
10165
2680
13571
6133
5416
7284
27432
20622
13932
19138
26135
28632
25987
26343
8354
2883
2959
12604
14684
11868
18669
7241
20479
8510
13941
29267
20444
3974
3385
10114
15966
13550
12794
5889
19683
24563
19526
23467
15185
3458
12605
11320
2090
8592
14015
16796
11475
23327
29400
26159
5195
18069
3401
25674
26579
23694
1293
23376
27668
4678
9842
19986
18228
28989
25875
14263
23552
15401
7730
15089
18859
26688
26410
27301
5280
16777
14097
23108
10104
19850
25619
15299
7919
5372
17326
10851
29066
18619
4227
3086
29650
14069
23072
24230
13058
18948
8494
12962
10701
22576
28052
29561
19264
814
3214
897
17591
23664
24005
4048
13514
25976
25699
27785
1349
13025
8636
415
7997
19215
3502
7647
9637
26574
1877
29047
21874
16723
12010
2576
9300
16414
8489
4916
17228
18055
5813
11171
18071
6170
15219
1585
2147
10919
5723
3496
296
20711
10263
8293
9927
20117
22292
25916
23044
24170
24963
14918
17245
13325
23846
26545
29739
8687
7814
23319
26743
19979
4491
14814
26150
26062
22752
4649
13333
28475
14497
13630
19186
24760
28275
5465
21230
26920
1381
14274
27442
26345
5544
14687
9670
29391
17585
9410
8078
25399
2729
11173
15378
13572
25988
17880
9635
18740
22529
22968
23567
13378
12950
12753
14491
17578
18219
5721
14498
25952
26347
11940
22297
1891
2979
8320
7634
20564
24082
22065
22315
26811
3238
14046
16736
5578
1926
2723
670
808
2043
24237
14186
14994
13343
28677
8924
7914
10750
29774
3866
7097
18066
2516
8989
21045
10836
22975
17962
4918
15040
10277
8081
24631
675
24817
209
2602
27540
7232
9762
29584
1469
300
20930
21164
28978
6206
5430
9728
5980
9297
23178
24046
11813
2167
21443
22649
25142
9405
3919
16535
26035
12000
11166
26710
13170
17727
5664
10710
24959
21778
16646
26429
22079
13928
23945
27409
26486
29376
13489
2466
15025
6667
2864
26838
15186
660
25839
16681
16417
6110
3216
12452
18110
20734
15515
1280
8461
27531
18343
3421
25662
11341
6202
24093
1622
147
21502
28108
5875
11343
575
20900
18011
9791
24090
9549
10451
19929
26230
26869
26039
5798
15673
20502
26532
7540
21782
4994
11424
16477
8415
7086
27819
20969
1179
5793
21116
29033
3901
3344
10376
10828
24244
4739
20620
18335
14289
7423
14616
16871
10644
17008
22670
26318
7510
19202
10210
5644
548
21634
22122
8963
28720
26293
6284
29899
2086
3753
5284
12339
7097
15661
23168
1341
26752
20140
26028
11041
3915
10645
4265
14560
27653
26935
17230
5163
22489
27440
10807
23038
19075
9281
8353
24147
11926
14638
399
14012
18391
5683
2704
25488
21344
25872
3181
24449
22364
29210
5490
26279
9855
16107
17191
13860
13042
4421
19023
5532
8214
6182
4922
3641
21816
13275
27788
3742
27913
28187
24107
22656
3871
26811
24496
1567
29035
27678
26016
21399
3240
7859
24030
19447
23966
11222
3307
13361
21995
28682
25245
6561
11216
167
10202
3032
13442
7991
6775
17708
6178
882
10364
16401
4045
11213
17969
3080
8891
13985
24479
18483
28196
24861
14282
22163
12435
17589
11876
10783
22623
7121
17344
3839
7288
27547
6872
20730
5538
13647
14790
18068
20881
25155
4470
24926
6368
22439
28006
21611
12776
28837
16446
10973
50
728
9488
12486
24669
27716
23269
17292
4837
10613
21131
12125
8160
4355
9207
20050
24354
23998
8119
15235
25505
12589
16513
8225
11380
20871
6188
24156
26060
22634
11481
26111
29714
27321
8597
24383
25037
1866
11675
6226
18831
9158
18351
3344
13514
3911
23394
7868
4261
1513
29456
6118
20454
15969
14343
1834
13193
26883
2343
9253
25869
20176
5364
25583
17498
13961
26318
18887
22179
7993
25114
17363
23503
19817
20707
7017
80
14101
21238
4341
21967
20694
10459
12421
13015
1154
20608
26208
4389
29303
5462
258
19479
17178
2193
13329
1140
28511
2217
29671
12856
3683
17034
6360
23500
7741
19729
29933
28195
10967
4274
20162
8013
21086
8935
27381
28592
5895
23589
2982
5198
5403
9592
24678
22582
18138
14359
74
23001
16576
6097
5858
26611
23132
18570
20112
7225
14651
26397
5420
25619
671
1934
9984
28109
10870
7365
26702
23117
7307
6036
28316
19062
21980
29346
17996
10118
13705
24422
9472
6634
520
15330
3245
4
10252
29709
7229
24903
26106
12650
26874
3130
20936
6859
1239
8158
20576
4293
1276
4235
16681
5944
29650
15014
11642
17646
1484
25347
12069
10956
8333
12589
2638
11579
12593
12890
11288
26174
7794
13747
15176
11020
16877
6113
17879
24468
14271
14808
5114
21899
25395
21795
27843
25045
13161
9485
12692
14646
11185
1113
25602
19518
20054
28241
7449
8999
17483
18738
5173
25277
8837
26702
6298
2066
2815
529
26534
23438
21689
1648
21690
17085
29796
19533
18482
12957
5371
1174
3955
22908
8639
29558
12426
28693
4151
19876
7692
21634
14966
19218
23264
155
15920
5914
2221
25087
12795
28755
18525
4485
6756
10215
27922
12904
6101
16404
2213
17824
23931
6169
10732
2570
5727
23158
7616
16230
19386
15308
14216
10704
10878
7480
10859
26798
19746
13080
21885
2542
18188
16763
13379
1296
26978
17653
14200
9431
10409
16413
27255
4340
22582
7987
13263
4661
7498
20879
27243
26884
6187
11460
7589
23418
25292
24800
20216
21391
7881
18454
285
2421
5217
20016
3717
8547
7669
17917
17979
18078
10682
21586
28771
9617
29574
12034
14278
13424
2913
17874
16660
15452
29334
601
8870
978
25402
29087
22369
9635
23893
22654
12056
29110
12670
15773
7657
26691
3690
1988
21122
20724
23575
19893
341
29501
1927
20972
12925
11192
8846
5937
26644
14532
6539
5515
21862
1941
10954
20584
11576
4847
19590
23632
10309
2261
15757
17966
5304
25799
26307
26426
16523
26234
16319
16865
25735
24598
14189
15012
5790
23035
20949
2435
13919
3840
14302
5781
5781
1608
2717
23709
6455
22308
23693
16764
921
9450
11082
6225
5249
13741
9004
21773
9975
25323
14990
5710
26274
29179
27074
2064
28566
24376
10851
18837
28216
1505
970
10350
3113
3688
4059
15920
25996
27753
9036
26917
7203
26471
9494
18805
10212
18498
10578
20188
20174
25568
2250
16448
1099
29325
24864
29665
53
12068
24854
28269
13573
25824
8619
23039
29512
19031
8959
25508
23136
24348
28777
339
20819
8272
19144
1031
26770
6074
27571
16944
7994
29822
3392
9093
5499
4609
15110
5552
16677
9964
3821
250
5789
18793
29641
11653
14176
8601
13514
7312
9301
12291
7651
120
20563
3148
7503
17334
15574
5075
10630
23569
4897
20375
9014
10396
24984
477
22300
18013
10441
2473
24615
22582
21266
24257
10588
5442
9210
24102
12754
18511
6393
26758
18631
3309
6258
2486
26995
21832
7561
7625
21753
18810
4352
768
5558
5688
1245
27858
23701
18038
332
18317
16973
27950
12574
27561
9745
21784
28015
28851
10295
4408
1961
5278
14069
8219
7764
11064
6404
21678
25042
4509
10488
29394
11629
16047
5083
12874
20257
5136
7265
26941
23453
590
24892
6027
28151
10989
4163
26166
9840
20810
6926
11802
26088
27348
26373
10205
8412
9129
1883
9806
13639
18723
15553
25268
11122
20636
14495
1380
2124
28112
4673
25578
28702
29565
7957
3205
10554
12121
29371
26747
9283
12649
8549
11724
9997
11274
21929
24762
20404
164
4568
10395
25239
20121
5663
6362
17109
26510
14094
19234
24622
18767
14812
23324
24685
29121
26529
11591
11242
2252
8338
26878
21254
23239
8602
1251
4514
531
2365
24918
7047
6934
5313
2286
3407
17328
15000
20517
13839
29094
16103
14813
24214
915
8138
18899
6388
11019
490
23983
13272
15181
20861
4526
8420
29463
12129
12934
6346
14495
14204
13393
21429
25869
22031
1188
19550
7032
21705
3389
12478
7808
18202
13044
15075
2692
1943
21464
13712
8786
21799
3336
23967
12660
7862
2387
12123
26343
21674
24821
10838
5878
14566
8619
8100
6597
9808
27650
19981
7865
7391
8812
15674
1945
21856
7101
10990
23800
4917
24702
8938
26716
28038
2905
9376
12252
11644
27851
8595
3318
29024
25786
15549
13590
4405
1
20188
20565
27651
16521
28431
11394
25333
20457
19691
17190
3910
681
17342
8828
25383
2632
11896
29773
11889
27625
18377
23533
1828
26973
3204
853
29111
25105
14443
9868
25106
10983
434
29109
27505
5217
16855
29190
2026
6546
22732
5936
7228
16426
21116
8963
19058
9365
8737
947
13342
27114
833
15170
439
4037
16023
29550
5494
6819
15771
6952
24154
22557
12413
28011
27774
29268
27202
6152
5814
19934
12088
19394
6361
9557
28358
1771
25274
7095
2719
8616
10561
3552
23786
11001
13941
16162
16903
19435
29333
2674
2739
23487
25231
15152
21499
29357
14420
18701
5509
26586
14987
23950
15981
27700
9859
14339
29472
5133
27786
8543
13749
8347
12095
7535
25700
2388
49
12604
28175
29382
21630
914
22870
16862
16066
20721
22571
6838
9422
28081
3424
761
28383
25757
28462
8242
10096
4286
13375
14234
12829
27124
22582
1276
11011
18282
10016
17413
7238
8191
16795
28869
9105
16017
22083
1523
6738
14654
8361
22512
19087
18137
23274
23822
13895
28088
2064
343
8726
21791
14578
21555
18915
13512
29183
6279
8146
9199
23692
15385
23742
16839
20606
9199
2857
12689
10722
9595
3695
25435
2108
29135
19924
1734
22957
10171
6174
1374
10515
14900
23165
1445
6455
12081
21309
11990
24712
29455
27541
18404
21192
21283
5243
11798
482
14452
839
11204
24048
4535
12991
2508
10022
2915
10594
2979
13087
16768
4353
29954
1668
27519
7751
14475
15952
29060
26465
17016
28515
358
5420
26060
21641
17015
7858
22123
1468
8698
9679
1868
13233
29022
10728
29607
1937
21322
2586
21376
14442
13292
27682
16110
17163
5433
6937
9467
10845
9754
26483
15713
10112
8255
11773
1753
1622
19631
228
9442
28329
9907
17662
17914
8929
28390
17521
17218
26064
26460
8595
10506
16104
12629
2968
3267
18063
9905
19086
28908
19659
15569
14621
29771
176
26394
7876
1798
22378
8104
11241
20707
24363
28903
14974
3292
3646
2495
26863
6062
5307
11810
22921
21411
24439
25889
1030
18854
12147
20116
17763
8158
12037
8736
14282
12213
11483
22158
20364
3861
263
1605
920
978
6860
15894
4271
16858
24742
1134
22921
49
19296
15842
27813
13735
11731
28843
2590
230
25312
26705
8389
7349
11793
22671
25915
23276
21181
16279
3489
21444
24236
4410
22423
1096
26656
3046
17955
21398
10532
10876
27800
29828
3070
25613
19915
14801
24456
28857
21384
26120
25562
29773
3470
13708
28796
29385
6984
19977
22016
16826
11422
16252
21236
10197
17348
24244
19595
11655
15643
6479
28883
13443
12659
1953
9056
8926
23107
9864
7784
14491
5985
9698
14264
15807
23406
13060
21544
6743
9389
13560
23569
27163
29812
21157
13712
23512
15401
3307
11520
1044
16138
16755
20839
28797
18709
6247
7724
18168
16112
21860
2659
28449
1558
23275
20608
24965
12687
12152
1708
22076
2064
25277
19240
8228
22786
2952
8092
8187
12612
25964
15584
28750
12720
6423
3900
7781
12671
17976
25949
5135
9836
4960
9936
17746
4587
544
12711
23626
19048
14419
15702
27464
16048
11294
5692
15186
20599
20136
23374
9563
16101
15310
14665
28821
28085
18565
12954
17108
12893
8903
22243
29081
20215
8531
16828
24802
9075
5891
18428
4475
26663
10482
1939
12711
28129
13983
4250
18728
4120
3976
28291
20221
19286
19308
25394
17371
14226
14700
4480
27119
23603
3075
2553
20170
11607
19381
21324
27034
25272
9752
1510
21935
26586
9801
10999
24715
23785
15249
19795
27905
19225
24438
24478
14863
13747
19872
8586
27973
10924
19418
1444
10879
22494
3997
1049
10453
29730
22373
13839
1355
8477
21701
29642
5063
1503
10641
29779
25288
2242
25926
23193
27819
20365
17671
19034
4112
13895
27621
8437
24819
17039
9881
5698
15885
13879
13099
2690
19961
5472
22882
21316
13949
14583
20959
19012
16086
7952
25143
11374
16547
21070
10919
20718
17787
28590
9753
28251
18837
13726
6688
20008
765
16569
2058
23003
6800
15157
2045
26762
20629
24927
18078
10930
9511
15389
6295
25597
23342
7790
13324
9889
5212
24243
607
22999
29186
16712
21250
24375
438
27938
14384
7556
20860
22794
559
27660
7952
8956
774
4933
3884
18853
22216
19747
4242
28511
21696
3936
6301
5020
13825
17866
5616
20785
10865
11154
13849
8468
5529
14288
6406
26265
21844
3618
19060
28755
7631
27012
7711
8405
8297
17947
3610
513
7694
14205
5376
29391
18141
18030
10763
8319
5896
16379
5456
16761
27533
19305
25229
3063
9945
7988
5680
1789
17958
24740
6896
25589
28104
20960
10347
12754
8907
13957
13267
22954
4514
18644
22345
22656
6674
3108
7327
18922
19488
19135
5683
23373
14792
7265
2788
24738
21605
8469
2879
9563
3209
9776
5153
7666
7088
15500
20420
15995
5809
10039
8949
10324
28683
7646
9332
11709
10755
23011
631
6595
18498
12667
6320
3290
26284
9109
28028
17889
17578
7260
3804
27139
17036
8957
4805
24124
809
1577
16471
12971
11617
1773
29647
16652
9419
8979
4714
26526
8342
11697
3121
26840
24364
9442
130
27000
24903
4511
14889
12481
11771
18694
15972
5159
4003
20778
5635
11165
28707
22106
488
10324
23879
135
26977
9651
15466
1691
6177
23808
13388
9299
27000
14105
25093
3482
11105
19996
7993
2347
8829
26116
27393
24801
1275
1396
21931
6910
18913
20639
5369
19401
963
5600
19536
4292
15251
11354
5983
21429
11514
25724
7080
8514
9829
8525
11997
27286
4873
26342
29633
13702
22459
27026
8503
86
4775
435
13349
40
27426
25070
19442
28389
670
15330
9034
15922
3037
15017
13703
14551
17093
20783
23066
3274
5660
11415
561
10533
14109
6546
24235
12920
9925
9090
13007
21052
15877
2708
21092
13303
27778
16886
18045
28448
8569
27079
20722
11606
18448
10777
2509
5542
7912
1927
15168
13572
13342
15729
24105
3804
28628
18340
16724
8553
3783
6083
5957
19660
8791
27049
2964
12921
20288
27361
17722
28857
24440
14796
16815
19240
25574
19324
24782
3486
21252
9951
17059
10946
2032
11164
14750
660
5857
7827
15565
15992
13910
27874
5652
29054
24924
14968
11975
21564
12329
6049
20421
13121
20846
13588
2362
16420
9264
3496
19906
6868
19799
13317
17815
21832
834
8917
28844
13043
16744
20762
29035
655
18636
4687
6061
19912
26008
24388
11476
14689
438
8249
27811
27636
28189
6525
14056
7454
10021
10314
14322
6173
29984
8489
28005
818
17407
3201
13861
4151
315
19248
11158
25304
287
23571
15216
26295
17960
3045
10985
24750
17646
15148
22386
15836
28025
6442
23290
8046
23108
13964
20571
23092
22454
18576
262
16213
28130
14123
20364
4797
3371
7875
101
3659
7798
21670
6306
25758
24715
23643
20508
12361
8791
19246
4549
6816
2040
27839
21215
25149
18156
11786
24593
10610
6715
24856
26823
11197
15331
23539
15994
25055
7766
22448
28714
15565
14118
11372
17675
15185
5016
14536
27546
13807
3782
8448
26976
5823
6287
24543
7324
795
6329
1917
17757
19396
3125
14580
593
18457
14472
22940
13512
28590
15388
18578
14155
5858
29950
1831
21043
11318
22719
24941
1478
26501
3389
28454
8676
16029
29349
16000
16824
12030
24270
4582
1427
3747
25514
8372
22204
16338
7664
12068
14929
23052
6998
5436
5262
13301
13619
26305
24619
6338
27599
26097
2840
988
903
17868
17017
252
3869
10194
12283
4491
21128
20062
8238
16642
28434
6795
9333
6099
18863
24262
5503
25862
29698
17118
15515
13318
13423
10134
26008
11022
6232
5200
18363
7135
23069
11732
13740
3290
21926
26023
7781
13054
16085
22371
6049
20871
29166
15382
3322
24382
9644
15178
26596
15694
2296
12111
5364
22071
22245
1373
3094
4829
6573
27809
18317
5994
9541
2057
9284
1468
4432
17065
20874
26869
9437
26923
17740
14955
12305
27415
9337
28301
12593
5933
13996
14889
18044
25712
6960
10290
27085
16406
15119
10011
14215
3436
16005
23757
11845
1642
1577
16277
18707
22451
13146
4496
19375
7239
19452
8032
4654
5141
6334
23599
11075
26682
8488
29119
22394
21800
15761
25832
14559
881
12195
28774
10669
4552
28883
22515
6194
6812
15144
1254
29264
28291
12102
24991
11882
7906
9375
22888
13048
15709
16487
24123
18743
24975
29594
17490
23127
15356
19674
7686
22589
1869
12813
9610
12773
11696
2125
25320
18509
23622
26574
24125
28265
15028
25468
10147
22935
4843
3035
5983
26905
19522
6458
22000
20849
6052
9490
13976
21408
29164
28015
20349
7385
10828
29960
20159
28876
8437
15479
23737
2059
18405
17862
324
3433
19682
10471
26368
878
19858
8703
27783
9380
15161
19783
6581
21214
5626
26910
18974
11142
24925
9324
18528
5753
9284
15039
10981
17721
6870
4719
19781
25275
28933
26457
5060
18616
6929
7781
19494
26787
16484
23629
12520
1646
13412
19101
29212
25390
22363
18186
6533
17288
27510
1413
29393
13146
16452
10375
7220
23322
15094
3353
24949
14027
29810
9
8995
13091
7790
28489
9879
627
22118
28751
2273
11883
24204
1485
13625
16568
26023
20158
3856
29886
21571
9602
19384
14375
19977
26604
7697
5071
29957
8998
25450
29768
15360
4446
12859
23150
9287
29090
129
7758
4193
2402
19641
28398
10239
3266
21318
12615
29777
25174
12501
21348
4776
1885
12076
1105
28490
19773
12528
4799
5124
7979
10919
20484
18777
131
19986
4416
29221
20116
12174
3415
28870
1815
8165
9110
11434
29483
21725
11211
1009
10578
8911
12138
12463
20987
13243
17305
17113
2124
22105
28589
16455
9376
19073
5232
9507
9059
9648
8729
5527
28175
18496
4398
29990
3013
13508
17776
8848
11585
5339
9857
22163
14251
28347
10978
11590
17943
4636
5055
20067
26741
3644
6522
12469
29069
18106
21977
8129
4106
706
13656
2281
25554
24406
8624
4919
7914
26400
13767
25851
1740
23624
24366
22343
21972
11697
10285
9915
16333
21693
6334
19426
1689
12856
1895
759
7314
23872
8888
11420
930
28896
20054
26484
23303
28678
7755
7569
1430
21522
9773
3170
21499
4139
1865
19823
15836
18503
29738
8521
10196
12424
27947
11885
25280
29843
12644
8946
23715
27884
20366
24646
3133
10420
27482
2788
15450
5238
16709
16881
26760
26482
26403
18259
6974
28269
8082
29162
16772
14172
7684
3320
26596
5631
21557
28228
5474
10554
13526
29190
8438
3893
188
17923
20665
27670
20711
6116
9260
13773
29349
6021
10255
25752
632
17229
24021
15067
22744
17145
29239
428
26817
2188
6059
18375
6768
17886
28929
20295
17076
13719
540
23616
1643
21205
27638
28706
3673
6899
12479
3022
12920
29087
5127
19904
22668
5500
4971
15412
22646
10563
15840
25815
12751
28252
14190
25871
16138
19471
16166
9566
3191
23058
3182
11186
20616
820
16244
24289
7719
5076
3664
26991
10515
15143
23248
3183
20643
28219
18596
13289
8782
10788
15457
27885
9040
29647
23757
25178
25471
16275
11096
5014
9334
14278
16200
29950
21451
8796
591
5522
20224
10607
2514
739
25750
25762
3923
16394
333
28871
6035
9116
16011
21492
13353
25052
27492
7110
26582
22963
29738
14031
27977
9072
28309
20529
15374
19760
5677
22317
25283
25902
2925
4149
26641
5027
6263
6916
27773
6596
12139
3809
22064
28151
1653
11770
29555
29145
18880
2489
28460
24970
16520
2789
10394
14830
29670
25768
10942
5348
24438
12577
7602
3715
23078
10595
8742
29341
17512
6516
12290
6003
10325
10706
4154
18330
22476
3709
17476
17709
12551
22288
12679
29071
1430
29426
20253
1100
1546
7548
12800
25984
20125
20402
29699
19556
7350
8442
25249
1214
21310
7539
7217
7987
24598
11372
26317
23426
21433
20145
11135
3984
12434
167
9408
20216
29593
29661
21316
7491
7209
4117
3476
3687
871
9527
23243
8221
24321
18492
15787
15631
2384
23005
23618
3334
10729
26288
26760
8514
16433
7896
18851
5219
14415
28259
25435
20360
27920
16752
27851
11482
27221
7679
15169
4444
23559
14764
19018
17880
9608
4805
3512
11992
27810
3482
15326
14891
29770
18439
23406
22556
2687
12257
27775
17102
10516
29563
13814
14788
22667
18017
2622
19888
2049
17791
684
25608
8907
19702
13488
18516
24508
23352
6860
28670
26835
28539
13562
2957
16978
6968
25513
19665
19225
23289
13119
6093
22852
3285
27233
15519
21302
29856
11759
23351
23999
12443
18959
2907
2146
8800
27775
3006
2152
4635
1676
5339
9526
15238
8297
26504
28558
3810
22521
24135
3451
11992
6580
26303
15277
3814
18174
12932
3670
6285
6283
4021
18729
1595
13280
27227
10395
11055
6585
18899
22043
8261
24239
1569
29852
2536
4426
4762
12698
3299
5250
16150
21644
11830
18805
6921
15644
6980
19853
25666
19617
2489
29688
14698
4084
12968
18277
20831
376
24862
16082
28771
9476
10321
340
15680
19209
11118
20442
1908
20770
25692
24410
12414
13875
13215
19335
29519
26547
15541
1538
16165
18030
7578
863
28466
26898
19141
25649
27274
20355
11731
26045
29831
28405
2738
21863
23966
20208
12306
2226
10978
14350
26636
29744
28225
9852
25432
4097
6399
10973
5635
28916
5355
19565
29780
10173
16463
25273
5822
13738
21980
23905
16135
21812
28662
25225
13675
22629
15434
2333
24855
2764
23036
21492
8861
27613
7696
4293
1710
14095
21618
13697
19364
3325
9614
25496
13498
26078
20769
25672
16168
19101
25929
2303
10913
24592
3881
941
23573
25667
9626
24780
28431
2662
22624
7292
6628
320
17937
14690
20768
9555
4740
10132
12880
14354
5628
2730
10432
2749
28402
26600
21850
24332
5256
9116
25276
9137
16409
25201
4804
26035
19981
9587
5050
12606
23232
11678
19278
17521
26368
16398
3429
1108
26530
22661
21815
8510
25392
2247
11259
146
5200
9462
830
10456
18578
26106
25945
4987
27659
7101
7374
17641
23040
12424
6599
16272
454
2229
10146
3175
18628
13575
10635
21510
6236
2450
21
1628
11050
11280
8127
16250
20742
8957
3058
15672
11416
5355
27011
9075
12456
4386
3068
5496
23162
16019
28121
23617
18249
14619
3144
6877
28194
13779
28387
4430
22582
4760
12411
3632
22393
26890
19882
19487
5847
29292
5160
23615
4647
2171
2691
17103
6557
5759
28951
29720
21779
3424
29689
16380
18043
2833
29609
22589
22964
4348
3372
21898
9109
22135
25530
1502
19025
21764
20989
24872
21056
2501
18488
2055
4673
27531
25510
17582
9642
24462
23654
7773
4238
29695
24153
28634
2528
23762
21223
1845
28111
24595
95
13572
16730
25626
15074
5755
23742
12415
6980
21151
14917
1820
23206
19590
5703
18717
13524
15345
19531
7179
23119
23769
6874
23624
22403
15755
23739
19979
23952
28202
14574
24047
11774
7657
26025
3200
19764
19768
15615
26744
17271
6884
4916
10477
26474
10619
5546
16351
25965
1429
23530
25436
25199
6756
25412
23954
28863
19151
20285
22815
23705
11212
16863
5479
18869
19240
15031
8633
9008
647
11730
2631
7531
16646
19461
10358
3618
25007
3061
5935
26437
26591
7723
27988
9699
3135
28294
8563
28639
18580
1378
22344
29792
24593
4176
25013
20186
19207
3646
29194
26206
21728
1826
10090
14727
21287
26800
18345
22646
29861
24280
25435
2804
8355
23423
12503
11490
28070
27418
16481
16650
5149
8826
22794
6094
19354
17807
26280
14913
27805
1827
11120
19534
10005
27562
10613
7644
714
28958
290
575
29590
25726
9731
7945
25501
28586
25787
23571
26005
12269
16573
1154
27447
15719
13600
16801
9878
9881
1714
7684
11708
19186
3570
21713
23100
14183
5709
23814
19493
5999
24389
25435
8077
10472
9732
9931
9059
5519
9854
5064
24140
2780
12570
27939
18499
26170
14740
28378
12403
22807
12414
24111
18345
22336
22176
11446
12871
27885
5260
2364
10237
6002
4151
24666
16474
20235
4597
25533
25754
20804
6949
26247
23584
19519
24186
18435
22042
15279
16813
4445
14438
5579
4909
2783
27915
3437
20581
10786
7675
25842
19502
17912
8196
23653
12578
1022
13888
23528
26556
15995
14332
9857
18594
7916
5729
19132
26351
27771
4411
19517
8568
18849
25096
13477
27985
29364
16915
18566
10150
24590
20760
29653
18854
28956
29658
7784
29979
19899
1312
2887
12246
21996
12744
7192
6264
18473
26324
8968
22596
7088
28485
1165
25937
29933
14642
274
29297
7909
18841
15800
8851
9601
21805
27705
8558
21463
11842
14889
17714
13154
17776
6312
5151
6872
13504
17767
1698
9829
26735
24294
23269
25220
25459
19206
1506
16454
25833
803
24363
14674
22955
9567
627
14760
7272
15537
6224
19114
426
290
8621
24554
6603
20124
7779
26459
7891
9477
6288
4627
3771
29557
6199
5583
25116
7705
22037
27301
14861
16400
11975
7816
2319
12602
22577
9592
28140
5153
5058
4918
5443
20031
29473
18398
16507
13604
14858
24399
23081
27498
5378
3204
3408
17929
8787
4876
1987
824
2177
23200
23577
20504
1016
25896
3106
29945
11840
7598
11450
23251
12517
23246
13282
18342
11644
6142
1946
2854
6893
1379
6705
12271
4583
10113
6552
13371
21341
8539
20547
23518
1739
14124
20374
9108
16373
23480
9053
28213
7431
20504
27816
26300
20102
17451
20994
1746
23593
29292
10953
486
671
17658
19109
5254
27771
25661
24977
25464
10553
15525
25334
12292
6001
15708
21400
22374
15540
6806
26940
22971
3662
24756
25623
23764
18559
16617
1862
12152
15909
12815
12638
22932
473
8099
28187
4596
3761
29516
60
14314
15041
25394
2958
27395
11102
711
26121
2995
7517
29413
25966
17531
522
21590
17647
19081
14559
19509
1234
6821
8677
20224
29753
15502
28324
27940
20099
8437
3809
26511
29103
18850
28258
2061
22597
15712
9124
18719
18707
22993
18132
21026
10524
18654
18968
28171
7736
3527
24033
15322
10348
2710
11898
10102
18212
10222
14394
14663
25011
18203
17527
466
13406
15785
8880
6003
7849
18004
1074
26557
10998
19207
17583
21522
14213
12903
26046
28301
16430
20079
13623
26779
29141
25522
13233
17353
12096
27627
8369
13460
22183
25896
13926
5589
11681
22806
17944
19530
10811
19019
22439
28161
14578
16374
26035
5143
29277
22081
3445
22060
18512
23420
25191
24005
25294
8424
17711
13743
12403
26080
3555
4586
21976
17481
16527
10009
16640
4472
5891
3803
29843
28331
1964
14421
21057
27999
25916
26687
26433
29361
18747
21297
29134
13938
21655
780
28714
9366
14523
11117
5446
18078
22056
27422
11912
8583
13783
28552
13055
19674
8707
12898
18005
10671
3671
15415
15022
29588
12102
17807
5301
849
15457
10787
21139
7112
11568
19853
16478
2443
970
28276
26874
23026
2050
8786
7962
15833
13690
21017
5507
22397
10268
29865
9420
20291
15280
24442
26231
3734
18602
1533
10935
4059
12320
2074
17523
240
21927
10353
2684
29249
8629
29558
28628
10679
14696
6590
26512
4738
3959
8371
27135
14227
8236
6555
4519
29868
7349
750
9954
2303
8635
20889
6362
27308
22963
237
3900
21242
10590
6584
26844
25571
12494
1824
6250
3542
8414
9114
8280
18725
17486
11767
2953
2074
24674
13824
8295
2024
20926
18249
4327
5914
15491
17042
9574
14806
23631
13474
12401
4222
26411
9245
29793
15257
11069
12396
18800
25835
21510
27080
14560
15348
15200
23865
23775
9874
14041
8422
11898
11320
26671
22578
23586
12162
15972
3160
3321
9603
16634
15722
20177
19397
24967
26323
4655
12388
8719
23455
14575
6581
26887
5487
28282
12087
5705
22057
21962
26098
6831
10212
7418
3502
9142
7356
22017
1466
10516
25338
11070
3503
11060
7599
22900
12379
10274
27555
1119
18993
27362
22046
1927
24250
27533
6561
12689
9590
4970
11003
5689
11801
27568
19459
21655
6710
26816
13672
14529
13684
15362
25599
17187
2774
9550
16440
21505
19825
20347
22624
15170
17710
14670
23449
18312
18556
10
7353
28146
4980
18357
3835
16781
22277
29647
8437
5339
26463
28461
19868
10147
13824
21819
3687
22950
1370
26479
14456
27547
16826
7080
12717
10888
28103
6167
29200
23011
6177
6554
21157
17510
1263
1345
4291
29892
992
19080
5231
3807
17542
25100
20306
7718
16919
345
668
24641
26824
21476
22188
20003
4909
11258
891
3012
17425
6444
2375
29954
12998
23532
17464
20613
1229
28108
20505
8573
17188
2088
18732
11082
3540
9039
25152
20460
15736
25821
21453
18913
23649
13642
8916
28558
24900
9807
7922
18677
16251
10297
18631
5601
10182
6096
2566
11411
10556
29423
26337
27744
1512
15069
15179
5052
460
10331
1864
16197
12504
23318
5110
6154
13312
14026
4712
14564
185
18987
3241
22789
29284
28224
28390
9466
10672
7309
27230
21228
6732
23567
25325
14596
14988
10504
26001
15449
20835
27865
7998
3340
27535
13108
9494
17199
3486
20558
1763
10023
9545
11356
2812
8830
15933
7555
24648
26605
14864
28230
24186
21596
28149
19511
12545
13138
15
8546
4939
20850
6411
12937
542
10299
26045
10036
27498
5883
595
5614
15906
10140
16970
25071
25322
9255
2626
26323
5861
17490
24553
47
15438
22703
25910
27983
12193
25925
12881
17132
23127
19293
69
23670
5944
2466
10058
3442
8349
10653
9056
607
27146
2379
25678
28820
11634
4656
25143
23847
22146
26049
246
13937
18752
26156
18272
945
22081
1154
18077
21561
26799
24498
15231
2743
26964
25289
6185
11665
12295
21594
12272
15793
325
14303
14613
18311
18959
16109
12159
17458
12158
12405
1395
910
14914
26019
8207
6995
27173
2636
4908
23972
