924
6173
2509
24740
13622
24542
13222
9402
27584
11013
24628
430
9049
4819
27967
19733
16139
7741
17697
25988
24596
14477
13446
3800
6922
26237
22836
9930
25657
20817
10896
2933
26991
13406
4025
16965
7948
23599
26368
11884
4613
27348
18666
20014
2168
16633
16099
18307
727
3797
20647
25323
18274
4093
29124
1548
330
28312
17831
2340
25481
28727
11625
22472
12133
15651
9438
26434
9250
12158
8318
13863
15858
26985
10229
24378
19970
26329
19037
20697
6478
9684
22373
24752
20129
21497
2653
20460
26161
20484
29152
21642
25563
10777
20467
14049
2780
6257
10483
12031
18415
18801
2246
10625
22138
12476
5004
12109
15157
24041
9158
21635
10078
1531
22739
207
29380
25392
27019
25541
22228
26171
17184
24144
13301
7651
8193
16081
20260
18676
4464
8675
7477
6711
19300
5968
19187
656
18077
4344
24698
27235
2331
4776
5119
25070
11335
4499
20463
8355
41
19043
10878
23577
13187
531
7580
21380
16613
27840
10056
27429
6515
23886
4140
2167
29854
29679
9176
24283
10375
10226
27870
12706
21354
2989
7777
2689
7489
4592
11044
13882
23635
28275
7459
13175
28806
15039
4555
21771
12879
20964
19201
25746
21202
29693
4265
27408
29373
13441
21691
16100
23667
25913
28807
15021
5255
12936
17711
19096
23880
5107
2978
17515
3382
10437
690
2189
25476
11598
312
14707
2562
19513
10453
23764
19207
21070
21172
24932
4512
19215
11032
4531
21480
16191
19553
26735
5479
13616
15831
29359
25075
18809
23227
28458
5598
269
6999
7426
11867
7311
22133
20781
3177
8938
20897
22384
9
18421
23668
4521
7636
11052
9052
29117
3596
4957
2204
9075
24925
18036
14787
20001
13197
8014
24811
18796
8283
1810
26222
26503
15473
18356
17284
18650
27294
14534
17386
3655
2955
17406
8176
10592
28459
23581
16061
2055
4890
24617
17482
29816
12653
2269
26169
2203
16635
20980
20999
1271
29142
23573
27774
14615
18281
21410
9618
15576
5944
27004
19231
15252
14411
3760
2196
19222
3693
18257
27629
14935
12874
15111
14751
1880
23733
10920
4083
10368
8252
1434
11639
7394
25007
15765
22010
13289
13528
1628
5217
25824
4984
800
11076
25747
10912
13272
14969
20957
7881
12598
5893
27108
4062
20644
5340
27795
7917
15775
14515
22521
17209
26155
29916
18568
18272
21926
8209
1800
29906
13426
3977
4890
20579
15053
638
1491
4678
21959
22449
12559
10910
4694
9667
14972
25338
21359
12767
9607
7134
27282
2129
24343
29789
2045
19264
24414
323
27473
26214
6581
10900
6543
17823
7831
21597
24813
15674
26275
16773
14475
15186
27683
19169
1206
19007
20860
22565
1774
467
29700
5408
8948
395
11550
17345
19659
5964
24020
17133
8530
601
4385
21426
18425
12216
13023
13238
4242
15650
6363
18718
836
4046
7887
8394
23053
28747
960
1179
29215
7012
12940
14515
7407
842
8213
3419
13158
2233
20552
28040
2835
1289
19466
27612
19857
2489
17202
24099
24491
23566
12817
1680
27612
20705
10074
27018
19452
11034
4549
25019
24398
17489
15887
1806
24683
24100
11577
7841
26333
2129
5882
5520
9770
25348
9484
29627
4190
26687
78
28681
20253
19248
361
24217
9953
16788
27587
5757
4174
2137
7129
28573
25978
29368
6731
20662
23468
18308
4855
26153
26789
10737
8026
6559
12438
17510
12538
16628
20549
18968
21661
10802
8216
28375
11372
24521
15163
8959
6631
19337
17448
13760
17910
13427
19480
24641
10441
12948
19301
15296
15453
16090
2386
29831
29001
14824
17342
11539
7804
14243
6860
5817
25046
15076
4192
12770
9598
25707
21729
22581
15045
15530
6341
9307
28957
25821
10301
15750
15121
29602
7398
6926
15693
9784
6758
21046
960
452
8938
15116
14695
15798
20934
16093
7226
1478
28863
16824
27186
26945
9405
12231
12475
22098
21538
17784
24271
8191
9886
15744
7794
17284
29023
29839
3421
5781
20885
10733
6233
29823
25850
27280
21973
23136
19726
29200
24614
18589
22376
21800
21886
8134
4031
10713
6584
1922
4849
856
16465
21087
22952
24259
14724
21975
450
18145
4108
27688
5230
16693
3863
1080
13974
25837
24216
3700
1389
25183
28641
23765
16983
26880
1899
27367
7593
8484
5641
18795
15692
22106
9882
14996
22718
24606
6972
23168
19103
17432
27208
24334
4126
1072
25414
18100
3261
25983
28152
4650
21166
26793
28415
14501
23673
6667
11868
7619
21503
23861
2766
7195
15968
12648
22191
15038
7255
5515
8206
2710
22948
11767
27044
27074
12839
28811
21526
22452
24794
26030
27102
22312
22823
25517
6813
22849
8536
25034
6820
39
18895
9586
7234
11215
28586
5778
26253
12193
17645
10812
14904
16945
22579
11948
20371
11770
10759
11897
4222
11905
14279
1324
10569
7103
3193
23735
6304
11730
18769
19476
18121
14016
5414
1708
25232
4000
7486
21485
16194
1483
2297
7450
18429
24876
19398
15152
12998
6510
3402
17220
24767
17681
18544
5337
1136
28090
29072
13792
9820
24193
3268
27941
8209
15034
29649
3441
19035
13487
1279
11581
21323
3576
19031
16104
4805
14781
1256
17803
27643
4658
5024
22411
22340
29920
4100
29828
28010
9524
13621
14182
3717
16889
18476
18278
8276
18125
21720
27311
7965
29351
15244
29288
2927
4275
21744
14084
25408
23000
8240
29404
4011
19616
28167
2703
19536
2267
2531
23899
18143
16152
8081
28212
9394
26557
16490
17670
21035
14562
21333
5352
13913
6577
10992
23193
17204
2736
7277
18964
2088
21869
18368
6099
11485
16535
8802
7374
18802
17686
1273
13297
10190
15706
11509
19584
18616
28000
13606
9651
12562
4939
21355
26476
17868
2347
26021
11424
11435
3298
389
13523
25168
18757
25975
13005
5293
11129
20379
447
28815
28004
13745
9006
13711
25254
4942
2327
29606
18549
18330
18521
29840
9685
21349
24061
18384
17370
5485
29819
20668
5874
13342
22188
24632
9317
11546
6277
20447
1925
6724
25614
29930
26821
4620
13641
28428
9563
22320
28034
4464
10650
16555
4304
26687
14256
28365
15071
1626
3851
14890
28647
16077
28232
20835
10709
13902
2381
23338
10701
10659
6415
6315
16941
3236
17288
6934
8016
26851
29254
12403
1315
16256
5310
11971
12943
19567
16689
28014
21193
26892
12904
19840
12969
17488
17028
31
7742
25761
23369
18443
6420
29784
1111
23361
9373
18399
295
23741
15250
5901
6144
22917
22157
11455
11240
5100
1022
27929
9466
22215
24821
22370
18408
7791
16211
5436
7822
23953
1197
7543
18749
13970
13680
19860
13683
23053
8259
20331
16794
29861
26232
29291
22778
24742
10746
4018
6194
18120
8300
15661
16687
3121
14383
5095
17264
594
10531
1438
900
18081
8982
19649
8403
22662
9509
22086
22067
24120
12417
15213
23981
15002
14504
23111
9744
1602
3481
15938
19722
11781
1599
6410
21255
15983
17857
8519
22929
4741
16310
23829
22822
25292
19830
7577
24306
5691
29663
16373
29811
18433
7938
144
3435
28795
23255
19531
397
3089
5469
26472
14870
13421
2882
12477
5756
27091
27349
28685
1832
13659
28867
1006
15303
18697
8583
9609
24389
14599
2334
24200
3032
10272
697
6467
15419
23952
25998
15817
27041
7819
12289
18264
21240
21523
7093
26996
24966
4442
2034
26799
24453
901
4157
9756
19598
12741
25717
20339
27340
28051
20892
6724
14676
21589
19543
6447
15541
21893
22264
18935
29712
10905
13551
27305
8780
20644
653
3747
1439
2687
6898
25892
9940
11055
12001
29539
148
14070
26230
27488
12122
17122
10564
3150
8711
107
9597
605
22000
8214
19540
28065
25471
3091
25370
4252
87
26023
14351
1526
5063
21249
3771
15003
2304
22124
20894
2453
6194
17125
6293
24668
4247
16858
4170
12959
23317
20120
13564
15318
28334
9456
13383
23805
18899
15105
4409
18986
11128
18760
26865
22543
16361
6988
7547
18666
5464
28441
27471
11658
21918
10116
12679
26166
3326
16849
15477
26644
6969
29041
18314
11655
14849
8049
11813
3748
23154
22574
29086
10634
11335
2303
3178
27696
9291
10725
22714
14755
15518
26537
2766
7437
13006
15445
3603
16332
8646
25432
19328
21968
24473
7642
3623
15674
15691
21788
19422
15197
14363
18508
25832
2050
27164
29010
29746
6455
9735
28813
27563
25253
1702
6681
9042
14708
28478
18997
7393
7124
14429
26721
29092
15254
4364
9068
928
26407
856
20350
11605
15219
15211
7437
17269
12375
12799
23368
25182
22534
28533
29097
24139
235
5778
3182
21296
4256
28531
28689
11381
12961
25410
16825
28215
6126
25893
29144
8886
26750
25846
20491
18321
17409
4280
11943
29784
17079
5311
1319
15965
10196
416
16456
10431
12547
25990
8079
16803
24522
6768
4536
7483
8531
21362
12050
14657
23607
17546
29895
26709
13393
26738
15031
802
1018
26974
6939
24449
8637
14610
16766
18833
15026
3223
5616
27573
5565
13696
20729
87
26816
25265
13922
5347
22979
2325
26357
16587
19871
26252
13296
3264
22991
4679
10419
361
1653
17358
1163
16642
1968
17929
5475
23346
27504
11092
27272
9422
1140
18001
9509
27956
19618
29784
9656
12598
2109
12365
5537
21980
8617
25185
1597
7960
29865
12016
14674
7870
5726
15837
24513
14046
10118
6340
13744
7623
23784
11016
17045
24924
5369
2906
29233
24988
9042
8889
13938
17503
21254
19475
15836
6223
21012
17433
20536
20877
5801
5210
5100
17879
21047
5965
8277
1165
12305
22021
15140
6090
9390
8537
7366
14759
17796
6599
9747
3190
21840
37
20694
19446
25864
6530
2022
16877
23963
22558
14106
6116
27768
25558
23995
25167
1523
2272
2684
13829
24293
24177
26271
3683
2714
3637
24795
26862
16589
10894
53
14781
10932
27099
4228
6796
3629
6250
25
3944
28808
20484
10060
2928
16042
4055
28095
17566
12679
779
7747
13324
24956
4018
17008
4023
14007
18155
7237
6948
29049
13642
21730
16333
10741
2310
29482
20722
8560
29507
24666
13720
26343
4726
16648
12386
15133
21095
6304
27812
28226
14051
11137
29535
24421
4497
3558
14780
29004
17147
21729
28053
790
19811
14387
17883
22121
13869
8606
681
19728
3272
20753
16072
14351
7401
28458
5836
28496
4762
10001
3074
25165
27490
2609
19586
8339
12519
4366
7343
29667
2447
5396
6809
22258
26135
1044
14379
16356
9650
21412
6085
19275
12165
28509
9978
25918
26967
15814
766
8081
25815
3841
9598
23305
6450
29184
1644
18970
9902
15339
24989
18702
20736
1798
17312
23223
2842
8044
9580
18845
29456
15665
14472
17974
14174
24450
20244
17493
10264
21011
1926
12432
1204
11524
12089
7654
17060
20086
2976
3314
5425
27965
22016
26161
6115
15681
19385
15310
23725
28965
4155
29533
20982
18627
23859
11508
19429
14104
5353
29693
5115
7279
18477
12671
25155
567
20325
12215
20653
29654
15529
26078
27619
13898
28592
10087
29579
24329
25397
29656
23294
5904
29189
20628
883
23049
8488
20312
7153
13841
26357
18620
21120
14835
1291
16275
15402
27968
4842
12407
3974
26723
8485
1594
16973
7077
18033
16552
1406
13430
22560
1052
25686
21750
28032
26569
14799
6520
16881
28304
20361
19590
23276
17833
4425
24567
10460
26179
28887
21654
8586
2862
18378
23424
10808
5351
6853
28841
28256
14612
18623
20816
22016
14309
18918
26401
17230
10069
2921
10463
8373
29635
53
1649
23820
4479
2568
4281
7010
7808
2287
21949
10670
27017
15373
27830
2369
28578
3023
6977
13190
27998
4145
11559
18659
29416
7960
5889
9485
17233
16352
17859
23220
16405
25860
17041
27236
4781
27674
4247
12589
29961
26196
29611
26979
17921
3793
5700
16499
6816
19029
6042
11166
29526
23953
29825
28942
1913
5714
8428
25498
28418
2639
18719
14823
28499
5760
18412
9632
3434
22659
28573
9747
25207
28184
6726
19480
8329
18778
12331
21497
7807
18373
2663
7334
18678
2488
6276
26943
14554
14704
22442
19324
23695
11161
10500
22195
23273
28912
8179
26707
27923
6753
12806
29482
11289
25885
18962
19619
14663
1293
11116
28823
26019
20132
6157
14697
28972
18785
11641
19879
9842
4083
9203
3537
21596
19703
2084
14869
18615
10264
17928
22890
23369
734
22372
4658
26619
11334
629
17635
12628
18098
16458
14999
8230
28967
29696
7202
17752
11337
27081
27594
21772
6285
7484
19720
2340
9568
4589
20956
26184
28869
13846
19553
5956
12571
564
8927
23905
1193
26562
12885
19291
13020
27884
3873
18339
27581
11076
6092
15270
14509
10038
13395
27146
17522
3115
29487
3443
14057
26795
29627
12926
16993
25533
18882
29564
26097
27810
29822
3642
724
12707
29286
20097
10592
3159
8436
14525
20587
20880
6147
11449
919
25894
8595
24793
29010
14434
28236
19419
17581
4216
2345
4575
6101
27580
10491
8550
1742
10313
12192
8818
23021
11478
28915
9965
20990
13704
842
11577
4584
6989
23026
5503
2884
7974
297
8246
22408
4885
27665
16342
9101
6362
27269
15202
10294
7760
23752
18388
24426
12297
27207
17447
127
26122
3764
21117
9826
4606
2695
14411
11595
2073
26266
20831
10047
2915
5429
8808
7801
3094
1502
23254
15809
28771
8457
26103
6531
8561
20844
957
27210
18051
24756
27338
14173
28520
18455
352
9478
27502
21115
27426
29576
17381
24609
15975
26649
39
1135
4450
3133
2637
27704
25294
1408
12513
27750
14292
27427
18594
21601
24637
6645
22710
21975
27170
27582
16783
3874
7061
14285
24989
4487
20213
18723
29096
6189
21724
5487
7324
26174
14973
16314
230
10267
24074
19096
8017
8366
16523
2963
29968
17512
15960
29030
15840
19483
26612
2623
23357
3673
16908
24699
14512
7122
19774
19961
19663
11498
25448
3339
14024
10421
19653
14254
27041
13728
3350
11410
28446
26225
14374
4766
20090
6686
3796
5930
26169
409
8553
19527
10434
1813
14226
1299
15287
10352
21260
11302
21850
23060
14642
5874
9834
10647
26480
6875
727
6183
18285
5526
2408
9011
10292
28850
15698
20441
4780
11867
27202
19685
1394
7636
21499
21972
8935
13138
2324
6547
24441
526
29608
15435
12752
9442
26082
9233
22669
3162
15416
10954
8688
24176
19966
25332
23027
5664
15773
27807
23883
12975
17493
25278
26964
15344
23602
12251
28482
2279
18799
29275
9157
24759
14710
21910
10553
10793
1143
3222
20307
16559
14176
28995
10735
10494
24327
10114
22510
10101
7922
16394
29428
1767
18024
26392
23463
17978
8644
28297
20257
3795
27573
5767
28554
12283
27677
15459
29428
5172
18681
19735
21731
9209
25082
8818
19704
19410
25285
18566
5863
3207
4960
11643
11326
29336
8036
4789
17315
23032
3086
13924
3179
659
19691
1733
19295
23720
17192
25075
28892
12225
21163
26975
21434
16245
12146
17490
12007
7431
6057
24222
16990
17369
5866
28316
16706
20254
3105
10373
19638
12543
649
22817
19555
26693
902
8850
20413
24446
10277
25658
6671
1440
22633
28105
24038
4779
21948
12397
18562
28005
6620
5552
21726
18838
10220
14784
15444
13325
25157
5082
2221
2159
4251
21776
28852
5153
6978
25617
29599
17255
21275
12622
25048
20261
10727
19086
1392
9027
1483
19955
7032
14455
1859
28759
9645
12080
19895
25089
1757
15053
6523
3978
23564
17126
25754
22416
22279
2732
24385
28230
26340
15661
10852
21388
5922
27932
16826
13666
6959
24661
3621
20344
15469
5481
25455
25114
23913
15350
26556
25670
6755
9431
29649
319
26558
1755
29087
18837
10840
23473
23420
7180
15486
4272
4920
27760
8556
28098
11426
15516
22759
21400
5860
8228
3233
7667
9695
27146
23017
6251
22816
29773
15682
28817
6444
12240
573
11884
7430
11413
5357
7202
24945
27195
11474
6217
1307
26383
4315
19085
11899
27074
16837
24111
11655
20070
1778
21350
17216
1147
3953
16385
7272
25987
15202
13717
8228
15775
25601
22010
3540
7310
29212
28485
10857
17038
4702
18516
13421
9017
7601
1672
12444
24439
2135
451
14509
3913
21801
8078
11413
2106
24463
18685
28093
9665
8754
12673
1793
10707
4683
5333
18017
10247
10171
5226
27286
14873
23742
17059
243
7696
18732
19039
2135
20867
19490
22996
1133
17643
7426
12546
19749
8241
7583
17842
17907
22690
516
26052
3397
11551
7737
27767
21799
17908
2993
25437
9134
26736
12496
9377
4432
7580
4768
12919
28448
24258
12267
5933
18253
19694
24831
8002
27935
8766
2196
22194
1456
9064
18246
4854
26968
25984
2621
25119
20244
5614
26908
29378
8702
9404
15107
19486
23337
19875
2405
28137
20485
14673
4070
8738
4367
5253
23092
8654
14019
1641
849
15476
17057
25447
26682
14025
27783
29303
15496
18028
11269
12404
17406
26324
21809
2514
15810
21498
28741
18216
19635
19227
9241
57
4317
13608
5310
3762
28614
25681
5403
29463
11157
22460
1263
7839
12838
29046
13494
28334
17074
1116
10739
10833
27440
8900
19699
13250
398
18440
7818
26385
14019
17059
26442
18337
7019
8104
22099
5634
3785
3854
11449
21295
26314
12712
5486
15504
11759
25333
13839
5185
26449
930
22370
23889
16182
12069
13491
16580
6862
21310
19317
20881
8369
22111
15570
15389
215
7669
21023
10352
17875
2472
1647
20542
21537
13486
6046
3296
8819
26237
14833
5268
3519
13556
5509
19701
25625
19000
12633
8839
10310
1950
29721
18680
413
21643
10421
628
29313
1444
17333
23540
10268
25332
14082
1805
8818
20129
11453
17637
22718
2639
22905
26238
16195
28414
15939
18172
23767
28573
27012
4077
6875
3085
29109
7289
24728
9530
14269
393
17326
1602
23934
3947
26935
8016
12104
5753
4497
29910
29743
27216
2549
29000
23454
25096
3767
15745
13268
27534
14318
16632
1611
27546
19717
721
4835
14446
16603
19104
21191
3930
27059
15125
7877
23994
29494
19981
6099
3991
19891
12194
7559
28792
11195
1013
23888
14962
23111
13509
12496
7429
141
20459
11327
19859
27532
16162
10657
14136
11619
8200
18066
8678
23326
2295
9024
29172
28628
15123
3163
24872
3670
10723
23664
14865
18088
23905
29827
11199
7414
18675
24981
7555
9134
6308
3766
6667
28823
20775
20803
10442
28976
15221
19120
28654
23868
28144
27826
22496
19619
7341
17368
23289
24416
17385
8154
18857
11290
14333
6408
18704
3008
7741
2611
18495
20402
12730
25162
19225
3505
22317
29667
8833
13890
25139
7487
14110
29635
11665
6606
19254
25359
327
18896
19775
24064
3402
8632
5354
17736
21393
410
27096
29134
3021
15591
19536
22103
17105
15113
25609
15774
21132
10794
29664
16271
18282
13774
15906
6299
26733
11513
1658
3412
409
21434
27476
3811
6418
9182
27899
4163
9592
24996
3298
18965
16939
29186
11069
4045
14300
13030
19819
5432
23824
25836
28056
18458
9610
13962
24758
12695
1827
26416
16107
2236
24202
19935
12400
6973
29117
10299
17488
8709
11647
27138
4027
28587
26325
21448
8984
16977
4478
5155
28761
28302
991
26817
23113
16954
17132
17871
29649
18959
20639
22109
21196
21194
12044
9948
4519
17514
26599
22007
2575
8247
19146
6602
13186
21823
28050
28522
8800
8880
3677
13913
13535
4669
10731
6648
21623
27863
871
27624
16822
21510
26085
14370
19056
8130
24318
29927
1996
20918
28287
4571
5517
23785
17526
25055
15608
15576
29929
760
24457
3606
14673
14344
14627
25404
20992
12602
29619
21863
16579
16442
19725
12664
7164
15134
27146
7835
15061
29142
28753
13348
3714
10622
7133
21240
12029
29093
13168
11958
29853
13977
21916
20879
28321
6544
16283
19313
19146
22255
17528
5725
15049
7254
24742
22213
22388
21888
48
13801
21031
5153
27150
1097
22127
10635
28689
4156
9729
11857
22466
15934
2187
14383
6813
508
20927
29449
26174
16425
21704
20054
28503
13105
27308
23245
5318
26048
15133
11719
16202
12516
23224
19704
13613
15352
339
18654
25860
16420
512
18327
2355
9051
2710
15520
15911
29989
14969
12085
22766
13025
8492
21269
26130
5800
20866
7801
8201
6000
19520
24403
24868
12744
20459
14834
4448
20798
3488
309
13571
10352
18636
15926
19403
27698
7798
5315
4039
22768
23752
3157
12145
2244
24427
8276
14397
15293
16077
22598
27645
5597
23353
28866
24693
13812
13700
29142
10962
17188
29451
24533
27541
24439
16811
16944
28489
24610
22259
8880
23730
16012
12037
5875
24608
12816
20503
9005
4462
6580
7955
8459
18529
7660
7325
19575
27824
21025
18717
8787
8214
24520
9672
5755
25311
2836
29051
152
3798
27663
9032
27528
13675
27421
9755
14635
10238
259
23641
21052
13191
1596
29511
8073
9257
6837
27648
13433
27862
16365
22220
12428
17237
8245
24535
12548
17433
23587
12700
21231
21250
28084
25111
11277
25505
11218
25912
12095
11477
25905
3147
1021
27502
9011
9094
13111
15848
6742
26544
20062
23107
25117
2491
16696
9714
3378
29244
27147
26965
18296
18378
24567
16380
19841
5844
18237
1059
8109
6685
18889
4014
9832
19910
1516
18843
29004
20979
11043
12098
23876
1106
11557
18993
9949
28253
5059
13327
27497
2206
16645
15793
26936
11212
8525
16777
23409
26762
17836
1518
3447
6725
5532
19632
2987
7049
14827
1991
4380
25871
14089
28256
3329
25646
23601
19630
251
28660
9309
27748
7218
25954
19893
4154
13519
28418
27283
6928
1533
15120
8446
11332
28197
13978
7316
1185
27379
22144
9528
8112
24367
29970
6368
27696
1968
6322
17326
2220
11334
26635
6320
18553
28942
26214
29059
12461
984
26343
25741
8869
17815
4187
20202
22364
24517
27518
29901
28249
26014
9430
6361
20381
15752
19081
18077
24072
25403
11755
26292
13090
14743
2613
1643
13685
5179
7054
2498
12515
3397
4591
21385
27564
15130
17939
19929
9647
21809
19830
7896
17824
29260
14257
14557
21364
9691
2635
15437
5094
20742
18081
18184
5485
27046
26179
25522
2225
3234
4372
14741
12983
8963
12478
10548
24093
417
477
3741
28578
20307
17989
16402
25920
8599
960
17284
18290
9947
9073
29736
7041
27155
24273
18879
24201
20452
14401
2779
38
18774
23872
13022
4089
6350
23570
28183
13119
399
8276
11697
20706
2617
4452
22978
11216
11764
10263
5858
21711
25688
11947
5104
22843
6220
23983
23397
3024
8385
26176
3063
3511
26400
16085
7600
2750
16007
12135
22221
16406
20411
3918
13464
23029
14722
6443
10597
26486
23058
22808
24549
18746
4755
29654
17942
10975
23637
11339
13999
8374
13867
17062
18237
10267
9499
25838
19369
1858
14325
11590
18264
4737
21860
1729
4118
6583
8172
21067
9421
7582
13875
3971
26328
18630
3625
14270
5957
3614
1961
26309
18341
15828
13371
6578
2447
29223
8768
21816
1081
23094
9758
25698
4183
7971
3779
8301
20906
18303
5720
327
25885
19596
10650
22213
14578
20627
12836
20536
24242
14797
16845
18935
6978
6568
1865
15777
12143
10634
7594
19577
10080
23704
15275
20615
8027
19054
5268
5285
13709
10988
11965
9594
584
22615
8159
15163
13243
20995
12051
13837
12145
5248
2772
25475
11816
10989
11252
23960
21623
25198
13537
8055
25255
5164
28670
3282
570
3938
14920
14279
21279
26885
225
21863
19500
8384
13378
2743
5732
1781
22932
24229
7029
2056
19704
18846
13046
956
19158
11021
2507
9047
19077
27762
14211
24099
7396
21133
4390
22316
5412
25669
19201
5637
23884
8702
20373
13615
17797
26105
15396
10730
20334
28778
19138
10038
23976
2184
17347
13134
13206
19854
28533
8635
23968
19096
2734
1364
10229
13476
23681
15641
9145
12882
27630
9382
21584
18003
22997
15734
20461
14745
2816
10795
13523
21954
27186
7499
24139
20885
26985
13697
17091
25518
22332
11059
14614
25066
12423
1195
8543
6104
23188
24040
25339
20818
3422
23275
15174
2771
9009
11987
17517
18177
29134
1040
10132
26320
14892
10623
23557
11877
24320
17000
13748
23004
28059
4714
24422
16835
5910
9317
29291
29098
3358
982
26269
13132
24258
11443
15904
9619
23430
9773
27797
22564
17165
14281
25237
2057
24904
25146
20287
25576
12147
4035
18580
16558
15101
13002
9745
21011
28672
15389
20110
2030
16371
16379
21514
10629
4174
7418
20249
3956
23543
24398
2872
10709
8679
4461
12766
9935
29608
9405
5511
18107
19792
443
11017
4894
19797
20763
25905
18469
12504
22367
26851
28875
8746
18366
15857
19272
2136
12458
23228
25680
6856
2453
6389
21887
6914
25507
1822
6522
11265
13685
981
1057
14128
11999
5951
10277
9114
1857
28747
27970
576
1950
26845
15675
20316
19054
4947
28805
1512
4528
24485
14720
6981
7226
6607
20247
9085
14781
26770
20350
28466
4103
21408
18946
22454
3711
29224
7920
11920
4323
5890
12497
6273
9088
28172
2942
28142
9471
1747
6007
13999
2584
27079
27332
16162
3687
17580
25247
24820
20702
21950
23287
1157
19710
12233
23612
23421
11457
1532
5342
15780
13775
24191
28406
22863
22363
1348
27357
1834
3095
9716
22186
12031
6796
25870
28193
16835
13450
29792
11655
10504
21742
4942
11662
17804
23528
11626
11226
11337
19510
22920
3470
3285
17111
1876
2500
15826
3224
6210
24012
12671
15926
22550
24702
29074
18421
29247
15909
8223
5391
3917
18728
3486
15211
6742
21290
8739
18368
8868
26429
7878
1788
29899
17516
25251
1775
26368
11077
11351
2578
5090
24022
24857
27640
25076
283
22413
24323
16193
637
29714
26462
25717
9552
11673
2459
843
26765
27179
9711
23194
11409
11500
23093
5277
6751
24868
1646
24181
6219
10576
29271
6593
11785
3263
1669
12069
25677
2344
28262
26314
8410
1076
28383
17963
12749
7194
25158
15866
4373
4869
9060
15782
22721
8505
27412
5825
3373
29058
6
15944
15986
5629
28889
27772
15244
6910
9841
10921
9254
14455
13587
24017
15531
11970
18332
4632
19164
13490
20499
29889
24711
29559
22024
17433
8065
19436
29610
17790
24846
29616
10087
10832
11597
8976
8604
26841
15887
18445
14115
1493
2900
27702
1862
18431
16025
20194
23064
11541
10036
19915
11431
4748
19474
9807
28533
3891
29243
28143
21682
441
27759
8121
11273
15708
23449
19878
12549
15688
14675
26664
23534
17576
719
25396
12359
16744
21943
11775
4637
1979
1690
22420
13079
27517
2227
11612
1408
7822
9755
29442
8263
13866
13915
19537
29574
7365
15767
18476
23053
442
15140
16587
24370
22211
18336
13082
15307
10279
24857
19945
18610
2900
12365
1690
417
20945
13302
8177
28767
29410
13972
13383
13276
27887
2920
19203
5252
25039
7679
4658
1833
29171
21245
26204
21383
9581
9286
6690
26212
10495
26635
14823
13395
15353
16513
20164
6298
6167
4694
11417
5577
18666
24800
25206
16553
4072
14409
28158
29111
22088
2816
945
21259
413
3501
12642
9995
19139
25685
12559
5986
28672
27382
25734
14025
20247
15898
26675
26415
20592
8093
8344
15610
2893
3550
2164
13318
17959
322
12429
10047
9490
19726
7659
9903
29579
26653
26250
18718
22338
8810
24705
27363
6192
20439
11388
26440
12689
14416
29207
9634
28861
7551
25244
8106
11102
3760
21424
5413
10434
3854
15461
19924
29932
29472
29828
29512
26125
26078
24582
24816
4888
25639
22179
17433
22430
9919
13873
5120
24335
19432
21106
29548
26983
16350
7655
14437
20111
29079
19851
545
9285
11664
20470
9218
11136
26650
15082
13613
22728
16016
8429
3969
11656
608
21402
10438
10528
11627
15558
11215
1059
6664
10764
4394
29367
18419
18832
25830
23850
8683
26375
3136
26699
23197
18706
7835
26199
10140
27800
25280
26156
6230
29249
14164
6838
27003
24603
23718
8630
16513
11286
16041
29530
22050
20435
28897
16821
9267
24727
10671
24302
27454
20159
21001
27004
8865
5188
29555
25357
2989
24835
21514
15571
436
12030
22409
27439
6633
22480
12421
23147
3766
28462
29029
2168
18898
27926
18989
28165
29005
6012
28820
2811
26172
19821
6167
11389
1362
5723
6747
10703
6910
4613
26274
7347
16643
25035
11138
29629
17515
23560
29128
27633
22022
28157
29801
17272
26083
25142
15438
1440
1155
20610
10603
27327
16783
16771
8716
18145
28846
15463
28848
5756
20076
1474
19455
13072
26510
594
12701
20377
24154
11829
24363
22528
9986
24164
9801
12421
25659
1591
20213
26814
22201
816
24141
8984
23939
9209
3482
22785
24673
8682
4894
21101
10157
24349
4173
13019
24943
23226
3396
25449
5055
4111
24330
21393
4628
4131
3814
287
12074
24027
27101
10627
24844
27594
25963
18783
6803
29445
17921
7828
14480
22815
28930
24637
23516
9455
7656
18460
9034
17404
20261
14089
21516
14591
5483
26144
25074
15649
26431
13500
9677
29884
24127
10873
27478
26443
6008
4281
2240
23929
18462
16720
23096
23744
17709
16613
3199
1717
11425
18585
19122
1686
2675
16990
22630
14510
19486
24056
159
22269
7557
16188
22153
8036
3413
25983
10831
9422
6616
13072
9703
25078
6144
2800
18822
23854
25765
28374
25571
7190
16959
21045
15228
25986
8035
14210
10496
3873
8267
17008
26142
22176
9548
24647
6564
12962
26982
17396
28736
3599
6820
8439
28677
12964
11239
23852
6818
7004
22226
2390
20546
15537
29787
5775
11524
14175
19985
28372
18048
4604
21732
20543
3132
1281
21542
9697
20595
18525
3445
19331
28476
10265
27770
3505
29581
15362
27357
6400
28718
25935
15142
19265
11473
14929
25040
29349
29104
21377
27721
23505
2334
19454
14048
5466
27087
11942
21515
17682
467
1312
7013
28943
11577
11135
2449
11159
26497
6158
23911
25216
2094
9053
14481
19919
334
15873
19268
5791
13602
23341
29296
22288
12795
19696
4107
16234
1638
25622
10268
2106
26935
17281
7401
14864
4769
16202
2375
1266
22361
26286
2834
807
11691
23667
20726
18378
15892
16346
24169
5847
9687
29817
28135
28835
19513
2242
15069
21151
4217
25338
29609
7504
18971
13363
22368
92
29565
1096
7711
21926
3734
10545
29085
15426
10565
19811
10156
26457
6157
4325
2304
22197
10494
440
21032
7
9034
12453
27510
13251
7791
27120
27107
3115
10483
19476
3207
16400
26924
10918
8327
658
27816
13764
22436
8381
3576
2592
4838
16085
13269
13495
8282
23763
20287
29314
23770
29321
18120
21281
18925
25911
24753
16032
5378
11588
11860
14938
27988
8784
2208
12667
15795
24
26432
8231
14757
6360
10824
19596
22445
24093
9443
7080
24209
29730
12746
24331
5403
866
15612
680
3130
16717
16713
8508
4657
4925
29798
2646
20062
2007
15313
5857
8383
18097
14088
23141
24457
1264
12737
23255
1710
28532
335
25919
28262
13081
20250
3665
13948
12215
4346
17078
5284
27411
1938
9942
8688
8089
12588
5102
10096
4253
10959
18479
28703
1400
11620
23160
9016
709
16415
10726
29241
16750
12997
3855
6184
3248
7521
26484
21815
18219
19914
27099
21982
21852
7041
7022
29941
25981
12125
16389
6587
29436
4869
5290
7188
22841
4802
16205
23551
21218
26931
29144
14320
9929
3000
26856
19529
16873
23340
11344
11444
13254
14795
9778
11459
28189
16800
11400
522
5277
4142
7109
4714
9011
18751
11902
8204
23554
4459
8107
21124
7743
7252
5444
17672
16604
2301
13553
9829
1993
1249
27625
15248
16044
7403
26707
20585
555
14459
21108
5833
18601
4569
16899
3964
23321
5153
18521
16875
9613
26628
7999
17356
10232
19795
11380
3188
28448
24933
13017
442
2534
10642
15690
24930
18045
18749
15516
18601
9560
6624
786
28162
11193
17685
8478
10866
22838
26999
27741
2451
29980
5740
19807
10212
1888
7539
13401
336
2472
2770
778
5006
13413
22820
6289
7810
11569
21805
2763
27482
4781
3549
25644
22326
27586
10474
3193
20425
13826
934
22876
13806
13027
19036
370
14915
2927
13771
15251
5400
22894
22382
16758
12659
15202
23047
20469
3124
21204
29585
606
25985
9486
2602
18312
7073
13076
21505
27498
3254
28791
26726
17060
11818
22114
17431
26733
25042
7554
18337
6794
6800
10719
29904
19459
25921
29304
9929
5397
20508
15866
6003
22846
25352
8605
11158
8777
28034
9015
12627
1288
7806
15706
24701
19625
7820
18484
22710
9214
2390
11047
22360
9191
21766
22265
28650
24040
27921
14931
29437
18429
797
5441
17627
2502
20398
28785
11279
24784
14152
23907
2425
21959
9613
3478
17936
23785
21962
16998
9352
24352
4398
1712
3543
2516
329
2194
26556
28250
23477
25994
23032
24275
7787
10659
26777
4537
15797
14408
5674
29949
14667
8099
28260
632
11577
22548
770
9891
15899
10122
4243
20297
11834
14139
22813
12164
22685
25722
16766
16162
21716
9798
16789
5855
26810
19918
16744
12607
4327
22418
18908
25346
6869
23521
25979
24798
16069
26749
4689
8320
6871
15285
28617
25057
29424
27783
13573
28461
23505
340
14623
21573
16490
1413
27428
13300
21331
20524
2259
2010
19295
21168
27357
26164
14689
29688
20963
7110
26437
2004
15431
9660
17289
14048
11069
23065
18183
24643
21526
11688
1335
12502
3261
24177
13915
7041
7478
11598
3918
9737
19961
23213
7257
23670
19377
21946
23358
16692
29057
26147
25049
14488
5807
12338
4888
23228
5404
29424
17871
3282
11112
25558
15784
20726
19736
6051
4119
3566
24002
8037
19655
13963
1250
26913
13985
26980
18859
7343
13672
24268
3490
15073
8756
15649
27412
19997
8877
9168
19421
3101
18802
6885
28659
4587
27611
24747
16990
1731
28313
10992
9768
17969
1307
17371
21234
15292
14351
10093
28987
4375
4362
2477
19449
19470
24478
23213
15819
9708
2381
5240
12809
21183
18478
17820
2122
16089
18920
19113
24172
23585
6457
10293
17906
14117
27664
9140
29409
12015
19234
28397
22742
23596
7226
12191
19418
8057
5404
5238
17765
14137
16830
6926
5321
5308
24746
13795
27750
13666
9260
21922
7252
15718
2215
25158
29835
6231
10651
5596
18246
29885
10345
10989
29833
23924
29532
19251
1981
4937
841
19746
19074
17672
26672
747
29332
27770
20895
27082
17789
155
25357
1393
22225
3924
2903
22060
10156
13554
4009
4754
13439
14354
22095
19624
8278
21628
8876
16611
2917
16069
12709
28343
3741
15733
5443
3074
13504
26338
6508
1293
26493
1865
9038
25071
5790
11941
17131
22298
25496
27492
27052
15287
11847
19148
4912
26477
17128
20140
19441
20045
6209
2150
18388
16303
17884
183
25729
1388
26521
2237
9033
29367
10455
18071
24438
22597
6364
17921
14895
1860
21766
18299
17148
9965
7447
28412
6442
24575
18552
25883
20972
1113
4386
9361
17416
22270
9544
19497
10
12418
28087
9043
18137
14894
3466
12575
7491
9830
6848
28738
18043
28614
17037
5191
8579
837
9955
21374
25412
28507
23609
16385
5972
27995
2098
29741
20265
17994
19238
20275
6764
17325
5670
24901
2219
9136
13828
16062
25319
27029
14800
13362
25643
8190
24905
10575
9027
4860
8301
10791
9719
1910
3528
22043
6258
5626
21784
26523
29973
11023
23151
13089
4700
5173
7991
13272
20662
28171
29334
15981
25200
20487
29343
27196
5029
600
14123
14056
5460
22424
24847
21531
686
28376
13574
6944
10354
5359
9820
16679
22734
9323
29769
3786
14496
14112
17058
5158
18635
22745
21139
20188
19584
26834
17384
24613
27434
1507
15021
9246
283
9868
777
969
14596
20704
7914
1303
2415
17734
17982
1501
27057
24103
5287
17905
14567
28698
23064
3203
21443
14203
23391
17379
17390
17127
11992
14824
24986
3365
423
25269
13233
7552
2590
4182
28256
10504
5485
7023
4590
29819
8524
7999
275
13812
25905
21194
12510
25321
749
10305
15876
492
27684
3266
17619
16028
24443
18957
19393
24866
20578
8978
2418
23169
13160
675
10025
24997
7698
14616
1169
22575
28967
7796
6387
1224
28990
18897
26545
29740
5554
12422
6584
3238
15688
24204
25618
10131
19513
21363
11349
10092
341
13768
3261
19854
20795
13286
21203
4845
4254
28724
27420
9574
6520
3807
10798
5511
29056
13696
11603
4610
26118
18187
14200
18158
18743
16170
4642
8257
7533
15991
24701
14227
6111
27962
10433
26906
17600
7988
1752
28207
6713
5524
7781
13233
9332
24931
25096
14740
8627
13051
25703
11097
1239
16255
5608
26334
2426
16602
10943
16311
2593
5644
6890
15057
9958
17323
11963
3911
1664
20067
2118
8377
25592
16251
27962
11276
17534
23059
26016
2514
12462
28071
13611
20053
14327
25571
16388
23105
12173
27331
9416
21119
9328
22659
6176
25638
9982
18139
29549
11646
14559
8019
26375
10151
622
24338
21427
18157
23749
23795
27023
6211
21867
16986
2617
6194
12558
19005
29299
24731
22688
15067
22202
8368
7726
28378
4007
24061
22870
3556
12059
7429
17928
8435
23932
18550
9125
15359
13059
9226
9154
16434
15437
7373
3421
18054
13567
15979
13411
19218
17062
12452
10638
9265
20820
24716
13995
24827
18777
13217
4736
7189
20646
22664
21976
14578
17566
1101
6289
6978
10327
21796
23412
2116
29169
26833
26523
19089
19164
16286
8307
12579
28738
25297
28196
19559
20014
12191
20738
15143
25409
25474
22332
22407
24490
14308
13338
18409
15409
25979
25387
2088
17775
25151
10557
16945
28337
7080
6034
17501
23366
20693
80
22105
15991
4628
18016
12357
16820
15106
27500
18581
10581
19833
17340
11423
10493
678
6184
2255
26658
7923
4343
20785
3075
14900
14082
1412
28332
20116
25265
21699
17162
1698
20156
3153
6326
14524
15510
29498
29630
19362
18079
16563
9195
11772
4339
19689
18802
10523
21944
21812
18447
2639
12598
27874
23892
26680
5638
22224
23149
903
20275
10311
8953
16783
19816
15280
1307
5326
14778
938
24688
9210
23853
10236
27334
28192
6277
16136
8716
4573
7949
3515
13564
20547
1389
7456
17227
13379
29681
16728
14282
26308
27039
29588
13092
16855
14868
14399
28533
5998
21689
29574
21560
21895
16162
18894
20087
22439
11383
5155
3364
19332
15022
16928
9879
22763
24385
3458
6142
418
20187
26777
26726
23578
26365
9818
10434
17585
570
15319
23583
28611
14893
21496
20506
1055
16742
16946
29846
28125
28453
3210
17457
13476
20139
3688
6239
14524
13499
12382
21294
10038
15511
18020
9968
11876
4191
20402
29461
11113
5722
29396
9724
26967
27244
6583
4375
13987
29881
4221
18464
28334
7432
12274
11810
27571
15962
24402
18447
5813
6784
9741
22203
22295
4113
2172
10523
8304
28926
16336
19417
11000
22084
5494
7968
19329
12077
12343
9668
11958
22916
28132
10292
348
10406
28455
4271
2721
22857
29070
14886
5993
8811
7090
4640
12925
15614
15163
27581
14540
7851
16999
25541
29935
22493
9861
25616
10922
28556
5284
29232
21472
9769
15876
28173
26527
14331
8796
5600
7188
7867
20487
19533
16678
3929
24173
5955
19543
15688
3537
10435
23539
26888
12328
29827
25733
22189
25443
6655
27097
728
5887
24922
16849
28115
29447
13376
12447
8243
18977
25987
16110
9464
15521
2789
19745
16046
15096
15640
1735
18633
26075
1626
15521
8404
1453
11254
6945
26897
24261
10395
3977
6500
5317
20826
4616
4764
4202
23415
13007
29531
19402
5470
15347
11275
8259
5092
27322
23355
20732
5409
18341
23160
7035
10214
1564
8489
27821
14861
11738
22082
25256
15715
4935
6925
12893
9551
18041
23447
9318
7401
22979
28720
12871
14678
16348
27482
19771
13670
27189
16855
25431
15530
10015
2466
25745
17931
17307
23566
9145
5397
22000
10753
27464
26935
17679
10357
12838
12072
10157
22156
19473
3136
27229
8696
24166
13577
6178
20289
3599
3368
7145
5382
18898
23512
7848
20995
17796
1508
14561
3293
13257
12914
14046
10722
9849
8077
27431
29040
20150
7588
27548
9623
17076
24777
24672
11243
14706
850
1532
24657
4218
15029
39
29469
14894
14240
20464
2690
22100
11378
5983
5357
24292
20029
22431
10493
28107
19863
9533
24609
27451
7082
10584
14528
8211
5256
25771
22918
6107
3655
23927
16677
18685
319
16146
3579
14559
12963
12621
13011
24341
24956
24720
24985
21337
17152
5478
25796
7015
15012
20405
4466
28446
990
25346
6657
6246
27469
5927
18705
1125
6207
5383
26162
6526
21529
6093
27437
4492
18714
10448
5185
13670
11520
170
5007
28672
5649
804
5687
27013
21209
16506
25459
28551
11852
8468
11150
15674
20748
29855
16799
26955
5238
19313
9833
3120
25406
7270
13964
14120
24070
19150
4142
11942
19320
9149
10615
1321
16305
16302
28334
13867
9160
145
12418
21013
14966
29920
6687
12066
29776
29838
9021
5014
19151
25206
14486
20909
8828
28451
5029
9250
17601
9171
21192
13273
24672
1807
14595
17330
24462
19281
1197
3622
25779
19967
987
10745
19888
14026
22811
26016
20216
8184
7382
9367
3390
21869
276
18570
20320
11657
27820
14273
27180
19012
3898
28205
27172
18493
15535
21634
14127
16732
1608
9906
13051
2596
20651
9291
16622
19814
5307
6839
27998
12690
22558
7740
4559
29187
26310
1231
17196
482
15504
14377
25846
25754
12582
23018
14248
4469
21004
4727
27553
22613
14633
10604
25209
11636
19896
18183
1450
25203
1374
5800
7893
285
19892
18804
5824
22554
20035
23020
23036
11891
13749
18882
7646
2683
11901
28246
7152
2905
9325
4705
1870
23958
21662
3431
11946
11558
27967
13396
13113
29341
25548
27359
5978
15440
16163
18154
14346
12551
11175
7382
794
1276
2616
14792
10312
20869
19390
17464
23775
28715
28522
1997
22673
20184
5429
4619
8094
3396
24367
21207
9089
26267
24918
15068
11707
11082
9574
26053
29985
20749
9787
779
28378
12404
21924
8690
3273
11314
2506
3400
10030
1028
5398
9055
27564
17179
20027
5658
20575
14394
3218
29664
10662
28136
21084
28721
15570
659
1127
15555
27760
10914
22687
2490
29670
20963
17532
9296
2277
20039
12696
12307
27419
24446
27715
24984
11625
17742
6994
8552
2136
10212
14569
19150
8349
12005
17872
271
12664
25351
22179
16777
6265
14866
25619
12288
12181
13152
21584
14458
3191
10632
3118
6962
5079
833
1946
23056
18575
15293
7961
27063
25505
22530
16214
10206
4535
10438
10478
23552
5789
2657
10329
18406
23875
5948
694
6056
25452
28630
20514
28643
9263
29984
11958
20694
817
20256
20102
25744
5549
28063
22808
7407
20593
9022
17613
25129
19460
4443
18681
1601
13452
5362
20007
7327
17662
27054
19735
19467
25684
16602
24462
11299
16586
6420
8345
23756
26677
28448
19500
2226
26511
12308
15985
17105
21330
3599
18586
17142
14394
13619
18743
27847
25333
15103
11526
19347
12157
1262
8814
14193
17864
3277
25493
10802
9697
3838
4558
12726
8638
24059
21305
5150
6367
7290
28607
4050
17241
23545
27544
1636
7164
16288
5835
8849
7743
17361
28196
26252
24975
13363
10445
12839
16640
12290
23642
2689
22481
4552
15416
1119
28611
13073
12621
11331
20363
11228
15381
13957
4773
12925
21945
18289
5565
27780
27138
19660
21493
1687
15912
16469
15050
26358
5660
8042
15000
5654
10731
7481
10207
2499
14953
15170
21924
27574
26501
12288
8803
18234
2597
19928
7512
24542
8218
13077
28674
11708
2738
26519
13395
25002
19340
4797
21360
25001
12839
6361
7007
29923
20194
17214
8774
5147
8737
699
9074
5238
12987
24229
23473
21936
14157
7337
22830
28727
20414
21504
16788
29504
24375
6535
24507
13716
11333
22219
8717
524
4932
15724
447
1479
9291
9222
6626
18028
9921
15700
29618
29260
16281
29443
21196
439
6780
14026
5518
3547
11882
22306
9403
6257
28842
10262
19973
10175
8834
5042
17051
13766
27119
17499
21597
12762
3073
4576
7142
12994
26628
6760
18606
12910
12556
16154
13349
25688
6532
18867
29235
18414
17526
14991
1023
16368
25253
27349
2895
4087
2391
19946
24206
29510
13797
15803
18624
16870
20379
25766
6216
17008
2527
24822
6270
21435
10976
19619
17123
17508
14838
16359
12274
8716
7702
13298
25084
2955
10647
4331
13395
13038
630
13953
18901
20779
29756
7525
7650
26488
9644
13866
19848
12171
8689
26118
9958
26017
22089
27081
13526
13279
19792
25800
21996
27494
15450
23432
6802
26097
4116
20197
15488
4746
4150
10741
1877
10258
24618
9527
