22663
19167
14868
27894
24805
7793
23959
15085
6706
24161
13366
29373
13895
20920
13298
26292
6870
7079
29778
17925
822
29504
10112
18764
23615
22250
14059
5155
12519
26333
10976
11534
21853
2197
9428
16658
16342
9740
1743
29400
10253
15110
28773
24148
12382
12071
26792
25605
19150
26570
13530
26324
26074
29994
15088
26042
28596
5499
1197
17467
8185
12174
5353
38
20723
14781
16696
7065
873
24792
6465
11126
16254
5238
11626
28636
23661
8418
593
12811
4988
14123
15487
7415
20469
6927
3457
19065
12427
11006
6532
20612
29532
11885
27002
20255
3019
13698
3672
3892
14842
10137
21371
1096
21727
2997
6085
15388
17768
6678
4551
22756
27154
20038
6523
17623
26966
16332
13041
15745
27339
19573
6357
3223
7811
3359
23479
17182
23409
27151
27426
14604
13641
18797
22052
11720
28147
28137
27109
15915
11168
8012
15023
8322
4403
27899
2297
1369
14231
15338
17114
17922
11264
29823
21146
25427
9534
20977
12609
9295
24480
10035
251
8121
5185
22304
19842
9684
20441
23303
25599
7961
7667
16974
16283
12070
14873
24933
19791
29105
16623
13257
23379
27887
19432
14525
23314
28966
11854
12275
14614
6335
28663
14865
20808
3848
7169
17002
13532
3963
16657
15483
11924
24325
2457
4560
12747
17331
29493
2539
22788
22468
15796
22519
20356
5229
13397
20022
10547
25251
2298
1513
1586
961
22731
22395
11161
29900
9397
1045
10215
26055
16528
22140
26732
25337
26700
9479
19020
2545
12018
11808
25013
4167
4328
21721
15748
17725
18096
26295
19328
20394
4161
20915
27707
26892
19662
15220
3144
5411
16265
13360
7818
9145
5500
10902
4482
8552
20382
23503
11097
8752
11663
12462
12919
22343
4184
28667
16420
28632
1315
5749
25378
11828
3016
23085
8720
29030
14657
11864
10793
922
25224
24964
16419
7076
5866
20901
15628
2600
20756
3077
11353
8772
21892
624
7467
2428
5644
23888
1060
6959
5989
26438
25139
15357
25875
3859
20739
10532
22075
7884
17806
23652
2848
4225
728
8715
1478
22709
11315
28587
2138
29020
13711
24030
29645
21178
2810
5289
21418
3870
18600
27407
308
13739
19116
2535
17598
16207
13067
9673
24092
7225
9677
26940
17802
16758
12007
19281
9467
23323
24220
17957
22343
7931
18340
28340
29109
21150
3629
20528
1373
22229
24287
8033
5968
19756
10569
29918
5963
29988
9592
55
7214
25621
26996
25016
12379
9003
20649
21846
8678
14869
16156
7374
29152
4496
5714
28262
1998
9344
25142
3371
1573
19429
17757
13894
9185
28326
13812
21501
28314
29756
21556
5528
25378
18552
6897
7757
3908
27546
5956
18938
18768
22112
26312
17920
2960
8379
16182
11310
17723
17676
21034
25648
7106
8791
15894
22643
7117
29707
14144
11783
29463
5701
23664
1193
605
561
8951
10865
4459
21259
29804
23227
19723
2468
11148
29035
10847
3682
10345
4922
21359
7731
6923
4817
16522
22817
27460
29991
22524
17957
18127
28340
10
11791
29533
6967
18704
14836
17833
23163
6095
23989
16391
25818
2809
3891
24853
13657
7573
11551
24931
28932
25634
1854
10101
18509
24672
7562
18500
23548
1871
12979
21888
1881
24770
27774
8848
13474
12610
3033
6638
25058
27022
29381
27228
29832
3272
28434
19841
10845
9985
21124
16130
5619
22979
2583
24128
17651
10145
18981
11199
18368
8312
9440
20249
3083
7214
5450
22909
26176
8483
5899
21234
11858
11632
18463
18042
14904
16897
14235
2102
3234
5359
24584
15205
28338
27167
15686
22341
13665
11019
9893
2033
19331
19333
28635
28766
2899
4085
21676
29075
18920
3927
20310
778
15560
15125
18820
464
8374
3055
8918
11608
14767
3502
3165
13105
7022
18851
5447
20687
29870
21692
29072
25554
11025
27707
24320
13924
1792
22348
12999
27065
26276
9661
27843
11836
1138
23016
18652
9512
26071
3923
27472
10838
13777
638
296
20799
19489
12095
11486
25712
3787
16911
27618
21164
14618
21938
5088
22763
14287
24439
19828
16915
10453
17671
5103
11591
17039
23755
27456
13111
4030
24928
301
17808
25566
6949
8607
21408
19044
26446
23472
29183
13357
21090
20347
4327
13028
1787
27090
3667
26227
23270
20582
13032
17294
25685
975
4333
25793
28431
23796
29823
23360
450
17631
25278
7399
2591
16686
2796
29037
10158
8331
18746
1248
28679
23073
20629
6818
20164
24296
9397
19786
21231
22429
7080
16916
23405
11414
19061
21836
11562
18885
21548
12012
12868
16827
25764
15459
3513
28560
20848
20024
13243
9594
21272
18274
2668
18253
25093
29184
12550
4490
18970
3781
26920
2403
27049
26677
13817
16111
24865
1731
11348
16414
13744
24216
3241
9508
16028
13106
14420
6876
3130
27663
16471
755
15938
25491
19008
17383
24675
7910
21873
19997
18043
25145
22400
15093
21822
12569
7556
16688
14301
18904
3102
4397
13120
12695
13905
29148
25801
4677
6025
5284
8692
28848
6039
24630
24339
1399
18365
25366
15662
10239
21715
3705
5384
20468
18798
3559
3037
2706
20247
23690
21610
29701
28087
4731
12396
18344
10231
14549
23021
16256
19833
1714
21456
2224
2696
22147
9976
21062
23865
25638
7653
15581
29343
19389
6049
24494
22948
15438
27200
13195
9129
18811
19248
13568
29894
1644
8265
10125
22546
1286
2734
12379
9352
24190
20956
12049
22690
932
9463
16555
2922
23468
2136
2265
12857
14537
3111
5806
29976
312
25353
15457
25475
14602
5377
25369
22598
13642
11846
15144
14929
14580
3876
633
15123
1184
19034
14165
2116
28497
720
5038
21965
9209
13655
11175
23746
16767
23333
74
23431
18686
15531
25258
9640
20909
26979
8591
10903
8825
87
25832
29758
10315
2818
21233
11499
21852
5398
19967
20350
12470
1357
18667
21679
15013
29842
15426
8132
23175
21852
7915
18214
7384
3173
4206
4645
6504
19149
15548
21681
19237
17733
21439
5904
20551
19024
17404
12403
774
7371
9105
13245
15081
27773
4924
6446
3967
26702
14578
3495
24907
28845
21709
2291
8370
2267
13288
14874
21417
28836
6555
17006
16569
4347
22910
13472
29723
16666
25876
498
390
4981
13743
15471
9106
25019
21917
13074
28074
12847
16569
22981
11692
14630
1624
26414
16897
14912
17640
14666
20100
547
8024
13022
4894
7287
26494
10970
23953
22370
11468
24343
3704
1563
16166
12810
2934
8083
2236
7360
27282
18805
6693
15326
3435
14669
11740
26685
29581
29380
17703
26034
29928
2080
9056
11174
9367
5550
22144
9672
4273
9964
10368
14329
11527
26534
27139
20814
10970
5728
4526
8252
24533
11220
23579
4321
25889
11671
7358
1823
17404
25061
27857
23684
3493
13265
4858
12860
18815
3355
28885
29440
13319
9253
13769
1199
12139
17261
28365
23109
22989
2891
7714
23874
14111
1293
28195
16353
19316
11905
24528
6720
13319
22385
404
16812
5650
11615
6025
817
14970
4910
258
4641
14163
20379
12192
2654
13992
16909
25764
6981
19801
3478
7208
10264
11123
5403
2969
6791
23661
27497
13512
6980
26234
20268
23792
1884
1883
29817
9054
23205
4727
15664
27847
25242
6043
16391
27897
26388
3301
13
3369
29454
9843
10577
16070
27318
22333
19040
4109
15994
16537
17621
22974
12772
14242
23118
21008
16125
29288
62
9331
4015
22078
13530
5610
4474
6273
9859
862
9574
9872
10583
15380
26067
27513
1451
23385
19846
20491
27494
12192
13380
21468
11518
26152
5710
10988
23513
21835
10276
29927
7518
20644
22006
21048
26254
26480
27322
12465
3694
13248
22337
14277
28629
18404
11790
80
18141
7988
26923
15635
26532
10303
7103
8050
12808
19165
25391
6321
11001
5667
6248
24871
26311
4606
22272
28917
1086
19594
11382
11132
9194
10071
25410
14175
4827
13552
20607
22968
21541
17530
8604
18073
27834
22059
2476
10642
11225
27867
23315
28578
3534
29563
29801
6198
4170
22073
5115
11608
18019
22850
22741
27214
2921
24503
17741
7749
8055
8349
717
29596
25879
15673
24022
65
14085
2850
17059
1662
717
10374
240
10603
9938
6393
23153
20460
28467
28269
2068
16486
21119
1161
20052
392
25664
14146
8141
3720
22495
15211
9668
24726
7236
3690
24792
21321
6540
11851
22983
13609
22226
29575
565
8516
12321
23718
5328
10788
21987
13748
3626
19458
14910
31
19851
16926
14177
4344
20646
6672
19555
315
1398
3144
10357
2542
24465
23250
14394
23801
6859
12972
29728
7424
27840
12049
7495
3168
29189
29482
16916
2816
25293
8178
2847
21496
25105
23376
25840
22103
48
21748
28770
7798
24892
9128
10341
25709
2378
1087
25862
15589
20411
1943
29366
24603
20344
6861
4123
19534
12695
21039
22350
7988
5570
1549
5836
675
24925
1677
22778
1325
29777
21549
9123
1021
7029
25816
26730
15759
3255
28945
7700
23666
888
7066
24621
21232
20279
28744
17118
2975
26136
15820
17315
1706
17369
23152
2381
18646
1181
1511
26323
958
29412
11799
1979
6441
7615
5061
28552
17223
4006
6253
10889
11246
13319
11863
8831
3599
10607
25949
12926
6743
11770
241
8449
5491
29745
17182
490
926
25046
26813
1884
24458
8612
10215
7252
22580
15277
5804
9803
25635
12057
27044
6882
1729
8907
22065
11680
19515
24366
24606
26258
6136
1199
11060
17980
945
28242
18470
8223
23288
15283
16460
24099
248
26675
1351
22828
18304
7155
8983
13940
25565
6027
27174
27294
21287
25591
15326
17154
19957
9932
13412
2446
17483
824
20426
24780
29067
8896
3004
28707
531
19464
22806
779
22491
509
29959
10796
7665
8942
1088
9582
21322
28262
13228
18961
23853
28554
6115
20162
14838
19527
22608
2321
26704
13034
27102
25771
28282
106
830
28814
25922
23637
5945
24765
498
5905
11913
8163
21199
13001
24097
18873
17615
7325
7834
17820
5879
13949
7983
20717
9829
591
29391
6533
19978
26493
8656
18260
2951
9486
17074
28873
9475
29372
29990
9974
11629
11904
24489
2828
1257
24939
28054
18873
2264
5888
13045
14496
26190
27380
11565
6019
4324
10956
12552
24302
13801
27560
12562
16752
13398
5989
21977
22874
5361
21968
9200
16990
10224
10041
26170
11481
4980
24224
6706
7245
6465
19752
28093
2655
17132
9658
8674
27808
26967
27578
22110
10768
1490
11025
27521
14888
17014
19498
7762
28727
17818
23314
22069
28042
3356
24591
15876
8336
18816
22582
21933
1633
18686
26378
4288
12171
6037
19314
9979
9356
23244
2090
20124
24734
13115
23997
9622
6481
19848
23737
5208
14018
17051
3629
12061
26759
28220
27937
11448
23388
26871
9733
25021
15558
6112
29309
27729
18501
24975
7708
27857
18219
9798
24333
12953
29265
24683
28928
5746
20883
22665
17306
4901
16068
20935
16962
19180
25508
21251
628
18896
18123
16713
13918
3681
22825
19579
1410
11326
20907
9118
15535
9126
25269
16221
28432
24534
10904
27360
281
1787
26377
17587
6688
12445
14875
3
1625
10383
27606
8605
5631
15729
25319
25901
25762
24496
15481
3524
5823
12740
18995
27710
21866
14264
13931
26650
15150
1187
24010
15431
9326
26739
9371
22367
9185
598
22370
17162
17333
26328
2120
22964
18410
27439
18866
14172
28287
10699
17697
10462
23439
6692
8173
21657
27308
28456
18308
12458
29644
18670
4242
15322
15410
19965
7689
947
20563
6411
18109
7896
2740
26581
7212
21150
372
26078
5322
28660
6777
29371
9122
6568
12415
17295
28226
9723
22104
16534
28534
21748
11556
2776
7070
26966
22741
21112
4265
19656
27523
22375
3904
6615
25308
11116
27765
25681
13547
9440
24341
20324
15163
3463
3245
27579
27111
1471
13654
19215
24357
12188
17315
5913
21316
737
9232
20409
21849
13497
16417
25725
12224
20321
2340
7533
7790
106
3214
21337
15898
3907
18013
1061
7370
21258
28640
10833
29081
18647
48
23438
7187
17363
5704
4856
24453
21288
25265
16302
11137
18035
12027
23362
8356
14368
7247
22498
20826
16813
13835
6724
20720
8201
7785
4442
29459
12778
21628
4893
7777
21676
28331
14964
15392
10387
19820
9845
1675
21438
2499
12813
9473
20879
12527
24181
11599
19774
16680
2425
12939
6867
15501
10011
15068
29638
20805
20880
18768
12433
25773
26545
10462
456
11510
2206
10844
7682
18403
18871
29120
20902
1684
14945
11781
14211
9127
29732
10337
2159
2157
29628
9026
17658
9639
447
23649
445
27679
12417
12878
23452
8963
29692
260
26825
1898
11104
10859
20301
6328
16332
17556
8012
1277
5689
28576
16756
5422
15265
18915
7579
14894
27942
1590
24533
4741
25239
1330
2420
7656
20561
25872
22971
20253
2484
19796
22152
19941
656
18805
26269
16988
6361
4281
24617
12051
9209
11374
17473
24475
289
1404
9369
4583
2994
10254
9324
4585
11585
11744
18594
2146
13968
11565
28751
16453
7714
20903
12746
14722
16061
9015
8062
22422
19648
2679
4473
5210
14053
28298
29685
20695
29703
15406
25278
9049
25660
10955
19987
7245
22699
8581
15743
13020
26498
14495
5825
10564
11750
18571
25286
27811
3938
3348
20234
29938
12380
1059
5148
26433
5710
4833
23480
5413
20239
25111
20814
22252
6066
10801
29497
5117
25734
21593
18137
22233
6088
314
2797
17838
18885
4436
22002
29175
7784
18588
29114
20164
19647
4262
22950
25357
9096
22782
7122
5687
17893
27937
27939
23959
8738
3789
29077
4473
1734
23566
3058
7822
23881
5855
2012
19118
10291
366
18294
24428
18954
17408
20944
8602
28022
20246
10311
13470
13029
17434
19158
922
21723
23449
1234
6813
3590
6663
11286
5324
229
20696
19498
462
2904
27863
25933
19547
28229
14227
13975
17184
7987
11272
2138
6009
1518
18801
19480
20899
6235
14990
28174
4310
14791
29408
11124
18382
6071
28762
58
12652
19459
25909
19467
22363
124
15400
11910
28353
5979
2238
21889
13966
19862
379
26327
21380
19181
22159
18632
1768
7149
16806
6079
28293
16214
17203
23027
28637
15965
29437
17641
11776
25346
7108
4139
25470
28860
22402
176
4839
992
28417
25157
20854
28797
21485
18586
17978
13644
7218
26098
27146
24024
2177
25439
16590
19380
24818
15227
11698
24255
9221
23474
19602
16329
3966
21424
21542
26368
27952
26381
3712
26370
21539
24566
25167
19376
13152
19497
9372
20371
15595
6518
14395
24125
8309
986
13505
3127
22565
1555
27383
1786
25030
23337
24468
5348
21113
16010
1716
19066
18743
5428
15436
16634
6346
16955
6010
19498
6452
15383
16221
28399
28253
6969
22524
12915
7955
12382
16042
6872
20289
19777
8659
21671
19466
9479
27019
10580
1841
5087
29646
20584
16867
21434
7219
23213
8389
19581
19064
21193
11316
5285
25944
9570
12254
24821
22485
26561
13555
14879
3434
3844
11009
18445
25516
475
4276
28887
17407
6117
3975
23405
3053
27194
14839
16624
20408
29580
6206
15824
27125
17522
21109
23070
3444
9716
17891
2281
12629
1446
17161
22415
11642
28170
10860
13510
4997
21488
12398
22405
27605
16373
15810
7011
19919
7002
23635
10327
6582
6193
2503
3708
68
29965
3130
3512
9681
27373
5794
22310
5171
29307
14726
16813
27477
1938
324
2474
29779
12722
1231
27384
5447
17042
4395
25366
24044
4383
12046
6978
10576
20901
17038
10644
20866
20168
20509
6899
17541
2655
5562
22712
1962
26640
9526
5791
28578
16202
14617
28357
5276
15849
2094
17075
9243
12841
18793
3287
17224
839
16617
4153
28093
3656
14797
18959
23824
11658
25859
11366
14313
1421
10430
16275
28061
19956
22066
2991
12510
6684
7701
17786
28885
16147
4861
8128
5340
23655
17767
28917
846
4384
3070
28939
8040
24219
24251
8217
5878
20110
25935
20191
27883
6365
12819
2296
2674
11237
11639
15184
24273
25692
9323
23158
18191
14184
1286
23532
14191
19053
22449
15038
29790
1871
20329
7830
26090
14580
22399
8320
4690
18334
4864
8925
1052
17683
17573
3726
5272
29213
25262
29546
1257
4585
29056
19449
25122
343
12981
9313
25748
11782
24351
25538
13653
14681
9721
16095
29261
2120
24416
10304
26807
29280
25581
4211
23315
13155
14289
28587
12368
9551
4485
13625
20489
3542
9426
15611
10237
28759
24924
5985
10541
25628
1524
546
10309
17597
22994
15922
19717
17410
2578
22876
23042
28160
3439
22709
11315
17728
27648
35
3632
2134
20012
24121
5676
29439
16084
15913
28198
11008
28250
15092
12988
29774
21990
29649
23723
14984
15572
13441
8746
24502
12669
1788
22662
16109
849
10329
10189
28498
10364
13821
632
6729
7942
12660
6168
24026
4925
10718
11387
3175
2162
24375
9302
24153
377
3025
15489
15949
22818
24236
16803
11840
2376
15818
4301
3226
26147
14490
1724
12864
28312
8708
19593
6254
21368
25761
6633
2645
12831
24372
5820
14994
25099
21474
15499
25476
852
988
17777
23670
25224
4581
11862
3953
20399
16163
7179
22898
654
15255
5762
28966
315
25355
11572
28035
27468
24557
680
16652
25281
12852
1646
20381
10679
17145
22209
11531
24485
9987
11553
19710
20920
23416
15
17671
9579
13546
10569
16585
28801
22684
15551
5468
24391
3476
3503
21860
28033
4183
14864
29667
23387
16510
20048
4066
10007
12257
15597
4492
28596
27151
554
25868
26919
569
13539
12850
20467
461
29436
19268
23145
14987
1088
23888
24815
4591
15748
29201
15126
612
28868
8514
23474
18916
12580
9833
7525
4530
20678
12474
1681
21232
8342
4952
28154
28234
17802
18621
28695
17238
14242
28192
8578
15330
22080
3393
26274
14181
2594
11400
21145
1462
19914
20972
26730
8847
805
10608
13377
21483
23082
15058
19068
7776
20010
23574
12362
14164
12195
17409
1403
2789
15601
9981
24472
14034
13374
20746
4567
22321
2146
2064
135
28413
23036
3218
7260
194
13826
20637
28029
13260
12047
17097
27388
8409
17023
9751
22573
5571
27160
23976
8360
19114
3957
9184
9500
23684
29930
14067
22357
8429
22483
22492
6842
15520
25710
20454
22066
15888
11091
20095
5500
23138
13545
2889
1547
568
18992
472
6139
16152
24449
20852
11618
4758
36
21118
4794
6319
11537
27151
14748
4021
25996
27942
19541
28058
18396
11607
13947
29487
8054
25799
28977
21599
28688
6876
22168
17680
7348
4659
10185
8149
1863
21803
12908
1900
12922
24054
8219
24459
27558
29319
28480
23554
27261
24373
21612
22009
12332
11911
27848
20387
7711
26825
18338
12751
10053
16858
432
17401
21518
10617
25551
23381
8772
14811
1633
21694
15217
16204
22506
12775
21875
27338
6329
19136
21712
4294
17497
10396
16205
15345
783
268
12170
25474
13020
22223
12332
13452
15977
3850
421
17880
3584
15545
2691
11569
7240
17908
4126
6098
684
26001
3436
13365
15138
1500
17659
8987
11897
10217
24333
19032
10485
6503
14506
23505
5079
3191
13309
27408
7041
20082
15288
16977
5628
24331
4899
19220
12239
9025
1670
19275
5026
5106
8993
26516
12959
3004
5504
1208
13221
29837
26592
59
12692
17451
29916
24123
20642
13226
21531
4035
9660
6819
21013
15288
1150
2264
10860
19742
11289
12530
15369
22667
23989
24362
19184
13300
3719
24688
14508
16940
877
17452
23351
13569
4903
23268
14045
25545
6494
5576
29581
22506
12396
26946
14147
19898
5562
25007
15992
16851
13890
1362
9518
14231
2076
5054
27531
5795
6094
18391
29088
6971
5843
22439
26893
17099
15707
10938
12644
28553
22866
18577
21060
11614
21875
5207
1513
27437
6566
17505
14288
20456
25219
159
11039
27296
11565
8570
9443
17660
3313
8531
24631
15509
7323
27876
2608
29382
15166
15252
27936
8033
10182
25348
19647
2057
555
21160
29495
13473
15018
20135
3930
10237
26646
21321
7533
8212
29892
23329
25872
9557
1860
26855
25066
15535
1084
27674
14918
16250
19279
12854
24283
29461
14554
13931
1518
15109
11443
7365
28582
2813
27501
8864
13051
499
186
26936
8711
6430
20265
10935
15987
28478
7791
17406
14013
15227
15080
5283
1477
4359
18137
25761
3820
2691
16044
11691
24152
3839
19056
29087
6653
22909
14303
19704
23409
20841
22992
8472
3623
19610
19408
25963
18088
3551
13369
8453
18778
28449
13737
26607
9161
8226
22368
12981
17270
14764
1024
11422
18604
26433
16861
25257
19342
7517
21313
19103
28358
14305
27576
1982
10267
23336
4297
28355
3239
17666
13161
28369
22467
26898
24976
1628
5124
17345
20962
28746
8461
21986
10169
27065
18419
3382
28674
7762
10899
19987
3217
15610
10645
7145
23944
20912
481
28241
25620
10072
22259
8781
8441
14726
12031
3418
16355
17155
20763
7317
15902
5576
29303
2423
2642
24075
12157
1316
8189
23057
27656
11406
15019
14653
18552
8963
11917
25385
7204
13889
5458
29463
22670
13899
20541
4701
17317
6896
28209
14432
20565
20463
20009
19869
29238
29003
20296
17747
6671
28485
17156
4327
9891
2175
25332
4795
11138
7250
181
24694
27491
11991
509
20162
2242
21051
1215
25912
27947
5776
16696
24865
2591
6705
14734
8181
12060
11382
25929
18732
9867
13085
29411
19758
21613
24744
906
2751
8346
1087
3798
12189
19430
4307
2351
21672
25358
9919
17584
29658
22047
4281
24523
991
17338
15609
9172
5751
26991
11453
24483
13210
24539
246
2968
16152
1342
3874
25255
16040
11313
5405
28230
7095
9713
6933
28768
11423
16852
22704
17433
15252
3337
18308
16243
27028
10269
1767
2779
13612
13221
3614
26822
14112
3860
6143
6616
11555
16369
1871
27595
4035
7277
25825
11130
23342
2759
16250
11117
25963
15307
28551
17567
18644
23211
3810
22024
3481
11930
24803
23445
25151
4769
20268
9263
14982
2763
15879
26537
19132
24102
24132
29519
7731
26310
10650
7425
29069
26900
18543
1384
12207
23446
18952
7204
16657
29114
29228
26490
11044
384
26288
6195
11505
22908
21810
26487
25671
14041
29376
21155
8144
23509
20675
15875
26171
7677
23301
1592
10929
18196
2976
29489
11642
28280
6693
4651
27395
12273
7494
14791
19009
10134
27339
515
3042
19149
3354
5065
3191
2731
26220
17687
2592
23247
9914
28763
7276
9567
6707
18206
27763
9683
17695
15757
14316
740
26761
11711
19365
4255
2854
8375
14389
193
15242
23783
19343
24948
28848
28886
27679
1420
16573
6623
1020
2839
11738
8296
12407
18445
26502
10170
4481
20549
2280
18797
21289
29041
508
10655
9648
9714
25382
389
9908
16976
24172
5603
11924
29372
10841
15956
792
27414
22579
1812
6605
4318
16461
19012
29115
12963
5535
3596
9865
7815
22393
1154
6856
29253
18161
22856
8968
19895
23245
18876
6871
17417
831
18796
23141
11672
4752
23933
15438
3683
2098
22043
14353
18559
11056
13469
7874
16591
17065
17739
758
15811
25246
13966
15064
19759
6822
24032
9655
67
19260
22878
23836
20091
18026
16977
8115
29130
17262
23553
2814
25712
21949
17167
14271
3005
6988
28498
25948
24054
22589
3058
9865
24187
17024
1281
13947
23846
1666
29954
23913
20926
29184
24101
17370
17211
11078
25485
16341
4692
25391
19155
405
17340
12675
14676
26697
19663
19526
28997
20069
18468
2055
6286
12655
19079
7568
26602
19277
9234
2908
13190
6512
2093
7291
23882
19304
24721
25720
11997
29413
27463
1153
29818
21155
20180
20847
24204
9843
16725
23201
29913
5193
1608
12551
17849
27039
20119
20803
16316
5705
23712
5858
12218
2157
13149
12452
27813
14222
8172
9810
13635
11987
17315
19806
3142
7495
10653
27346
23691
27378
26899
29956
8924
4859
12507
26773
1898
8979
17576
18214
14684
17640
24072
26902
26149
13573
9355
23962
4147
23879
10125
24135
5867
27440
13941
15361
11288
946
12708
4979
4676
15959
4935
13600
20819
23794
16725
29069
2773
4302
17284
17458
28294
17708
20712
24444
7634
67
24758
18133
299
4883
12268
6166
8676
26209
27879
19964
27155
16939
1295
8184
2899
12582
21784
70
6376
8510
29139
15502
19164
22775
2960
23810
16836
23672
24606
24470
92
25717
12603
391
600
24872
12909
15628
27433
10788
5592
941
27728
13239
9125
6979
25821
7261
7049
8550
22123
12540
24052
17639
5316
27012
11450
22152
27036
12408
22974
3480
8125
11929
3871
8726
13153
23132
24354
10587
10273
6299
17880
8001
19538
27005
21332
21712
10618
4733
262
2742
17273
24314
20381
22589
27678
8183
21093
1066
20592
14067
4547
28717
25997
14770
13795
9150
7903
14502
26089
18176
27153
13969
2529
16691
17326
213
8403
27945
4946
15017
7039
22219
9331
3772
21161
13361
11956
12254
14428
8900
2674
18975
7617
5023
10097
27765
14173
24352
12267
16615
12528
9420
584
21409
2463
17911
21622
17219
22208
2920
2236
5599
1492
17920
9371
22653
1281
27679
11259
15709
12931
20285
11036
26901
25308
21134
24666
15834
15486
13285
2449
4367
22705
9385
2128
1520
27296
103
25091
25856
3023
27328
1455
4515
21600
17179
3520
22881
21210
21132
14943
4142
11417
2331
1043
13078
29817
2061
28912
21656
15346
1361
26023
14403
10746
4503
15923
14395
4606
11015
16603
7630
14695
24411
12145
6295
17942
22018
5528
9152
13150
20471
19646
919
22803
20689
13997
28972
22750
19261
20628
8096
26974
16651
22499
14073
21155
14775
4820
2113
25790
21423
9743
16837
22186
28241
23132
10128
20259
5012
19281
9761
25484
8927
10680
24639
5969
1030
23611
5071
20291
14240
19520
17266
7243
18371
7691
4750
3146
12511
6864
5288
3934
22959
22125
26121
21200
21609
6249
17811
2974
1882
27572
28458
17162
14605
29449
29483
15635
29412
4554
12278
20004
24074
5896
3600
12446
13587
14702
21944
26098
21566
27233
33
14526
25710
2506
12078
23672
15107
29890
26646
23342
3814
1456
10504
18419
7257
16339
4054
13021
20893
22685
3026
21320
28581
12978
10118
12169
27680
2062
8267
25599
5647
14652
16477
1358
17158
28555
1382
8618
4797
28028
1960
8612
5836
18816
27031
13093
5155
7438
26114
2400
123
5492
23720
28704
18470
3838
10873
16151
5901
19141
11750
11548
10145
28227
19258
3656
3134
26992
12274
7932
25020
20586
16544
856
15754
19927
20301
20909
27365
22768
29661
27488
28260
23382
2545
16731
27220
13418
9234
9473
8911
27336
27374
19057
1915
22984
22713
5049
19977
11339
19333
21349
8277
12229
28558
24031
2157
18859
21292
5874
11627
20953
3363
16240
20687
5908
2971
24260
25678
18557
3733
4590
15893
7459
29999
24160
6796
29064
5561
26773
16755
24895
24474
25032
13476
23032
25415
15633
18244
16707
21508
6223
14012
1223
22463
4700
13483
1786
28960
9161
20343
9045
20103
12588
22857
26454
6748
29653
1870
12310
2778
18625
13557
27252
20009
27033
20285
15424
19019
14881
8483
16879
21104
22496
18102
13568
3548
7937
21706
8860
23450
12050
24257
13554
990
23466
16360
14091
23119
18231
2753
2249
13208
16310
29502
9570
13343
26139
24994
8714
17372
9830
25593
8476
8678
20047
28396
12226
27984
20103
27438
21435
2153
21695
11341
9495
15162
27701
23586
14633
22284
26339
23235
11845
19001
29089
21415
8697
1580
22761
17411
18952
2591
13005
27428
11269
3052
25825
29847
1037
15928
27285
28824
24433
25333
10165
10280
16847
14218
3867
7832
12855
6558
1067
24700
1912
156
16115
10609
1736
8876
4372
27040
17820
17377
24469
29089
26782
26646
5289
4171
12574
2574
2995
13359
4259
19512
23639
27458
3730
3858
5291
22937
16769
12710
17637
18681
19219
3752
5642
27307
18981
10014
24348
6801
3744
25169
12242
526
21815
17531
11049
4389
26458
14044
24100
717
9908
24091
28176
19990
27950
9819
12928
21071
28881
565
9752
18100
10670
21746
21760
6003
1760
16108
19156
5504
11277
1398
12382
9444
18930
23431
13833
15388
13827
14285
22457
23735
8376
26985
20078
12678
13156
3006
3749
12038
9923
19853
6490
26945
11599
4602
2948
19712
20710
28456
25216
8339
29855
13951
17783
25137
7382
7968
16877
21210
28605
9334
21297
6982
12672
17727
19660
25828
27085
29762
14218
7009
19615
27061
10306
1215
1663
13255
20927
28726
11711
22495
7065
17918
6446
1201
13055
20181
15521
29932
17743
14127
15619
15392
27461
28291
3120
23473
471
205
23235
21042
13566
12851
18103
23873
20418
19766
7128
17697
18492
25191
16544
1910
19462
22991
9463
2517
13172
24984
8802
7267
15463
773
22659
12924
29064
25779
6398
5887
2337
29633
26929
15903
18836
15032
9776
9254
11151
23256
3303
5995
24800
19848
7905
14262
19191
23720
16779
8715
18705
1933
15982
10520
2706
8641
23445
8122
10773
6195
14010
13110
12180
17291
29013
1017
8676
8790
16623
26179
8398
19927
2174
3198
16127
10080
17460
5318
3800
10592
14033
28857
12525
15
9378
21584
15008
9175
29706
25781
21722
20068
8891
3902
13712
7905
4919
28740
23047
27895
24919
1445
17822
27093
10996
3949
13525
28456
15619
23678
9048
29652
28887
27926
29667
14617
25862
14675
23792
1920
16809
15514
21989
25700
25769
12053
9957
7040
10793
9356
4935
5712
17154
29109
9157
28150
9410
22683
26606
25029
16361
12007
24681
15248
16285
700
29866
12147
21728
10
14067
8537
21877
12408
10589
17646
813
20547
24686
11606
29903
5974
23670
17057
5083
2828
15207
14494
25511
18166
15875
18224
173
10557
3472
16458
17609
9690
4957
9337
16053
25376
24226
7930
7785
4816
1928
8598
1715
2966
26557
7970
8940
20227
1380
20376
23055
16587
11222
18566
11105
27097
13142
17630
7654
16615
10440
1616
2657
15397
17305
25062
10774
11532
2992
24911
22700
11272
9861
24415
20591
6418
2385
5883
26646
3765
26259
26053
26705
7481
14620
14162
4579
4114
1793
18585
20729
12233
20201
29739
27631
7507
24801
14757
25391
4146
16020
18091
21770
25881
18858
12361
2300
27595
18245
5298
1361
14504
1351
4418
28338
22323
18580
2917
26438
26725
27854
23519
8959
24408
23258
12942
1915
24412
4051
3658
4910
20071
28101
26680
15952
16959
9042
24604
14554
3639
29902
22267
18143
1254
3037
16481
29929
27970
25750
26367
24695
23605
26239
10006
18013
19497
22948
26280
20261
26999
6290
25171
23422
4391
28204
9375
27702
7246
3979
18608
10885
10234
17228
5380
17840
20265
28214
17769
24587
316
14137
19283
273
10376
29289
24638
6225
28590
20918
2839
25589
3560
4362
19012
14303
2566
4739
12005
16164
15070
614
3401
25304
17842
8782
13144
14459
13348
914
9047
13664
21403
4682
13938
8131
3971
8576
20708
2561
5847
29899
4503
9407
4262
29867
23711
6828
10958
12068
22993
26028
19034
26394
21333
6876
11528
10829
27688
24876
11743
6735
8541
9498
11417
28831
17629
21740
7407
14690
654
13254
14589
11509
29014
18851
11376
29077
2032
28686
11145
1377
24714
180
4123
22399
13408
15652
3229
17448
16880
21324
24183
1773
823
11952
604
24804
10045
8012
9494
10699
27618
436
22208
2984
25639
9936
2061
27671
8622
13207
5400
9688
19739
9524
2088
9499
1528
5317
26948
18408
26641
27483
20182
27464
15788
27138
28621
25833
11502
8115
12884
9121
14903
5092
12105
10543
21380
14167
8214
2
3726
19967
16042
29817
29491
18130
9316
1019
23447
12616
25779
26441
10100
22313
257
25888
19452
28878
21721
954
13346
4605
16427
28249
16049
28533
8792
13781
19052
23359
13783
29130
13326
29825
5299
19169
24308
14615
26540
24107
3584
22319
20548
13684
20985
20806
15924
10437
19684
13997
17743
9382
24954
4171
7632
11003
9056
22776
24784
4460
22487
14919
9942
12165
21096
15241
7686
21756
6208
4226
15864
9792
26546
6412
29828
23883
27218
15752
4320
23255
29749
28415
2637
24703
8938
16621
12058
24346
15750
6842
28806
8237
28113
15100
26755
25562
341
4441
17318
12902
8668
3182
22694
11566
15947
22523
5449
13165
8275
16121
12772
14377
20888
21762
9080
29827
8383
21139
24173
24133
4333
29332
8723
8799
14432
5478
4361
21126
16271
28031
4028
1291
7566
3074
12857
23513
1949
24658
13030
16577
17131
25803
954
8020
17565
10034
7847
2300
7525
8372
26434
11859
7704
11509
27010
22137
16987
1371
19615
9610
5754
29995
10902
13320
3069
111
13185
5019
1122
26216
27948
18253
28371
28902
2625
15936
15288
10472
24588
22814
18845
21022
11025
2901
8883
8035
1390
25870
15758
21005
11833
27864
21000
22735
11185
422
22846
722
5441
23968
26938
9741
18574
25309
8643
21199
17597
23931
8024
12186
23097
3221
9560
10474
6122
18444
18509
7513
20666
10619
4870
2499
8484
25871
1586
26021
26293
24433
26743
8086
24753
23682
17827
13327
25343
2822
10879
19293
3105
18903
7831
2555
22124
17391
13029
28246
12187
7891
12111
9206
18510
16982
18057
26994
19205
19644
29367
21850
14077
26111
6288
15182
26145
467
4862
21488
3289
15741
10781
12746
4644
18612
15301
26768
12356
28331
1366
895
12574
13478
10101
1084
6812
28159
4431
26017
24155
3798
24219
14584
29909
507
29766
26054
7326
4628
23895
16967
20369
11028
29713
1365
5993
21367
4485
24701
26050
5852
25596
8624
25682
12050
9708
8846
16561
20491
11215
10716
24290
5434
25300
551
12293
1418
2958
19619
6047
26853
6586
2768
14233
6299
10486
20226
27666
14971
14927
68
27175
16876
8692
22857
28926
24753
8055
21839
15244
19270
2555
15886
24704
4207
16438
6997
5625
25748
2968
18024
22601
9554
27145
13186
22206
7631
3413
26224
22602
18340
26293
26130
11568
4985
25339
10494
29738
3395
8685
21335
22665
11240
7221
23722
21799
23659
719
27425
19407
10040
21801
18360
19594
18946
1547
18152
26577
11312
14377
25532
6004
10670
28014
17573
22007
23353
4419
28098
26748
13105
19433
25766
24345
26654
19488
22497
26666
26559
26274
22425
6599
18075
10786
2546
13374
18685
20698
16303
29997
5075
18187
6001
22097
16201
29926
20457
9555
4346
18555
12655
17451
14340
8421
18148
10994
4261
10645
14012
821
6919
6438
13772
1347
17224
16318
14721
12261
13369
1024
12258
18444
19212
24611
16894
11765
24538
13703
21320
5236
2258
10328
22687
22950
25101
10835
10296
29363
27833
24309
6536
11104
747
26660
12451
17971
19331
3524
6584
2700
10901
25194
27496
113
19805
14390
11878
20695
28093
9551
25931
6703
26231
24970
29653
21332
5806
9950
27047
9991
10611
3583
21095
11358
6596
3547
5681
25927
7071
12265
28627
17972
7459
26123
24437
3616
10514
12668
24312
14959
28571
26595
28015
24802
21566
4020
16134
3724
20322
13182
13715
933
23117
11162
12291
29713
14709
17972
25640
28133
237
619
22457
14048
26743
23247
17665
13609
5915
18329
28568
10838
21276
2935
11992
19194
6956
28126
29270
27278
17660
19337
4564
17130
500
16855
23195
15209
11180
25188
19694
17769
25807
12152
1818
28902
11751
19483
12511
24018
14164
17432
4856
5440
20367
16848
24635
3675
21326
23905
954
15339
13243
5518
8821
20095
28725
2016
5304
9905
3556
1351
27675
29364
19855
5845
28266
1606
1680
10778
25624
15844
4562
480
27636
24929
23680
28623
28605
15006
28881
5911
6697
18476
17781
15518
8571
22858
17535
20227
9116
21091
21578
6791
26807
11433
18988
1426
19391
20668
18556
15015
12864
23118
21847
10500
24399
15527
9124
29356
6886
8005
5267
13583
2833
29400
29102
11404
28611
22989
1631
7727
20432
23210
20870
17240
10995
9858
18666
387
526
7222
21754
13390
6692
13602
242
1091
5481
15718
448
12367
75
12067
2303
2908
17820
7757
14312
16431
746
15944
24158
21178
15506
15028
14770
2853
24886
9788
9592
1764
23362
1347
21506
54
14949
21748
1146
26782
13819
1594
9150
13894
20013
17805
23155
7833
25562
13819
24264
2660
6115
24774
190
21621
9802
14961
827
11040
1101
10419
12804
24464
11766
4310
24518
3067
2411
2016
29850
16230
9962
15352
6476
29976
3157
5983
7809
28719
19803
8426
1379
25918
3200
7921
23892
19355
22882
1071
395
336
11490
13200
24800
29609
17510
19318
2676
26273
27687
2526
18855
7649
17878
1684
7625
27387
7667
21787
2458
3822
6565
10189
6093
9765
18111
6337
29120
17345
7408
29516
17681
18898
12716
12481
18507
6578
8152
27536
9204
5839
6414
28059
13488
645
29743
27466
28032
13763
19253
491
17585
25818
10680
23678
11935
28791
6367
17408
22489
13775
16924
10170
9026
5992
22652
3885
18922
7156
1421
28126
19347
7836
2538
2835
8481
2281
6653
12865
22396
2258
13356
9982
4428
389
10012
16364
5532
16380
3772
28021
6507
27048
8192
15533
9392
7196
19419
28314
14352
27192
2793
3699
5028
5331
12886
19861
13964
25892
2727
6361
28150
22435
22695
2579
22824
2707
25295
28357
25439
5419
2730
1947
8819
17274
23832
18211
24470
19603
22877
15174
16796
2022
25225
28176
7353
14464
18038
27670
10356
27117
4031
8506
19552
3078
17437
12377
12137
19084
17086
7577
24503
26168
15876
3322
13443
16060
27885
14265
5664
20763
29440
28812
22785
1017
26988
6491
15481
15026
4161
2189
12143
14544
17048
1696
23974
10837
20425
6111
29922
13863
20040
24425
10031
12268
4100
23474
28329
1985
14092
10345
29100
13532
9157
21886
20901
6145
4729
12735
21172
15242
14924
9667
6138
8324
17715
112
19162
14492
6223
19084
28355
26264
19861
8387
8532
23961
8213
13213
2299
22305
23558
1399
12189
2715
23285
9443
8861
4366
22178
6385
19608
13454
16052
25746
21779
10120
25858
10941
24612
8434
6377
22968
11050
26238
7707
19582
26552
22272
2796
28851
20930
2706
250
9471
5422
23536
18914
14283
4254
17444
20668
23863
899
13072
25961
22678
23192
28172
9971
24157
6606
16348
23477
17656
18938
7536
13590
15490
29808
22738
14341
27090
25445
14592
6562
7219
14480
1828
21502
18734
19273
18522
18949
26524
7946
14911
25554
7491
13083
5525
1648
26041
28225
25125
20049
23515
2661
9991
9006
8821
9082
29699
5912
4527
20643
18826
18098
5123
20654
9600
210
16279
4474
19159
12803
12420
10422
14709
19911
29857
26586
27911
2250
24811
23036
22299
24679
2049
2291
10037
10871
11373
9736
23135
22252
380
11961
10350
11855
8967
26302
18417
1599
776
13929
20754
19548
24351
5464
9460
561
2050
13723
2811
3214
6760
25111
27893
15161
3754
7930
2384
21479
24018
25519
20083
750
13832
6785
12606
29152
9439
1023
751
16567
21304
21505
6115
15656
26969
21927
16217
5372
5651
25380
8586
18763
26843
12831
3924
597
20761
6309
28428
21131
8180
24863
21882
22013
8000
4488
21165
17439
11863
28268
4006
3168
19773
10122
25176
23095
8401
17745
28467
14052
13125
13405
9167
9969
26236
13092
16918
23349
25753
21699
14480
3933
22914
6362
2298
915
17202
23463
18354
5418
28083
22361
8586
17857
8835
10114
17304
23588
27859
22123
7641
17336
5528
16808
3657
8116
6252
26928
1465
2005
18627
15945
5939
11541
22308
14589
18808
15862
14405
7163
21280
12488
5876
6218
345
21063
16332
24001
14651
20543
16124
22292
14232
28004
15453
17889
6120
21705
14817
7585
63
9796
29883
12354
27690
22191
26943
16498
8053
11348
23661
29334
23837
5889
5552
534
26952
28237
888
11604
25132
23364
10248
9364
21369
2053
27254
3841
111
18423
17779
174
4572
17662
18880
2262
9853
15823
18760
24258
3524
18774
29944
3713
24663
11849
4247
27968
10086
11487
9572
11570
4852
26172
20935
2573
28226
24541
6414
28337
12964
24193
4863
17536
11855
23743
26150
28060
15918
14911
28671
25794
10037
28615
29507
11052
10464
10107
9020
26902
21594
24944
14825
2798
21117
5760
5371
25695
301
11786
384
19617
12331
11599
13506
539
5342
9656
28599
27612
919
27270
29759
10956
2238
29266
22009
19054
15725
7381
22309
13672
2326
7134
16470
29795
12894
21842
25490
19547
9980
2226
9164
22311
13825
29022
22850
25519
8679
27802
23131
15950
1424
29242
3259
3662
28509
25268
22717
20586
9001
15026
4258
11327
22160
20729
17474
11406
18923
12964
953
28903
21542
16469
27566
5367
15492
26769
886
523
923
370
16473
2347
29612
19732
6010
4473
21352
5079
25060
354
20105
29318
18033
18617
26399
5508
23
15322
24824
7328
20577
16367
23797
24496
21734
9289
21265
28973
9812
22188
29343
2638
887
5307
22370
6897
9781
20075
18328
11193
20429
14785
16863
14814
3402
13263
26674
9777
4937
21499
17105
25515
14218
17255
20011
12304
26544
17628
11277
12709
9816
16972
21699
17055
22280
20421
23953
8413
10496
18633
25958
7277
3419
12821
22092
6821
2436
18766
22951
7374
16617
16408
2889
835
3663
29252
13140
6560
16880
769
19269
3048
24094
17320
20103
22726
7741
20408
1139
18238
9042
3449
25515
12461
16270
23959
25634
18707
19078
24937
2433
12047
11346
11674
19235
15009
10926
2375
21569
4158
9496
17190
13558
3590
4510
10013
26316
12252
422
3807
6842
15816
7256
8709
4629
29879
2669
6615
24938
28099
1553
27371
10146
12899
9045
29381
27908
26323
8108
25830
481
23957
13020
20391
27547
17531
404
216
6135
7178
4023
12977
29346
17632
21686
3975
17511
707
16943
18801
5158
24848
16172
15305
7747
25217
21038
12007
27892
5499
14189
4725
29456
27210
25116
3355
21093
25520
3571
27228
2699
13947
16557
2045
7931
14595
12373
25442
15303
5668
20595
20461
516
6767
12118
14615
8336
9509
2974
6228
15008
17164
10953
20816
20726
6069
523
18171
7941
4095
15399
16992
24394
8308
25390
2325
22903
14115
4119
14558
19783
24714
5020
26651
7833
23490
17618
16169
2999
20592
28749
24359
14108
16054
15175
11186
28475
15699
29357
6416
26146
21108
23409
26892
29416
18799
5569
28672
2914
9688
13230
29049
10754
24602
25700
18587
18093
13318
11108
21092
10262
16209
15452
723
2263
6979
11909
738
22678
11267
7154
25176
2375
6915
22068
8144
2066
27637
6816
11332
13677
26398
16733
783
21001
18785
25722
9094
2103
6830
186
18718
23039
21990
19441
1654
28970
7702
2392
21648
18969
15899
23177
27697
29166
15245
5841
1233
12883
19009
18917
2912
15407
5651
3696
6408
24436
29418
21854
2892
12601
22041
27962
5640
20383
17403
7295
19353
25105
16039
17354
20427
1938
10531
24476
1105
2128
6669
8690
21363
25678
3959
24276
17437
15962
27972
198
10399
27390
22052
19643
9991
20445
17605
21984
10829
11360
5631
6534
12817
28022
23888
9596
29961
10771
4072
7418
12900
10741
22460
4263
12771
2771
28539
209
18734
2863
6759
5485
6606
28811
25128
22949
25609
19085
21285
6438
445
26916
19324
19614
24939
13213
29211
1252
336
3283
15022
19588
20377
13834
23852
3148
16605
28743
9709
5339
7959
16468
17176
14565
21632
12304
13866
23593
1389
5152
31
8186
2068
25707
27801
3359
8920
3364
10963
15609
6647
2337
5197
27024
16171
5401
6525
9129
4145
16234
20820
12104
9055
7997
3021
7039
26653
16887
632
4395
22039
663
12581
460
26370
16734
10171
11643
20098
27487
3604
3098
29824
8801
122
22348
14203
12999
1477
24700
29234
28649
13156
8289
12998
16177
15328
9652
9416
15960
14047
1456
22975
2980
8268
25697
19715
18439
13692
16165
15926
17296
19263
22103
2450
25738
14451
23005
8737
22280
17705
14323
20929
861
28964
3928
23390
20644
19932
2806
6604
3979
10614
5931
6959
18882
7981
3026
13674
28025
25544
5952
21674
21159
28055
24124
23249
12506
17129
1987
11138
11186
22662
8420
12047
21627
18700
5437
12271
8632
14595
25228
12611
25210
7511
25922
14092
15492
5301
27766
19870
7197
10071
11544
28356
8126
12020
21606
26985
5501
29945
14475
16687
22607
22895
5086
20586
11595
10523
2858
20227
25118
4438
9190
20328
11949
11465
10773
3794
23118
14891
23664
315
24962
5208
5023
9441
17228
26629
6426
29081
2926
27253
15768
1886
20149
20854
22472
1744
7729
1682
28324
9199
6120
7514
5880
24422
25331
16653
28216
18449
7896
21880
25116
9211
3440
140
18652
27020
26769
1430
26101
6048
28683
11869
7934
18832
9075
6758
26929
16804
14793
25253
26003
27265
9119
1883
21687
10803
24888
19903
29252
2785
18135
24369
11996
21575
24509
7000
18595
27630
8430
21048
10030
13465
2917
17964
2298
18344
1075
5579
5148
15868
7184
7504
13133
22655
15739
11173
3458
10628
1076
9063
19765
25564
3432
8113
17139
4293
15113
12087
8275
29895
3135
18306
13360
12405
12622
22010
749
13697
27589
12250
5917
4773
19754
25403
3781
5493
6576
7239
22473
14004
16302
12238
9568
26086
20351
26708
379
11816
15147
15007
11711
24634
3313
25072
13391
22287
17082
20493
12337
21024
2743
18254
2149
28849
20009
5930
4342
26585
13170
3168
10590
29472
15406
20158
1911
12110
23218
8642
23926
14717
23649
5638
15704
3314
710
29095
25602
24144
19588
7939
15168
28683
2545
17318
27532
22555
23248
8227
19140
12770
11395
6082
18595
3153
26241
20506
15263
25811
29148
15542
10529
22798
21180
26233
2464
28242
1680
28066
28738
27621
6005
13907
26304
8551
7577
189
1106
7177
14768
26598
19948
2515
2681
8543
5668
5274
5401
27284
7437
4549
19178
24318
3699
10358
26903
6164
14952
28584
4230
20042
26205
16588
3949
28861
1491
17878
5402
8949
25056
20170
5547
15004
22685
14580
29899
4706
26206
5300
1990
9996
16201
21168
4314
19901
7878
1218
2417
29182
6154
12999
19224
8711
29587
29526
7572
1078
17404
12975
16379
18812
9497
28279
10168
2183
19211
10067
6889
15418
21719
15231
25414
7921
6399
6080
27822
20629
7298
6591
26163
13452
19590
15387
28515
19178
21265
12440
26608
15022
25415
12988
3834
11264
11267
14003
13447
478
422
20336
22248
22142
5567
24014
63
18318
95
4237
15299
13745
10828
11462
3550
418
3202
2065
25948
24467
14505
28909
9489
16272
18249
13324
27537
5868
3679
10984
6346
4101
7673
4947
2595
19592
5313
2658
14263
5408
13247
29562
19154
427
17377
22704
7198
20579
1121
3146
15046
15627
8407
888
8251
26656
14212
5788
2524
24243
23125
15223
28344
7150
20170
7292
26742
25483
9950
17357
7244
29550
23272
2750
29977
10649
25454
7175
1228
2927
16674
22626
18554
25081
23514
3158
21738
14078
8946
24262
8321
8423
9485
13018
15573
6007
20310
12316
7843
6612
6025
15087
6162
29297
17837
12492
9946
19643
19667
17526
22570
6341
10153
17477
7775
10019
20635
29513
24098
5933
23775
8771
14357
9613
28141
29930
21972
18451
18598
29815
1416
24624
21254
7578
23921
15443
26422
10220
5086
16090
27746
4009
28783
14251
27838
6558
623
24825
12423
24721
758
12551
9844
21467
28516
7986
27750
20488
2789
22700
26656
4205
17324
17910
18136
17598
3354
14558
4170
14792
7000
8268
25153
12136
22520
22991
25046
23143
24168
7470
24216
1279
26373
4060
22746
24889
18398
26848
15377
21188
19549
12033
25393
13225
29944
13529
823
9650
4440
11345
794
11440
19614
25948
23576
12134
25291
24975
11629
19460
2445
12197
20739
28818
16257
19837
23707
11008
23038
15436
2196
12587
27470
3941
25812
3766
17471
2988
19768
28263
14333
20562
9703
3947
22862
9632
22433
18154
4607
10414
7614
13404
22611
4705
18574
15221
894
18633
26229
23932
10421
4777
6519
14243
8718
8684
18009
26189
11672
14129
24452
2357
11044
10508
6305
3906
26492
5090
22060
7451
15505
6026
20855
14468
10731
15781
29689
17978
10766
2270
11910
21187
7047
24782
5431
15766
3466
29792
18307
21490
13922
19112
23847
24966
5972
6504
28872
2464
17947
27285
9915
9804
3311
7122
24272
20395
22903
314
8373
10021
2584
26635
1208
15984
21417
6639
8102
1235
6432
26409
29077
20354
21873
22925
21672
27845
29429
26896
309
23728
24181
16576
3532
27493
23698
27805
17888
22953
4471
2613
2974
7055
29248
4183
29391
27018
17174
7493
4605
23606
3903
3683
20312
25776
26608
11984
29974
2389
8881
283
26118
9414
23212
6002
6907
16910
3807
1147
16216
8278
3760
25542
21686
9361
6077
21077
12731
23252
28571
17336
16858
8826
21019
13523
10954
23979
25507
17280
2721
10740
17564
5191
20155
17128
11193
3414
10390
15001
10914
26606
29631
14674
28501
21317
387
4578
18747
13118
27830
23670
455
21041
8848
27826
4564
26154
21806
6423
13435
24527
23516
7351
6070
20023
24479
17263
23437
4869
8616
4351
7828
8248
25378
6329
5917
25765
17259
1016
15236
15090
24686
15691
12483
9886
13517
23399
6041
11675
29822
19476
12554
29690
3179
18624
19713
27658
5888
19503
8879
14504
23854
16707
29104
25584
29388
5022
27702
16648
12390
12938
8090
7077
4981
20573
23315
24850
20324
29356
12878
26498
25184
25432
26189
4715
20409
15902
8725
2649
5405
17605
23505
5612
10664
22610
7548
10053
3984
5250
3053
16374
24540
11143
29803
5873
8068
23119
7076
28392
28827
19954
24890
364
21738
27431
5079
12147
13334
13805
21148
25091
1410
14654
7055
18426
7264
14604
4831
17600
26206
7884
3974
27099
25379
10130
2972
9799
3249
10048
14543
8428
6354
15786
8792
28093
13217
13872
16592
2903
4029
7741
27995
11791
22395
5050
217
6011
26006
11401
23611
22213
19285
3937
19312
21017
14067
28636
7168
23668
15037
21712
2097
21391
13850
17241
25836
27067
1113
18781
6323
11494
26522
4318
23285
25269
15720
23503
7632
11727
4904
7595
10292
541
17884
29604
27910
1952
4592
5079
1972
19629
3143
10421
11021
16993
27663
13209
20412
5128
1990
26735
16623
4864
7405
16260
133
29478
9763
14117
17557
21019
21712
27849
27913
9597
3805
2175
17901
8397
13606
26225
28027
16749
6647
15400
10094
10662
28609
6859
15790
6952
9946
8765
11816
23704
25026
18302
23182
11141
2419
10739
8513
24132
8588
12778
10081
12393
14953
27982
27142
28560
24207
25169
21661
7206
16921
1756
17868
21883
14967
10011
28835
24913
25128
10651
24969
26506
5305
18151
7648
7725
28890
22513
1857
13830
5291
18290
2575
26596
16272
6070
25156
16831
7591
16818
390
24513
24926
18258
16396
16245
4621
21583
17510
29750
8586
12480
26256
13892
631
10256
21617
5874
9121
29826
26056
14412
24468
4984
17361
10740
11054
12517
3923
18645
5687
4313
19510
6965
28924
12258
29562
3545
3841
17073
3295
18780
29553
5904
2672
6536
16160
641
18762
25282
6819
21171
16046
1287
26155
9759
18379
13561
28629
28654
2206
4316
2968
21717
17634
8244
3975
23548
11789
14169
10621
21437
2949
16526
27341
11973
29415
19853
12614
24529
21487
25785
15700
13886
27072
18207
23645
21803
1768
22274
20457
3975
2943
29777
2044
26929
8021
12371
20477
26163
26540
7451
23952
5841
23977
21293
17814
29744
17498
6780
24274
8986
2565
16326
29224
5989
4534
22869
27792
6302
15144
18250
16629
18087
18027
25025
21368
2401
7397
11845
4916
10289
19296
28868
16131
19626
26513
3945
19370
14011
10726
19996
29349
19643
6323
28573
25633
17209
21443
23425
29863
12939
11675
16493
7378
6055
17870
28746
14808
25267
10591
19724
5557
6240
18592
28040
25866
15105
1985
21588
29116
19063
17937
4818
8707
612
3391
4340
17821
1186
4117
17684
14125
15793
10529
21503
28200
28400
20249
13008
19
7193
9084
5576
13433
27676
3616
15651
19133
11954
7239
24601
7369
1528
29419
16076
2140
9163
26768
19961
10349
886
13998
24475
23031
24527
22330
27583
29279
18932
16943
29299
2477
26027
11227
15910
55
21196
7913
19188
9502
15152
13789
16871
16681
19561
9300
25173
28724
6068
15135
9073
13306
5485
9900
12689
6364
8583
10272
5644
27515
27215
11295
29992
23242
22522
22254
29649
13718
167
18837
29572
21671
8979
16444
14704
28540
25744
9878
3616
8164
1365
19041
27823
6850
28942
10512
13214
13877
20785
25210
11392
18000
6505
17736
17595
5380
16342
23596
25450
16509
12434
25023
14532
27765
11467
29237
2657
13563
9115
6273
21727
10480
25314
19550
23682
608
63
6896
14485
27200
8459
2229
21552
14964
19965
9147
20344
12659
2744
22147
29168
21530
17170
13701
25647
28637
19290
28304
18552
4757
10929
10279
15237
12595
6182
15271
13204
12597
22167
4041
9797
626
6271
1349
21943
2588
16849
18639
15248
25945
10786
20768
17475
27956
10821
13122
2945
6463
17778
21497
11220
28707
8129
2809
11302
14311
18080
858
3260
10248
4900
13057
17226
17523
20758
9169
20111
7607
4161
11711
3552
14947
8832
27379
12904
19653
16853
22201
26117
10983
13699
7337
9690
21828
10147
27345
12491
4579
28203
15751
14827
9455
5160
8406
26978
25918
23927
23442
9878
28088
11505
19782
13036
20337
23514
2292
16343
10367
845
18812
27703
14544
2501
7393
12724
19000
11090
1567
23580
15646
23670
8407
25101
28830
23165
28432
1101
17093
21874
17331
21533
3379
7113
10921
23717
627
13213
10060
17347
20411
5224
15050
4955
7725
28795
24032
26726
9886
25599
20306
1884
19270
5065
26985
24452
28231
25417
25553
15324
17291
19236
13209
27023
26350
24131
27092
3329
13696
13504
27028
4107
18728
18430
9063
26453
23578
9447
23179
9816
5046
13485
11700
668
18551
8685
25121
16782
10455
27026
8458
4098
16263
21667
1121
18965
15798
28213
22294
5847
11717
25675
9954
6797
20457
25369
3251
14035
4816
26430
23851
16215
16268
5551
16883
4819
14237
18356
27953
1044
15383
6411
5142
1646
4430
6264
20611
26581
10829
19257
2428
28899
21284
12382
5696
11742
7752
8947
25777
18920
11730
19629
5135
27998
1532
28371
9169
22121
16727
7122
23165
2110
19885
28308
10108
667
4572
7071
27248
21753
2681
6028
20652
23965
18411
26349
5707
2515
11648
7837
27787
23378
27466
2923
27728
5350
7646
6897
27472
24373
20371
20637
26484
10256
18945
12944
10924
29869
20016
14524
27975
22697
20553
18627
16662
15316
21328
28722
17831
2977
6559
21970
2707
10377
1245
436
15727
8891
13685
19551
3265
4057
10189
6101
14313
5486
19045
1589
11708
9061
16114
9683
8110
13019
4662
1125
28335
25991
29847
22518
28968
12758
14488
1675
23135
15734
8463
15214
24625
22149
4766
27890
26206
21307
10343
16871
3145
29389
18461
21205
14802
10927
7240
29265
23946
11903
390
22281
7894
237
14799
13214
19347
5639
21241
18834
21373
29705
4048
15999
28206
15166
20241
24412
12825
6937
11283
15971
12678
6096
13528
27480
23375
20769
3097
17321
2672
3487
15954
16918
10076
7105
132
29423
12745
21373
18257
4118
27430
28658
26469
25636
20176
23063
20048
3002
0
7684
25325
12678
20132
8853
16510
13508
29622
19608
829
8646
23095
23136
25564
9524
241
25696
8947
12986
23422
3557
23457
20852
2215
26278
22841
22391
19341
19241
1745
25693
26925
27070
8371
17058
12276
1234
6918
18250
20842
7747
26897
20289
7235
22461
29813
7477
24510
8761
26815
24284
12318
26624
15136
20885
22903
14329
19628
18596
3571
21374
14290
496
18444
22661
23906
7072
247
7176
25323
21089
21276
22220
11379
28511
21033
17544
5988
15543
26305
9156
9827
14975
5780
1316
12212
5035
15645
1841
23632
19216
23215
7922
26065
18011
6935
26323
25084
7183
3500
20407
28272
24776
18979
16003
23287
10012
9900
5628
25556
12557
21136
11735
27533
3268
13051
16097
8304
5049
17938
1936
617
17505
9858
26682
11869
16793
29358
6953
328
2858
3712
4953
3986
22691
27308
3625
2703
7208
9253
4611
19766
6741
16347
23651
10010
5750
9748
18314
17151
4039
20250
17769
21544
6460
20803
3413
23253
20161
16718
29934
29371
20430
4887
3357
19473
2195
6983
22177
9404
22588
26788
29170
5682
19487
22821
15692
1590
2569
4006
18741
12960
608
6510
10857
7068
27314
20622
6673
23827
7341
6607
23199
4123
11494
2908
23597
13690
16243
22126
29446
15184
25266
28616
20866
14754
27789
12910
16344
6710
16916
5085
19671
23876
17948
528
944
21614
21150
13969
15441
4843
20577
14992
8967
8423
17901
8916
28465
10496
1042
27911
25680
2660
2879
22898
17414
668
5808
10110
7379
29076
21548
3402
22952
15848
10282
23896
7462
1432
7866
22903
6276
4795
7896
21595
13218
2149
6863
11684
12645
14257
15947
14678
16917
18827
7576
10684
25847
19737
20794
9578
18813
18694
12980
11766
4542
23262
12014
12004
1047
26232
11260
13675
1027
25508
11622
20598
27657
18485
2282
16654
2742
24581
7684
19659
13408
21613
343
15608
11350
27490
25186
163
16184
14519
18281
27079
7781
296
9083
15180
26528
26695
28855
3908
22203
10477
24506
26212
28962
3140
19219
8056
