8435
63458
65924
85733
98818
33162
43238
64415
3948
31512
64970
14078
59769
41708
38553
41378
8993
27251
25059
38530
27920
76513
59453
78223
44209
28079
63492
8753
36126
90273
75976
60913
70084
41900
46647
68902
91414
89885
49669
95362
37750
14640
25792
13871
56348
64345
55249
81694
91597
80308
20224
35869
56822
79677
14092
17383
7756
93937
26136
60234
562
2112
21148
70646
60365
67795
55901
51779
74032
5570
63494
28134
36562
89286
42005
9263
53632
13606
90957
61581
93915
27533
13802
67089
23563
44246
84472
47671
38183
26961
7906
38746
29073
29054
25744
5790
13201
81645
73922
87233
3568
53768
15368
40130
43054
73725
49393
13038
87332
56702
90971
97599
84236
21125
64688
7799
65372
49160
71822
19907
92473
79728
58653
37899
8782
750
43689
21983
98747
33963
25569
2315
87731
57289
58798
47138
31014
8191
76528
34698
81246
67500
32297
65482
4977
96985
89633
70349
62498
61455
90257
54971
57536
65262
92870
66318
82364
52912
4654
81112
86875
46575
83427
74607
3864
42225
21745
51230
66769
98273
85929
48015
82125
18226
29849
87103
31564
35834
73804
94062
97289
64061
49033
71177
45676
58256
37496
28040
11168
58502
9152
98043
5077
8932
72650
25293
67509
10747
76523
34278
9021
78804
98645
7498
97031
28494
94601
28595
80680
84758
39009
94322
48819
4394
65499
10847
62650
19347
38888
73818
77849
64392
88214
99278
89676
77216
40923
57186
87964
33799
7816
13337
12603
6462
37187
25986
51308
48141
70933
31989
32899
9942
26311
81718
14337
8162
8918
93339
27510
47806
83510
21711
28550
71724
20990
18227
48940
78265
91765
53256
12064
99581
66593
24668
6043
3781
50654
73704
51922
37940
22045
84821
47882
64708
82891
78571
72870
91809
71911
380
55967
55421
22092
870
27145
59434
35449
92437
54051
27214
45694
66116
26795
28639
7136
49191
48772
74142
22895
17046
12082
44940
18219
59965
9648
1111
38536
82518
9272
26799
99251
81592
82220
37695
98814
9365
13481
34263
18155
67532
77829
63849
50000
4624
8840
57136
53815
57613
31279
93062
74659
43361
38002
92879
19678
64002
10342
74567
62873
35966
1366
62124
33910
83587
16171
49076
9304
46004
99691
27459
13536
77520
7660
79889
82145
32853
37025
52312
90466
84656
45375
81477
44370
83377
90708
64048
63732
17402
38615
26605
69721
39982
88729
19983
39921
21252
69060
49225
67256
68751
93037
97144
46272
17049
77033
44769
49902
30411
97081
56720
15067
42456
38198
59437
42186
45258
23486
5918
62661
78453
32523
48734
34787
37604
68717
74708
58856
37777
40286
42464
22881
33323
39608
85505
50372
32994
30274
16627
63405
27355
73347
94824
86164
27897
54262
28350
73156
94100
34268
52169
72553
83143
903
23693
20747
69620
98401
95955
23750
38687
54771
62983
88362
94379
48488
55087
43725
78762
71714
23482
22469
61413
18307
8633
89311
72569
36983
62467
83021
87603
14636
71926
70746
15539
95619
7845
1511
10373
3800
41613
49060
58571
4596
37423
69303
53084
8862
29380
31846
80576
52863
54316
41989
71170
79301
31300
60091
16285
10119
43112
3888
41107
15038
90987
72998
27010
98832
74510
37383
18985
32475
2795
93908
37072
56570
63211
90156
65432
8944
38355
46008
61807
9023
4350
32977
88324
52002
93068
20961
78474
52532
41202
19581
83922
32189
92580
10932
31021
83442
64667
50006
15917
67463
43915
69341
24033
23478
59498
89466
32422
14205
51826
94229
39580
72528
43558
27904
24531
52978
65218
19357
5510
6420
38938
89433
38609
47870
16717
85982
47664
81385
52341
63582
48848
96256
32923
89233
36086
8773
78699
84861
39330
46878
95442
78910
19406
39001
6815
60289
91979
88385
79646
13842
94805
34937
19627
33414
82807
36344
35748
30472
17729
88089
10406
82929
697
59681
88515
36784
68455
83566
21645
24137
30444
33439
3048
66203
72440
26215
26492
80772
14600
22491
10966
9405
57428
30593
59171
56587
66937
94919
87059
1019
99361
13817
300
58
73499
88815
53194
58306
72382
91191
82443
19178
24631
85491
85381
13423
11706
28226
94195
42658
67069
21513
52063
24497
52106
27586
97436
35396
38858
84496
36415
38219
98313
53067
54629
88164
41883
7824
46470
30617
99015
45266
66147
23646
30757
51529
37070
58816
96107
47617
1474
79528
69131
69890
20377
37589
13828
17813
72985
69038
18661
9400
23609
16975
78820
78239
21491
20703
86063
67962
67672
1430
13228
33819
41429
60337
1700
78499
35505
14159
42468
36980
93687
27951
23222
14064
65541
37050
48230
54878
6089
66891
80631
29698
218
59451
24289
21710
80154
10352
6024
64178
28135
19252
97997
69564
95941
16050
64415
31447
30209
23235
84779
40249
51187
8001
70665
33080
61403
18895
87958
67492
85787
68589
13543
86005
28040
37832
7715
24546
64537
30091
5076
92672
49343
19426
78588
61637
35476
43003
93084
82037
66238
77863
22286
33777
2216
92952
83209
63619
28199
71168
47464
13986
56109
77359
16344
502
15191
40411
25048
96080
70503
46477
5104
36198
65903
83692
97835
1379
43047
7271
83416
25638
1486
22055
59415
3702
31359
42625
83674
59558
30145
47490
73545
2606
24849
6241
3108
56392
46652
44509
52473
17155
90986
57577
53354
56889
57622
67541
74620
669
74813
74388
26307
92651
96443
2075
12706
27802
61052
96380
3713
91197
43870
77258
93803
68719
99851
13264
25111
46503
57773
93936
80011
48759
67866
49717
22000
25488
33610
96620
42509
24775
71008
85169
17427
83804
3596
30133
27958
64648
42865
31671
72197
3087
25281
82352
71806
25132
95616
13269
87988
69741
23558
67999
34852
91424
34068
56852
33264
67678
69824
75773
92454
40833
77294
9881
40989
80890
56366
68947
45538
99231
619
34087
2318
25900
16440
90476
51033
28408
20097
39021
98150
43655
23372
33002
35079
57440
89855
68343
25118
59679
60469
17572
16864
54115
27453
57853
35006
171
43153
96896
99402
43772
30984
18072
69672
63776
8548
37057
92184
28646
76078
90334
88653
99450
23337
40085
56890
29544
8428
82009
5575
85249
15933
22440
39365
59739
96645
90723
59910
39798
87619
75665
83570
34955
93737
69595
98731
18638
6652
7268
47284
99083
97602
52289
98533
37291
92374
71776
66835
17155
70137
72411
2404
86070
11203
58121
45809
24200
48844
22072
63999
52816
97737
63921
4123
91474
49868
2855
10112
56521
10123
73748
55604
24077
26038
70489
61369
34764
42265
28204
51919
28754
16967
70676
31177
28170
45149
76986
52371
10346
15410
32722
63162
13147
12995
67285
20974
62864
86492
31086
35737
12967
21187
91341
37045
63577
78182
14766
98341
36800
59322
66613
65554
76290
37289
96731
20812
82438
90070
89535
92784
21832
38609
72298
34980
51605
55936
55954
14469
42428
3392
66558
71748
40931
74251
8793
20860
52433
39911
19202
5585
99233
2167
71140
75523
39456
84223
12688
38246
90645
2223
47383
12478
40833
36033
63810
8790
91969
36116
39611
50750
39508
6169
22498
96792
80420
47643
17652
49205
87554
53206
54791
86787
55373
42283
78663
11181
26506
91351
65780
33504
9926
29515
45982
50759
65548
26144
75901
57518
62260
15512
8268
18120
21681
47118
14912
2101
94761
48917
51307
82315
2123
6098
85454
73849
48381
64117
1382
91239
71820
83514
41095
81747
13029
3429
48858
78578
29573
24760
36096
91833
40272
60716
9954
78306
7834
41218
80407
2595
90135
48066
1262
8611
70516
3068
98812
35249
67186
16546
42841
39006
61
83936
37105
13090
87366
85964
91668
16939
27076
44116
25125
83700
4832
51431
62006
29018
92649
58766
47965
99137
23184
49227
24100
93701
52296
39264
45302
35834
55810
88143
91192
55871
88432
44650
85314
75798
46966
93334
9089
74042
37451
50566
57742
58635
1997
36101
87654
10999
94867
51971
10136
34403
1199
50588
28104
69847
89852
89759
22033
62014
94254
29577
34238
82686
74227
19552
74836
21193
12886
83926
95235
50337
34492
69330
25325
52842
21783
29331
63841
33002
81302
90329
67405
82501
40917
11862
68700
47121
1621
7085
9135
95875
36663
43373
78562
10890
79277
53398
32084
92164
53676
43671
58853
4521
29353
84178
57363
67488
13509
21204
490
94812
11533
67896
93665
68802
79758
78718
15923
97731
85803
41410
9958
22466
1136
4872
49709
80413
58271
98145
72577
28299
58168
31431
32820
3874
31961
6535
71362
45471
27739
71853
56635
55624
56101
50300
40778
52211
45370
56701
66294
31174
14464
76252
69992
15600
81125
19701
96013
55748
34198
84943
84047
92367
16374
33220
96241
64687
39755
67603
26510
83847
55808
83145
39471
28261
49798
80250
80472
95168
53303
46766
42694
67767
23019
12687
99719
20496
48740
95733
76244
82939
80676
60291
91658
13402
93511
87899
78089
49619
71854
4600
33466
44015
4097
72937
72276
53895
69539
69101
65416
39195
15867
8110
6962
55238
20797
23034
92086
85890
18767
68330
68829
15795
44974
60487
45549
54837
64738
23638
4456
52944
44590
37922
96959
65040
27212
69236
18935
13103
54689
703
52298
86908
8814
75613
42147
45963
98647
34233
31853
33766
18916
682
49561
63890
77521
95110
18727
58611
35100
23184
11556
96043
77458
8515
61083
4670
94103
96370
34126
48792
97074
86424
35701
5888
62037
94200
68203
77036
44785
57
10802
63701
17091
60363
43943
10965
71825
62671
69576
6926
85855
81132
19321
63313
6000
80404
84336
16455
76774
18462
81600
90200
21238
33653
12440
99628
44205
80644
76664
88990
80701
87467
69044
97792
64182
29339
8757
36008
92010
94686
59286
94217
92170
78607
73883
14522
75363
58219
30978
68489
93033
28930
58690
14271
62583
71130
30251
23140
68126
6916
12130
48827
94383
97526
62972
74917
26866
88081
10925
35228
82767
86563
29446
74938
81522
3329
89460
56885
77900
36790
25375
87285
65720
417
17908
44655
71547
48160
67795
39674
55076
96278
4853
65811
10156
67825
40728
53374
55907
68006
88603
55026
70921
34401
29964
52444
54082
35777
25681
48334
88919
51056
35619
70992
51473
69879
15647
39373
34391
99795
95399
89467
12425
252
71630
22581
84430
28711
92308
40337
13069
80911
11715
83990
31664
41680
36434
85746
93809
62116
34080
82728
29524
86051
53720
97350
55930
85720
36723
6674
1867
32122
96141
14292
48726
84124
36873
33156
12835
29181
89845
42256
26444
1561
26246
74460
59593
79033
60206
69754
57501
10638
68834
3377
13041
38907
727
85324
24627
53802
91998
26494
85924
4491
40786
51003
88615
94011
511
17802
39545
6709
60058
65989
24622
2657
40450
84215
81690
17008
70321
55543
43999
39155
58920
57040
78062
59648
42364
19041
29802
34362
45535
32079
38854
2673
83082
43821
96685
83593
77976
52582
6654
38034
34923
31276
57043
75373
15491
55085
8734
2164
10628
52733
41320
85901
26125
35734
61901
84842
54776
91703
19204
16663
23782
74410
35689
6864
34584
48726
6810
12560
1308
13464
66946
36231
44741
23990
27957
76584
95427
36691
95101
6056
5776
52773
8309
48253
88507
70210
33095
59635
78265
68652
76299
2048
59414
28340
25264
93998
77066
48426
22910
78374
78243
89857
30957
39336
30199
58914
15920
25626
11957
27373
48034
34085
80146
72695
82339
68654
42905
31786
44641
21171
438
37292
39571
59853
65632
64835
53851
42698
29614
76762
37424
7857
82971
68382
47193
29522
43648
79465
71500
55606
6839
19535
6043
86985
8582
4734
71991
51488
36521
16633
89011
36959
70277
44934
96812
35910
26121
67016
94960
55735
60130
48737
63592
59453
33471
10785
88975
77119
6603
60475
49077
13442
96362
55121
427
4945
59855
88771
72785
96376
21756
78148
49688
92033
23082
46500
44295
49203
29868
39256
21291
89998
87993
84883
65803
21464
12021
54778
14935
18624
15254
64013
48418
27968
19134
65197
32913
95341
53968
5698
8070
75724
198
57758
84110
23280
20610
28405
88836
50479
84013
10127
56829
72006
11362
22633
9822
39735
93763
24758
74711
9017
88771
23129
53338
24257
88327
86251
35950
58647
8302
44020
50724
8500
18130
34834
48133
38741
79591
36969
89220
63605
63448
62401
51963
91162
1386
61786
30898
95150
2896
21961
20519
8019
45091
73857
48628
49770
60109
84578
8417
84763
44951
75493
93263
63081
26679
41396
1822
6271
94717
7394
86228
58165
69796
38191
65680
71182
99977
96578
82684
19225
18539
3204
27244
79982
77061
75872
46104
53522
60451
70874
38285
21754
46367
31549
84835
73047
89297
86658
95670
367
10404
81898
74884
80200
36441
40564
67735
52771
53494
50419
71996
72034
69975
99241
68368
47037
75113
14473
559
51916
85347
38845
73670
48066
86746
74858
37465
92395
61516
49487
92762
88272
47737
67647
68473
84179
8211
52560
36950
61706
19331
8946
50092
89307
24539
34812
36344
16005
49285
53255
84273
50984
92100
74296
15403
95198
49154
52868
87594
27022
18708
80356
15294
66445
48003
119
50624
56215
52679
87574
34273
88363
12873
84365
94022
37412
35529
46718
69769
84815
99973
54043
52151
8426
28339
83906
3624
77493
53127
91218
4515
71835
87927
36161
38280
35930
36281
88905
8497
5312
92831
59122
93675
5704
59839
4049
59469
95369
50767
29238
96536
67093
83281
48687
75519
11620
48946
79143
5465
2073
86714
26332
73908
74641
62494
12188
26923
98775
1093
35421
20439
93925
94543
30467
15981
54383
34516
75450
49752
1636
21041
62640
68729
4322
11327
44248
32295
76625
39743
37760
78698
42809
80445
52606
17450
42939
64795
60726
58066
82240
96147
78505
92517
7042
8972
8499
77777
59841
301
43881
61477
21342
6521
30206
42017
34201
74454
74312
10826
30549
28424
89525
73359
8869
58483
7161
68160
23278
67887
26226
21871
80386
21084
14388
3781
30056
22887
97910
89897
39541
58144
67726
77235
64665
97932
19252
15218
88738
9916
42397
19288
38341
48274
8999
63562
6757
32512
48075
30036
400
90653
51907
97138
11737
82647
17271
58146
21887
15182
64395
61428
89678
32122
38663
70695
30054
74268
85914
18793
84184
28311
54433
38877
76585
63432
18792
99694
95944
66867
29730
12696
57520
97989
26187
69258
80637
59810
43756
18876
91344
8151
80304
81022
40273
35319
51718
86680
9587
53984
21825
10124
82295
76258
49001
75232
56042
67793
74926
68338
34660
21009
97387
8533
35350
39926
94143
32339
99736
37899
51215
91081
46050
47871
88455
2676
83191
40173
89356
9130
94157
11181
19254
92804
3791
84608
84388
76185
52401
75667
44523
3414
96676
58262
11947
48378
98188
6090
80718
14277
60341
48285
21710
6391
96157
10165
9067
95700
66691
14775
21182
60848
42308
40437
70005
62451
25045
54393
38636
93798
30060
99512
97212
43088
57774
25511
91467
72315
47953
88537
2944
8294
36822
24654
31038
49331
34819
40105
61383
1510
71233
82566
78711
29893
39355
65068
92345
80752
35813
47333
74550
82226
46845
88115
25314
20972
29978
33133
9639
77932
38022
12583
2578
74845
37237
33616
40528
88408
90074
1912
6271
61307
84478
84982
91200
23833
66402
99897
20937
2215
47231
95487
84441
10428
99954
26108
31400
29933
59241
41039
24217
97264
53622
26795
88461
7211
60412
28989
95620
50486
47253
1891
28145
31731
3225
35697
71916
69627
35595
92853
71842
99178
4693
72636
9606
4647
98744
41007
50932
74337
98398
75149
87953
68373
18297
92766
75584
78709
21756
71204
45547
85361
73095
73692
33445
76320
9389
5361
45947
61336
14567
34142
60514
35612
23130
70121
56611
38226
27480
7544
12563
42230
99045
16869
10603
17342
9635
86188
96051
47743
57392
41598
33105
46840
31642
66550
23160
41032
88263
85460
2368
19182
35954
79235
54794
59084
49356
11406
97310
93188
18950
26225
35418
34347
43094
46022
51690
52730
48562
64093
473
5954
22044
49930
69146
53686
16480
92307
94718
21096
94119
13439
40278
30073
92674
95073
5509
58382
6479
2819
67922
41781
45396
3340
76128
88491
65714
44170
41221
14276
8264
58046
36583
30308
7977
5729
83994
40809
14388
95065
61905
24859
24856
2184
71284
33882
97257
76793
92264
20088
95964
76538
78221
41361
79878
70701
46204
61945
31224
3777
76221
39488
61823
29156
86148
86152
51238
86494
26962
81978
97911
88867
6838
22767
91051
78122
56649
4660
71268
65265
41100
83584
41803
35673
24945
38034
6375
71149
99979
37599
91278
92552
93439
53102
21709
79587
39254
89299
82433
82568
71277
80345
71436
94467
3112
78839
88942
76114
83500
60210
41379
24600
60146
83183
76626
85092
37569
83001
72593
37548
36952
63872
30100
30391
33326
68161
26330
88932
73812
8763
71501
61442
5460
59289
55909
8573
38128
61203
84687
21628
37765
42418
62581
97912
41953
39207
83004
79522
38560
71949
17070
75512
52173
63523
22255
1851
48036
64937
90784
21849
90052
78637
83291
95513
37926
55552
20438
76054
16756
21477
14035
54521
63895
76616
52433
5849
32175
51789
85371
87087
40091
18794
62599
92264
82317
1206
94116
46705
82495
1252
68554
72547
79889
51845
84412
34167
23750
4850
10221
40506
26327
24256
11379
6575
17224
63813
12424
65751
31954
14147
52838
72045
49293
31789
80662
47962
49347
91130
94668
31842
92382
63222
20742
88623
31420
5154
39142
55170
26357
49363
12028
69036
89972
23407
75611
23548
3572
4387
89300
35527
34887
42138
7572
84180
73928
4586
32143
39627
95716
26811
71470
4450
6385
92212
9425
54157
13718
48567
25679
40075
14283
37707
9112
4255
61115
1075
44155
64687
5463
33455
16566
40350
91946
40491
40882
82226
45077
89377
21853
57146
32540
93323
61596
38926
1887
87374
9435
15606
35941
35115
55681
66576
72822
81145
87183
50289
82221
31339
31329
4036
64794
47895
60738
73092
4738
1620
55318
49816
90998
77172
6962
39890
86847
84910
78816
88735
72284
4604
4341
24578
39719
76374
91154
12541
73872
78338
62831
56093
9677
10512
60129
90823
58407
20867
63916
63146
38839
19234
29314
46189
12758
52628
86080
99606
37538
81248
4693
9823
85852
25386
50753
25571
1760
41907
54465
75632
20245
33648
48077
46274
44160
24558
37098
18919
45425
1014
82065
617
36600
27731
46806
49359
80359
32886
65317
34250
14135
70010
60425
99987
95396
11178
41911
13508
53085
96376
5493
73331
30024
69922
19605
74184
94481
73055
93103
56258
74069
91521
56875
10670
35604
3682
76381
15964
36568
41698
50214
67055
28060
10639
83395
39808
21817
25306
69668
91254
38034
75161
64585
68058
61436
543
58594
55917
73598
68049
28527
64020
59570
85403
91042
95175
5437
67423
27491
58357
25473
94057
25413
69885
21048
25160
9693
42865
50466
79361
34119
4852
70875
15057
89262
32311
31952
47856
4580
21902
15905
33107
2274
91828
34862
93316
3355
40299
77091
30846
98657
18916
41255
24070
88801
62303
49230
98494
5168
16048
94208
55639
37252
65083
87048
26514
13746
35352
74370
34678
73607
6627
84137
75881
98455
19000
69198
1810
59299
62641
49008
57956
81558
90263
98378
86711
52566
63960
1558
74086
96360
95766
46078
33612
77201
49478
60126
90947
84831
50848
25625
58438
57476
26114
50671
72283
45114
36221
90446
4414
98863
39454
78722
96773
46070
93453
83484
14988
57413
85042
89075
70126
97160
51505
20090
74361
983
96569
65308
2166
47417
7285
76956
21245
33400
27628
93529
94866
80201
83975
15632
79064
39781
94355
92189
85851
87808
92026
840
61573
93420
6267
48051
90581
57772
68142
64942
75107
81063
46603
93626
28480
70240
70582
66078
19992
14562
75959
14859
94764
76286
30491
90180
16067
41198
82370
18271
45358
74396
19111
23284
67816
41730
71335
74749
15854
55829
39692
90961
36892
2647
84587
81725
72887
71522
64155
92880
86084
40114
24091
97200
16400
70934
87381
48819
12133
86103
67090
57491
76851
2553
80775
61019
44283
68463
35769
60137
40644
75461
51099
77537
78108
52038
75614
67347
39912
39769
76579
25997
79883
670
39549
12635
71605
43282
61454
83738
29385
28545
57581
6236
31098
54709
67256
91734
39524
19377
51871
80168
11190
19322
57705
5650
87713
49671
72997
27625
89440
49577
69974
85675
50247
9524
98310
38204
52806
76117
38294
98544
21014
95876
4780
68464
66937
88388
60198
6461
7765
28422
86629
18955
47744
60687
24605
51809
10358
13955
79435
99799
63532
49409
1826
30131
75285
137
68336
44444
92606
6630
42988
13620
18858
47768
82084
85795
52509
58635
92256
60274
87057
95238
95582
51153
55925
36539
2963
66283
50494
98750
82434
14026
64511
84261
60510
39797
750
28846
84241
93356
51828
27229
6976
87039
91349
5412
89186
43858
64047
97795
20485
51104
93033
16067
2258
48958
52606
21573
15241
19453
20323
14028
33479
84834
98289
10341
40983
99039
55539
25224
92395
7368
68805
15723
10759
76507
21135
16297
20365
85183
14092
57202
52639
7125
73269
71249
72435
42228
9174
4029
61681
29497
18057
11512
30684
16346
21854
71667
15385
77393
13244
24132
1113
98401
39855
28224
74908
77342
44522
11626
78877
58614
68828
47869
82092
42098
19118
54527
678
28293
58556
78711
74142
76613
6575
4826
9311
44781
92846
24696
38527
22442
65180
39640
20843
21387
84217
12104
98730
28739
23730
93959
3705
92558
41828
85797
51008
60947
56677
68038
5592
31585
46749
79734
8199
69677
913
33862
14458
10111
74911
52985
32553
40091
8978
69748
61479
93195
98204
76561
38286
21934
70520
58343
30845
12349
60493
81853
89648
17170
66244
95240
65107
12993
74974
73306
82670
92239
23521
13481
2350
98432
66466
51255
38523
91796
37356
16354
1343
35560
92915
55981
73847
63436
14325
4692
92137
74818
2897
81785
8340
69141
77025
73447
98487
68351
63106
97509
60591
86627
10990
62941
85059
93809
30549
39934
85605
67905
56289
3301
3465
65556
59282
77312
28992
73607
98356
21129
64777
1254
2914
73117
86747
96291
62917
85234
64643
42375
82744
25234
29002
93734
4527
30413
3895
35076
86699
5853
19333
42988
9154
22799
8545
68436
16463
53889
58396
31172
91371
23173
32426
10637
12643
19173
6929
91912
20760
87924
34287
3504
29510
63289
13590
34037
10054
17486
85466
96753
23339
4799
56094
48845
43950
80991
33633
76766
34880
92029
7938
42603
31555
56716
69593
60550
92241
92874
52462
13001
80798
86749
16505
10308
66390
46448
60697
92796
63934
46163
89549
3625
67315
61995
52470
27617
42986
2455
20735
94219
94485
45025
36822
42392
18093
6415
2942
10335
15641
55404
39688
96439
58505
72546
6747
41247
18994
83797
34043
99280
46312
23592
2905
29979
1940
71727
57597
44926
74182
94684
39145
85019
39710
92320
27411
57803
15087
46705
84490
30729
2109
24179
43520
76966
96725
50268
18213
32071
34065
52256
31351
96729
92201
34256
26709
94141
22335
84306
55419
12869
95342
94565
97889
51404
3237
41652
25560
34676
88358
10050
81757
6819
50581
25278
83786
63658
91898
1999
95729
42315
70608
27080
39044
62809
77688
65753
73302
23
66411
28721
12893
61754
39638
27134
13158
42875
85138
38718
93904
73496
65121
75661
96668
15702
939
80454
79361
9189
98805
75090
51504
85765
18523
90549
48574
96211
56302
38228
12587
39066
66950
41832
820
6588
85318
30330
65816
70456
85401
76072
60305
50522
51733
56973
82576
69025
53779
78289
78214
68936
69732
46071
54702
88255
36620
19628
818
9274
57857
13405
48340
24807
55237
65512
47747
40555
12195
29915
27364
13948
5987
87669
64470
74073
60994
63398
43098
14773
41688
37664
83709
27772
83735
54763
16027
36707
74392
16845
62334
32249
46603
10674
73408
18192
92539
37507
75100
4734
67423
2464
35034
73410
6485
15856
47483
67479
79254
6933
82252
37294
60950
82313
65066
44685
53429
97445
97745
27821
30643
60079
76422
77246
87105
66182
95438
79644
3689
70538
730
71112
89354
35764
60875
95839
51620
24710
63318
47227
31644
61922
84521
92594
60588
65940
53631
14017
63385
67728
41838
94028
27807
34612
87626
14913
794
83065
10909
20835
69955
27992
8300
75662
80108
69175
71501
48081
93885
51172
95308
41881
29446
96181
50827
90034
78473
20811
4051
41859
88539
62241
52239
16347
13205
39866
47612
30351
39283
74873
51187
9238
19217
75839
1252
99326
45014
72754
47407
55251
40278
59067
13485
86076
71600
64312
76111
50074
85123
96514
91933
73663
75108
60524
6362
4665
390
70326
35017
39673
45199
2556
65264
64417
78395
66516
80095
39761
55622
43854
11364
95900
2921
24849
81977
90873
5514
74440
40947
6989
87306
49232
97004
62414
9757
3366
67080
10147
90044
18449
49821
35244
21005
31437
16013
15752
97953
12460
71865
53576
56314
99581
65828
75587
24431
64157
66460
46297
54949
7408
53286
42256
72992
50291
21022
82749
70009
88102
9249
60054
22903
75422
11650
60260
6859
44015
76012
4812
56475
64229
74740
29141
63811
40569
4728
4594
21078
87540
50891
76028
11300
20529
18284
84293
87172
39306
83394
57182
43761
92643
17236
66664
68065
45238
26925
74924
89253
19289
79737
62080
83519
54477
91221
47330
11398
12301
51924
32477
16193
19167
8505
27494
39696
43141
28139
43221
82447
11533
403
42560
4177
33991
9225
88594
79229
52502
63519
84834
71791
59608
46914
71662
30437
54487
35344
41836
66788
3620
90665
82981
22787
15522
26827
78836
58663
54966
22057
57462
82852
38812
23
87029
72803
25600
91975
68384
78102
55494
69570
66245
31454
16484
37908
78244
87323
89604
20080
70463
93225
27097
53444
16012
42619
96624
11200
1282
51590
33257
58744
34442
88421
75119
37823
77576
719
46151
45960
78821
1645
15530
61419
49452
48366
99327
27696
52041
88931
64128
22504
98508
91225
92301
14521
50196
88925
42073
67830
40515
91683
42926
91310
80104
18046
45485
57681
18765
91636
19993
13939
9634
51876
75358
75438
16594
91037
3134
68636
96320
83614
91140
94829
91191
83441
25702
41387
72366
67775
9217
29234
59458
52143
36896
39563
86541
82381
13596
21659
90370
33589
35598
16356
85465
27308
91794
2060
18345
11280
70696
14665
94894
78188
25846
86085
61630
51548
27472
50348
19324
53041
79582
95134
21536
32830
51049
8078
31564
64645
29737
21934
14587
81687
54642
52
8995
46436
18464
27340
74068
5512
58357
68962
83701
84204
71399
61683
35752
15223
12031
71428
68264
7966
66563
89800
40796
33964
14230
72360
98610
60319
10646
13197
42006
65288
29601
51001
28076
64418
78341
2144
69930
53051
87458
69983
37255
58857
48018
89359
74080
60050
77140
58696
84368
60055
64849
25164
94019
79079
13877
8981
39399
40875
22178
81405
6164
68132
48759
50592
48902
27100
69089
35184
96503
56547
5168
33758
31757
53186
39470
5837
29588
16610
64534
13956
76665
29383
55473
70684
24814
85702
79666
80565
26577
18196
61971
49093
2680
10730
16038
51582
54182
85127
86767
50686
41674
8287
796
73431
77825
40266
95621
23766
73228
76507
54074
49893
22242
25899
36930
47056
11601
32948
27622
54531
51144
5945
19976
70177
33027
36014
38111
3561
21141
24878
70599
79168
49517
71396
68951
43695
28014
64572
67461
1243
57431
37887
67488
96025
63787
20770
43082
75388
53718
87056
46271
21215
9353
66248
91392
58732
2262
29503
62293
23404
70734
32893
18924
36603
20641
87875
80298
48655
68800
64111
66250
42583
1999
50091
38609
65786
70861
81691
57526
24580
85099
3798
45795
10804
86398
37187
69536
88660
83042
48181
28416
53776
81074
63692
90380
1715
51568
70678
66723
36720
51142
32973
79303
53141
83064
17912
18927
53926
15955
92805
78506
1054
12955
40653
28210
99353
77840
14098
4366
77234
62280
32782
31011
43354
96475
37743
61422
64395
8421
28145
1115
75915
61118
80418
29056
60535
98331
64335
14461
14286
57141
9319
31693
70096
66324
76255
69450
60516
90354
73816
37750
52634
22950
68761
12340
35777
6504
73762
172
31278
1907
17639
7193
79378
14410
52602
56265
12741
16937
70726
43379
74078
96397
91424
44175
62721
67680
29977
23237
74386
3793
60987
27020
43095
46101
55712
95225
68957
29475
11749
16587
47734
29389
23781
43464
43799
76383
99729
72892
93320
86807
16271
83751
99556
24048
27926
78629
91728
57903
1866
66114
78048
79206
9486
37495
41659
65198
32720
10616
11025
44470
27204
75112
73859
67337
34928
34010
60072
34658
6902
69744
37817
39525
53495
37374
79925
81421
16003
88005
55676
34222
70471
50076
29780
79957
87572
71439
61508
36644
98407
88885
81114
41963
80349
71325
9300
15278
5335
85724
66288
28589
55469
4105
84467
8964
41479
64392
6738
73835
68750
78766
8057
39221
28843
37837
35531
32767
25628
97039
69411
24035
2276
66878
65999
82626
38203
91651
14256
59891
77376
80544
4832
32845
1001
5651
58161
58833
86396
64899
32668
55146
43666
40725
94367
88861
94914
29898
37980
20542
43289
23743
60929
61918
90621
43280
44544
45177
34932
75152
21420
28660
72048
26252
61505
73049
48256
36018
48234
34652
17270
80902
6150
77288
37979
517
66149
49245
46768
20481
69787
90057
44224
47069
51975
51198
90349
12871
96375
25281
4375
34147
53941
76423
60399
31798
65825
25007
84169
14059
59659
1439
11314
82161
78727
49293
82679
44876
14891
45799
81709
1030
35856
25933
48099
4184
77131
38449
33407
89858
80082
37783
24005
50376
30558
757
82174
12735
25764
66343
26795
1776
67782
54461
83937
62861
20106
82968
7737
34997
28767
5798
36028
80976
31732
84127
1512
25215
38928
34919
31426
19011
89054
55431
69387
35965
72540
67913
48700
98305
34257
91847
16433
18391
46308
16722
81253
82767
16043
5342
17764
44810
27493
70144
42138
59225
54272
43650
792
93200
94922
32218
12211
328
4002
97950
36293
76542
65864
1346
74847
16473
93193
7632
34864
55854
40707
32469
54973
56750
54164
72737
1560
81657
42882
60051
57234
13506
20053
74378
23058
14975
6597
51622
15304
10599
49572
67949
87141
15436
69295
78341
31909
78841
2325
83126
51047
43032
31947
6020
99782
2463
95109
17695
472
54343
77746
57706
67849
97799
32085
7260
29127
55034
58882
60783
65633
24806
45084
69126
40243
14380
47467
88504
9573
66145
87982
76972
9177
19930
82992
8960
22393
94453
43007
22866
48797
20753
96924
32998
34904
45361
40258
80383
395
15492
41166
82380
40299
86251
51507
96894
16983
15326
85398
42908
81471
73381
19880
90649
9663
19224
15961
48408
13677
58968
71274
78826
96073
84551
28177
47329
46264
68435
27713
63012
280
85231
45392
40579
71482
13251
53825
4817
44930
55575
47725
26401
28956
83957
33402
54971
3181
65715
3380
33211
41035
91006
28389
53460
75557
56566
790
21822
41354
28503
84834
41634
13734
46578
98565
1569
59830
52390
6386
21112
7965
70464
47513
53274
54421
97268
8245
73955
79335
11625
7166
20371
2632
51907
73831
94541
8474
74621
32715
49828
19476
33901
91462
49563
80480
6379
67484
56662
58769
73870
77774
83086
60686
41639
52712
15108
55259
60958
89063
34595
88935
12581
54966
7919
64488
45149
2461
72962
36123
35176
39142
71951
69078
46956
21514
65910
53335
88998
22572
28456
79221
16698
27895
39907
58337
80607
71367
13597
41565
60430
64544
46853
73011
35862
54772
53852
81011
73585
43166
17134
8762
82309
89086
94192
29265
26952
76454
98953
32303
99026
43761
27876
32076
71656
67783
6765
52264
39151
20362
10181
15933
1258
57034
5297
37120
28159
59149
18132
1744
2315
51618
26858
976
57056
21050
46594
361
13856
61899
32664
29234
5660
60540
61310
77317
44675
68076
29581
178
4790
56114
16112
6049
13149
21409
43169
41308
96910
77653
59404
15577
29272
86263
32906
2680
23665
79500
3041
37522
41399
35705
66756
47059
12597
28067
40728
57273
96143
86661
73803
17285
42776
89915
23334
72277
27676
82856
29937
40938
60509
89341
56516
6133
75604
89422
8814
15622
85274
11855
53144
43025
63913
19900
90084
92862
64319
47165
66487
76814
33826
40291
94100
76602
30206
33786
65231
74235
16642
95168
15173
77152
84510
88041
99637
76466
93815
8451
92088
95441
36659
61584
38466
16924
81485
44903
9786
62156
92068
76274
38971
25894
32917
33071
18849
63123
66857
84080
53710
83500
79249
85236
77004
80111
89629
76641
72929
83445
1445
81370
95238
54456
42954
33705
71380
40791
78608
97518
2948
70676
90144
41919
12922
23061
91342
31771
2537
74551
32204
56247
74403
27805
57835
51407
7916
47465
44401
97197
47262
62198
78567
42500
16654
37874
76205
88034
78665
54813
1904
97965
41841
92049
39884
54764
15110
47578
2887
17647
22130
35091
90247
96533
62896
48082
64293
87164
95547
25046
84362
42809
87244
79281
1662
3898
33507
77867
8284
28525
49033
10188
26490
7226
18589
82727
61990
33700
30305
64878
51347
68787
16321
57946
65321
79218
6029
45966
66382
1576
71012
67096
60738
58256
62730
78752
78506
12589
56619
3142
41114
22004
13330
67605
29231
48272
66684
7573
81972
96989
88803
49671
65777
5125
7618
47450
695
29999
93416
83429
47927
64428
50526
8665
22684
29608
87417
17542
42197
60389
20684
83312
98745
50366
67269
27976
98638
33953
51902
96962
47294
40705
62986
13071
62182
70604
60521
62877
16955
70289
46307
64882
34717
13185
89900
73753
59145
93669
91295
1342
54058
28331
1006
69156
78698
68275
97132
93688
18580
65386
90651
65875
22444
53637
78946
84626
40593
55820
63856
57548
26109
26515
22430
77179
39700
12330
50932
15197
6000
58580
16539
76410
3263
17546
45566
81961
2173
59051
92002
20754
24437
82653
86629
63233
52642
81927
47860
93235
54099
28068
67135
96561
54583
89565
73740
10635
18248
41024
25832
40600
15956
58723
17010
19220
92621
78929
17533
94795
54332
9535
31901
95121
8540
34882
58355
61182
33161
22567
70769
87261
50635
54256
174
5218
43822
90266
32205
78422
31290
58037
35374
63599
33112
68736
99171
25734
47665
33056
20529
1997
58944
68782
97119
67484
3664
71826
45019
36825
94393
32140
40438
45028
86397
40612
66598
46571
30878
98803
41345
78521
73192
76719
58472
6304
45455
73995
32038
9473
7051
68919
11470
65995
37701
24941
49832
57717
96767
11203
10895
91160
43343
51333
52540
46092
8298
19138
9015
55528
34293
50360
50401
23837
27079
25225
46494
88887
99220
94884
98360
6272
63804
26182
88619
17857
67476
38451
91927
80595
49654
2822
88108
9350
70507
40648
71794
95157
76139
80810
67038
10432
47522
17439
50622
74602
42665
97116
79841
41885
92000
78201
64509
55804
20735
53129
90014
88211
7932
81941
68807
73939
1115
56915
83289
71622
13915
71435
66780
90054
68597
33818
16839
16120
67609
67461
90722
26626
64577
86915
68512
56577
65116
49373
28734
2203
2502
35100
90415
10435
33393
75574
84374
34508
48841
84015
6130
62756
71802
89262
69163
40400
39432
2354
56520
7042
69815
63594
33668
50744
50509
18532
23673
31977
67906
68759
34180
86760
3859
40947
97195
37252
16521
97921
88112
65362
98288
94243
44471
70091
99857
29986
10491
39290
32340
83363
46332
18507
46957
80000
69251
13818
14885
9276
45795
82791
78036
96327
85903
98247
37275
83099
51852
53796
97372
39964
35511
12013
50559
96334
82104
50417
26320
8947
89707
75012
92310
36039
93519
55619
32391
79122
69437
47276
88398
31584
46419
82786
27911
32323
81034
65186
31774
49238
35335
45498
89202
70846
57511
39762
83532
55967
90179
9852
64914
79886
84864
73576
32277
94735
45547
64668
73857
14984
28297
78607
62920
91068
61394
90832
23391
58780
72370
71517
8018
7705
17016
13572
94903
74527
53334
78435
46847
59865
4639
11761
56103
5855
1690
88380
590
47237
69401
90799
78574
14050
85759
41494
5118
47153
48678
44862
22285
37401
16379
30303
45106
49747
43875
56362
40627
13562
51149
87474
73427
72141
15587
45883
77996
17277
50615
94939
80867
20016
2090
59441
50418
87849
17287
55537
35002
82318
16751
73639
19719
49482
3942
81177
15582
64170
37539
56209
94084
5041
60035
83863
77182
75622
29746
71530
92900
80362
66469
90119
16730
68560
65912
67149
56409
83199
39038
7764
81869
72141
81403
1588
21623
1698
82766
37205
82220
36657
9766
76304
58050
69801
60167
35232
45424
6266
23115
54676
2980
89584
44795
19710
74496
10707
3211
47258
10258
58601
55022
92128
30742
52777
10068
52366
70827
9186
5923
53047
45844
15690
45703
20246
1843
22223
71831
47267
28489
94946
18295
31469
882
79442
67531
75379
90149
87095
38989
16760
45696
94011
25240
76439
63140
35308
45157
33968
44495
67432
3367
6691
99474
49071
43289
1318
71294
15120
64937
16135
10066
83233
63956
10949
62675
31487
2680
69177
34934
41669
2289
80631
52032
27529
57070
31524
79189
18579
81844
40036
86011
85212
63079
85486
34283
6369
3156
21929
21489
68093
38064
47908
67678
2020
75209
30354
49859
77889
15883
84794
35910
18172
65425
4294
62053
38847
35818
41242
73778
17663
97631
59789
19227
60710
61627
53510
67079
81135
91791
4921
49229
29855
52829
16907
48227
28038
63613
98086
22279
79496
99232
74541
14020
81009
78835
76073
36208
31005
33668
9986
65020
47651
86128
84247
8361
64107
54109
91793
45243
45900
96714
10824
92107
49543
27731
40334
93933
7697
54773
16212
3545
54005
90753
17566
51367
85940
9991
87575
16945
60011
97562
98318
7662
83690
82565
32376
47797
36675
24169
93040
98927
20883
3864
91035
86778
47948
31369
80711
71997
2494
96923
75542
56500
4028
9460
24219
89968
35804
11794
23265
95815
9356
21583
19830
9398
4149
52206
57196
57176
92727
66588
72455
13610
86805
63490
388
34753
11212
81099
23102
13706
94374
98644
86558
98402
8105
10777
4722
60261
22572
27987
56076
48280
49571
92258
57679
70072
60816
14875
43600
53543
97815
16055
83505
84620
79546
83893
35725
7110
81344
58827
20816
92070
57472
7375
90472
81929
34504
95194
42190
57076
39534
14618
5357
5457
23229
79388
75529
84045
94263
19129
37589
92078
51536
37446
93051
47434
37692
28776
54544
19036
87604
75361
27459
61428
99088
17931
43357
33592
29478
1899
7021
69012
16517
28730
74469
39746
8118
66350
40144
18733
1831
94085
27163
53367
31531
20214
802
69223
48991
55346
4612
36595
47059
32071
98023
46147
66354
57732
96092
95832
59631
19465
81196
92500
48195
72017
48599
72665
54719
88743
91398
56550
99180
18561
26270
30711
38776
27072
16287
87767
98770
37251
40714
62182
69322
55089
8329
52028
12821
20773
64213
88804
40238
45409
81304
4785
33779
46255
77450
88498
51350
85200
61401
50530
3762
87671
97594
58890
31095
13881
63009
46217
51132
3723
8399
36806
58812
33081
88834
87985
53854
53047
76789
10445
14809
74445
31582
48588
20701
25385
53438
72051
10585
31191
38934
30699
35214
36528
89589
82661
66761
68950
28879
17893
72673
53630
54699
47837
86711
59885
52174
56918
12933
28963
67363
27742
19761
15297
92682
56814
40682
62472
45217
51268
93664
84151
81967
45230
37031
87909
27892
3792
73211
56771
38037
62237
10401
9088
10074
13465
68974
78601
70383
81907
23916
54098
26001
43677
69395
35035
491
10078
97507
62061
77698
7523
46212
76017
52754
83244
80278
96998
3388
53490
53769
41426
15727
80522
50514
42153
93987
19488
20754
80722
17747
44671
34820
60100
4700
4216
95135
5192
30646
8995
67253
24696
16518
29817
713
85624
29413
80992
82622
32802
50834
52743
74228
66561
33266
24742
8714
43605
60583
45821
24328
78330
90492
75500
38431
95192
96068
33566
16736
26714
58913
341
51410
75432
46511
68476
77408
75924
65820
76383
25078
16654
29126
99306
83215
78744
40401
8281
38702
984
54102
79382
95666
60946
54882
34097
72491
50951
84016
89227
94017
42929
5921
61780
34713
52432
30256
12122
44708
96076
4857
69787
29082
33983
69093
28649
29080
25846
36930
84134
26830
7385
63516
22497
84683
18398
72946
57174
69349
56962
62754
63367
16244
68675
25147
50957
37459
71755
79431
82167
84183
84288
68306
13265
34624
53752
41914
80056
79598
78844
64190
22781
2581
27706
61630
87265
46104
34576
44439
31806
7891
23545
11525
24135
8572
53024
91444
46031
24779
70876
44551
8962
71516
12857
22227
6140
66609
64141
86196
62560
59337
50386
85341
78271
94444
63323
65536
56901
97899
26327
88707
22142
49873
232
62629
58445
53256
54074
20829
94387
41302
65380
3349
12818
94589
41928
18959
77551
22421
21507
40111
98110
88246
25452
76381
82690
88775
58269
39591
3026
949
28298
41521
67174
44882
20502
41971
14490
90928
62800
8877
32230
44532
28578
61401
55474
70506
96712
33025
9279
18219
73136
7390
6465
14940
123
5508
20067
74745
45099
39445
75694
89750
97318
59220
50984
17821
1191
65475
8749
80344
90704
57332
24876
35635
18733
80350
22493
15445
29727
31773
50016
2863
55515
72834
34155
55638
78342
54222
46735
23441
93668
22429
29543
90986
81649
80528
25159
99193
62355
33909
79537
69411
7593
4413
5046
26326
1116
43892
58123
30843
92017
8139
50059
47532
80973
84214
19522
75667
38437
66258
99109
48457
5039
28652
55795
86689
25532
97307
2234
87887
31216
81771
73651
55161
86184
78697
81487
3652
38941
55962
50848
30958
80453
907
78490
77779
1473
14365
53446
39910
80623
68907
4719
2014
13912
76867
5055
39444
74174
7289
43684
21742
89060
17335
76903
91597
12384
74742
95249
51326
30704
62449
82284
11157
79708
77127
5288
81182
91492
58735
21092
88467
27642
42164
90481
41554
19031
95537
97351
9557
2826
41035
31299
8239
58370
8202
99836
70754
82944
11437
38432
30000
73887
20717
57509
53595
14196
62798
34777
22040
37885
72222
10507
65527
30738
17340
23434
66121
29229
20785
75678
48408
61820
6977
56647
36542
31531
56483
23648
30827
84272
62081
60827
58159
99150
18336
28107
13346
97486
79236
35386
35371
51458
62245
17251
82196
79585
40685
48317
25167
77822
23995
73575
55994
47324
30222
8888
78855
3057
32536
9682
87329
94617
86861
61841
10119
21550
89948
23465
19036
69184
75203
70760
36995
37448
88011
35543
33386
45048
213
58553
39222
40560
48480
95216
87885
95054
4104
83092
98111
52992
9127
1792
63962
95988
79985
74081
17538
86285
13899
52927
71822
89102
40039
8817
42903
44402
60712
76289
89450
60925
51194
28672
1486
16026
40240
5723
11080
60696
88815
25543
13688
97942
43687
77650
10283
23673
68084
44173
9958
81983
97100
98132
87437
53491
23301
30340
97893
84014
22981
87343
61291
90527
32367
62777
6553
88959
68500
17633
49655
73668
43176
79696
71610
86864
73698
81893
26889
41782
42419
53199
40117
39519
51332
27555
9363
74633
57895
7256
74999
97229
94600
36291
87756
43319
15420
10662
32279
83921
28295
98286
73941
87824
77982
45551
91040
51681
43797
17929
93463
86216
87480
49933
42087
38812
77488
51450
29798
51735
58707
21149
48964
69659
57440
53073
29330
72861
63735
61609
73134
8382
59896
47075
96206
54230
8978
3598
5911
69127
21527
15727
71695
9008
65660
30135
64172
59500
97937
93970
11235
72996
15120
76552
42655
88912
45977
88338
78125
9712
49947
51259
18094
26195
14686
30653
96778
40017
34251
19041
9144
72131
34768
80840
81139
16780
27327
61663
92632
25264
71986
3868
98261
3458
96772
57268
92370
42749
45606
70496
52461
11906
38107
86907
54453
69146
33912
51231
9163
68164
70273
18307
40295
21393
15499
37786
54526
59178
15801
47158
84443
87787
51026
82704
91245
64150
39972
99968
6899
1931
70464
75712
13837
24923
78972
68290
94069
12884
35874
3232
97400
6147
37892
54047
43892
69743
91833
98418
28922
23987
45577
13365
11774
12955
12421
19372
77106
68745
19340
357
70676
6156
76070
865
31079
55042
85508
25149
67926
21382
44733
65327
27529
82625
19374
87773
68721
27560
86192
97643
67899
31769
27360
96025
61076
56133
15397
38182
41230
34737
54892
28259
40893
30962
29124
88325
2356
14632
13474
86634
36014
74559
51961
79895
73537
87688
84021
42258
31600
70213
56253
99499
18334
99965
95524
79410
72450
27274
33945
13680
78363
88837
41939
19257
19799
71064
23934
38507
2048
53760
25141
54415
28319
93455
50662
1856
97495
34683
60466
29095
4896
16719
44946
23230
33036
56822
18993
5486
84096
52938
19167
62460
41775
77458
98069
77926
48522
38355
32785
66923
92115
57926
21338
20434
51381
88352
38643
48876
23036
99109
94323
44284
32181
55621
83867
65217
12444
2860
87056
12892
72150
6223
91704
30277
83681
6125
8203
48556
44480
57340
31831
52947
15266
69521
73382
83000
57873
28377
31876
97261
43838
42552
57898
76019
98173
41765
57589
26969
60977
44645
56214
49479
67220
47918
79756
67253
70396
4311
32161
31228
61651
63992
84176
76917
49865
73910
59917
7739
2287
8146
21352
46125
50698
79250
38497
65223
37367
96086
92193
14696
57083
48407
64175
40655
12677
60283
24260
83073
64594
72774
30654
26245
36766
14830
19515
2984
88740
95784
10723
7379
3930
48427
69856
70980
44030
8353
52556
81397
20791
44749
12446
94226
9508
92973
34881
38537
53257
75494
21611
34203
48268
52265
60449
1386
83447
96316
4370
72187
92100
31445
95918
12383
79873
65774
99715
23903
74128
52271
21652
11271
13372
50450
5498
22880
43424
56731
61418
96681
32225
99381
30884
80493
67998
7685
98232
51445
20353
2602
39984
28806
34048
35902
41189
30273
18028
57256
54176
8508
9528
92180
19780
22900
42631
25278
62133
86055
82009
39903
99088
30587
39284
46324
27432
23634
70362
25664
91431
90715
28267
31415
19521
78667
83669
77062
8940
18049
34319
79468
26558
60199
88000
46338
99451
30631
87968
77936
33038
86329
17839
48478
16916
73475
94803
44349
97109
81517
86365
88540
72232
30984
36307
8106
26003
36328
85168
34943
54378
35839
30763
80936
12390
35116
27274
28194
82099
15242
6130
31490
1571
23970
79968
34840
97445
91123
95541
10907
72640
81906
99447
61225
12891
52107
69331
38894
88435
70851
90190
42813
23043
37305
40101
51785
88773
67375
79979
70873
98969
86110
2363
16893
26432
82331
51733
23877
89807
47274
51136
62447
45532
66936
40024
58423
19043
9355
13670
23830
96559
20212
66644
35954
73869
23097
87739
62643
90473
67719
49868
5794
53829
52231
22687
96613
50914
74420
20490
40721
38046
87979
19521
83579
54915
59545
58354
73958
85253
88376
97788
98164
24940
80784
34118
98810
3882
21857
77805
10707
89576
27673
32853
59757
79904
55541
56370
30818
46313
93213
87892
84360
97544
7413
84291
52459
83310
42645
42769
68563
31022
40557
66727
55962
37694
17197
71124
57928
39055
48929
84987
44983
76602
17840
21093
72858
73381
93815
20029
36047
3380
7921
20407
924
31686
21050
53383
14996
63695
96152
99912
11069
53062
82991
83384
7108
189
70860
65036
39244
19790
66375
579
12744
84215
21672
1955
73949
31840
21984
9996
35220
46257
46755
36145
94295
67805
5880
9291
47852
18385
25555
75274
87799
8547
58658
94907
8736
29518
76295
64332
65660
42670
81263
94757
26885
19288
13064
17186
51128
51400
27182
86348
97657
73937
38845
8304
58094
61078
17595
5947
79463
43151
81221
67262
68050
56231
78521
76786
2101
54816
57470
84114
13838
38733
78871
57075
58021
8287
74262
25501
59687
17796
11850
73696
91734
67047
82000
49828
28125
15947
72127
23940
75450
53348
7554
43500
25931
86075
36638
28033
57243
94108
12147
87433
49194
7370
44509
23567
15657
35123
49069
91696
52919
77271
65392
61005
44318
63744
27186
88796
96043
99313
29088
71494
69014
36643
14994
94945
39070
67985
22978
12666
78445
51477
99
43991
58847
60960
67559
90856
12435
32980
82552
65355
10251
64296
42712
70921
44392
69898
76069
40436
69212
5158
11930
38226
41801
43276
49523
97223
27613
72502
9889
6059
23979
9989
50050
99179
87301
33961
90035
99737
66941
88940
65092
93544
53236
24156
64466
97629
94055
40535
54417
79619
62045
82699
34197
20198
42327
83720
17422
69941
72574
27311
92352
12906
53652
58754
12085
40954
92716
2120
40691
76009
7412
22135
69554
60649
46291
34020
74630
56698
90907
45399
36317
69305
28098
70514
89503
70425
54235
23277
56718
26809
66941
49070
39715
20593
7825
68152
77899
541
86625
34942
76550
94037
57077
46104
71038
19721
96476
62020
76419
3736
7419
29089
73041
35517
99603
78896
22295
70190
2174
79013
13352
69115
28084
69419
89708
35909
37572
83960
52802
40549
18902
45704
34586
75980
8161
5625
12053
4637
67645
4824
24725
91417
33913
97766
26934
49869
76663
65581
20059
95189
44595
49763
64304
89031
19183
70364
24940
73107
54324
94094
13656
73227
39798
64594
65559
47959
70219
93964
68949
54217
98788
93674
61986
49054
7793
5272
98923
808
70854
35334
95997
31801
85098
60301
20832
4281
47017
45772
93740
1342
56218
7396
90921
96016
71990
72832
60328
58562
66796
29277
29131
65584
22951
91117
14638
47096
12741
29913
47904
83595
65248
43901
15396
50346
20554
36228
70979
83924
98352
81071
1618
54570
88467
92539
66939
76809
65371
27267
51723
48519
72896
97206
14103
12199
4675
45094
59296
17417
91359
7200
1012
56607
67454
32761
23305
4360
68989
10636
4636
83694
91707
6254
54616
80174
15145
21555
73336
96868
65174
41411
45387
38070
38618
75843
66622
43293
37289
25918
60710
28648
49470
61723
85256
33276
94484
24913
53989
79825
35550
58625
63519
27257
64880
34488
23784
96377
56043
97120
93246
37570
38531
38633
91992
93501
14476
58614
36795
51765
84532
97505
96766
50355
75580
98374
83631
86416
23287
37620
82594
58837
12598
62465
86095
93830
96953
9879
90207
69349
23351
83453
6919
78234
38439
98911
71736
52915
57526
24883
21033
58410
38740
34151
8765
30673
32525
8749
33441
55812
62721
16035
31002
75319
78501
17097
69149
91806
43328
75709
61155
83031
59162
68074
77617
13953
83338
65705
83221
57216
90588
20606
15626
45681
54757
40744
76354
87282
49493
9795
59446
28566
42183
90448
3886
20684
23897
89387
12490
67225
65096
73646
66608
40611
58072
60578
54564
41410
26283
37785
98626
33224
58391
30605
78905
29500
71349
71611
16782
37194
81406
76229
82112
39941
83029
85998
60625
6927
91738
89468
90504
73186
79466
57113
13797
53890
17691
84714
95301
60326
38851
10279
93550
13595
40884
88807
43095
28585
60418
76230
82131
58177
68811
64244
98118
51840
66594
75096
58767
74684
80916
49272
47871
76734
22737
78020
30624
56780
79086
25925
17106
17938
52557
27009
47885
9793
15816
7332
38379
92587
83562
36862
67116
52373
17458
81586
20566
84053
73034
95685
58737
53950
44957
22960
30684
84046
981
61309
57178
80067
3586
74285
14357
56143
17646
62242
82289
49814
69575
37020
58753
53137
73882
25869
21863
91341
23808
58781
91746
96842
54466
66835
50793
15776
89796
97829
99822
7129
59138
57001
87196
79077
47638
1554
51572
81636
80148
33861
31450
49723
70881
90204
19213
61116
32425
57428
68809
56233
16209
76907
69428
70675
43742
20221
86451
49890
34402
2626
73371
93541
75979
76920
88970
39969
78474
40542
21605
74974
90756
53055
41050
77989
59611
60263
39105
8389
34043
7914
64622
50252
84821
34050
20927
44916
70623
23731
11158
5026
42709
84530
14919
18688
61450
20241
58657
56276
60783
80262
47602
67891
49669
88652
45881
25633
48915
84986
34022
82958
9253
14996
49562
10426
65399
86842
55342
36022
10573
82853
57400
69634
83735
88671
88322
61537
8912
63331
34165
86048
59945
81767
53939
25966
70420
16172
51599
35687
1159
85621
34998
26764
16970
912
37190
82369
87754
8885
34743
14679
8090
8496
84313
91825
97167
72635
69714
22432
52318
3879
8480
12263
1998
78771
38230
72418
11296
89829
24458
28807
91803
75808
55571
8773
76720
92761
7494
64475
17998
42237
95506
26088
50733
79820
34265
64253
68807
3979
86685
21126
7858
11517
33389
9857
6640
71619
98627
17936
77801
39437
46743
69604
15245
2314
94729
8318
11428
2223
89145
45778
60812
84651
71867
11546
80823
6132
75799
49631
26464
78836
87109
50674
90353
20498
60531
13345
8470
75511
31282
2623
14948
78025
88579
46546
96692
83308
54864
24472
1883
44009
70250
62695
45012
42117
90593
25836
64602
82744
91819
91066
61580
78928
41740
68285
15778
18624
81631
24248
10487
12913
43223
41787
7290
31802
4685
20334
31462
59549
44806
33345
19910
31409
12393
81275
89878
2986
7111
54480
2083
98930
61898
63663
94210
19991
31949
9988
54967
29932
50589
65454
42845
93812
23593
66487
25615
28279
3174
73429
4180
47980
23127
24091
79389
35520
21718
85620
54858
28829
40100
56941
44111
18351
36957
38321
54694
85258
48309
9661
15190
98898
91467
74387
9063
15060
40874
51030
43339
44048
24459
47520
8381
47586
87963
4122
99458
26033
89742
70669
71214
46195
43962
15325
80898
80919
69998
35592
66177
34659
45253
97719
49910
53072
72106
58973
68132
29333
10003
27824
89733
34462
91696
14466
98401
96011
34941
97859
22044
24683
68528
93258
87230
12491
24935
68128
9762
94933
3720
92292
29592
65325
90011
95854
18397
78470
54827
2882
7803
81182
47058
13888
31997
38754
28355
30398
51117
63296
44609
73161
4331
29490
82771
7914
58333
24058
76042
68095
18991
96115
60387
64935
77792
66751
60790
12542
45221
31969
15424
69376
13152
62482
99616
45149
17588
27971
91899
68705
7619
36508
58218
28303
82350
57341
36217
40683
81399
28611
8779
16742
41078
85518
81677
18871
68621
58819
31413
30194
7141
63189
99570
20293
42023
99187
81794
59611
43510
90045
44668
67482
42905
19238
95785
25256
76579
48354
65939
74330
76965
91070
91072
34396
92941
89101
53267
61562
64273
1032
91757
71414
80573
7679
8059
22596
23218
6205
98559
66729
96250
59579
34211
39155
78817
46348
64411
71748
94702
46703
46078
88019
37773
53502
38767
47066
42603
8386
24981
23228
9418
33090
94642
6343
57121
19053
28939
80340
25258
43850
63421
21508
3429
13984
60664
82246
60332
41427
70346
71386
88130
16424
75757
42256
86278
14525
89322
28882
22911
30655
68462
48682
63745
63105
55025
20867
98510
317
17559
23769
44167
80980
45277
47597
94964
22293
46195
71648
63721
16542
43034
51851
49318
18791
10459
35597
49668
16134
80831
88932
46789
49293
37614
26887
28750
92639
64106
27261
9308
81665
67382
53476
62645
12659
17425
57609
34953
79972
29257
15026
12866
88643
66877
62185
23786
93689
14134
73455
9823
11317
62387
56612
76962
16353
99851
22065
25344
63957
49326
34653
45622
16708
4481
8267
45719
21906
82228
97024
1878
27837
12050
31097
16480
95280
93282
56619
88969
23768
46426
98792
35085
8813
71756
28399
41518
71608
50464
66862
51917
16142
1515
97540
49202
5996
22159
94922
44254
4388
91946
62485
48577
20349
93582
81410
15629
86864
38029
4598
26984
84455
19742
78421
9620
7850
6820
51138
79458
57285
18000
47728
73427
35868
45268
38982
58216
67427
33904
2471
88167
42202
64956
36745
62551
58538
34507
78180
61754
72536
99130
88738
73343
18872
83511
82963
43075
90331
50453
38885
63968
84805
86613
53748
20673
31881
92730
95242
15661
42986
97713
3828
85188
62669
56925
64092
37559
91432
58624
99313
80320
74107
4403
53663
9331
87914
52978
52406
94597
19783
91292
58566
4589
77905
28666
41614
9787
21396
36856
41800
80734
50921
45628
82274
13590
18906
46366
51149
26690
21343
66814
23363
95450
71217
93378
4781
75483
62709
57188
70081
82492
48480
44999
3433
26385
73665
45048
52524
11413
98256
94324
92147
49178
56305
74421
79120
91563
37140
46622
34605
58483
13436
57968
53933
1006
51347
75066
76489
14056
32254
62922
12900
80734
7921
16334
23472
97938
77734
92348
9351
92342
3025
17850
57872
59330
8624
36993
67245
45764
99967
1850
20599
13403
59819
90884
30761
27518
65950
7251
57926
98205
70173
70826
95291
94447
87160
35115
92385
81246
27464
18089
73589
30489
52291
47813
6171
60915
84806
73416
23031
1125
75266
43630
30881
51437
34514
61642
78955
16817
68893
36881
15022
55419
7708
26665
49866
11220
61781
58603
8819
5597
93044
98760
36086
45336
46573
58609
6251
47732
32025
29283
48857
23643
89265
79738
75081
40132
41381
54036
56949
26626
7270
88323
98397
31330
14988
64615
58902
76769
23219
67721
98718
16263
66481
34804
61599
13055
93413
84203
60787
41790
29838
25996
65434
19103
5735
40515
59235
63468
10903
32536
6446
18173
20859
4844
65855
35848
69459
24758
28969
9030
92479
27688
25294
75313
78844
3245
4720
88610
3800
65507
30400
33638
7855
12186
69094
29942
52701
28329
93410
79957
77218
99857
14482
98077
21053
80338
50277
90512
5096
79247
99543
13927
23287
41189
89240
18483
60786
93960
7093
64587
75819
37494
14577
27
49680
83671
29969
18734
28353
39732
15043
5571
55941
29525
3648
76994
26215
53926
67506
47663
49525
83401
77943
89164
40942
67183
7647
1729
77496
14741
82668
69667
68587
13597
69694
34619
97269
16016
69705
41974
55748
84748
47545
11689
30626
67545
88683
56841
37823
72541
20857
87348
72295
98800
92864
13237
82335
512
31318
76183
31605
30338
62203
16544
43936
31897
51163
57557
64265
20869
99531
20013
5617
63428
31702
52595
30973
36737
25789
68797
25631
46646
72497
97926
61798
65362
27515
44133
82226
75186
36669
30183
21876
98872
46727
65812
47121
97890
39721
11387
35111
55604
31400
57081
19032
79455
9676
66358
32544
35465
35155
58175
82111
24004
72453
60261
5718
16321
4395
4296
91507
41064
34479
13383
56288
81206
95548
3409
95449
51621
14796
30560
7226
62549
87641
26258
58356
97318
8968
7252
32783
44123
81780
31247
84480
54233
91508
6550
70554
12255
10847
78413
69671
45326
91797
25959
26533
3697
45721
21982
55318
60517
68894
62544
39418
56536
5155
14126
53854
14123
21379
2989
74599
3159
50588
75431
73744
58449
81981
60651
70704
92828
39064
56728
38155
47213
82687
81040
50910
44760
19374
22581
5278
88268
85125
61048
61156
6632
75175
15010
20756
12906
34352
11707
32417
84940
87138
6161
43389
69119
66812
30446
61948
22229
87174
16455
69442
86213
97495
36705
30974
33221
59286
52604
37841
60763
30004
98998
67396
21531
30360
4504
34437
64712
16211
66854
66005
3349
89368
25746
72468
72532
72544
50768
94761
76070
67223
80556
78636
81070
33613
9610
30643
92899
78566
68485
53662
24922
67483
37410
46454
97843
41914
97243
78908
58125
80450
61265
61474
69818
87011
50295
58702
59556
1063
53464
35626
84639
50372
14262
82061
83985
40224
12705
93236
35142
81190
46898
76417
65025
661
22871
79220
42575
36466
74480
701
16916
35745
78527
3086
22757
45174
61789
98665
62590
31605
50643
47229
81977
81258
29290
82314
37834
41995
75550
89329
39537
38800
65746
20914
39461
4969
135
82037
41435
74615
99090
58352
10361
93969
61438
49470
55496
39579
64487
18086
71184
15130
81667
69513
12740
10957
51827
50575
69305
27377
56256
25194
66178
22002
46109
21991
26971
46244
4028
68406
37211
19470
43110
63924
29792
4549
13394
85288
44128
77881
3374
31665
9364
85041
1178
22104
12350
53006
89031
98007
96735
45287
23202
62913
83641
69311
84905
10612
31907
5285
95371
69118
41108
38481
33043
70900
59382
62789
56188
19863
40671
75914
67880
66387
77307
69058
4843
89657
38416
93875
87665
35152
55514
10867
14417
39156
96530
15674
66120
28437
20960
77843
13907
78420
32677
46950
49320
8411
9740
21860
44626
66763
97774
12506
49502
91433
81565
54345
81090
36333
64572
85107
71485
36439
12326
2255
91947
8856
17929
58067
53645
55241
52263
67553
33661
84940
14503
99333
93351
40595
21193
54330
23710
35319
66836
73212
26752
64753
43910
24195
1087
8482
9302
88924
61273
21629
91179
53220
46837
25461
11288
483
80702
79903
84388
30716
64843
15243
30049
74546
55839
67595
28876
95901
19266
12065
85466
46019
76818
29376
86566
77905
54210
12220
83182
15484
50201
90713
68704
97039
16174
96344
13874
96877
76247
98262
27593
57442
13505
57642
31989
85696
41589
77217
81598
60856
89282
67064
23227
66101
12792
9793
60358
67002
22013
59892
82486
88567
50606
67543
85606
66780
63887
15832
63657
40135
14094
7602
97577
43951
81597
45918
46000
23186
39488
27598
84042
28770
11014
7269
11223
40158
33414
87934
7160
71780
47826
5999
60347
14784
73542
62305
81565
37429
78137
61574
93916
8583
69177
7846
68886
67126
53764
14886
90312
93252
58836
90707
38375
69850
14328
65950
26360
47743
53884
33521
19523
18063
55872
96222
32847
29414
58527
14412
83195
36664
92339
93464
61599
77868
1310
30485
44994
71426
45372
51658
81031
4208
42365
19406
90411
56694
85356
16771
20789
55593
66644
40312
73656
22516
36534
6503
68282
95061
37268
51478
48077
29607
44942
9676
7475
46252
40161
68821
34030
1885
20479
15061
6094
62845
50819
12857
35891
36176
29628
56680
8121
96273
13344
81777
35141
49878
4632
3424
61291
58252
54902
25720
4211
16196
35396
11686
78800
91909
96859
12830
93795
17339
27892
16241
96536
78711
29098
32427
31239
58726
89107
39360
71351
2451
37489
22845
68681
58474
26269
46324
16726
97523
72044
20938
30071
23792
48976
8871
15701
45836
21701
25848
79527
65945
42089
76063
61009
71187
8490
92248
46266
97597
47961
17617
16400
1802
56814
85081
60276
83083
31405
93355
96958
19801
30645
27029
43593
79621
35900
59294
41809
73954
85143
21336
56251
27232
97399
17260
14772
22241
25861
61038
36190
90174
95007
52590
91976
51822
54023
68605
34905
1780
78312
31864
21581
8957
75245
65174
4930
11146
40821
63092
1452
42316
84428
57703
85900
98180
74964
672
20421
825
78062
56612
7351
73070
25554
15679
24892
95930
84284
76149
97710
78948
24365
35644
4257
99611
17170
9188
27109
57991
72280
28561
16659
73060
86264
18912
71240
77580
19584
8014
94757
13999
80978
2108
87069
6532
17788
28313
2462
18424
20814
16525
97373
45180
52169
1630
61143
69339
27170
88252
43683
15802
16813
60342
88863
19429
79254
76455
13362
15191
84469
8119
45542
81799
26580
32611
4684
44368
77276
7146
79144
98090
40023
76517
43270
92192
94500
20765
77884
38022
9017
21567
53825
42182
98261
42688
77964
93868
35495
91326
25411
36317
99445
70953
18116
26025
19916
22800
86745
97192
46299
65890
11634
86322
58759
54905
94867
69611
92022
72751
7634
1040
10670
61459
43222
8931
20499
21186
2799
55994
12512
44562
92311
28310
15515
26780
54335
51783
49580
41081
48975
95879
23323
60610
98554
82082
31867
93421
51694
23889
82524
59328
41281
93194
37139
856
2125
57638
22042
21277
13632
50907
82191
22296
95569
97707
49076
49904
49490
15008
7337
14818
10888
30660
91780
25794
29095
23647
35567
80789
63888
18091
56469
5170
11285
93608
6026
29762
51246
44420
67391
81230
11679
49583
19878
7248
63642
68954
73505
29484
83963
97194
44302
11203
44207
36082
53349
73302
76081
88916
70443
56322
7007
26912
77844
34644
36872
222
80758
88118
60994
48150
85700
72674
14085
5579
96274
77727
90885
86131
7211
91200
83326
67866
2403
43885
3948
72104
33539
96382
61020
3982
52704
84379
47246
30548
35375
84118
47122
16134
88588
8116
80636
74288
80790
11073
96219
93417
5152
3457
79548
12363
94657
79226
96581
13413
23111
16882
85517
56650
13264
46538
60632
82320
47269
24230
29220
98997
8348
76342
31483
96936
84458
12119
87577
65249
39544
148
75018
44696
3605
54566
73411
98263
33793
69993
28028
73256
86875
13545
29907
16491
76435
6891
98811
23705
31122
28031
39054
55822
4373
70537
69111
5183
82656
73040
86784
38552
73188
61802
99600
93146
32721
73011
91409
66514
59356
35789
56122
62583
49334
86029
79074
25770
9273
94237
65827
56747
22268
4881
12569
42993
75418
98032
48177
74426
71072
34961
29330
44261
13116
28930
37407
45837
1941
45168
28703
77650
80957
84825
40233
46643
87207
19308
88765
96480
29897
54592
69579
52166
75825
82148
11511
67595
80181
76040
42021
67605
27354
71351
11866
40470
16633
65625
86307
18575
27145
