99356
52225
56446
14580
36677
86617
14091
26914
62051
26624
53256
57039
8119
85986
63717
44205
46745
47060
65451
55709
75168
5386
11387
46995
77843
38602
81878
16518
50811
59111
26318
66519
27688
82765
97451
64366
85734
11542
7632
47786
38166
77240
21177
62637
79578
1246
23195
26323
48306
88646
98385
23474
94032
9772
70470
71876
64726
68700
4746
15537
27811
31064
98408
71852
30181
95859
36218
32268
23753
60202
96406
78271
53794
17583
40908
33372
18829
64103
76047
67136
69101
90784
6962
63134
16908
93784
51362
81634
62485
72460
13523
6648
19876
11931
94852
66410
24142
31070
98678
47895
7624
95084
42518
61418
29019
83427
11142
64200
63882
3542
47688
32984
94326
71003
12470
11235
81139
80184
92869
59976
52644
6393
82977
72520
34676
77829
55282
58819
25252
53960
23066
32876
65396
65585
10647
10767
65364
38141
91320
45598
41683
39008
94934
36010
26363
7404
63597
7503
3940
56466
83831
56584
79211
66808
45457
13888
44638
739
89059
86242
71052
12125
35470
36448
94062
46117
63568
75778
611
54888
21377
42294
93896
16311
94656
36612
40068
58253
60467
44008
31072
44298
16945
10283
11107
78754
40523
72097
95845
29582
58339
66897
58060
93809
19698
52122
56279
83266
44253
73242
38154
65630
15536
48402
98293
26545
1366
38361
84798
61833
98722
32222
6132
32019
42506
33591
10773
83029
22040
6618
28964
96731
89868
87024
6892
25918
55498
79523
9184
99751
52765
63690
81733
84654
28444
80027
11199
29811
34740
95997
91644
49814
28220
14128
81833
87078
64071
8958
86459
86111
31929
31775
99194
21797
18799
6087
47715
90650
85610
73251
6753
54728
36941
88487
39382
65385
84866
50581
11548
35958
62930
3193
85773
7502
17321
83958
10932
97745
92917
97392
83856
24846
29167
99403
46643
64319
21842
10710
71321
7452
83961
94426
78532
37254
99265
17914
18991
84131
84847
30540
36442
47778
33733
22215
71632
67406
6173
82565
81503
15442
96309
81712
40288
41828
81115
3283
6147
2957
13993
93820
26761
14306
88247
5294
67912
87512
39560
86904
87996
24408
33796
24438
72186
83881
63005
43818
67639
85530
26383
49143
973
39044
30855
57613
80873
11970
60897
3372
31279
91242
97193
58040
21901
1792
79686
89813
89304
19247
93069
93652
43655
26865
34442
32193
10746
97447
92363
78386
99330
35099
27529
303
74143
58384
57916
55016
86706
18813
58389
17985
26408
55582
92377
48309
57374
72064
54474
63030
7663
47544
73035
51318
74409
7477
99863
1508
4925
92226
79894
4255
27325
23775
20910
1469
98511
95178
56485
1569
30344
14874
35906
56752
86808
28283
21413
60534
16699
75887
39917
24362
23431
12952
92032
14193
36781
91895
15701
41706
474
11947
62313
27799
35722
99575
45620
34233
94754
18458
52154
25098
33332
88060
98202
36493
16343
19615
13379
49395
95502
53296
90109
18934
82600
82142
33127
19382
90389
65180
77440
90863
77127
56106
35015
29201
55681
80635
79786
50435
99093
31940
91885
48778
20000
90087
1623
52695
9702
15002
2090
5205
68299
92200
40491
67251
90694
89970
86633
97435
55150
64074
88299
48629
20180
39666
77830
75861
36653
57616
42649
52099
5908
50886
17229
25908
40974
18852
78603
67028
33854
97046
88585
18505
5598
29076
2109
96292
35398
88742
93727
6900
52816
98378
55529
89348
54396
49711
81562
91050
7327
24211
43149
13235
91449
60378
55495
48775
95582
50451
15804
45788
47497
4389
80646
53095
49818
82755
65739
1568
71497
75818
8469
40666
74197
63998
30014
28593
13710
11576
35995
37389
52139
79144
66977
59941
55874
38824
8716
51456
89275
24520
13597
53124
45262
94243
6219
11432
76998
88310
13000
48495
64129
21469
5513
54678
1820
35528
99623
15530
63456
35619
69271
31948
31115
52600
91889
3342
91425
16957
71150
80700
41478
84747
33825
3092
78990
56396
30876
55988
61059
43876
20836
25188
81698
42701
96218
83518
94581
95841
15400
58038
47812
84671
6338
95280
53624
14579
98622
45049
31536
69772
25749
89366
70872
75926
8810
49862
48675
39686
22203
9734
83563
59391
51274
65261
2092
47492
65131
96674
59685
80531
71064
7498
81554
93754
2778
35178
24685
17752
80227
56221
3876
22329
61940
74748
14607
70750
40963
63282
10437
79518
73016
94000
55261
24290
75613
57353
88134
40744
70379
47820
37627
57795
55318
19181
51549
74448
54360
76234
8552
50939
48808
12428
89620
10748
87177
4228
81498
44492
67510
91935
24010
56879
2287
95623
97521
94252
52976
85656
51348
39708
33476
88975
97503
5146
8157
65405
95946
78869
57991
4498
46160
6799
16926
35781
17547
20455
40009
15398
64947
23871
23685
5309
80750
25973
932
78272
36577
70261
63928
87926
26321
13756
76901
23824
18902
1410
5581
14848
96631
63573
35698
59144
70372
52624
94925
4272
73080
51286
19670
54379
91509
59707
76041
72260
85680
76973
66884
38610
63586
47164
26536
89907
60920
3437
30084
96174
21200
35665
27374
17831
99238
63072
76975
69611
32048
88252
90235
21480
55890
26257
75860
47400
85964
51901
36012
87997
45226
2896
26607
25165
66412
53143
15072
43684
72932
45156
39858
94132
97174
83584
28316
96412
63008
21643
82375
95056
9896
72610
16537
82138
98867
8749
29538
84832
77002
65550
89181
22228
84798
15788
47393
51210
68931
78818
94894
58215
40326
51104
52348
37500
51040
97016
50265
14048
18659
48992
25457
44907
21603
58346
27046
36822
67095
72936
38006
44097
38487
27187
82677
39637
59327
46423
90848
44610
25241
2094
2826
81919
53199
71526
19420
4239
68542
86037
34640
87201
35029
60097
48461
72984
18443
91859
9807
1890
64795
64165
45987
3282
7705
45016
59272
67032
91439
50120
11643
33032
52214
14469
14952
21765
85995
50724
42357
70889
36761
76997
58090
88142
37094
22903
61127
71889
14762
87286
73779
79558
51451
36118
99192
75508
81134
58464
42541
88926
24936
70536
21958
93503
1357
36910
15268
87352
3986
57625
74593
40747
50974
49035
45242
88068
71939
6369
76309
86701
93655
50088
82611
61458
2558
98156
36967
83693
56620
95860
72619
97909
82748
94577
91412
84105
47840
23032
87809
51826
97010
62402
8926
47984
11437
54168
52405
99728
60537
28714
86430
70544
95155
85393
48354
97713
83549
1673
81406
56522
13885
70377
54431
96633
81307
62195
80738
29147
85227
84899
97325
82237
47301
6251
46574
75091
76771
98979
74819
53660
44045
77601
24204
39200
62995
88911
36914
62896
90584
34672
19418
20822
21402
90201
17455
2709
52396
14546
48208
53976
99445
45533
36213
63099
68137
99139
54542
44908
14470
29361
98569
58516
6963
39125
14068
86310
44388
67334
65558
51325
18359
84977
72147
39761
91530
89602
42470
43927
20500
90678
97903
36298
52563
50468
99397
20700
65960
53939
81961
80430
99652
80530
55298
22967
36007
69367
25629
80396
53053
91188
31721
71412
92517
20220
11173
84047
26174
69995
44326
46675
77025
42229
99325
29589
9050
98722
66641
75010
69013
48602
55440
85017
45484
27091
7985
97844
96458
49966
78240
65863
41154
26313
37276
33671
62885
64801
34071
89059
34797
78397
52086
28174
36979
51411
74115
46029
66485
40757
21039
35498
89359
92831
36868
51196
19922
61205
49040
32732
11171
43632
98596
68678
86297
52224
18701
49182
33377
52772
38241
84526
31170
90328
12701
84501
41739
86816
30530
8225
27573
67921
60075
33285
77104
13295
833
97027
74500
49873
46111
2024
93505
61059
70702
79802
29635
89403
45336
63013
42176
83577
47539
89698
90257
60240
74199
48349
63409
21081
72926
7334
89002
33001
40619
82458
62649
41452
95837
37149
7677
41949
39173
1182
19360
9875
97336
48996
15631
42672
12009
57807
42602
59548
63857
49211
36141
54408
97560
99550
75489
70486
6884
80843
19840
63856
63301
82489
21660
75491
35990
29338
17440
75164
46872
53152
1391
60561
2148
17022
19585
30509
91181
62187
6410
55038
11399
58903
25798
25311
58453
1287
95798
81689
98482
15638
45545
78136
14479
83558
53627
50469
29248
87419
25633
76120
40571
43377
53033
59072
76751
72619
89581
67933
51158
12343
39323
78909
71246
65122
4221
29699
66409
19
27741
81244
32009
89638
59380
62840
73196
29359
13309
2444
16778
55295
94917
57349
98672
47950
16421
75423
20569
22355
59708
88080
34698
99032
66989
22297
64154
71210
51996
46915
87581
96089
44511
35942
85728
20243
98782
75276
49602
28444
77721
66380
83739
72638
40082
98763
36940
72855
90538
73862
95210
50247
61942
46261
65631
45283
68558
29785
32846
36906
93052
36779
32996
37564
72722
35076
74159
87856
10352
23762
16300
4425
90142
16391
93415
46576
15154
30356
19432
5693
20570
30994
72292
82512
93607
37923
44147
62165
84060
76993
15424
77112
13773
64772
31028
2847
99848
5188
90703
26552
45302
23356
30978
51796
39747
24393
98373
71254
71101
34157
93299
91671
65151
65591
90535
58759
3514
34683
37276
87574
28028
52700
81038
41801
17472
28419
44648
33672
49959
51704
60225
95261
91412
7555
47057
47511
48300
61782
18765
19402
95939
12064
27425
61091
77655
34313
36202
97521
85348
73478
85095
13376
42531
82486
55178
76355
10905
16178
10028
60864
84234
86605
56125
75646
94160
19534
23158
58812
81317
58275
78214
77256
70340
21992
54699
64347
56305
90901
61869
41653
80732
63316
55029
23263
45802
26559
99618
56707
59090
25998
33923
43324
12603
90048
35323
23115
25935
74833
81928
7252
33108
76494
860
3448
14838
55560
84148
71143
62813
62369
29148
43545
25685
530
83160
71488
27089
99131
44547
2531
25129
94823
62208
54085
1223
13883
93552
27158
88716
75480
34410
21824
68327
51623
41625
83165
7183
25773
70661
86348
88142
99809
46246
30179
339
29406
18019
43781
44889
78919
62664
86371
73742
24872
40456
74965
38755
34008
2124
27471
25841
52886
65648
94168
20861
7273
93685
28044
49398
64346
30745
53892
80508
76991
423
80847
22749
18443
40980
67639
97362
3645
54010
87456
44869
10818
62421
99977
44826
80897
43800
87019
50136
9448
97539
70997
33073
91225
15394
98823
71923
46139
52715
52431
39482
53139
49631
62231
87934
90611
46222
1648
10608
16584
89104
71830
27402
67877
71807
88581
48775
15607
75600
15263
25056
73140
2612
74481
80717
18006
73305
52640
80497
26020
21424
36331
95511
71055
14915
99797
78018
61137
1445
4979
77722
90549
76809
21476
74779
48616
26409
23554
64223
2010
55169
5631
91502
57781
80113
88571
92140
53418
41211
72637
95790
62635
25321
7654
50042
40236
23803
28061
1373
25249
33040
95447
32150
9849
33276
6929
74817
59685
46835
55392
78047
2004
77376
69549
59786
57489
58120
68278
27259
15684
57267
39401
94671
82588
63407
44714
22824
87211
89127
40550
28812
22167
52349
60962
48368
85625
84244
39537
45311
31079
94929
23358
49436
72305
9260
25574
46146
83732
93852
73405
15768
51119
29159
10440
33708
92566
71506
72884
79777
60633
13434
8589
82800
65784
85904
47520
67761
70148
87057
13072
17579
81986
52783
83367
70644
78395
8941
16790
62127
19145
6548
94248
70265
35707
4688
20325
28273
76194
93209
24403
36827
22996
49344
35979
88780
35248
99851
72893
21748
86908
85966
55680
85246
55101
39047
72242
33496
47989
89033
11975
83486
11933
22575
53751
47640
27263
90428
92265
19809
83638
33020
72988
22986
82365
25319
28118
33965
25170
1011
55714
28430
86977
11394
13677
58430
66793
85919
8278
31134
91304
36606
14621
3237
59181
84724
67229
2797
75153
75847
22606
75143
8867
11947
98129
7584
53618
26247
41550
78789
27258
13616
7219
30588
25010
37248
89018
8155
39520
97297
39290
30824
50255
53911
50414
9436
38635
33995
12233
30140
9842
51192
5283
35062
79491
3412
42646
33109
29659
84196
11898
56918
97812
35470
87506
39174
72718
92876
47330
12238
6525
2972
59415
56780
73235
26181
82569
11870
60176
94802
58363
70019
62346
63646
5081
58189
67059
47727
91299
96718
48276
19549
69988
62440
71371
73846
1615
60442
66723
65297
89032
73248
68269
48447
46381
41504
74628
28950
69726
51157
40104
28089
21176
2451
8088
42609
76992
75147
6688
84643
88217
54964
4193
74558
17405
91916
48404
35372
52358
15127
669
41391
4728
85290
6190
51109
43146
97171
80059
29224
48328
36515
57314
85856
38966
81754
28465
32311
56901
51505
16954
61470
22822
37499
52380
40227
29416
785
91951
81774
32264
8972
39517
36992
94262
45708
4453
53760
42879
864
82984
7559
37380
56650
93415
92698
38404
38232
25009
11657
89737
41964
73128
12559
95815
25508
69138
25231
42645
61089
7006
74910
86413
46523
28254
97027
8583
49060
50787
51462
49924
50124
75373
87304
6774
68788
96355
45179
23372
21364
73188
29462
79680
62668
42021
75496
88177
27512
727
47174
4953
24085
38436
91367
86961
66691
88394
95544
15751
55534
63359
82027
5658
38732
85684
12432
23873
82039
73963
47245
3403
47152
76707
99436
9820
35081
91284
14349
78945
8363
77876
83898
32449
16312
91617
35762
99355
96364
31306
31458
51898
11017
13486
57556
66102
99170
86340
89975
97561
76656
53572
17316
23808
46632
16752
49980
98065
8036
80682
77010
16400
58558
60908
65201
74870
68878
963
74226
65242
48621
5684
17140
59639
35522
91048
25741
51044
93740
32068
48605
70396
1992
65922
10556
48624
82674
76889
46689
7063
57571
40051
39815
16129
960
21368
7351
69838
38683
81577
51432
87304
3614
68572
63295
39136
75972
5388
6533
69712
37456
55138
56461
39449
21060
67017
4425
20087
60258
67467
27150
17829
7518
83317
50310
24830
4685
57662
11020
43368
55591
62452
47024
75557
31024
10320
31046
6996
15708
37579
93061
69517
92717
49522
25318
13778
32891
29743
33865
93150
13562
77367
27331
21081
77036
77642
45911
81721
51656
56932
41441
7247
19384
4817
99157
66761
15137
30203
90109
47198
67782
83170
33067
60499
32692
74737
90629
81936
20832
40846
75086
34395
34565
18769
55476
11601
96411
17739
9674
64419
74671
67467
88019
10408
72285
87176
93521
3774
17379
83630
50972
85161
66801
391
62012
15845
75128
68994
14133
95961
9840
89219
46708
44406
24341
2184
72359
37104
19923
82034
1524
10947
49501
89543
37707
38138
76719
31228
41913
94098
14858
9237
95611
98011
9629
73975
30209
1109
42969
44342
13422
52810
49914
60130
13568
74255
62314
85927
11359
98590
67961
12883
25889
33815
18778
63596
71953
95497
94824
13866
5947
26034
23104
17910
24046
49085
91886
70607
50194
34855
14949
63617
4017
64863
23747
17585
55470
2414
3513
83182
1004
87826
96065
26893
37993
31196
6841
9947
26693
1665
40165
48993
27699
79621
66903
68097
28706
75141
38704
95253
9997
70006
75222
14014
51221
98969
31600
6692
17735
51465
89874
35091
55643
2291
78336
93637
33487
85177
19936
76533
86842
60101
41878
30894
56075
25133
15343
1133
275
54048
96386
10272
24054
71608
40638
75275
86930
88590
98319
21017
40055
4545
56109
95699
6837
34445
5688
56676
19623
25624
49561
22817
2077
91439
70063
58152
16573
85407
59286
16848
55807
72024
43472
79861
59985
84110
71488
63267
72701
86160
84284
29108
90705
40393
41159
13894
91191
46847
86923
10814
88823
52836
49983
90901
44276
20047
65405
77201
5454
24691
10401
61261
13068
53873
57474
73053
54335
45314
36320
43388
47826
36956
88849
38532
77350
30008
68778
68541
93208
72053
95707
82031
24890
62042
89284
85518
82089
54690
62719
3895
95733
89472
81508
8801
59697
38982
98206
30384
649
50878
73773
48475
87835
62622
3359
65185
8982
88490
50078
2190
60543
62137
574
1785
24179
6210
87303
22621
60900
66374
26516
56634
55846
8025
81787
15543
63359
79994
45928
64008
47224
36053
28836
35059
15027
32195
16596
40361
20685
66674
42552
97581
45163
59478
99366
69343
65688
86670
91964
42941
69396
34832
15927
25243
42857
97714
57138
6217
94060
19418
86577
41285
71823
15413
76344
86850
47609
9293
27212
84646
92319
86116
82227
37483
61946
97946
23178
27634
84616
31494
86927
70364
66326
2854
95607
25536
569
69098
31753
10981
88516
34682
68618
60340
50096
61315
63542
14057
70608
90754
98703
62927
93222
97283
410
55168
95229
39940
99155
96197
71434
86082
66561
54113
88937
78521
79649
5858
63971
27754
16839
52487
62436
1810
29179
12532
63125
9074
42941
50085
99828
41645
13012
9403
55280
29775
64571
66861
86067
63726
63058
57502
66161
45971
11615
55098
40844
7616
60956
4815
35370
94147
73655
97806
12309
2834
26691
91786
28260
69632
41871
28089
27629
54884
53844
82909
1011
18415
49770
87078
98494
29180
60932
64655
91504
88899
36105
32348
96515
13413
37164
31885
23912
10819
29692
36222
30005
72735
28008
58266
42367
69880
2707
86349
41116
56551
69258
58479
91318
35381
45557
89812
80913
22842
70819
72417
11741
23276
4766
8257
36689
41930
40142
76954
69101
86186
13176
99106
75273
57536
57372
17641
43768
76431
20342
1236
32982
89600
59715
24301
41333
21625
30465
22247
44467
17637
11016
56208
40913
15782
64465
93955
74064
20960
70909
43165
23498
84085
58624
98772
57973
32348
32765
1742
8780
53107
2978
41762
59059
79046
82415
16745
671
29233
38992
61490
46870
66360
17698
4135
82143
98516
98090
72559
35828
68999
15725
59326
69436
90701
74450
43762
23049
7215
45504
31829
60322
64834
89944
35734
60232
72359
52479
77255
17944
7823
38745
81166
74183
56444
85302
72678
71312
99744
45238
7140
85096
77315
82818
54532
68016
57269
98294
91065
64484
60150
39247
41159
41337
29191
93245
17921
17902
45724
95177
35847
53547
33922
17013
44082
6718
18667
16761
78030
18412
78351
1522
3508
55666
84341
74392
40034
41610
89039
47451
22446
65541
86698
79957
6878
15889
73202
41152
33792
18926
36329
69639
88825
70251
3004
32908
76970
21672
66021
71352
40084
44372
72875
43592
16390
73568
34336
72776
31530
23375
20227
53976
88917
6926
50286
95795
22815
23488
36947
56607
58767
89628
42598
63944
59880
45603
13204
53202
83627
95577
24554
40063
56301
13781
7
72691
87349
34343
45467
18879
57719
65695
89208
46636
88973
39494
58783
11788
79334
12083
84748
54453
1711
27346
34750
61591
89301
47954
31145
89280
59884
72052
29343
16185
85833
29350
5229
89535
63694
67048
8414
21413
49095
13974
84401
38068
69820
43184
49857
65507
55267
50957
36312
56979
78303
71062
34922
83957
35369
82420
89589
95253
54472
18933
27790
56657
64635
33019
46192
44681
68
70959
82446
49163
84933
66847
87232
71106
10032
53441
36613
81651
4398
72925
38630
99053
60340
89905
99362
12061
72325
88952
23666
43149
24237
51456
99806
88872
84476
45999
33554
84544
16958
16000
50059
18243
99200
37291
89349
9232
7084
42314
90883
11482
31592
45866
10536
91932
52123
9898
20345
40800
98850
44011
83949
23087
95467
83755
28312
96295
29754
78218
97191
63064
10570
47251
81308
9770
894
70657
35354
7979
12972
42590
19461
60916
4808
29997
52848
56931
56248
89545
97731
71450
33556
81680
10890
29023
65435
39202
41671
11542
33772
38862
74606
44342
86113
55914
54113
87008
42924
5819
94987
72248
48409
30800
33164
53217
77150
2364
10148
33398
91909
24231
21200
25465
5911
32090
70840
87699
87644
12511
99241
21416
51374
90199
82111
53839
46114
36224
40847
89038
58395
52186
77638
6805
82987
10802
76374
60137
13166
2875
9887
5075
27106
31087
46892
49370
63178
17732
53421
50822
46596
69014
88591
14322
59213
70702
68161
5327
23278
9009
10717
81673
77547
4707
4830
60534
15509
81205
37023
45027
84080
46910
66454
11186
77998
13346
76908
57528
47431
30329
24702
94027
99343
13293
8349
58557
347
76510
80236
23625
1871
7306
21651
79419
12013
26481
56305
43875
24038
93329
88902
8118
40239
55357
35657
34589
68703
12565
92117
32486
42895
16820
26513
42238
46465
51214
17147
46813
27725
13736
86790
45948
21042
24793
25367
49407
51275
81673
93282
91665
91354
98537
99784
31593
53894
35441
66183
38949
48006
74652
71436
90901
91472
14301
49492
37938
65516
82991
1103
9593
96727
87893
55541
34121
12687
97261
99881
80314
95286
9515
71979
86640
8052
71763
34585
78298
23556
17120
17248
71563
91773
5036
78816
83245
19337
44660
37535
1205
27652
38638
10798
40731
26532
82692
74853
55571
79953
91086
35885
91591
601
24216
78231
8654
12332
29168
86952
35888
46289
20552
23803
38062
25588
18972
37659
61278
63632
75195
62483
7636
13833
89634
48368
40365
72326
39573
12288
68631
30659
48173
60222
31260
88742
54805
56266
1074
325
43219
53314
46614
80123
77118
1028
5712
12442
38688
83342
76074
13883
45825
63
27716
35459
64783
84434
24137
4356
96722
92768
51367
61248
69342
98979
49990
40499
55246
67416
40825
14817
20730
87439
94940
14200
88468
17004
42994
27156
346
19069
57391
62524
35484
85107
14335
267
85893
38473
20975
82616
47593
72342
60216
16936
87673
26558
57435
59271
93974
98260
90440
31056
2052
1733
61609
6872
18737
4603
50380
35436
40024
7771
97960
75508
9230
28647
75775
95124
67120
96750
94092
14714
85444
70660
48002
89470
97218
21789
65093
91192
36402
55534
38600
38454
57267
209
45326
92356
21165
95706
44144
61189
19829
42104
53050
29059
87104
28825
40535
54224
41928
50979
85290
43724
21639
49644
33194
18857
71434
98288
26401
7836
70174
65002
62642
43793
81563
24320
52501
2728
20026
96646
80270
39855
55102
33320
85266
42206
78497
25802
12783
36777
76781
98073
80502
14773
47718
30048
33630
35504
44688
60032
59692
14862
41386
22334
75007
22949
46654
27509
42030
83032
24155
22300
39239
95609
71972
24505
37816
66821
66659
50599
3599
59793
65024
84101
74566
29094
30501
24548
64598
75190
84580
40642
6404
42318
62976
81412
65268
25982
8921
23650
9014
49428
45950
48253
45037
34274
89111
99205
17447
55770
49804
21046
31915
14829
21499
6481
60275
52001
31030
24874
27191
31962
65516
33595
74281
44845
31359
55901
70827
56632
79551
96194
6060
41853
60799
67450
92479
49910
66655
9926
22033
32812
30973
53948
63993
52472
76782
24268
20825
24164
65494
48016
72478
47363
97964
46759
8560
29323
19012
95739
85956
98563
91933
8368
40416
52733
92170
49247
18995
75178
59174
41028
7990
90147
11329
88335
58971
88111
12603
79797
12275
94450
44165
84753
58165
58481
47865
66725
4157
66877
62464
6465
81793
54398
31185
38561
23483
23356
87809
42478
98534
46983
83507
6524
53482
94836
94859
28805
99299
23814
8602
27926
34616
69120
29031
92781
43953
93248
59506
48110
76478
21971
54575
58271
92721
85761
13184
16204
25469
993
75034
24003
64328
74893
46879
17810
86081
58090
46616
85380
98256
71570
29658
32873
57042
58690
25654
996
51938
85161
49106
28416
23484
20034
3039
32557
22147
16224
65113
47616
33569
40147
71619
97898
15041
34850
15708
1122
9292
78676
2855
7548
50247
32513
40421
7289
7555
82428
8285
59494
83941
73744
4262
7425
93778
23654
56334
15925
39878
21447
63541
73447
77946
51512
87697
9339
2714
3406
10462
12006
98434
29669
19554
48681
78534
76328
72323
86090
75108
96960
61936
59049
70704
66198
82826
80834
89852
39160
96759
46082
76959
76652
19530
54905
44516
23579
64245
63582
26985
91059
75588
25420
20728
11495
90453
15614
4175
62776
1704
79283
59737
63640
38332
46793
46191
37510
27628
36043
76670
40739
82126
69981
33744
18008
24886
94612
41587
89131
58195
84925
96542
50135
26697
33622
61630
17150
49237
82157
96279
50941
61440
72368
30934
16124
35513
77125
53634
63141
29520
46656
20233
27998
16637
70329
62358
57876
64941
20298
63359
39488
5223
59902
89624
48272
93524
51254
81774
59113
33412
78053
26407
11204
66773
57341
27329
2287
50818
97315
81780
80338
60324
18365
24689
93313
88694
87047
51189
69988
7345
14549
9476
28920
90803
99100
77192
84327
50355
75319
59793
119
53372
86200
11323
36498
43541
55004
55137
94359
68672
36917
91049
28996
55283
15738
22309
60329
2786
89851
30317
26483
20752
39794
55404
11555
38894
48948
12234
5601
24267
72027
5720
93992
58227
33396
30490
18120
4752
85627
28831
73424
38896
19881
18772
94179
35619
57434
70861
54757
47285
1178
81241
84389
40972
52997
95944
96219
1945
24530
1820
42565
96558
23893
36557
71137
73641
83399
89258
78393
85378
18089
68170
24274
54322
3294
34806
6294
60728
5667
77403
24365
23197
74996
8754
64170
27993
21050
60389
46291
45581
78561
88856
58491
2454
41765
45980
76095
41516
51590
70841
26894
86032
39011
51168
40354
42305
2326
46648
19386
7993
24052
43751
31191
99048
68858
11713
43394
89908
88454
89685
51841
67015
94893
10332
85822
53010
72665
61917
94526
24255
49110
37772
10287
88121
5292
50642
46779
7619
13642
82517
31964
54046
26268
79507
53095
95126
91220
12841
1387
96026
18878
53228
63042
30123
79913
65216
83133
52578
43485
94011
76833
92596
31783
3473
97069
37075
54115
43848
61046
84109
26365
93011
38156
68986
72518
7603
80464
80091
20444
81851
92469
39322
51432
71863
85797
31345
37079
85282
275
80565
79293
77108
73161
27428
80581
70230
80855
51048
30431
41902
35158
73148
51265
73314
58486
40135
97269
38951
36578
17713
37154
29048
73387
88586
17263
59184
36283
54343
60818
36558
51260
40111
13667
24421
83891
10600
11003
81098
78001
57786
23000
13159
47287
90617
2825
5773
47105
94
61076
83683
34159
98231
29083
23898
3169
46347
99434
39453
17042
60252
76011
68302
16715
6030
9075
606
16631
36430
81704
10984
10569
21057
24143
57856
28026
43320
63629
75131
59766
24706
58815
10277
39289
4250
34175
42458
66949
33609
81911
83991
93861
57923
68645
10576
80305
94072
27534
13288
30503
25590
24272
41072
46647
64767
15280
91026
8087
78909
66157
84205
19967
41324
94482
75608
45575
28657
18067
28876
78618
16330
12868
88831
90605
97865
15759
70911
91938
43293
84199
38793
68884
24824
96217
31883
89591
11497
22909
14031
6758
89067
98236
43078
46743
92719
18686
8670
37728
53105
37547
16347
85788
66767
5178
92745
64632
20938
63656
72922
80583
64208
28067
65819
89032
40636
97703
78623
68485
36964
92654
75244
42383
7243
34674
89127
16314
69712
97797
54042
22818
51696
86741
24958
18463
8272
17703
99448
45562
81360
88722
26145
61920
16790
8317
67304
73778
6020
62279
42264
59336
54934
33860
18072
78529
68534
7199
94843
38246
21348
48885
77416
89397
51979
2374
7860
60251
20078
23660
5813
17790
12383
48310
96062
45525
56627
63366
19303
78999
25645
61567
54688
96931
11779
72760
75460
80313
96311
86655
34912
34011
51893
12328
23408
3872
14703
47621
64123
51133
71281
86288
68923
83664
50950
64985
29189
7578
28351
64845
2929
70348
26412
57617
67280
38192
30377
42740
34857
43040
29396
69769
77052
81289
82098
460
1513
13153
48081
81988
64286
35715
68276
33209
19379
35578
14546
64921
59508
59249
29766
62438
29597
72530
20055
96877
27074
66785
55970
61932
9825
1718
48053
3229
99359
30151
3690
872
59656
68123
82860
23942
20190
67488
73503
39570
3066
4401
4491
62575
63650
50609
41365
93248
23139
77772
90125
50214
60909
62447
12146
70735
64165
60199
90316
63524
6703
10358
80748
82711
78482
79960
23006
98672
47448
96509
54594
66867
911
75437
45794
80913
26046
3511
74161
49186
81283
80639
99400
42193
43086
27898
29280
23604
4449
19596
3480
27504
29955
581
26568
24789
80541
49574
39813
44342
46083
94408
11209
63346
86197
73355
60612
12244
76866
34773
77782
58149
31764
93534
16694
91203
37784
45974
31159
58585
65571
34639
2442
11878
35220
29010
36667
15762
78584
76480
76456
41019
87240
87665
20718
73438
77372
81330
2034
54238
16103
96168
28739
64220
89702
45434
55423
43838
7760
86582
2423
89683
37573
4865
1561
89146
33875
38228
21260
12459
14709
97716
53479
18301
1733
74197
8091
79105
71879
10125
49695
4334
6293
94786
68554
12347
56572
40329
56185
64333
43263
58609
54016
80837
79826
55578
86335
13702
10158
7595
42513
41219
5311
12344
59521
23396
2893
67612
2501
74772
94090
68548
79107
16735
63334
64013
29083
19907
4343
1620
592
47606
60229
70960
44795
56408
42890
47482
86462
53049
55077
28975
10620
76740
57672
70141
136
60565
54106
18989
51690
64548
87537
30797
81283
50872
11162
10366
87131
15505
11987
87723
79464
88568
75035
40611
44976
17926
88094
47790
87327
59523
76766
97947
36264
50790
84441
52752
27707
38547
71742
79397
19447
75631
26546
730
26503
37709
27449
29986
53214
39436
34061
49030
44356
9097
89642
5685
43375
77736
53475
30702
37259
46593
28649
89875
97383
13090
58980
25091
67989
47074
20840
87436
22705
47387
4519
65561
1448
31968
95547
71014
71404
29609
20045
32112
55058
9687
54149
98433
3775
7625
29135
57386
70570
74136
63614
84306
87227
22594
25749
71568
69668
46589
59005
8725
10328
63524
74286
11776
11844
69834
82791
99600
15795
2836
31712
70853
28875
85862
85638
49002
9839
14773
22740
80409
88909
86354
81067
92488
25300
6816
64057
11320
53406
39414
20046
63734
19290
94332
91863
31134
80518
74654
30734
96313
77490
78798
83518
22717
81012
69156
71719
90851
281
10811
87613
5543
97166
68680
98031
38818
91849
78440
66491
61607
34206
2889
25341
69848
13573
17204
17334
94092
8210
48068
6757
85700
43219
6628
24769
24231
75784
12840
31435
92418
23652
35400
97961
37170
20432
12344
92340
12281
90785
58831
73888
24991
61720
15582
94840
91646
49138
12174
85738
57349
76595
8847
59401
36166
31827
523
76749
7612
13363
24536
16382
37015
59936
14343
90537
96721
26687
82878
25354
33824
41709
15595
75168
19782
31177
86360
11428
96667
14886
13518
70368
7833
38717
46122
43999
70545
46645
37101
94509
76360
61637
10891
13376
37926
41586
20265
50999
84625
3143
76353
18450
61205
91948
9970
97339
39477
96330
25119
52497
11216
54989
22865
19050
93706
85339
79401
80603
31984
16502
91464
8345
94492
18707
38073
48770
60293
58338
99769
61271
77834
76122
96073
39039
84423
6043
36378
40252
2373
61497
92749
29941
32838
31967
65343
26544
17306
44745
23500
65643
77599
14964
73988
72091
50024
28413
20861
10317
3103
20630
87940
80937
13105
84013
19976
13880
6408
72706
54132
25133
50555
46882
55075
83393
95201
20418
26290
12507
81515
66142
78150
59115
81106
68490
47558
31130
13255
68420
57800
16359
5402
62092
97296
34859
62458
33625
48739
68866
6331
2872
94000
73239
66106
65427
72984
61307
2197
99274
90166
83713
65416
68317
59180
62875
53159
6738
10357
66415
91510
84509
82774
13265
46602
96422
64476
9060
30047
13216
94278
52731
32440
4630
42322
14898
70057
15306
76205
72255
14581
66371
72320
96349
51040
47852
75576
20552
54590
85934
3319
62453
70443
2445
92070
33397
98867
56546
58809
45267
86114
53088
97998
18554
57718
56672
33452
44128
71978
26009
32735
2911
8733
5055
99261
76125
69259
74837
96677
40201
77123
16348
2654
63919
18793
11076
97316
17661
67623
72478
62928
70089
25566
77278
4996
99636
33950
38448
43764
5928
80810
76499
8840
5895
97906
24453
82020
67165
15642
95050
7367
92766
11398
26373
56685
30192
37450
70353
47853
21425
42831
27133
91514
84749
4411
96510
84386
54713
51311
44502
76993
48473
21002
2185
54368
35260
26638
36388
2426
42281
47790
26145
51399
59189
52518
24436
89381
6320
94789
53586
44097
53973
97071
35612
38722
17834
48474
23108
72547
16137
67611
49540
80962
4965
68078
35330
40225
94716
88071
59003
53349
52213
1500
4748
11402
54019
29184
17135
76691
40326
87073
20789
94299
84144
72753
33021
1978
37579
72482
90877
53717
56445
56770
51031
77762
24848
2714
34339
35916
7137
93343
89266
59350
94843
10366
87105
65214
55903
4240
58258
12581
7666
79047
6880
91810
51800
56253
10141
89379
45087
17370
59448
17884
74140
10480
95646
15340
29546
29986
51257
36683
39681
56875
96033
50876
67241
83138
32443
39496
3731
90701
52077
11397
69748
58957
19559
37900
31563
29700
27279
93002
47071
3080
10887
37563
13560
22885
52904
59458
52871
4161
96141
8904
61036
8526
76133
44629
8017
8576
84126
11748
15629
36203
39497
85377
11513
59056
23277
59428
5109
66908
52430
68532
69988
79669
6095
99900
2555
75351
59358
71778
79512
71851
80683
56900
80378
56816
17882
4747
81744
2008
16495
97373
54563
72344
99102
66076
47752
38731
41856
52861
5639
94287
21393
91980
73956
43841
91880
92863
19192
67591
64642
15057
39442
45325
88309
36172
18493
6191
40919
16589
24551
73766
13962
79115
62462
13064
61543
10215
68147
3400
63076
73786
14039
822
82118
4347
44663
90351
97211
80207
57942
61853
95264
13736
23530
83574
66261
58375
89765
23532
74964
30669
97299
5278
9784
59761
34694
87679
69976
2841
91079
49405
76627
21470
66579
75098
25818
11242
65449
39381
7801
39743
1234
3066
53479
41116
2992
36092
99491
9109
59625
90807
39778
56924
96085
49562
33037
30779
37242
19366
33620
44673
68771
26599
82496
51702
1697
8314
62944
67146
64047
87097
6889
65281
90163
76721
22749
93155
12813
38592
2265
72438
29399
58395
45714
25484
7958
95104
56263
61552
14470
6235
22577
99593
32834
5073
51295
50884
29739
30591
18030
93786
17688
41272
75419
24204
34345
98168
17359
63510
36760
35976
35949
66159
94372
98015
91643
18682
93119
64258
96586
7589
70493
19163
23534
19680
24237
74829
70564
53976
21772
4946
47763
39461
62570
23182
63665
96915
37703
97376
60426
74463
49705
12727
56975
60429
10742
48618
79111
20214
29229
92049
44155
16074
11212
67690
35754
51801
58871
6318
22130
80644
27617
69893
36457
90187
9427
16474
87103
63482
30202
63881
37946
96259
76608
94921
56688
3702
59891
52151
23916
5472
44200
84424
21547
55413
52114
73653
7214
27337
96324
29344
24333
23941
15589
60790
30480
41369
93616
17583
21203
23819
97816
59149
20078
74424
70422
93119
94479
46666
45270
34747
68490
89471
19171
6389
61236
87637
80043
84802
14975
76367
30499
39308
16660
62440
16451
47140
20161
10067
81076
41365
50238
78892
16866
86669
69669
3641
79788
64148
66659
41410
98895
35149
47233
34419
41539
8469
22056
37934
9624
37031
14301
40123
92692
47313
18915
9143
94453
39077
35562
75529
80442
2153
70774
13660
88822
40443
17301
84962
20943
83960
26372
36190
35462
89958
70609
77001
98427
92666
14935
24403
46049
45588
80878
38741
92901
99794
64236
3706
55223
99799
95588
52017
1952
66362
65677
7126
23157
82979
92088
60452
83291
34812
96642
18753
24770
67252
12106
39550
76270
27041
63953
38671
88981
61184
77413
98234
60978
58001
1941
16201
57800
97529
68218
76104
80243
50247
99582
3400
49578
91670
63852
32870
42835
76846
51623
67605
60450
63730
23507
53072
7123
3813
91744
12457
64997
69157
10691
42327
27158
12632
58528
1311
26513
43098
93767
6756
9697
93350
26508
59276
1372
6712
92146
44207
83559
60121
28165
60361
40203
51672
13434
63679
71837
5178
76136
36834
90687
86827
79161
34197
15812
54041
35508
42325
13491
45628
65434
23189
38978
8294
82465
40350
15007
90963
910
14918
67436
29075
75279
23992
97099
5065
4023
68937
10243
80159
5771
930
83338
1285
35128
15502
55326
86988
74180
68818
32616
55966
92007
87946
64260
90824
44649
95619
98139
45559
10537
65575
90986
2169
5919
4437
7234
9942
73374
33830
6453
95498
34760
6144
13135
86240
21646
68461
73229
12178
53631
22197
68144
61990
10144
32405
52814
71145
28024
67305
16704
54914
49233
24042
57083
55152
28479
80669
65095
1854
14499
87900
13704
65612
94044
26839
51852
32043
11652
41433
44221
65284
79983
12366
27274
6479
61123
96441
77624
89147
63746
94328
60413
12979
18370
17496
84484
63201
14518
65931
81407
29017
53831
95111
94629
64228
38302
62834
12623
49955
20619
56844
31591
602
85562
75217
7081
46685
88010
84705
52185
68109
95385
12598
97440
30107
46447
81924
93309
60965
64207
74716
6334
34391
69828
17316
98619
24482
96502
11242
90789
17121
84438
22380
34076
70001
13950
57509
33038
1960
42215
1575
86421
53952
30526
83862
84060
93325
82138
77369
70642
46346
68437
93328
80737
54617
10644
95708
79100
23498
23302
69889
56972
7740
8622
91048
94093
22572
48557
43484
40884
7124
45059
43658
61077
91937
27520
61489
1614
26010
38858
72256
72356
7295
65585
69445
78265
92581
81505
57365
16080
4807
43606
89404
28900
52228
80452
22993
91152
45361
66477
48389
68838
27889
92047
29915
36178
35919
7756
37793
61929
62966
10049
50638
86613
91986
36435
64878
920
17941
22243
33352
22748
65850
22756
51648
34430
3208
90994
25583
64921
57471
90324
33759
1712
82371
80026
37891
18290
87782
92036
96571
50748
18437
47209
37362
26776
83645
2240
27696
1586
40836
61048
40686
6686
83804
8687
41116
3364
99681
83051
68285
73504
89727
18397
75217
72098
98423
29460
6740
2558
37848
19664
53306
56285
66873
7020
83061
66870
9261
27109
84808
50097
88157
25495
73135
88313
50534
30603
91677
50215
30007
76315
23719
19734
11064
15288
8185
25839
61100
31277
28397
98948
50941
98056
71586
34167
5076
70999
1037
30689
98109
2198
97138
86266
44045
70273
90932
94579
17229
82609
44794
47236
75276
84865
83322
86340
16506
91507
12180
77606
22785
40577
92907
90078
54985
64493
24245
60062
35492
25283
90751
49953
27481
4242
52572
71526
90867
43504
82457
8096
42465
27251
71684
17742
28468
55007
20434
44974
62866
48966
22581
85651
5896
15488
75730
60881
96333
16327
20943
48177
41610
28047
98131
85443
32289
67055
73321
23156
10559
55778
47605
53024
99381
19289
87118
27850
90648
7553
89176
53515
56519
11757
55518
62415
43597
47600
23297
56282
63928
60592
4460
21890
88639
18943
23686
37280
85998
13359
76789
12909
85490
40746
65933
1223
76387
53052
45425
67036
76957
34602
36903
33476
62711
8773
12244
22661
56374
35541
78943
36654
12485
99755
74896
17477
35050
98582
54757
37400
28294
47898
50309
13784
4996
16243
15007
81384
85647
76785
64772
62604
11387
1675
12432
74098
10448
24676
96759
83174
76569
92055
36180
89055
91810
11077
6532
43213
26011
77641
80613
70657
25540
30923
793
30536
63518
32153
28272
49165
8938
93044
28121
20325
11071
40553
10775
37872
65230
23887
37398
41799
15942
73579
30854
24104
1008
53738
67317
43371
31380
47931
30381
73272
78854
31174
20160
42372
63327
48433
7889
72265
57829
36010
8942
68901
76563
19718
6773
58145
43605
44171
16297
75899
34102
63503
3
35110
17242
67321
94834
48622
31604
25215
38246
10458
56389
58406
69182
36069
6839
77071
8334
64669
13081
33629
49922
89644
53347
56695
64142
13304
866
80439
5555
51321
43942
5558
86431
61184
89231
97617
26158
20835
22832
64404
47645
95574
39163
16827
31643
46002
93898
56329
27023
6979
89958
93297
12976
59657
49992
93470
89313
67211
73909
94868
18532
34203
16779
21315
11740
6010
18933
37898
43198
58117
18655
90843
53691
57818
7671
1686
20172
17921
74368
63548
41253
64326
56845
70581
40336
23190
64051
29649
90401
37960
40870
25285
88515
57649
46600
255
80011
81885
38154
23209
40003
73161
14053
10046
30979
38076
28085
67503
55997
2453
31051
13602
83131
4249
84183
23467
27439
48234
53117
34192
2546
10339
59477
91062
67988
22429
91317
47999
20667
45823
87561
77022
18984
17966
87068
66315
72394
31505
50171
44743
33958
97574
58346
17090
1823
42529
40557
29262
90764
10026
79806
93310
36717
39283
84372
4705
78065
92042
69057
98732
37865
72970
75754
73202
90936
79174
55869
63330
10680
6040
8073
60990
3615
66419
94432
5438
8949
51342
51053
16065
61368
47211
25727
14438
86495
26452
19143
80912
18494
4552
79644
72711
77522
71750
62265
84810
50924
18135
64492
77956
40527
72566
38947
44142
55337
49731
65933
80638
1073
33338
96703
78794
80549
38783
93232
83396
65235
12375
64308
83729
33280
60304
72792
10802
32054
35058
11965
99331
53193
76457
93639
93720
49023
48938
54215
20713
98670
20148
17703
99743
69838
30759
78537
50387
69542
71769
33784
34777
497
14444
34858
33777
91101
7650
60931
39507
42708
72896
55190
95901
49354
48830
5974
14729
97768
60189
51794
12790
96689
69498
28886
66527
257
7423
33266
69799
95545
83402
20928
96042
97847
55786
46171
5300
63436
23454
44807
6145
96351
99998
18398
62057
48828
40724
76786
62948
913
44933
92091
13954
14431
20977
96833
31040
44752
30100
17191
40297
13502
38119
52691
27701
93905
98862
49353
73693
22317
94161
96190
35020
94159
14589
97077
59339
55313
90215
38639
72579
35148
30730
2885
65931
68059
99719
96971
12812
46171
14162
53109
76025
68633
5801
20079
78890
21015
69432
52584
43332
63593
48774
94704
74104
79715
91781
49795
51381
98349
88435
23960
33497
35517
43197
15781
3577
42916
29104
32741
5439
59619
85850
81465
28252
8003
1544
7143
29019
70976
76079
88703
50922
41205
83408
25026
20921
91541
74822
72302
89890
79609
12614
39740
15126
55811
71873
35055
15080
977
67796
20519
60596
69999
1984
5201
78002
19880
28696
23373
7209
4775
28429
58131
45980
28189
99509
83253
36082
74331
55555
25973
53940
68169
82065
85419
23981
70290
36826
55413
71267
4623
75932
48216
74622
94269
53417
68976
14149
82113
8702
37710
3240
37131
95841
65572
81672
95351
48826
17754
86034
4381
60079
56327
72551
58496
41746
12884
28786
78572
68297
16406
99547
60581
64622
90521
54850
18039
59498
85352
16504
84552
23062
19744
38035
18904
85316
19707
30607
34142
53813
16641
54876
13893
89320
27427
88741
31066
56663
17528
25991
41312
33934
25538
1893
98556
32412
56744
32947
91910
58448
49451
92814
81510
85547
30849
16766
70863
50556
47373
21358
20721
80367
76234
34614
69687
20013
23356
17106
76676
57236
59449
17988
91170
1339
36233
6078
33751
92977
39025
25661
51425
4828
18475
49288
90375
65676
66054
77590
32584
29780
15300
53306
26499
7886
87920
12538
27899
27628
29644
20927
84864
89093
55267
92386
90433
91501
98464
40536
830
53841
66198
52256
58669
1025
17896
65396
83054
83950
59339
15638
30082
74639
68944
56581
82526
73217
85472
26777
845
15116
47705
2062
20562
19324
94448
27347
10825
9265
67883
11656
63106
50433
80264
38128
67811
98160
19876
50865
98462
79215
82855
44897
70207
51800
17830
52733
25017
3302
95862
42214
34771
59919
44276
55333
79244
55077
99032
6421
64342
83267
18077
43800
50053
14693
98280
34216
12853
18157
1433
27668
97372
84288
72565
67579
36088
90395
36664
77457
93698
32527
19672
28469
8798
80300
154
88042
35377
15538
94464
16071
15157
28893
76224
65210
43587
74504
99426
56440
92661
859
460
90034
85148
73025
73965
37588
63421
10630
15046
73471
59509
51070
1940
68307
31370
18446
72702
83100
50336
67166
99171
65493
96059
91747
30704
55998
66252
46482
28791
58913
47342
29251
48947
48842
2277
39265
86430
82050
49895
17828
55521
25756
68898
57461
94063
16621
92259
66765
99721
42595
50283
15244
8088
62695
6992
55144
18693
73244
1627
47484
48509
48969
76736
13809
14163
79013
53074
593
61063
2969
34774
32936
45077
3672
6749
39140
36645
99008
22258
36366
57955
72541
67963
66043
35236
91307
37540
70282
64551
39167
17766
29412
4488
94502
43221
18651
89867
96295
19244
67282
15616
54018
218
60693
74043
23319
16186
10688
22327
38444
63407
80282
10985
47722
62678
62574
39029
218
32856
19932
39385
50622
49344
60225
61477
92566
78876
67696
5213
14472
51331
20830
84843
67901
97875
58886
91221
14061
85926
29900
52505
65685
10183
79843
13407
89213
58769
52436
5783
91625
72368
61520
58599
21713
21745
36428
30631
621
20477
35844
15093
71808
73026
99936
39709
70902
75174
47282
84963
61101
77183
53821
43138
3718
33664
56546
92931
92433
8982
15066
410
81351
76586
75361
19416
14683
11790
50047
15304
32267
2243
46749
20427
75270
63038
76488
46172
38212
23771
31135
15665
17306
1308
58804
21024
34972
15350
30307
43757
40684
45373
60519
22035
38311
35881
57803
69346
64023
7850
1002
96290
10094
47751
33069
1716
27141
25909
47888
65354
49680
95375
97371
66986
96684
72527
4362
48008
4229
34669
91766
44914
96394
52285
83301
51057
4518
41105
20403
68541
65307
21405
81183
91753
85509
14252
93469
12650
40162
41357
94356
6194
53085
91728
89533
49769
80607
93895
97777
84837
44917
5895
29751
57663
74533
29404
8721
79051
70509
29124
47593
52169
66882
45128
43922
52391
59381
53744
81393
15895
11453
75750
22089
64538
83830
27974
30659
64437
38222
44789
65626
83139
67036
11729
40802
41569
41134
65875
36973
27995
11352
918
80164
78234
46046
40439
46977
21779
10535
44722
37674
21988
20472
76116
86527
20654
4090
33538
1444
42312
78327
67070
41803
45364
78800
98958
3285
19934
64833
40258
64281
92537
41176
60798
87123
3575
1237
34100
25354
28124
95175
79381
50112
15647
55497
52991
36302
75939
86530
37746
34604
81209
21168
76407
26573
99968
91717
29859
36254
72903
86469
16888
65440
43998
77686
52564
47573
95275
3016
89279
23399
98191
68660
73511
30191
24157
42855
82845
16449
29385
36943
51053
10594
58111
43812
53520
74432
51882
99731
10686
24785
86200
43926
90225
30198
21612
59141
94123
16887
62158
83403
56638
60349
52063
46502
90540
92573
89357
73385
25374
35094
26680
76427
62040
84792
36591
15560
59224
88473
31643
86262
29610
17844
30189
19836
64394
68153
78977
74870
85041
57487
58273
58031
34189
26688
4533
41081
35613
93890
30819
60987
28984
57499
53766
7377
42291
90358
39289
1515
95183
70933
4130
24794
5129
34319
60982
69523
2472
56311
44393
3865
13799
19018
61897
64340
45707
82782
5421
97672
76673
36240
58660
22009
93740
12426
29386
36031
19136
68676
53899
30672
55961
58029
55466
61090
8700
32800
46965
27524
5463
7711
47742
35614
26729
9639
99954
88788
8773
5376
86461
85446
41616
45121
23808
35356
73899
69546
87740
93036
54574
57991
23708
10535
16020
95526
71625
41072
44678
34943
84948
50141
42654
32690
85756
85735
58681
85710
74524
67455
91086
77337
69253
32703
38810
93061
84411
12709
78960
72151
22097
33534
30142
62157
44070
62514
57683
32047
19938
18713
66990
4887
68855
25996
53929
70963
11732
12611
56673
2608
80066
64112
79945
65671
13167
18755
58733
97578
47816
37693
86082
86266
87579
32576
48423
48001
11443
6107
96401
47733
24820
63391
68972
10027
5740
22902
80990
17472
35513
54016
20080
31931
18128
25
97602
31295
35132
72687
45225
99300
26732
47659
85566
14312
80236
33990
62313
8031
56449
58714
55764
97621
38458
24737
24001
44198
63991
4991
61670
99504
59007
98102
47787
93487
14479
45389
24782
49611
34429
86360
65263
61161
34019
50830
75473
30607
1172
54139
38638
57621
12853
10755
71594
67663
35492
95595
11861
15835
16939
89883
15339
75946
4337
79478
85786
18816
24867
26920
84779
75648
13280
50043
36810
47300
17225
12283
77907
18397
66422
32898
92370
95628
43653
80316
63291
95497
75912
91505
11332
92851
97740
43023
85149
2078
22501
70935
20894
63720
14208
5674
39369
27488
72069
76179
91140
5646
4814
69048
40395
87589
18298
49117
83217
61951
29433
62860
73800
21697
54365
1484
14548
52106
44507
16050
54184
83360
3337
91430
47080
17545
13456
2801
45034
85525
78980
36174
7523
147
21574
47918
87736
56224
97035
70953
34527
26469
33813
8327
48166
4531
9811
79067
56637
70670
95117
27173
54030
14806
34955
1111
32352
48412
3912
93738
50289
99245
46264
57813
99392
84191
5731
87128
40415
2767
74433
74943
45588
24598
99622
93754
29129
25786
89173
2118
96456
642
45643
66839
15449
96951
67950
64153
45363
88214
57891
12004
3811
4155
69817
19555
4698
91901
23035
45114
94668
97468
36409
56608
38419
52383
66714
83900
78169
55888
2371
90978
56530
64366
57817
88331
61317
42119
52484
6680
46685
10375
18685
50497
30883
4854
70052
35581
96755
93088
97047
7775
6908
49808
64383
61679
2192
31098
45580
96713
3338
64303
87691
76220
28669
45508
64552
89987
87627
17036
13019
34313
43764
48056
1162
74647
69263
71214
26580
66018
80654
23628
90146
3915
89788
54529
81946
91980
1979
27526
88694
21669
8181
76385
97890
53203
38246
62442
43190
25873
95830
72561
76538
39594
36970
77700
14241
6233
65267
57174
88603
62273
97154
78749
82540
86942
33279
64487
95275
51610
8365
83969
73280
16547
76706
71170
69750
14952
49964
29292
57178
45794
18205
50068
85389
55175
27769
15982
77760
9388
89508
66364
71661
86662
45113
54202
73605
94744
35041
68880
62707
43406
69201
35987
59953
62259
23509
46055
77212
89825
75347
50742
51971
9905
810
53712
81432
44931
69695
59193
54319
75555
41909
42333
62218
3374
12887
52175
98119
47928
37407
77178
91334
22960
29517
67640
85219
69378
13695
62431
59203
5395
29525
11174
15300
30336
64887
96732
75267
50934
55925
45939
26489
14186
88272
5059
17561
17511
57234
32032
65439
10993
9210
73125
33953
38727
40765
19173
8105
54461
97956
83660
76208
27482
94834
91508
57818
76073
88240
49437
43359
60518
11728
86201
74704
16352
91260
92265
33863
64847
40649
15654
92192
49859
88780
26146
88586
29545
45319
13043
358
59627
96703
76566
87109
7890
68074
61279
315
72667
27069
60027
49537
38797
46228
40593
55150
37488
49211
5365
18687
89860
21020
10880
39720
9800
37026
44658
55697
98697
74054
56056
58324
87109
48974
61786
11351
33401
23065
11667
6068
50134
71694
71957
88932
34274
12550
60434
71762
61761
65799
6802
51622
86819
17682
91342
12971
71060
52352
68669
86109
26406
41077
60785
13516
90051
22571
24867
23452
61989
52886
45872
12123
40932
34181
17407
75206
46732
94193
46969
8493
59993
70123
76467
63164
87805
84161
76136
75217
36514
61157
61326
79272
2234
22111
92788
92285
61035
34008
32090
23024
86894
94314
51499
27827
28496
85259
3033
75228
79452
66354
73
55797
36477
92893
35314
40634
77054
27802
15851
29920
88959
93529
9193
91193
31993
1981
83478
93028
35989
31920
32404
22884
26235
255
67063
54731
85514
70096
46311
81319
36451
46384
53468
89280
39277
88782
29915
32684
16584
62118
62604
5543
55648
71797
13088
3993
90131
12919
13373
26120
44839
45777
65356
71074
46032
32419
42157
47899
18868
88468
45570
71671
51205
99038
60951
6834
4173
7218
39518
37109
69337
2123
59005
41337
90272
72093
61682
80403
85012
75055
22876
29852
37184
88232
17278
99568
37004
59436
47467
72224
47904
9389
43895
15461
24780
21198
22296
28953
28417
61814
82414
14106
80289
41419
71795
86914
29865
33477
83669
14877
24884
6545
61081
62068
11130
78360
61636
64486
54148
25456
36710
18404
51197
80605
33866
75977
18155
56162
4930
46572
34328
3697
77030
30970
45116
65177
34236
74981
15006
17905
6211
39890
24451
67292
18310
35581
62004
79947
67
16152
21755
53129
34557
72952
33734
84775
48930
68241
40937
70212
14814
91617
73909
8196
38939
35378
73374
73175
26711
4732
91081
32922
44623
15532
16567
62933
67465
94923
59232
83884
11076
97339
37013
61985
86644
87099
46760
51926
55340
4049
38490
86506
95666
28752
94703
50958
64130
84429
24133
7193
89161
15214
40116
50136
30746
73035
29422
14563
67958
5006
98447
95386
2346
35460
57371
5342
22559
20483
57268
77900
40884
95758
64406
52903
40862
75461
3861
4992
59890
27994
28538
65404
43209
68654
15540
90307
58041
44962
4871
25999
49969
3318
21386
68667
55131
95109
74009
77690
31945
47629
71942
72829
43387
52701
25732
602
28162
45945
21946
4405
73940
50484
69809
33501
35490
1701
23808
93531
63016
45031
35883
29337
64702
57269
14356
19833
68730
88365
13875
675
35994
2170
89857
95733
54871
31941
96335
83033
77887
18282
3790
51827
85118
89951
85328
20609
91653
25488
14140
71021
70520
50023
16710
35222
23644
31066
71407
8727
19431
85282
25754
71777
87452
15611
83862
42323
63905
96550
41709
41792
31184
61851
9971
16302
51803
11651
36911
59808
53491
67404
30829
24011
17427
47539
75585
57424
94957
46992
66151
14388
48627
91905
2517
52431
23869
2731
11107
87774
99281
52816
45918
46817
31019
72241
63120
82822
244
16383
42630
53735
83787
89811
94099
17567
53702
69684
91343
48659
33029
73846
79399
98008
82103
98268
50439
5972
1000
61546
10098
16633
30714
72368
79803
61734
60961
42923
44556
61205
75658
3539
14941
75798
9702
25392
9717
79757
95076
1060
28416
44457
91258
24168
42465
73361
22436
92905
95686
39788
54451
5784
72774
85166
94505
52577
63252
55466
11852
24160
16672
87510
44051
47965
79660
53754
73357
89377
33511
84785
6789
78279
29243
14399
18799
88060
87761
57588
80965
83447
13728
51769
5583
86502
53287
88
55431
16539
71907
67283
40699
4931
71146
84751
52896
50806
54857
42605
56536
4720
27390
79677
99351
72985
94077
34503
61046
98190
92091
58363
81637
22171
26484
3572
8674
79771
20013
64105
12662
91920
47741
69714
96851
18887
70817
66099
86045
42026
8704
58933
46746
36094
38611
62449
25432
49040
96952
2830
47230
5395
61193
45219
27567
87678
48791
52593
83801
68804
33050
12816
77076
80791
82530
90279
16030
69699
56378
18428
11725
65082
77361
74823
17529
32324
37272
59313
81364
50577
62143
44946
55972
23336
90165
99891
27366
55309
52484
27520
24113
1887
40336
17542
99030
39218
7821
15061
8917
64200
33489
20642
45634
27202
11817
63163
59527
49089
22476
57243
99666
971
2190
71991
24308
8707
71882
68026
64016
40719
95546
4482
58958
52234
22024
57988
91452
29845
73049
16721
94045
22890
53715
56032
50093
65532
19195
9620
14622
58024
66863
30640
75347
85405
2631
99655
94113
90866
84034
58129
47937
95932
62611
6895
48167
987
64883
55971
30833
54285
72693
41230
77175
26408
97262
27268
91941
32810
53240
22915
7186
36456
53555
82533
21861
72539
98541
32326
79757
82575
90456
27694
94859
69419
50941
43026
70407
15824
98998
17592
70109
88043
75174
63637
14451
72437
7257
22744
21599
60498
45659
28785
96954
15567
27670
35167
88106
42563
67494
67863
41490
74302
11909
36350
43721
62850
95728
30480
95026
11078
64424
65136
99121
39599
28773
29925
28388
52382
52669
49987
12880
14681
95124
26186
30248
39146
77706
34706
81710
45200
18921
23200
19502
30830
59550
79575
93680
55279
26408
88706
82709
90832
70194
81831
46783
15319
11756
75171
67702
80777
41510
96934
11810
52986
23121
58410
92133
17179
93116
90195
62379
12037
13395
98233
59219
89298
94160
69251
60929
20568
74310
43638
27753
60856
41821
90888
92528
69929
66060
60230
50707
23922
73516
78869
76909
12989
37280
85394
30168
46748
75589
92547
75138
88984
7132
50709
94634
1293
19961
71915
21861
10623
15554
65966
71479
57375
56855
64007
27305
39267
40589
94364
63189
14106
89585
56450
27095
43217
41844
73616
89966
17433
66163
81456
22770
73296
32165
33756
74589
68478
5672
12802
79101
21226
78769
50581
94953
35624
30940
38610
74891
71530
49326
54432
1988
55264
10883
45435
98481
69079
19051
4799
86513
1567
86255
25635
74863
34773
59391
65804
3251
65063
94958
82353
2641
73727
49286
13947
25703
96578
68909
16946
84460
34588
87731
86448
89852
14966
48236
88333
84045
67287
9485
86910
68854
12092
28897
60069
46865
88289
42225
50117
69704
37184
48822
88698
27263
14460
2645
69319
27390
87906
86265
11851
22494
90348
14651
12346
5314
62887
17032
89360
30175
26517
92622
15381
38609
21520
75451
1827
26161
17676
68296
95865
54860
33470
915
82124
47930
19912
51443
91672
7819
54060
3523
46665
60761
34527
59012
66075
97414
92396
71787
43941
35265
64410
59323
90226
2282
34774
92053
28443
52450
60349
40660
23663
93819
41576
22139
58101
61488
89934
49774
85659
60346
69649
32325
21107
4176
7689
87183
17943
85
75322
61884
51702
56084
37559
41928
58366
72333
50334
3161
41136
10683
43822
81151
20855
1750
3290
95308
79590
9576
61434
65250
69922
31084
97575
91030
51612
21616
94565
85907
21701
69887
64144
89755
25972
1703
31683
690
90389
82017
3852
47877
9053
64026
29028
46260
65776
48670
41568
45366
58246
19355
26968
28168
66791
40895
35550
34755
62511
30115
20663
564
16355
1159
90319
58679
2862
38355
59369
9603
36724
79573
57480
62129
43599
2860
8389
25727
67882
66310
87446
26128
2017
30766
70649
68808
71662
22551
3563
34173
52667
24226
51090
69022
25385
41409
27701
44600
96116
3422
70555
32841
82996
44388
94970
42947
47248
19712
85027
31483
2374
88825
73963
4391
19591
44612
73199
91253
67164
93114
41779
36183
33693
9221
21557
75430
66982
65610
20030
63099
85384
90586
12292
84732
51326
23614
44032
98574
59678
29059
30057
62052
34236
4021
82795
53827
64985
55994
61433
48501
65461
19564
1036
99154
28785
38945
74584
12119
4555
10967
75218
89940
17905
87510
91024
69231
27477
35056
67805
87155
64115
14215
49208
14703
34588
48355
68531
15925
4350
46316
80779
86163
82232
81815
85317
11017
20761
59901
23136
41668
70868
14707
47960
88773
18569
38985
58004
46046
74041
42162
33202
54509
72729
98762
69212
7317
47117
54095
23242
67819
411
20373
53982
82643
2189
39299
10012
39302
15553
49501
80970
86421
64208
28931
91547
99129
67916
49551
45176
58309
8065
94730
12818
80794
9844
82031
88111
73313
52478
27706
57485
52890
48079
11467
51885
66620
67119
78250
5922
99024
27751
86893
1797
8311
32176
93344
7440
92
42896
68968
74753
50961
63698
87572
48108
89894
85955
36219
63208
38433
80277
20693
7675
44709
48512
59561
11329
31983
54163
17252
31007
81914
20497
32805
90225
52673
26149
14017
69117
85397
82986
43870
52711
63036
47794
819
52931
33749
53390
32491
88535
50020
69536
96210
94729
18048
72123
6058
66384
26286
39662
97391
24552
60159
46548
31129
29184
89050
45147
14653
90799
28133
74876
59862
7521
22670
60681
76804
72772
30424
9295
61307
80444
95183
73869
75173
13232
62345
97583
95968
88631
37246
9711
29536
13757
56260
60665
59294
61662
5812
73947
52461
50297
48823
12324
57819
87846
89357
50975
60618
19781
76623
38277
16577
71806
12146
91750
1390
74491
5686
97358
79475
42932
7070
9011
73041
79682
69676
48687
41344
91841
22635
10157
42138
87810
38833
16309
92008
28191
67285
52626
64324
60260
90903
97254
32066
19402
5356
33457
10245
11042
30815
89720
70326
54237
98731
59720
33919
84760
8407
91615
76601
47394
1773
35091
35205
40606
51401
27213
85149
35038
96192
65826
11650
3447
63080
43716
22849
68436
77173
33095
79479
24341
39167
49805
78578
54251
9525
28850
39011
34285
20465
31964
81679
22238
67055
33236
79197
34808
60450
64346
86198
72994
30172
97848
76441
93252
41565
15643
78041
35090
65090
73872
75783
4257
23677
70714
58508
49555
99564
13871
192
20029
45835
81871
42268
12891
15108
37817
47699
91910
2163
50250
64904
48688
48098
57697
58292
6015
89692
36333
57458
54782
10205
33241
75392
50235
3955
33900
16142
3519
47772
16334
39901
93607
98205
98521
22850
29665
36338
70550
21575
38501
20800
2831
87189
85250
60529
61834
91266
66573
98167
65076
21356
8373
98317
96748
74960
18625
47000
91102
38496
94772
23788
78397
4732
21993
76918
27582
51659
13256
14484
89586
68110
51636
92418
71651
36887
69299
33485
44505
35872
48005
9581
73580
72730
24250
70328
47690
42875
17329
55144
81372
28453
78932
59769
49537
17277
53040
77120
85288
82648
91604
74875
67110
59593
83645
38762
96480
69296
88599
57337
5168
36604
83270
78749
9334
7520
65429
73376
66748
99110
28520
64472
27564
23804
40593
77101
41082
93633
70573
26370
92634
78530
17597
59744
38123
17594
14858
50955
86890
3458
24644
92059
56414
7914
87160
65749
31786
52589
55477
14886
68052
83998
79358
11968
7802
19952
5421
65236
13585
75995
7959
22571
70877
25556
82316
9000
43151
97174
59955
30041
16984
84599
38452
73399
8865
25612
55500
57003
94554
10977
71890
78958
11327
51248
90926
35482
71200
96347
718
1138
88694
8677
23709
59571
50586
22377
68571
93737
19552
44878
40130
52888
45829
94935
26287
71046
36899
98139
28050
47805
9117
99940
26763
36796
67540
17689
72278
38741
30389
89349
56231
35435
98026
96292
95007
64964
18670
79930
75053
54574
41161
31536
7462
3342
26471
50102
74389
63370
48241
18791
11176
57358
35083
37939
10507
2623
71981
82785
57716
2370
88486
13947
37805
86513
10240
49164
67829
28910
29095
42883
99836
86608
74419
7298
89950
890
73752
80691
80612
21994
99482
91788
95704
34565
46080
6211
37189
18061
5349
94905
36783
93835
25205
90940
96700
35445
56457
64530
80707
1904
23765
96895
88512
14536
20545
78462
31778
94298
75506
12390
16292
74988
20531
11996
25906
66611
34560
79447
1024
39909
74352
54159
33744
15909
45099
46797
67706
17908
11327
64765
19812
51444
61660
8324
65980
82206
3139
97758
76504
78645
10148
92796
69985
30679
21144
95891
13642
55704
75338
14666
11965
66043
85177
62062
81952
46629
8859
66011
64537
36538
30776
84350
87982
92437
9026
53962
90995
12165
51720
67499
7162
78220
76647
93500
8900
14143
89391
38894
86200
81082
53561
98165
47125
38738
76579
45429
1719
85438
11440
66257
38328
58569
50607
26310
67358
59633
80272
58353
88151
48344
42204
11665
26565
18851
5165
51817
49346
10909
90711
35546
91991
60624
50064
55468
15715
26643
897
17434
28434
28690
83691
66762
87259
50650
93073
70969
26636
89697
29322
31139
54394
71526
42804
80959
6729
64322
49128
56075
75231
39839
7974
67222
464
58038
22690
32531
84681
39939
49965
13115
68629
50009
79878
72240
659
89303
59561
27295
79000
88883
58434
33394
76761
17591
30705
99842
81913
79833
55918
57144
36025
63892
40718
36489
38282
63408
85372
22963
19699
35337
52431
4681
1698
32309
93273
2358
37964
52835
46005
16964
41718
20792
66711
34832
38383
13768
34674
36648
93602
6944
93792
29627
87188
50862
82468
25470
30622
67840
64786
50321
19529
17217
55002
21228
65878
48276
39938
3842
1111
85943
37158
59181
23087
20221
10365
61470
33990
45040
98118
43944
68336
8262
73571
71877
75476
72391
13699
6098
56583
78485
72772
76112
95702
44126
13692
77932
92402
69982
81774
9865
72278
18933
85399
95365
55506
95764
56836
89496
57156
71306
33440
41845
95921
23363
13722
87749
95754
27421
93848
52337
22259
82972
44802
34313
27098
74846
12246
35853
44829
10372
62070
17107
45657
47469
12472
1164
59586
85660
90660
33094
73319
24101
91291
85592
47464
5013
89693
59571
48787
99893
28260
71046
82865
73062
5359
9964
64261
33957
62169
9090
44330
24239
42549
89987
88061
71373
7503
47647
73386
98164
97093
63057
38617
88385
48649
2433
9750
38342
62004
58537
38236
6617
45935
37453
79679
67647
47417
60292
17956
25938
85734
62286
50178
28283
68626
38239
16009
76129
2238
89395
90645
99331
52452
45614
4068
17453
48048
13819
72147
26404
88708
26735
33021
50996
64189
29053
34995
27958
89345
52951
53897
75080
31590
4075
19715
16568
58666
35724
9049
60904
25119
99695
76587
93923
45309
80656
11376
9709
10827
99876
36114
99535
26611
69135
66883
7152
98188
1878
51463
3886
54830
21712
78966
2772
42139
15033
19340
805
50758
28389
61709
92229
44436
54648
86153
89746
35304
13881
99455
46131
13757
51921
62019
56721
21057
28902
80225
35597
47133
31688
55835
1963
53400
51153
21087
95539
66187
40427
12696
16945
85168
90757
25526
29605
45406
11679
35703
80710
25561
51510
43194
55670
3432
21565
28743
40841
50467
8969
92790
97600
40657
48626
15915
10410
99779
37002
22301
82318
93781
34998
15615
78950
25755
41142
24907
71161
52821
60610
68224
94734
12120
27770
66757
15552
49335
95500
72745
16154
4469
65536
30107
61479
30514
62374
71889
46645
15729
94190
28964
9510
45540
44579
4812
87648
2073
29719
75161
71247
90329
43385
65981
18802
87507
49090
50706
53194
44591
23452
69349
65412
88988
99456
26891
19502
78182
15132
66147
93911
25675
11463
3422
71215
56043
24586
58863
58116
70658
34025
45715
77339
93762
11697
96141
97622
77139
46848
50816
21730
70300
36517
3495
75640
52325
30386
95142
30508
61871
77641
24419
87546
89105
44193
75113
61500
68780
50329
35968
39438
706
81684
16777
10820
9733
29271
8442
86872
76119
75611
24955
62771
12128
28450
38411
64454
75188
49905
94962
37059
43898
35733
40957
33003
79927
16071
10855
65059
82752
63176
4497
83458
44860
37626
94278
70945
66897
19073
57817
59368
94684
99124
22139
6812
43926
76902
87618
19115
43159
82580
72526
87058
34666
13484
36413
14593
45907
47269
79652
45011
10445
501
28469
71657
54479
39099
42602
21377
74524
16771
97097
69208
32248
35589
92373
76174
12491
79991
95289
55651
78924
67816
59061
13590
97652
95474
44535
59911
59095
24187
4922
69540
41040
33391
57549
95519
88842
16503
33248
63367
33275
30346
48927
65523
82287
41300
58049
94778
21292
53339
66781
16568
37507
25842
30158
51511
37669
74693
11422
96764
15232
16344
82657
56272
66087
40206
68143
71281
56710
1392
34648
6337
48090
99928
88212
30377
41228
46261
41507
78872
15952
24641
95440
53459
50483
41950
4970
88152
32995
32744
1269
64579
65440
83926
37203
31527
24132
5347
2809
97194
23091
53809
3531
71181
53737
8095
17910
11318
54357
59417
90190
70309
410
1983
40121
50894
60285
61443
55398
9633
94188
56667
74212
59628
40593
11416
7508
81078
16763
26669
78272
39854
96830
98156
27387
66920
6251
45297
78238
60608
21066
84780
47270
21477
86763
87391
88723
63401
48834
60473
73034
43022
17141
47246
19003
74086
75014
26511
55164
8129
69532
49789
47983
66362
47945
91722
33282
70548
53371
11520
31157
74438
12653
78427
12267
15768
82170
990
79169
31004
77815
68555
90379
11308
15802
25734
85395
7168
68597
56911
15298
38129
23052
79633
4491
87349
71356
54126
57898
24727
81998
89055
15517
94651
83834
44136
10420
66004
61478
5941
13360
39294
74497
3739
50602
6651
29473
52349
13819
98070
9261
45469
52551
48665
25103
57043
36015
12811
27521
93913
37538
9519
99320
69408
20523
83154
13544
30943
65510
75023
53236
78870
30669
27733
98962
81271
34384
44787
33621
64556
59210
59234
10025
11761
7899
51480
85156
43914
64291
29029
37827
18182
38549
37147
87590
59072
36653
17486
6367
18515
8861
59603
97386
39530
3689
12700
37154
54425
73839
70775
35333
33049
30009
45359
61163
54260
13191
62671
98175
77483
91701
52354
95665
30250
5854
99607
5674
58859
33445
28393
77375
42307
4348
91113
98189
8037
3813
35343
78815
94004
6118
14148
27054
52479
75859
4569
23092
89051
67240
37619
66534
75293
89973
78551
5543
12179
94510
27569
71039
27955
72314
48414
86614
76663
39527
84804
1052
59692
36499
96219
53696
58970
10368
97102
27801
86227
18023
50893
91630
85264
88512
58164
60557
94838
53067
82453
7017
47577
26374
78056
91885
98689
42822
78499
91704
98701
79655
9108
74745
16155
5328
28442
75125
15696
41896
19278
18275
59920
70172
9906
61536
58684
84422
38445
69874
53842
37250
76892
17771
79977
71300
9656
95018
30475
4508
86722
29176
84163
12182
3922
16670
17510
48716
8147
49558
6964
27426
67834
83236
13950
94092
61124
72634
94866
15922
58861
48708
53172
35753
66480
49501
23405
92488
44519
53880
96996
47593
99409
97512
59776
19683
14182
77286
68399
38682
43197
91715
66108
11031
74952
80058
21475
36076
69044
16341
51998
44257
65050
21523
80010
47882
87376
19768
40370
31896
90000
37367
95841
89409
34879
55617
25444
65413
49256
10195
20447
92453
1911
86555
19836
93215
82965
41311
45643
68362
74004
97642
12619
39054
35517
8982
3288
22893
45102
43659
71141
35102
97378
66983
40864
48609
38952
66308
30374
4560
76504
50822
13365
78415
53729
49553
87982
53047
7216
33625
21409
81221
47619
50380
36627
83136
75714
39916
22382
20816
99927
9875
55919
97305
93210
13135
62266
48515
79443
92640
53075
55947
43462
82793
50714
97192
32346
38696
50239
39563
72322
88000
37136
19941
54732
73763
19430
30447
13679
58164
51263
13606
68039
23534
27263
77602
53021
89529
26117
32465
98522
95544
4764
58336
78337
71831
71880
27036
26879
22119
82951
15553
26471
20087
35495
97556
93850
71277
28003
23882
45793
95618
53840
13832
35505
81104
7786
88526
86985
33903
37343
85507
29448
42108
60196
24137
13939
32076
67525
57170
70548
50476
72724
97019
86915
8219
94575
97118
95848
38930
21000
41641
34549
91192
71825
86406
72296
79612
74932
75634
29867
12276
77493
75667
70736
37689
16157
1027
69766
83682
58197
40314
50511
30921
53685
37426
55492
64613
50896
67692
3543
88248
9333
54444
79441
97511
40850
68089
93475
32135
43723
23342
60763
37569
99010
47851
75258
15167
48878
61376
15201
23427
1690
65712
54349
71728
19491
26193
36341
70387
93886
39884
58636
19571
10681
54429
17082
67883
22518
10557
16370
82594
50252
77133
36515
49262
41336
28125
80781
90214
89502
95982
29994
7544
78047
84343
79272
97538
26888
31965
67925
20774
88202
42913
56698
98883
13694
73780
66766
36213
690
83137
35159
50942
76622
71674
16556
17959
99799
97337
24525
5653
9671
54519
13198
87718
55214
8822
85256
82103
40788
69534
19229
28990
28799
75927
44225
42494
66060
10991
95059
66750
10480
46570
34044
3455
34596
50600
21414
50747
64289
62291
56401
73960
33163
85951
78031
88377
11125
63287
86832
51913
49173
6062
97255
94325
98341
41480
53171
64401
68824
48230
47503
79304
11152
81547
99111
45748
48499
20525
12847
12788
99169
69248
3101
32332
71551
81132
37061
82677
60771
23894
50942
26297
46308
48198
20622
61001
6030
73793
25403
74854
38375
89258
70511
65879
87158
69622
11627
35657
6500
40826
64798
5669
26427
67899
54353
97978
65383
91414
97007
26154
31660
47950
68803
94320
12500
89425
55322
18530
79570
97077
9737
17945
86335
80248
83824
73493
66222
11803
25503
72722
52630
90301
94743
79057
74552
65448
93387
39935
56863
90395
82441
4875
54697
67597
99196
67197
57022
54518
2079
52945
51595
11816
87242
54282
8416
87419
44128
74639
15574
85983
63713
68204
92636
74809
63613
67188
40257
73353
23475
13472
80100
22268
18348
34797
89865
33896
18346
63240
88414
20425
32537
56361
48594
19779
26995
57010
7198
71123
48001
22773
57106
28067
7329
49742
2876
87295
33282
43133
77000
73109
72958
57100
95378
91306
91897
1595
25202
10243
81187
29968
47020
13724
2681
95614
33504
29676
68977
57054
800
33330
96179
74258
61397
3509
40353
64273
7156
73635
23759
84156
46745
96717
41256
58475
4375
49505
76422
45929
76100
57610
92249
23120
71334
94930
18735
21190
24606
4064
78245
41758
37394
74424
32369
98792
94285
72722
79417
1441
62709
3176
1949
25806
16245
43205
633
36972
9062
77056
82901
85162
34666
75150
8283
6000
86432
43370
43543
11039
47434
21788
69149
84828
12564
1518
99972
6850
90592
79390
8291
53302
98918
10241
95460
15164
69798
96094
52136
78861
73150
51390
80375
7816
42892
88658
30168
29325
32028
73711
56716
95814
11851
25865
80643
24416
43736
96967
31266
34328
76357
55909
3982
75276
82502
99443
6792
68653
95537
75280
63866
85039
43022
44241
92855
85915
32900
39375
31592
81280
29439
88308
77095
41290
14173
74090
65706
74261
71057
13324
8590
63767
69234
12572
55395
68088
12015
62187
36741
23904
53819
607
8943
96842
44849
18150
99109
77749
73878
30701
75381
3317
35361
52476
60959
65886
42918
43018
40148
13976
56342
48738
94095
41928
61310
49490
10017
89678
28029
46758
29934
98200
47366
55230
11394
8567
73380
10503
2668
63610
57556
78049
66927
92917
46878
44239
75156
89796
87257
15304
20124
43599
64042
14219
85528
41704
80061
11897
47734
8090
58655
77669
6291
22373
49251
34037
47292
22631
44541
49960
86242
18449
44362
69521
27719
91240
30112
2875
81036
17369
34531
1161
77321
14925
31732
79201
56629
11794
91098
20716
36236
66105
14737
58879
4831
63988
92917
52123
2971
53810
18436
5565
88611
62798
91439
32682
54038
21551
35557
35074
38921
86440
52587
16242
1365
672
95443
74347
28818
2893
95063
81406
68998
26152
40286
73829
6492
49555
42305
9463
19717
60741
15029
8328
23539
22820
57363
77577
44371
9272
29003
99644
95713
97943
15886
97078
14967
27681
71425
43785
30574
82840
25191
99573
8992
81829
89754
31836
47736
48411
41300
83805
9152
72681
8486
32691
95501
65849
26620
56224
75121
71976
55869
70834
86271
88107
67913
1238
15789
55690
61375
46363
38531
2918
62288
63875
84748
68395
95712
48836
16806
53364
32642
42311
26045
41128
75002
37898
6977
17975
10474
82098
6303
66343
69285
92574
54451
37198
93812
70240
9240
55187
32955
64123
58105
11596
27999
59205
96343
40063
24394
13149
93427
57036
55460
35824
14516
46815
90074
21493
81142
548
19943
87445
66892
89228
80019
37695
42778
90183
24287
68371
45370
57242
32494
19827
85190
60493
95385
81533
16908
19779
11035
26687
93167
82847
62511
7683
46014
68937
45528
27156
85838
81823
30953
52730
87404
10972
6777
30182
17507
31064
14905
79229
4658
47400
99057
89849
24245
10794
87734
41154
30573
98769
67841
23740
81617
46705
31423
27631
31994
93303
71140
17832
75126
2093
86914
62530
29418
93691
92713
46925
24755
7618
42507
29414
71370
57916
35615
95616
68710
23349
36770
99283
22119
20963
39375
20088
84020
70798
64071
16015
80453
35211
33847
55579
37305
20762
18110
66723
30805
27175
30000
55561
51145
72507
1327
22516
30423
36942
18132
99133
76643
71254
14768
15114
92217
54143
35202
76238
41293
99274
8605
21746
34485
42452
77326
88142
79566
95436
71217
10372
22611
1218
82285
90108
90077
99964
12624
20501
53258
30756
35986
29901
18362
50755
45016
10580
21250
96570
3170
78896
95844
28127
642
46682
86931
94320
34824
66498
6108
6042
93222
45071
23612
91859
35180
13689
8175
47804
50542
77785
94913
86529
7686
13275
53636
69054
40207
74886
81977
59729
70134
77821
87856
70777
40855
74788
81449
75680
57638
87558
98074
67212
48981
21686
75423
84161
51727
83598
48318
2270
61383
43231
88799
85421
72858
42435
70828
29418
33673
52805
89147
3808
46978
77004
90937
87834
68144
88738
79866
25782
92648
77940
92994
41630
15978
68417
25791
67705
68367
90461
69975
46102
50044
75126
31523
22903
33913
2351
52321
83939
55156
57820
4099
18487
34824
11388
6321
19320
126
86187
45102
92775
80479
54448
34405
96457
39217
76548
80514
7584
67010
66842
53686
17054
41968
1562
56309
75882
20265
24982
59821
91774
82803
80272
10261
33979
91660
16582
53300
91786
19121
98402
913
99600
69203
35318
12409
8420
28219
92923
32357
11581
59765
2395
44987
1734
20309
1297
93968
40575
42631
70141
32349
25434
50413
42610
75766
42073
59192
29066
33859
78313
43820
34773
94265
13023
86443
6674
37796
31014
99597
86505
42595
75715
88900
87583
77449
9210
5232
71417
66137
47863
57910
98486
89650
8323
41096
65416
50396
16640
10834
607
11305
54654
51732
5570
67678
38176
28596
21826
69190
28193
8331
28138
3908
13583
15721
97709
22793
37305
85478
5282
1520
43388
3768
7522
51711
44864
72938
18459
77856
124
19067
89161
54779
70799
11083
22457
25327
39679
44283
94518
84225
68966
39008
4485
82549
54729
18547
21695
8386
4025
26977
9906
63766
30746
17429
31829
91962
6719
50289
69819
6844
85708
75332
77975
72859
86416
16784
98187
42447
77419
9057
43024
46385
48065
47510
28934
19146
66057
50629
27532
86434
93959
53790
50200
24705
87571
82030
33019
10643
48671
2838
33839
34379
94523
11814
7238
80939
28598
5425
39738
6017
30834
82763
52402
78899
46625
97688
98045
12682
64670
41929
15468
58629
95720
65669
99686
83291
64051
32705
10286
12722
51896
44125
63453
46419
55939
70691
43710
889
92469
83448
6906
23303
82563
75660
18555
29188
89701
16600
58222
54371
74882
73691
29352
70602
39360
29038
70245
19763
78095
80532
32485
29991
41009
95938
76410
96949
82981
20120
14190
75450
19921
21097
15106
2484
13109
33661
48025
2810
66613
6247
73533
41495
96290
2885
28449
52002
31923
15047
71765
10019
95579
20602
56362
52940
16540
32773
49889
15874
69245
64080
91324
5518
1529
22782
24355
30990
56443
72380
33801
23057
94979
23686
80904
7622
26572
9354
59624
74847
24401
31390
1218
36332
68344
57581
89272
1237
6706
55514
17111
75951
35946
8435
97822
53827
31218
22177
84817
4013
10909
34970
43422
22240
75009
24327
29862
1581
50033
89487
76428
90786
37229
93999
43470
5573
51580
32742
6810
58286
4608
23921
50589
56906
48709
64763
10733
96279
86940
11903
292
14201
63225
43715
36442
38234
84394
66304
39815
34427
72143
32596
25213
9372
26595
68683
31298
94527
17777
54460
52813
38738
94734
19754
95644
59795
84518
22730
56074
87810
34633
72718
2012
14210
32785
38454
52445
17179
21110
8612
67958
93254
57560
9523
18978
84155
94558
50276
78682
28688
21089
47847
67426
15823
83954
79422
75618
68472
2152
31692
72634
53137
20762
74646
67348
53548
29452
19793
87079
50563
44757
71390
43817
2318
80913
62795
2825
91824
29424
97860
20512
50513
45707
4290
66336
46013
83712
41954
30837
85865
89998
3472
39002
10760
78118
22702
80660
7571
42495
84092
74486
87253
55482
18303
5923
52747
97450
8748
44571
26874
6608
81435
77387
68668
85725
60075
14681
85790
2029
45519
88007
8379
48991
43361
35492
43461
66064
32504
67384
24911
16596
41870
28516
72078
76525
34439
41178
73976
43188
85749
850
66148
83537
94590
34816
85614
54665
49498
71404
73047
11369
75763
81426
76712
19125
16918
36525
85189
49423
3910
10100
82371
62132
54969
70802
38658
89408
11980
28986
48948
14081
29836
15097
97618
40778
49913
83233
95444
15763
70989
68491
43484
46753
66269
20196
65878
99540
56722
67419
65315
76984
93871
47686
55468
48840
18488
10478
38249
30468
39464
3549
44550
85653
18646
58520
26431
84912
41753
21875
675
29095
6718
60512
75848
72988
80708
41726
88880
53782
25497
54195
47118
19368
1881
2587
68209
36722
13065
22810
83542
68882
26359
44444
54535
45006
2965
80966
46270
61070
19194
46945
90165
25912
7457
66013
15252
4518
24091
4132
74652
65940
58327
21771
85309
76561
24358
69870
29635
53775
92680
13177
22657
19039
57622
93544
80397
76939
74511
26667
38009
10057
89965
44527
52321
13774
26892
67574
34644
67336
88058
9297
33276
62738
31068
18585
55651
71778
88455
85286
41905
97487
98463
80915
16527
72437
74459
13276
65728
48970
56296
20090
59027
62613
64617
11349
92739
91509
95275
27384
58845
83333
36681
8474
62423
84101
27059
18074
55879
31867
3360
14136
29354
18176
95051
62233
6965
69511
91862
72694
18481
48158
92784
93861
27123
73753
21562
19862
81614
33189
47246
56812
16522
279
65286
95298
84380
92345
13372
40259
40564
33085
70748
69919
67613
65799
32152
90930
35310
24014
79976
70144
88524
89112
64005
15647
62865
1919
35510
44480
35108
82756
1292
67982
83036
66578
63280
83768
75275
93005
40380
15840
42442
11128
2111
10055
76927
34263
17337
12238
74630
97314
82382
63154
86426
62739
78802
49292
64658
14312
10124
99766
13420
27768
84100
12808
10698
47381
96577
85973
56738
36957
18165
99180
48085
20276
9235
25012
70892
42924
53602
45522
40238
35984
25028
26665
15075
3830
92309
79733
34494
18785
95851
64267
46553
79952
93427
57251
43685
90004
59576
423
43313
94094
99603
91398
14370
25190
32763
1614
68114
2717
63488
8353
38702
88517
51370
53777
92347
60031
49863
43194
78816
45714
23813
41721
42018
17240
98972
85703
7245
58548
86126
50558
52642
2081
58309
83365
27271
7424
1331
95386
10141
64820
20091
65195
53337
87813
35325
62036
47844
85188
21582
43012
47254
45395
84733
5625
62636
83705
91328
86233
58605
93807
53143
27600
95888
11452
27317
39512
35228
45000
34898
61722
9820
71341
26917
79509
75506
78594
41546
23350
63782
79480
82714
27389
24876
67447
33014
87512
67504
40694
73745
42461
34501
26888
86413
46742
54693
30082
86254
6273
75083
37504
67995
1255
8845
11265
80765
84351
89859
38663
24053
69994
18143
23119
13735
43019
90566
63101
46883
74422
3795
20628
33235
54649
63869
19649
1391
34914
66083
3997
41187
41166
41501
25535
42422
66698
53152
23187
67401
59363
78202
91454
45709
96345
14573
59444
39365
21491
22545
86248
12265
42693
23229
45500
97342
87098
81501
15085
38364
47585
19082
95903
5103
60583
21438
63877
27281
74590
87064
11034
50306
65266
2488
96015
77964
33413
55460
17329
71256
94357
19929
83521
53402
43158
45373
67096
46608
26875
82181
84972
90812
17615
80876
95915
78198
18666
59793
21831
93257
63209
32865
43563
44828
51705
55930
22792
1470
27742
56473
72726
38452
76402
72599
91854
19561
17973
58951
66169
61200
57484
67494
52012
75100
64722
64279
69650
83388
24072
91482
92997
3634
40699
36560
64814
92405
8843
87606
93875
36585
60431
82954
75037
36833
55553
66892
56394
89878
42195
38916
51078
99679
22762
19442
74779
87484
83722
60782
70872
24146
52264
63870
27780
92963
16782
8946
1720
25625
12904
11948
62211
73335
11254
37248
10169
66807
20492
82915
73038
62687
38183
24116
78719
60945
43559
69850
48429
43633
30632
35654
67779
82896
99524
11912
92212
32658
20858
10284
58284
33763
22232
36847
7098
33486
74095
33619
16646
94588
16535
89684
73627
71070
30152
52346
32016
90063
22197
96797
33696
52829
48803
17828
52078
64679
46092
60642
97338
83302
70926
55622
17065
9511
92469
40516
59349
82916
90487
92347
93856
23374
98383
67484
94445
28536
36182
42813
34951
74731
55962
85000
27561
4766
2828
95991
69445
65272
56633
66783
48574
43911
38757
81992
69774
31226
22508
29124
30495
29347
37823
24351
52722
36207
8187
47167
81095
44370
89980
16046
19101
45942
17398
63014
67060
36578
75357
36506
1850
48342
3289
50425
92254
58399
48769
78380
89625
71277
23856
36472
16976
61680
77176
69698
14239
85363
16865
95334
46085
23197
27732
81539
69140
45131
60905
52552
98061
36263
89058
99912
957
8700
66689
9563
67099
15458
87944
73076
3087
11800
9549
20063
73480
86725
89762
4071
88440
22979
99405
50878
46177
43490
32417
31669
4973
9674
84221
3034
62289
89632
19298
63247
98332
2339
72810
65431
17797
60754
38507
37236
88907
64408
57300
78739
51133
63414
82811
55926
86393
98568
6804
48922
42058
55573
96943
63383
65247
81165
82770
27537
70797
2068
90784
69129
4408
79946
50912
38557
40701
89419
75794
29608
70180
49446
24699
21313
12860
7510
93591
15605
6079
395
80880
64489
55968
77823
27873
37568
75340
26995
65105
62489
29063
72241
47970
49823
52187
98882
88381
9240
4654
80527
55200
74834
46325
79900
12499
75537
87410
6091
91142
9841
22838
88374
74331
95159
82550
18556
32727
57890
45551
97832
20380
74614
86425
68350
40790
38612
83585
45523
64205
88239
42402
19405
79425
88727
15657
8276
64264
19420
30719
55406
29261
53558
60133
3592
48717
42683
22148
97796
573
84051
11980
37305
75018
98405
22008
15808
53369
5593
77683
17574
10184
20085
53332
5961
8812
68989
14237
73076
88409
44957
44834
34023
98515
4967
37615
63584
47650
76116
61380
64576
76519
89712
18233
51537
88117
40241
83697
57838
62186
61380
75413
72370
81465
45097
78331
90277
30438
8921
63353
35200
53878
8188
69223
68745
29507
23190
32329
93510
15658
10061
74438
92178
99773
92671
60067
4242
32913
43765
62080
95099
5145
53845
83822
86611
98942
78505
93240
45733
87426
72946
80933
41304
97486
50156
10049
26993
89698
58730
36855
5357
85143
11293
13887
1268
3965
73954
5510
53230
17719
83943
64681
22865
54140
48503
25828
53083
27009
19068
98816
30787
92014
96101
72092
5852
46257
98493
32846
35955
73576
69701
57664
58719
97347
71551
59988
1312
45506
81850
54542
63225
82145
19223
2442
36286
84079
28270
5721
27440
63691
20889
58227
72057
16990
46671
77910
63247
61517
27108
15554
35093
96809
89571
93812
94156
61122
70152
11820
22980
68355
82714
86206
50500
1938
5000
86786
2369
33271
92507
29809
13314
13396
4388
85371
30386
67412
63281
9985
28929
90389
41892
80374
3551
31463
74186
14059
92585
60691
42232
15566
29046
24946
18124
95898
26884
23124
82685
45605
72747
91544
75414
86061
21293
96155
87785
68031
63567
67418
78017
8848
74160
36261
89222
94063
67724
79760
8122
76661
40451
50354
8579
85849
91653
43055
81748
34889
66180
80785
80495
55279
72329
72261
57693
93622
68416
61830
61654
31983
29248
56023
40831
3408
92284
46405
97471
76360
26166
21946
53021
66617
88652
61601
68819
80305
4656
50567
15195
87188
31352
12042
58820
20033
84303
16513
30008
52720
78343
91662
1055
23943
64037
58239
27352
56321
4644
41175
49033
30810
79473
2054
13780
84478
80007
82599
64783
1016
49518
96330
4556
97222
24724
63376
17255
9028
96241
47263
78100
90936
55277
79155
14880
19314
53746
58584
91987
74743
16111
41020
21905
11937
59427
35685
96415
55786
34636
77550
56802
506
90233
77711
97728
14957
41087
31336
23985
53681
94951
2085
44617
66581
97593
75849
85895
67691
50785
94235
42434
66897
51607
64340
78834
27386
16377
91601
83173
67366
69151
56327
67872
59384
34038
81953
74342
91478
29641
14679
61511
24592
16765
22480
91173
30710
98330
93421
98401
65467
4008
57188
32364
71967
37880
27550
99354
54257
19151
98879
37975
4655
55206
22200
64039
5597
4153
54733
13427
33794
69413
74938
74738
2530
97418
65912
49592
12100
75685
64345
77568
79693
21533
26284
51660
75765
70187
67366
46375
5690
66245
84350
10345
37804
6550
90737
59753
10703
45470
73180
60849
31235
64470
35588
50117
78240
17852
99709
90341
9889
64055
67909
89582
1940
10545
57594
77706
80732
24961
24081
86423
7558
24783
96768
45362
31334
87505
5115
58389
49328
94647
35591
80563
59117
87531
47033
37358
5383
46742
44051
31624
27149
28312
37558
45442
38857
95152
39500
19590
36465
79933
22365
60376
4716
35485
5738
36050
39343
27206
10792
88671
38205
46383
85586
97323
33914
32619
51033
55649
95714
11436
87273
22863
39748
24831
68305
94957
36335
7805
30899
89153
87738
53264
49529
8807
88750
71619
44857
28093
98825
72001
33116
37031
18384
35054
50706
52298
67674
18091
24299
79740
45879
11572
2603
85627
52755
87261
96936
89091
95066
27836
94596
99157
97452
44125
7964
2554
15744
69173
46999
30922
41175
96467
84305
75911
31522
51363
44562
15548
85806
68861
95288
31685
96786
97891
33664
49541
1504
30600
54984
12923
74788
49580
12080
72241
10057
36396
91147
42154
21921
38147
89428
79448
50966
73733
55360
82488
41448
99922
98036
27254
85135
9676
58939
81921
23920
92603
31463
25424
23203
2799
38347
97992
52380
66779
86585
78789
3175
94084
20943
25097
48583
10371
4545
99550
456
76257
82038
41904
76179
96427
69158
77667
6103
44449
59588
30023
37052
7403
55448
76608
10203
10147
90952
78935
76927
77537
57724
80102
87973
95020
21551
36557
21743
42449
36107
38552
18706
34497
96808
11238
30924
82319
88905
53380
26768
64845
83403
80173
72249
55203
56781
82452
65351
47733
61387
42278
41622
35463
38732
29595
46835
76636
66152
68579
19085
18611
7131
54143
53109
20291
81733
84033
2610
86990
37413
29379
51836
37169
9552
40437
92372
66333
22889
74075
30418
628
16353
72040
52443
71438
17987
99279
48074
84140
67858
83511
19103
91341
54006
72212
11632
52092
72598
14243
39082
26363
59974
7270
63532
69526
47707
72257
52211
86948
46332
82629
87576
79038
71021
40020
50476
89008
39299
98550
89500
23509
98413
24956
31202
52419
97168
42834
4511
69766
73429
59946
12482
49755
67216
76014
19281
31276
48271
87844
18224
10956
86825
22153
89994
74198
62173
40470
79559
17824
55372
85411
57685
53785
10367
88887
22556
7536
48073
43420
93654
37855
3366
6136
87610
86934
98503
23244
18210
63126
27440
36435
74082
14266
58588
80428
4816
37113
20898
84375
71289
92622
69787
28974
62759
80154
34213
85316
4042
82286
45088
14049
36493
48454
36537
24104
35388
35040
63700
69951
98167
91140
6386
88601
21758
81326
69030
26575
34791
6280
10950
22432
98903
97089
51406
78014
77244
1971
79682
97638
609
24770
11687
37103
73224
64577
77559
24965
99617
41259
94916
14136
48751
17654
2738
70510
15332
88120
13437
50123
94400
24387
72555
9655
37829
40313
87670
15073
42284
67352
29063
42893
92123
57103
96348
81699
21680
73907
23016
37649
31518
17932
51786
80270
51938
70876
67132
67270
75348
80569
33745
69748
21308
22652
95756
59137
79317
99778
90562
37953
83482
35978
80847
91957
93081
93547
90009
31113
67455
13025
68762
15325
47310
36900
11947
99248
7776
79079
66519
83124
76000
16616
69225
97309
39269
81333
72798
34938
97463
63361
72892
80945
99339
70091
72903
8772
63638
62912
39885
47445
92289
24999
62771
39599
61900
74718
38848
86028
70150
21719
69153
46150
38335
54730
59811
93956
52415
32610
45247
49878
12323
18139
30823
11662
88230
20078
36786
68220
99342
93023
15666
91632
18022
94789
31231
96274
85859
86431
82303
56009
8150
67808
18512
62838
22538
78323
73146
74953
10933
18393
24831
23256
36532
72006
51270
41114
92085
88056
9335
7779
97431
41353
99411
15454
36142
46995
28080
38353
33426
10383
10715
57929
78191
29227
37119
17081
7550
10265
92034
18484
45011
33217
58092
97895
21576
9363
39010
30013
13771
64697
37792
27555
6050
53556
43009
58544
551
71089
13249
50329
97825
23964
24610
76016
53191
61729
93098
60742
88347
1484
95578
49710
51054
70022
47605
72630
79385
2967
18995
9509
67664
56787
37064
90066
10343
96425
64962
10894
83866
78212
77576
81691
2176
2186
74060
71720
80268
83510
48814
84967
1346
44392
34677
52400
14414
82282
41382
10152
1602
60377
36013
69266
17165
89429
75685
43860
2206
40647
71107
86072
35211
48683
84116
53740
67221
74528
25460
63841
58038
74274
48808
59384
35018
99837
28137
65784
82120
69519
92288
74
46249
28301
69340
79766
17730
61377
23626
19936
18377
94733
22361
53588
59768
22829
23680
43342
97357
65492
7183
55395
39766
72344
31131
91136
72181
59268
56921
70653
45140
65561
70727
7741
93863
40068
87507
27945
17797
27485
64234
36174
38571
2947
89763
14691
25776
29795
58033
39485
95288
81569
94880
51406
53913
42363
42543
26094
17984
15816
96748
63124
81377
67475
70865
91592
23895
74724
35890
41693
18561
16476
77867
57132
19423
83982
71824
61551
13778
46209
1036
9066
27778
12268
60472
81691
54631
19367
7786
72615
51535
4534
52091
49265
88361
39308
40857
12257
14032
93099
53950
32594
9575
31817
6078
45350
32152
77902
6901
45930
40464
7937
54996
68242
20205
31820
49934
91189
67540
74072
80156
19075
94958
32248
68340
83319
71556
25550
11928
1941
35001
65878
34535
44577
14048
40613
89927
46200
34868
13181
8482
75332
21118
63478
59926
57676
11650
26212
65217
95542
284
45373
14618
11594
93973
99310
11266
81882
41212
23194
83823
76214
89073
18358
37143
19473
75323
43422
65673
10191
56603
74155
1875
94074
53985
61802
51750
81987
88014
33319
77530
4651
78692
8500
16245
89018
24162
27511
70900
65375
50706
54723
57941
56131
89433
11436
75604
81108
54858
57629
7652
27814
48136
9527
21888
18473
87681
89990
16812
92048
23309
10694
96699
18353
19194
29296
7371
43357
56808
78271
25084
23866
49346
99377
96349
38779
10813
88305
36240
82023
45934
43892
9837
10422
53419
48077
45247
57453
38067
78411
49501
61376
89106
46200
96082
24652
75496
3453
68009
48656
98077
9445
72522
47423
25174
68871
2555
35987
57176
38795
34363
19462
82687
60552
46236
52458
8630
7835
9911
63049
86247
59412
40778
75353
21964
36860
5
13813
40313
84367
62469
54742
10164
51344
18518
35339
20215
21073
71326
93744
76220
22041
29558
75259
82594
75795
44069
7576
83630
53981
86977
69877
29745
27755
61582
68062
64615
61588
81875
21281
62307
44344
92375
72471
12040
10893
7810
32256
48318
95489
42352
24538
17530
71910
16149
16476
47705
60219
40404
47688
30552
27382
33917
76649
55137
95500
44711
36105
73440
42938
73738
35747
3635
66113
8218
15675
93359
32381
64283
41677
27870
6635
82568
61752
78546
98717
94581
42603
75288
34985
6643
5840
62367
40561
82490
33857
52413
43553
86314
25853
2844
76404
77952
6479
58869
2522
22154
52228
34903
2790
10258
79125
9425
92826
40878
4323
7895
35459
46927
83184
70444
53570
89024
49164
10483
87866
99373
62896
47772
2039
5101
50616
94795
83053
57095
53664
85576
95601
22245
36831
98391
32503
15957
7817
41681
56835
28492
49576
8646
75419
32760
95442
45342
38137
60958
55825
26003
60331
35074
73775
78722
40175
24391
73517
39581
97838
43534
41509
9792
65779
78340
8183
14634
10649
32352
56315
83836
60845
22243
92482
52616
55004
4277
14310
93141
65235
70136
35496
41919
21562
9272
20641
61737
50015
94159
1318
64206
54045
42827
73998
19824
37520
98533
50810
64521
47238
23477
48358
24435
45720
57192
77051
17076
61469
91362
26569
26705
77850
62066
68624
99412
87690
89265
77501
37705
99776
78820
18263
53821
37999
92261
89997
91871
7147
57159
56393
54385
80636
21103
78820
26357
78295
72223
59785
39765
79937
86355
66470
57787
48421
35094
73551
52463
40711
51053
6520
56840
46225
24784
27013
576
33397
33363
92448
40544
90522
65193
94929
71159
86296
90101
13868
64591
62325
73653
4356
58614
60008
87178
16402
24781
38624
6305
77244
95688
57358
83765
52528
3583
24901
95893
20512
58298
29256
29312
98843
19779
94505
10124
90938
97153
226
21158
61744
78903
94811
82453
37517
71172
85983
70271
95953
24608
76577
89550
36648
50287
73315
5528
53871
14568
1421
90735
72866
30678
20047
88061
66809
14552
98186
74099
11705
14764
95257
89801
10019
90068
88606
63888
77592
74590
50512
73546
15550
27089
63096
68550
77376
52763
74078
47599
67331
75499
38334
56549
22529
58381
44611
89338
89285
59149
79789
17342
73913
75046
23496
284
81467
12102
64172
59059
3044
14684
48957
34946
58125
28405
3496
51854
81168
77574
15805
64851
69426
54140
37753
8307
28873
82364
97646
34511
57865
93787
51853
48130
68834
75349
48414
66653
3804
28938
42064
23200
59975
91022
58147
18100
19427
77995
86306
16948
71922
2112
98151
57700
72604
52256
66007
17829
50972
80005
52340
8837
73793
20546
56967
58979
12247
21733
25632
16051
50672
84048
39252
10647
91422
13751
45099
10850
8098
31406
44150
96372
33518
58653
54072
6122
10910
20080
23951
61882
85
92644
87072
73878
13190
44039
49209
25437
65773
91193
57841
32797
75242
13445
59796
66664
43548
4895
93866
51646
52653
54368
48019
86171
13022
2091
8645
40284
38523
48949
18518
38609
57945
5590
28839
71135
65982
78049
12924
48107
69242
70765
80904
44484
84210
40700
27501
27758
61947
21367
95757
14601
75736
43776
17124
5110
62219
42122
45394
743
7423
80264
55704
65368
85855
84543
52855
68189
78944
65779
16296
48187
52897
13552
9023
37107
54252
36524
81218
32551
74244
93327
47152
66332
37103
80629
71442
15674
22751
33188
16417
30174
13452
72121
95542
15659
73017
48397
