453
27192
867
7243
16352
5797
7577
3449
8982
8628
26423
16809
27435
15418
1853
6661
8551
4738
29735
3766
7816
20318
8437
184
17467
25780
3440
11749
17317
12346
13565
24123
9538
20784
1366
25891
2933
8944
5692
11915
23924
8467
28724
21359
237
6929
28020
15141
18019
4108
18907
25835
24426
3697
2372
11893
5829
5812
29994
29499
18159
19911
23622
27697
10695
1340
29940
19980
16636
11985
1895
10560
26804
6971
1919
27042
20252
6292
12183
8272
16752
7442
4107
11178
17491
12831
29423
23321
18644
5769
29172
6803
25681
22794
10852
12728
486
10793
2709
17123
29130
10956
27683
25934
17928
5955
29328
8180
12247
11511
22804
5351
25306
3264
16529
19149
16095
22304
18822
4739
4425
17994
17894
106
17140
28747
19187
17627
15892
21896
4750
15022
2852
2433
17308
27132
8388
16637
11665
26987
4500
4469
2338
6158
14085
25219
25308
181
23875
14130
4920
28301
2125
22815
28407
19265
27914
17594
6892
13806
15842
11642
5180
25047
20428
22488
28531
28816
9125
10196
2156
13626
21018
4494
19784
5103
29714
21444
11636
29941
5575
16557
28242
7700
15724
3002
3317
13638
20596
10210
3796
12791
28204
8976
14190
24984
1464
12721
153
16942
29270
2309
568
26640
6803
26704
1743
12869
18149
19732
12811
76
12641
17405
14128
28365
20407
17445
18355
17356
4007
22151
147
8564
7479
14337
3548
8943
3410
3701
25885
2680
6010
2805
29320
19166
5862
7416
8387
363
27148
27550
439
9789
14956
14567
14506
11715
2012
2861
29071
12372
1364
5570
20936
8843
26259
24484
24138
29670
4538
26376
2350
10548
29181
1671
6066
11395
15439
20806
11758
12587
18356
18549
28728
9664
9468
13234
21380
17833
22447
20451
205
23811
2374
21141
9006
28633
21977
3144
28303
26515
5872
7006
13416
5054
15029
25834
22801
468
16640
10912
13055
4997
29461
11783
21013
15282
1369
12393
3115
23816
9197
3320
17627
11571
813
2985
10204
29142
12481
14860
25658
18354
21866
15426
29760
6895
11260
22561
7363
4253
3473
26770
15602
9287
14905
6615
24569
16274
19009
4036
16442
28206
13708
10421
16129
14521
13406
26333
13663
25887
17545
15673
14241
9411
7451
14001
22658
25064
12915
21
29317
22740
3143
14919
8379
24400
21534
2948
17026
10543
13336
3468
15101
27044
13889
7582
11565
3647
3916
1581
5887
21461
17254
20128
7225
1058
10482
29883
26122
29749
6257
25439
22489
15752
10358
869
10153
8244
10169
27179
18788
23506
648
10241
20550
20889
17824
8468
24537
28092
10049
424
25905
3655
26904
9482
11065
13738
9366
7187
13487
21975
2626
5977
7727
19336
6846
17880
27581
17015
15060
22721
16873
22060
2962
13776
19301
27138
22244
13838
1582
8645
20614
27488
18652
23871
13322
29718
7609
29040
6905
21097
21015
9532
27074
5095
5220
10272
22975
2801
3639
14387
25522
20513
12799
4837
4289
2101
8327
2885
22291
9910
11530
12906
13750
182
6777
27072
29900
20738
26113
13158
11835
23480
29042
15261
28575
4262
1885
27903
7064
5525
12290
8938
2390
1442
13775
13031
3543
28455
22268
25834
8365
3798
15092
28467
10332
21869
1891
16585
12608
4356
6095
795
27837
5137
22409
26412
9399
24294
667
22815
6171
12958
1754
8561
20752
21881
27944
24295
20336
20212
26481
5053
362
11574
3520
17047
9795
11764
9984
28755
16120
16079
29551
13957
21216
21960
16722
6967
22606
23741
29783
28778
13051
7889
13691
3803
29770
11636
28098
26459
8200
932
7864
14915
12506
11385
8314
28653
29501
18298
27409
15621
4377
3312
5931
1945
1624
29005
8912
582
22746
15047
29360
5798
22936
13052
9601
29059
1040
14052
1870
15592
14984
9734
6859
3842
27471
15173
2495
26972
9823
6256
12594
20552
15920
24877
22497
23896
23882
7762
24479
16628
22809
23839
22426
22098
13243
8380
21157
14283
22432
23027
6228
13768
9113
13087
17610
6585
28261
26457
3557
14436
9066
16151
4989
1338
11028
3838
25235
11262
11600
19714
27891
10762
19905
26669
9212
3149
5049
6721
23784
3833
6100
12
23953
15213
13100
11563
21798
17713
14373
25356
2149
29791
17859
13490
1129
5240
17329
26364
16502
5281
22430
20745
22395
12336
17415
7959
21837
28816
14680
15621
9002
20780
15634
2955
5994
5086
20871
4144
29151
5244
29500
1300
11387
23712
21143
12516
28952
14824
8881
15454
26457
1311
6200
18853
19999
29967
26812
11836
28783
17845
27458
14137
8625
19444
17093
20971
24530
7964
25116
23681
19560
968
1333
947
24680
28828
13463
29984
13652
28696
15439
10110
6360
27991
5315
26359
27958
8479
14548
3093
26324
12006
23583
11302
1450
10676
2273
2332
24992
3741
26013
14552
11062
3698
21851
12094
2527
11666
12079
16179
10363
27518
2641
16723
1861
7956
19434
6171
22788
3982
9264
19112
22340
2847
6766
23790
19875
15392
2474
14867
19133
4839
5771
6547
8538
3974
18642
11065
15641
721
3596
2356
4591
6238
25431
6452
20546
14865
12623
13334
25200
28239
8799
17540
7439
15565
17683
3666
957
20157
18534
26443
24997
657
2990
9887
4632
27984
20952
26625
5057
900
28981
9648
13490
24412
22452
4037
9277
11427
23723
4477
16019
8874
28370
23458
792
16053
3476
1749
12562
28362
4544
13911
29020
13887
23798
10004
11871
21102
6629
23281
22003
5610
2929
5493
22
1734
15882
15651
13161
15958
26481
29180
24832
24851
28990
25624
17256
2467
3726
6170
829
14622
20082
6201
28509
20232
16205
16733
11335
22834
10014
9690
4796
19295
21535
11170
21029
13770
26822
4191
29728
23303
9723
912
24506
8714
2889
18114
17533
12967
24284
18362
27589
20718
24564
2451
10951
17121
19184
28638
16308
5550
8328
21104
24845
6215
8627
15875
19985
5449
26418
26065
5104
12493
26978
5962
27559
6219
24076
15092
19186
24712
9807
16775
15431
10723
19226
2734
27844
14762
1372
20504
20312
16052
17961
15158
28619
26588
7385
18605
2037
3803
14670
13493
16296
18000
19455
13856
24219
19883
5300
13405
14595
15107
6533
6378
25830
2111
9112
27
16874
16836
20531
7186
9240
8492
28696
7860
5080
6081
2817
13469
16236
17487
3314
8885
5488
22769
29093
6059
12652
4393
19465
3600
25853
2350
9978
28035
4461
25443
28062
21335
18631
24946
4874
27872
3438
3570
12084
14871
16004
14901
4692
2240
8740
8007
11125
20580
7128
16570
26640
26133
27316
22457
29733
23169
24807
16063
21204
5620
11506
19267
3308
6490
20565
8182
10714
24003
18104
22798
15226
4108
14051
26271
6349
22791
4278
23826
19724
11406
16749
22716
13891
14065
15173
13624
7234
16332
6040
28438
28304
23898
24057
1612
388
14622
9794
11102
14978
27899
10252
6556
2007
655
2827
14708
23447
13457
14887
19523
1216
1636
12239
15107
15701
3764
28732
29287
20096
11124
4077
18400
5022
4487
20013
5411
25461
6159
22865
10439
10410
3118
23348
18770
3773
26175
3478
3572
9633
24717
23095
10849
2705
11686
2308
18406
15450
7392
24045
5546
18516
28123
299
23539
2610
26664
28950
28071
9175
21815
14863
19586
1285
8211
8356
11411
10738
18186
14983
26723
12904
14431
13924
15609
26117
16233
10368
17920
23625
4413
23466
12142
8888
117
5681
17850
3133
10983
22274
12309
9150
7137
1895
16788
21700
16603
28199
2438
4789
19534
5514
24045
3965
19438
16007
6435
5671
26375
24355
5649
7140
24173
24143
22381
643
29824
10231
3776
17159
2505
22437
2661
15994
684
19449
7694
17287
17648
16485
28429
7183
21999
22474
17500
11437
8481
287
23461
11208
994
29110
24701
1520
23253
17082
2163
29429
27313
12291
22940
6171
4729
25601
22165
5413
15051
29860
22701
9051
16345
27482
22586
14696
19956
10087
26133
4790
16726
25946
22350
17721
1408
17051
25593
1013
10485
27756
6794
14151
16399
29734
20322
21128
1688
18839
2894
16739
18699
25595
2142
11396
29429
24729
26092
25737
11168
28578
527
4246
24524
29230
21967
25933
22633
23912
3298
3119
21668
10093
17270
14420
9827
13944
5548
11515
2783
8442
4606
27835
10389
6749
15583
9818
7830
18028
5556
18998
16606
12435
23244
17482
11665
21564
19767
10651
15476
23066
13770
13497
3159
7392
4269
12986
21336
9817
854
471
24612
11812
4658
5001
18561
20242
21172
2743
8270
3080
21741
24876
21867
21338
18710
3533
19254
8478
20536
11082
1544
4306
931
11055
11698
5200
393
9386
21370
1247
16209
15982
13060
20868
27335
7973
11110
24859
10717
19380
27939
8810
20608
19807
6500
9318
29692
25754
24148
20228
13189
25692
886
14120
13099
18936
25673
13493
4674
17043
14740
20883
3025
4152
11751
6712
12126
29213
1572
29195
24945
5863
8005
21905
25670
14506
7576
1714
10260
1724
28294
29801
3769
29180
13922
16868
18116
9595
361
22790
26638
21454
20026
6015
25606
8129
12727
14084
7343
20651
13279
8640
26515
21285
546
28537
5791
14474
252
22403
16198
28546
22205
26319
4079
12479
13188
22195
28426
19901
21338
25064
11355
11364
7431
6962
19493
26510
21046
3188
17162
4326
11829
13677
1963
18727
18566
14106
3201
18818
6509
19399
23717
5066
15719
27796
23897
5259
26343
22323
25160
17681
23739
6516
5397
1170
19830
24891
27681
17228
28079
14843
27906
9908
4872
29869
28635
23438
13975
8188
18609
26837
27588
18678
8255
19659
16474
2153
24918
19169
24476
26430
13203
18216
9298
18600
25738
29128
13491
23419
22709
17923
14614
20615
4183
25838
20485
9171
25629
10812
17359
14238
14001
21299
9268
22257
10958
2094
24410
12228
21263
25238
8659
4466
13454
17957
23067
9193
23438
12910
8964
16147
7185
29931
6762
11369
25769
3599
20540
27750
20764
14251
18340
4765
5551
27608
27022
16509
29702
27784
28738
20966
23023
13749
1784
12829
8058
1203
22022
1496
20466
7339
17643
27651
13622
758
9020
9391
4357
5912
13494
25121
20164
1834
29887
25715
29443
3261
18576
29145
1046
23666
26463
24069
7415
28248
6898
21826
5803
5273
23322
26269
18964
10966
23921
2586
18076
9293
18329
22433
21558
1823
23907
11722
3658
146
13789
3101
3407
8717
8598
4453
8736
5062
4874
16151
9662
11773
14329
15465
17046
7652
11735
12362
24970
12008
14948
13046
21301
3277
5479
12859
5101
5738
933
8759
5884
21074
18212
9292
6144
26810
20097
14880
8224
24972
7383
24238
6745
21713
9704
143
29365
27791
12505
24335
9799
3805
7381
1100
7082
19212
20312
12183
24951
27597
27294
7187
18672
21858
16479
24816
25021
6577
9696
3245
1549
23431
3836
14646
15144
13540
21141
14509
17683
3646
15196
27482
7451
28929
4934
20885
24494
25246
9421
25797
29196
6715
2984
17868
4926
25816
19036
29947
2393
5084
9544
10294
28515
13380
1292
13660
3272
22433
4521
20955
2431
19718
18437
16234
18647
29724
7119
13141
1322
22892
8938
518
29608
11923
18386
4534
7739
13774
10833
16484
18858
20377
3130
17374
3758
10774
7386
7030
9559
11907
4338
11990
1625
22775
4576
26625
22499
18047
9766
23822
10940
25057
24340
16900
13332
19079
27786
27423
2853
8619
20259
28064
5348
29741
21790
9106
10515
29176
22489
20074
11083
26827
8416
19061
25954
12992
15686
24806
7391
1804
24980
18331
26861
25672
11583
16545
14751
9369
13968
23957
24340
4227
22021
29689
3968
20163
15147
20835
19339
13988
10909
6774
17167
19325
25835
13122
8669
17873
14280
16061
19678
9260
10744
22891
11284
22328
9437
2388
8049
29757
26345
2390
10337
24718
2079
14305
14881
23578
5141
10572
7567
22402
17346
24734
18080
13182
14208
3101
1055
28488
25514
27085
14100
6259
19977
25385
4939
5766
27773
12988
11875
470
21730
22212
25188
161
12870
16421
23740
24363
26993
1307
16765
14339
2393
11197
3873
16602
14299
11281
21442
9813
8366
5543
22424
4695
928
3715
16813
28701
23056
28689
5523
14786
27253
711
21300
10123
23484
15040
4486
26829
22699
27604
17520
25092
8801
21394
18046
29452
9027
9489
15618
23745
15032
14394
28441
22312
18110
21606
27365
17518
26647
2888
2304
23901
9951
23604
4024
3435
14996
14863
264
7695
12467
24136
9140
27620
15530
3538
3425
909
13027
19043
24655
4411
9789
23096
26723
27899
21054
440
21769
17702
3328
24074
11603
19631
24030
21979
23066
9027
6842
29682
23074
19309
23819
8566
23282
15701
12105
26707
16611
1484
22102
11266
5896
1891
10714
8971
6143
1768
9412
27912
25822
19092
28338
7425
8724
28721
29405
8142
7748
12599
14177
7174
8261
7996
15741
1543
49
4198
4602
23012
5682
3056
10630
11578
4947
27696
26902
17442
29465
6314
21707
1639
1758
26397
15417
10482
25118
21174
24977
9218
3773
9154
16393
12034
23502
8486
19929
23551
12684
24531
22916
24718
3939
3546
12649
15239
1243
9551
2681
7060
15865
740
8699
23975
27138
24116
4458
22256
15290
29435
1475
19064
14941
24220
7450
8443
2706
27380
1994
21742
28263
1262
22812
8555
4809
5461
23794
6052
15012
26475
19464
7229
27216
28163
1205
706
28632
12015
22962
20274
17802
789
15690
2743
25009
23141
11186
4067
26873
19532
2161
1488
20795
24974
10043
1956
435
3837
8008
15448
6665
3824
29029
10233
1987
234
10939
6971
18601
10253
27246
6403
11043
12936
15498
12404
12429
26684
16472
9302
22569
18633
17143
19716
13607
27186
21672
14043
7376
6032
5843
20393
9856
4872
626
18195
11459
17917
25167
60
28170
22413
12816
15565
11701
28314
27970
24131
1351
14442
9785
23920
3075
3280
13636
23035
467
5308
7078
14195
11340
19273
4588
27548
497
5214
15743
11956
29483
10910
18369
27653
9675
7537
13219
27729
5851
11189
28212
7202
25631
7997
7474
5058
11278
27462
28093
18097
2770
11523
8644
20462
7148
13232
18010
7646
24798
10106
25954
24281
21016
20675
28286
7044
28212
17857
4773
4064
29046
2985
17618
1029
17334
25093
12440
4964
22555
16885
29413
1678
28409
8057
28492
11909
27641
22855
25907
28791
2961
21862
29424
329
12537
27711
7373
17102
15568
18498
21166
20967
27835
15136
28348
21522
16581
10788
26486
15489
27674
2252
23519
2435
10309
22011
14344
14303
14866
10252
13094
17827
8466
12519
24509
27355
16582
1882
14457
8502
26733
11975
29469
24568
27112
27818
16090
20045
14958
18929
5534
12632
21181
29053
21419
7842
27417
12116
22145
12283
28720
11592
6463
7186
463
972
10893
17045
9206
25351
1899
5939
13678
1369
6860
17142
5539
22950
7188
26849
18231
12722
9482
15764
18128
7253
23607
15545
19369
22104
4180
18089
3696
16995
25275
4159
24319
12521
27556
3526
7872
29456
15817
21550
7177
22677
15045
19068
21980
22233
15917
10211
11307
1751
25976
5787
9005
25935
21332
28374
18039
1865
16464
21736
18860
18091
2247
13180
612
6156
23058
14836
5612
8875
12739
19141
1553
27784
8209
23533
26369
478
10096
7676
2230
12424
13464
17587
8359
11148
22313
26399
13013
8777
24487
8226
3221
3086
21406
10185
9242
20816
25022
21206
29691
14113
10347
7596
18249
24908
1129
14618
25387
17578
22294
3969
2
12110
27908
8362
29611
20221
11113
18976
5351
5600
27202
8572
15038
24960
25109
24281
15776
26483
15487
21820
10596
2187
29416
28845
27095
6898
13463
28834
24476
12110
9155
24478
572
7063
9192
183
27285
20305
19160
2636
2257
22714
17560
17296
24027
12669
11577
9803
9153
3416
1623
26101
5603
1040
24947
9051
7938
14762
7885
8766
3224
17041
3244
3797
456
18789
10332
27741
9094
29492
377
17704
28559
17937
5000
22586
6959
22929
8741
16112
2697
10365
18565
14653
17757
13512
23704
2047
4627
7941
17165
7851
1334
26761
18000
1791
15550
28333
5884
997
4177
6262
18701
2736
551
53
25322
7510
29334
10416
29974
2031
27133
18540
16684
14890
8404
16740
23289
13031
1034
10454
27235
8720
13567
15235
16863
29118
13568
22748
115
24098
29010
25168
26834
5913
25221
28509
19776
907
8925
19750
2938
6058
14642
25975
27300
29399
12715
26941
18782
20101
13747
16017
28822
27314
7605
15685
26432
27525
8433
2899
21623
13795
4419
24810
26061
5992
23319
15837
6899
2244
11939
9838
14654
2934
12165
11954
2333
24880
8895
21115
21334
28994
7133
20156
26308
21090
12193
29093
18615
20627
1992
16591
10774
12764
11401
6835
18756
11072
29024
25656
19668
10964
11846
4322
13898
24011
22628
16231
25243
7875
7346
16577
6869
20831
13085
3177
18273
25279
2270
13241
22258
10615
29832
3032
23379
17585
16220
12135
28657
15244
14143
18325
2560
25989
28999
22810
26352
21627
9041
21596
29502
22740
14525
6371
19923
3963
15900
14549
29242
24523
27790
27852
5138
3974
7236
4869
21559
23456
17004
26568
15053
7500
21245
17613
9841
20244
10424
6194
18223
25817
4142
17725
24909
18667
448
14833
28982
22700
29382
28224
17223
3524
2428
22361
7498
9665
27230
5409
9473
20587
8329
24526
4439
29574
18492
14280
26170
5268
20474
14393
1085
24616
8470
25995
19636
15270
17180
18618
7970
22914
23195
1546
2790
25623
259
10288
11640
3842
22049
21114
24429
378
15640
28868
6304
4132
19500
2474
15752
9975
23219
16838
10943
1689
19185
6931
23311
12717
1902
7633
11983
1449
9179
14773
27072
9439
1413
15065
13281
23462
6179
14062
23840
28171
19282
144
8656
8782
8970
24408
18757
2189
11246
6053
10230
6783
12984
9893
19500
14886
17526
1483
16335
26706
22608
19760
12497
24021
11177
25778
17483
17356
16192
17675
15527
5474
24171
535
14256
3141
24944
9366
11682
12542
21771
28264
19326
4755
8157
15178
25994
25684
23014
18681
28742
15622
14793
11239
9644
25970
13369
3479
19678
29561
27507
11558
11387
21678
12093
25643
1172
13389
11361
12854
25932
3132
11119
15258
14240
19276
6788
16586
21312
29802
5267
20054
15425
26413
7645
1421
28735
21014
4900
18414
26927
2407
6324
8314
438
24769
10310
1610
8159
21671
20816
4091
1156
8287
25701
15396
3916
2489
1982
25228
8644
13601
21635
24069
10014
29280
1842
15102
26647
13094
9868
29926
15502
16192
8241
22292
17313
18551
254
25472
16574
21070
5915
17730
5710
1616
9478
9626
10458
17812
11206
25454
1414
2841
19523
17780
8474
27717
9234
11473
10811
19102
11399
2665
11646
25992
24957
28960
14543
25211
24432
7470
16282
348
1552
28344
8316
17383
7970
25126
5195
19176
20580
12961
28370
16455
742
13196
14172
9976
24669
24984
5431
12420
27649
17077
8413
22607
16037
29308
24170
10470
13130
16804
17170
14683
15148
1838
2066
23118
26965
13613
18647
17545
26575
23369
10353
3669
6565
24525
13645
7586
25861
25428
26358
29863
12506
4771
28822
28543
10432
22992
15365
23562
9797
