37209
19070
75386
13440
49022
22144
12326
21296
57254
55096
85175
7208
39650
12226
84698
54823
72895
57706
87755
65577
69391
88081
65729
72723
32375
41863
5460
77359
6090
65066
65282
43299
488
40668
73092
49510
62812
85418
87158
36419
56866
88686
59979
12869
912
44677
67692
73807
2383
55447
55737
71774
59880
21466
44498
92256
79681
49958
69615
85771
31376
34897
45422
48216
75565
18514
97727
54729
20285
84885
7500
93503
73571
83831
6372
74483
28509
74064
64643
47244
45864
20380
19019
5744
58198
79869
14352
54231
46179
83967
40002
93908
35216
1776
42124
27133
36643
39851
98215
56928
41089
22067
50431
31012
5899
73156
5496
34408
47220
86491
98004
9436
23223
17023
31533
97773
13244
45885
52004
75776
46205
8358
69684
97773
10134
28160
41259
46777
84364
39474
20057
25453
61541
86841
56465
67440
59997
78313
18200
23569
81156
16205
33006
4379
49580
80891
18504
79177
26776
70508
54953
89333
78866
40989
87107
5353
69149
28366
68482
53513
84192
88540
95318
45733
75381
68136
29526
35378
46449
64078
58947
43958
96635
8305
64689
62568
89196
83194
41745
32325
70054
96698
21658
65273
54039
25117
70626
23188
69835
39108
76702
54027
44000
88372
16113
19381
56508
61991
71111
19310
26069
46411
63268
22705
71068
27957
1625
60265
11151
43370
8942
81206
56420
30600
62831
10459
72070
33457
33647
41905
88917
26701
95933
32918
15074
28398
68651
87934
90389
39763
7244
16458
2526
70512
55515
73594
98470
73492
33859
25973
16862
42801
23531
73282
89754
86362
93
61824
36171
33741
20081
25089
76794
16014
58007
8220
60764
26658
96155
51153
82773
3399
83964
85299
90264
55831
58894
88734
29324
9105
31059
46186
68259
54591
35821
74365
57305
35914
36189
93477
86007
72622
18566
79154
88637
92925
3726
65753
19583
99881
16907
18709
19633
871
4008
9897
73054
79254
14983
2378
4712
46042
64917
72971
16985
17090
63688
74291
69356
16229
67768
71716
88851
2686
50870
93840
95611
54596
59594
31546
70830
76501
66607
90463
93724
70616
360
66778
66222
15343
85509
70934
77737
66778
60257
94723
83868
40297
69014
53224
56526
53134
41292
45378
72172
8514
39218
67783
63111
98812
15681
50293
91665
82289
40756
1741
69257
57468
84872
51831
89163
70381
39118
66900
53511
15727
61623
37379
56025
46989
6955
12551
16475
48248
74281
88647
56762
13500
72782
36225
28664
88464
86518
36682
87105
43626
38423
56362
17446
23295
8193
6609
10028
47311
89862
63539
63039
51485
17270
35416
14827
24226
47967
31302
88826
22249
36302
45588
52101
9084
98166
97117
13900
1036
33799
1005
44663
88575
73719
78461
28222
81913
85071
54603
45576
74933
34494
24967
42770
51765
60383
73949
92343
24703
21604
81169
63304
57906
43109
15405
66990
57627
28874
80891
58664
79026
81896
19679
67601
55616
98140
12175
53881
99563
66778
15809
90848
1273
57129
33619
69390
33864
23920
61733
58567
45524
59254
38223
3430
18715
69980
86773
76343
98855
67664
51359
77881
65912
71038
61834
37880
85530
74009
8113
85094
57140
23923
75942
74765
97404
25913
44155
31268
49834
22240
6188
95358
97846
44411
15141
16561
14392
1914
9256
13247
85930
60615
7480
68194
48005
69314
6075
33536
59675
30540
18630
16815
70815
10924
7932
68219
36838
52087
15840
86672
74327
22028
98382
72173
66439
29875
5087
80831
48141
14343
10430
34071
91311
17910
18618
55668
3576
24693
89204
79604
71585
24186
12771
42401
35111
20704
26972
71949
72791
42812
74973
63471
64840
89707
35644
31280
35935
57083
28463
84076
71427
38894
34500
79090
56804
53118
34758
76733
77811
40315
56337
65748
64501
69108
8149
15964
89812
35122
4265
78956
77934
95590
42427
42775
85298
94423
90407
37585
51507
18870
21661
39286
74116
56161
18376
47273
9279
69486
24006
3442
9801
80343
69191
90655
65803
93692
6619
71968
45166
10885
50924
23101
22827
93351
82228
24477
4126
88987
62062
55633
7857
83724
94919
81974
39885
29647
29247
65517
99134
69605
85311
8935
66300
54502
15942
32103
64547
22562
20423
9713
49799
71347
32814
88978
81050
31394
13456
85177
20381
75518
57162
44591
59242
52082
42917
15480
81729
88516
97349
80863
58121
82660
6151
24421
53515
38445
72876
18062
77359
93300
27775
43510
80999
76942
32489
78402
8336
45945
79931
45070
21463
37093
89661
97058
89175
32578
28890
87257
21094
26239
84472
95567
25251
6975
19988
78766
45421
9216
96828
22780
18868
24604
66291
99868
1546
98780
94622
26234
44725
74553
71304
82540
11646
77317
79598
17174
9895
24840
20783
47341
51079
5255
59260
92683
12231
95600
71449
74004
4817
68278
96784
40037
9234
79427
39905
10780
78207
50879
53366
39284
25432
24671
38177
53431
1988
34127
86957
28236
58968
7740
91929
26399
12995
51190
19082
41578
46790
90532
15582
67959
75162
12367
7997
84396
8146
64254
11528
86354
15134
64894
41990
56918
5917
80167
10349
7906
14295
97306
52494
89615
5046
44423
16014
34394
11965
35097
75972
58756
41981
7907
26715
17143
36626
34712
1539
44772
15319
13067
31126
30453
94313
89469
87371
231
69636
14073
8137
283
27731
76983
89898
49130
21406
5913
83524
33372
57362
75848
8480
99343
83755
51547
16486
36733
86260
34377
81506
17931
63796
28984
48384
58109
18453
52107
58340
4442
82532
82829
4725
10264
59812
10976
59394
97571
33241
59270
30943
90603
51470
55775
6298
51578
7322
39136
88311
9934
73513
86169
27865
37309
15154
76249
95418
33607
44709
70111
38049
27241
52940
59127
53857
29105
70103
29603
26676
3344
5225
73971
10299
56696
29746
16597
24626
37068
55733
12937
47003
45598
99107
74868
82907
30613
67470
94677
64220
28531
64788
18622
55772
34081
94101
25982
63186
64204
55585
89862
83900
60811
63833
94199
17507
93579
27148
58485
46999
82881
87774
94002
28479
86881
85223
27738
33846
69045
38767
98067
97576
3556
33041
69700
53989
27142
95682
17175
7698
51268
23389
7950
12079
87222
18501
45938
97153
45649
4423
60504
44882
92197
70859
89713
95431
56082
17451
29277
41479
56218
43696
39055
76126
93089
25107
30115
20231
20790
63642
44281
72058
87031
52231
489
90605
70732
62779
4110
32733
83554
64615
77615
92103
51826
67328
87534
24260
84779
33164
65739
57350
93212
21146
33476
86302
46253
79944
22885
67043
59938
83519
55453
46970
52102
72294
53927
22835
35073
74390
71920
34979
39005
49536
27083
7183
16864
30969
31443
17996
80485
97182
91698
90050
34680
41526
76352
80933
21470
15589
47977
81409
15460
19782
44731
67563
8429
15010
6750
43502
89400
78670
94834
44757
44558
21917
51940
61423
69238
83383
95771
49724
96917
87469
39774
31597
28995
32478
28883
66818
64419
76860
64579
96232
12994
25662
63795
21423
40672
86897
81278
30073
81919
76112
74830
26478
14381
26771
4253
99971
26506
24
49695
23424
3845
5821
71373
49192
54651
256
32362
19071
93468
96941
31655
22815
38955
95450
44238
79628
98699
41868
9701
80618
34332
883
7096
48713
27654
11349
65037
70513
27725
14732
10289
31570
36906
98014
80763
91557
98271
13125
26980
8091
26419
58635
30906
65374
70437
91497
61354
69136
33365
71055
49755
67698
88291
73203
32763
32297
84553
97800
2810
12278
28885
13099
43849
65791
11114
40964
73700
25737
70441
17033
50180
13212
75668
81087
78587
46106
88936
56293
31594
22301
43701
97701
6351
31992
70905
55467
64289
55458
69619
67100
67736
98504
96551
27937
80647
24017
85253
70700
66106
72047
87733
16287
85259
63401
13726
80198
25859
2662
36492
73806
41315
80193
71507
47667
12185
42412
3134
92826
14222
89105
76278
98311
87610
89182
26248
84609
13199
27854
55309
95658
99901
43042
28297
85160
22796
42023
81711
65007
61037
18203
55165
2352
14748
26673
66371
26933
85437
85857
36111
99660
74963
12390
97971
62573
1572
24219
63534
31123
68425
35196
26781
68326
94590
71430
69839
33738
13453
51550
98746
90842
86105
53911
93195
853
96936
59566
44138
82374
45424
80249
82034
20387
92639
80005
99312
94211
20576
79198
41687
89002
14394
68468
73680
8985
56251
59871
42723
86056
27773
57821
76899
13878
28085
70094
31083
25021
46012
75221
7395
91436
55471
5781
28175
64462
85786
43839
75026
22715
23038
16713
11717
37432
1533
1749
62769
57784
61621
5493
43841
89394
79666
20740
19625
7751
7186
50708
49125
53198
25930
56520
60987
97753
78654
5514
62215
80792
49354
37241
3507
72392
53954
31576
26176
55488
33326
5298
29624
11299
27143
73465
17045
6809
10557
53022
14561
17743
3731
63686
87294
46013
36558
48281
60118
31564
53795
22333
12357
19501
75927
15864
8245
46233
63793
34422
1721
13471
56072
47698
24770
83215
21163
58167
90024
31721
11190
20937
65816
31273
975
53110
93638
37534
17743
53756
69098
71539
76089
97807
91040
68368
30024
15638
14602
93817
66412
32675
7288
22484
80373
48410
5699
17889
6577
95723
65962
34119
33013
31778
81744
33988
1241
75382
71522
18984
29138
56973
6875
21580
71132
14268
89948
1156
29906
20902
94973
96318
53578
2261
18802
50303
50671
24501
68192
73601
36576
34154
7720
69589
82285
89465
3578
83526
81199
91452
2510
10338
64777
9386
31918
35910
23654
38218
53418
69912
59121
48392
66230
29051
67005
85032
79354
34029
25885
47547
7630
78813
98053
31702
48403
80338
37519
68333
63864
18719
59785
82727
45409
40915
8465
93679
93177
48471
31897
46595
18383
7370
11339
84613
36421
78345
85997
32128
28726
28234
79675
52708
7047
94080
84410
55450
74419
38282
40135
54635
73353
16273
53714
18762
57188
62179
12441
66717
27002
60690
13312
45385
68061
41004
46350
20834
19349
48699
69314
64427
76933
65341
17135
83981
59422
17897
55783
33841
56179
95919
4828
45884
12192
58543
64646
85732
37074
77087
52449
64077
37778
82113
9462
22191
23117
72165
59377
58818
20864
28692
23245
14150
94033
56732
14483
53455
74630
86618
3648
47161
82537
24829
93046
11081
99724
74044
13165
36798
51132
65614
875
5262
64080
26690
43805
87197
15207
3182
46016
52423
48226
85613
66573
42260
42346
97408
12067
16976
84027
32068
80489
82916
56897
89887
10350
56621
63932
23515
9771
31416
5482
26999
36678
69562
53689
80483
56759
68896
17
19127
37671
48244
4741
4245
6856
47087
1653
35275
80415
85680
67343
77256
84949
40592
67144
95299
13565
47428
18814
23337
78844
40648
50336
15522
10210
20377
12357
83322
5625
12374
18801
43296
76970
23542
63893
83826
86981
81899
19102
83748
83931
2797
77357
68880
43390
60853
64179
73307
8281
99346
96644
87125
39994
63332
18999
66557
83709
47708
49879
89334
76434
85032
48983
53405
24927
12876
53583
28260
94775
89037
12009
78707
91835
5718
47587
51577
66571
28119
24884
74852
27465
37881
78329
67459
1213
13680
34016
1275
77740
247
6961
54174
85280
55944
23931
10207
85173
77515
38467
79948
66552
66828
75007
74739
72546
38947
26316
39117
67066
67553
30321
94531
21786
25002
78342
22999
38682
12359
40626
16422
28958
47588
86949
14238
19884
10880
40797
5057
88395
79265
1358
71300
62445
92717
62391
34992
31664
5060
90461
15082
72613
37135
25965
94399
62137
4308
33750
17172
33019
90729
33594
61977
38317
36895
76216
74553
47776
17013
79611
52523
12630
97321
23823
91428
90038
86215
42772
38055
91275
33233
53137
80240
70368
79103
90991
32506
99763
41093
49678
32782
31822
99624
94759
70139
36520
87327
44693
648
20693
40656
53171
33323
54329
93347
41103
44367
95914
83875
98774
3541
17109
68264
83781
3829
47367
74772
52687
63482
32217
18717
96264
64040
34694
91023
34179
71214
94703
95224
88214
15396
52232
41385
65071
6561
34732
6175
67281
46998
90050
82407
50539
23511
50671
34320
27341
14390
25444
96380
77872
57662
15098
74136
38054
49792
81512
72233
37358
76215
83810
41924
7963
52394
83309
73034
75308
34394
79209
42589
81392
85612
41348
48284
25475
92020
82604
69168
6410
24401
65549
84283
98415
96999
74771
36469
46791
56283
25054
501
48850
25216
42425
56813
93963
42086
46200
69271
92832
41761
28212
90577
27373
69560
38861
52849
61580
21465
38369
67991
62218
3918
68626
76985
917
43397
29806
64060
99681
54861
80913
64883
96429
39690
38049
90392
81777
84249
59663
74609
26010
87875
65186
69736
57436
4047
38937
35368
41865
77306
19711
20435
97577
88337
97421
98494
31735
27227
78907
47768
98440
59820
12651
94870
99511
67052
85262
97640
51301
61278
72249
93664
65505
53788
79752
39293
74187
35041
74662
32404
28699
94373
52840
26276
99063
66613
41123
30798
10192
20030
94918
8633
79850
23921
19855
95713
90974
21469
93353
58627
82747
65603
68643
64605
35743
48395
3898
9930
99788
78560
58687
28488
89286
11527
54764
88349
94492
95887
35499
4684
15917
30417
29669
12120
54338
49524
7833
45312
87346
1187
3940
86445
83142
88935
51050
35237
37331
54949
61519
37119
49861
20206
81959
55499
48085
36724
60200
42577
48963
95699
63614
81233
26116
93283
9705
96807
59160
17538
42119
62858
35077
62411
49303
34571
51347
16706
86160
5030
88007
47680
58501
37868
84238
40461
9720
32324
93537
69920
91253
42500
65620
54867
40085
8088
64503
49790
4895
40015
83681
63367
2873
35110
42130
68528
86034
9829
85234
72194
14859
73241
36226
89713
27462
20465
30174
37182
69141
23711
7102
60394
82563
89074
31614
22649
13515
96117
88791
34762
52484
72472
14481
55357
7583
56612
23885
93617
82793
9120
82163
14005
98713
18390
3718
26175
38855
33892
63357
24348
73955
86812
84742
72870
92238
32708
11871
5753
45177
663
56868
97661
73135
71349
53018
97070
44313
93256
7039
27107
18728
89203
57464
17441
7593
61182
43617
62800
11426
23326
87148
85381
26490
88242
74603
18729
37303
86475
40834
82480
87138
97702
80142
60273
69052
49512
73696
29717
42768
80735
73176
77848
69938
30640
95290
77531
91822
55259
56683
3248
94937
60183
4981
21428
64778
79585
40157
2081
66060
80991
84561
69550
95046
64703
46175
80450
30568
19871
10167
73336
607
99696
67537
70545
30336
62827
64429
38511
34438
37464
58111
29375
97648
79445
67155
62426
75382
23664
64507
57794
21008
65420
27344
16054
46476
73519
96504
77044
93391
23023
66732
93998
39071
34269
80895
69408
13448
61676
24271
47886
99141
98734
93614
13141
78179
77121
91919
53561
786
72778
11355
21794
38198
38699
54200
84674
12219
67056
61718
21962
6431
44803
32312
45503
79072
13207
14911
8873
91236
55534
56759
6729
54268
66725
19870
32448
43847
11789
2361
60985
919
13717
99131
39117
68768
69683
40144
80987
36739
18214
19301
43170
63017
51613
88673
58442
81173
19936
67315
72409
91822
40426
79138
46091
7152
99008
94891
67351
27149
97252
44688
44420
10969
43819
83537
79738
29854
40033
77077
66593
58248
96379
9763
37617
47992
14789
96059
29165
51077
63374
17926
42900
3801
97064
88991
27305
12424
83882
11008
55925
97486
72048
345
24808
32219
235
4546
62073
40268
97975
28666
98516
10706
54781
36134
75051
85922
48545
20568
37000
11920
38495
79900
32073
35559
85243
75730
64336
85477
3090
36613
82963
75138
36959
7771
7357
37194
28669
69430
93814
26645
98096
8683
37351
69229
44817
12402
55152
9714
32971
92152
37986
87818
88404
70059
39729
73647
62141
4065
59124
65231
40679
42087
40369
93990
49859
47726
47536
78528
33508
41350
21525
31604
66385
75229
17186
27554
3983
72338
37269
53306
80842
75255
41124
69246
61667
80854
42893
23808
1271
2017
89040
58302
60456
45761
68644
26667
9840
16180
21548
43348
73883
43073
91305
40268
34654
8491
67823
38638
80829
5092
91944
61671
96699
33069
30917
58366
30275
90162
82175
31546
92179
87567
89849
68987
33328
58493
95655
59520
91026
17203
2869
64909
76628
94174
21529
11283
2665
5704
49921
99846
10796
41865
77869
7496
91286
8786
82214
21561
15300
64389
53108
23831
51956
59309
92818
1637
34154
4825
77509
25180
22028
80378
6441
15009
90904
44323
42644
9921
50027
92565
9767
77176
50782
87636
1024
58421
12774
83238
79982
28074
47628
49442
68257
15936
8751
61076
33925
59258
65901
11435
84438
4282
8165
7232
35643
99070
51555
78287
8991
1582
87204
18759
78758
54338
22747
96134
12759
51874
79373
92742
96300
43353
42184
64558
59289
67288
41986
9567
26546
24239
21002
27336
44873
29167
34568
80516
44589
2475
58803
53581
20410
62359
88692
15520
16698
27791
11655
29457
79665
91028
22199
75966
34381
80736
56876
10022
48024
98862
19589
90922
39453
56943
18258
84327
2463
69179
64843
47052
88006
39999
16985
8416
2358
5677
23937
19056
33469
35592
48514
29486
42972
87065
21804
77353
67801
78680
3727
32177
93894
23317
39451
33348
96612
74062
17675
99075
43241
98870
46128
31247
38869
79465
39664
41228
85143
79953
60284
34964
15545
25150
64450
74869
12216
2607
52222
96369
97639
55949
44899
91534
95618
702
41234
92231
74764
75261
7658
34357
74131
70138
65605
13001
49604
21621
70581
34747
17926
47217
86063
49823
72368
66865
24692
936
69472
93266
13657
67112
49215
74908
74998
61186
75611
32584
69769
66727
7845
77427
1085
98328
47566
66690
27681
97170
4663
98262
48269
22589
61832
50684
88764
50552
17549
13456
51488
3374
6722
81497
86838
72289
72758
61836
33475
64721
10772
19596
31448
34969
97024
32533
33297
60942
15575
60979
74464
36590
75593
39085
75531
37425
89769
64295
4329
7318
77751
72169
27044
84473
53667
13882
73115
42777
92070
22942
7498
2842
42539
55298
37811
39563
87832
87461
16857
19759
64792
91321
72702
56737
30406
48233
10515
20175
12529
14844
43845
6632
87014
70890
7458
40681
1124
80573
99810
93195
3515
23660
96037
46054
78958
50201
1969
83142
37662
18826
2902
2454
10147
75604
59191
40553
40189
69706
77080
69070
84551
20926
75703
71565
8168
83161
28598
9292
80086
44760
2487
83601
68420
14877
46008
47378
65078
47977
46873
19092
83156
49775
21546
93303
41731
97089
50209
81920
83148
43641
67343
84051
80919
43046
71968
89087
42559
16918
14732
22645
61678
33571
22598
30098
48448
68606
93828
29878
32936
40701
48970
32444
6828
86868
25747
48559
310
92308
46832
83458
35950
14175
83861
33221
73573
55829
22309
16132
72747
37041
55129
34425
86964
77727
80875
35413
62686
74703
65291
95622
15405
30614
44418
38585
33834
70165
3497
34144
78826
66681
33954
31128
97208
17815
64349
70781
73644
3010
3265
62743
56403
58394
97168
43368
36121
94395
95133
15159
69099
76776
27133
856
7390
71551
39441
41225
58069
42938
91721
36895
9619
25676
84375
23179
43491
65076
93960
33488
68087
97225
96231
40842
55619
93400
84210
8093
4147
79343
23252
73246
56120
50386
90454
79862
38289
46248
37439
96358
89186
29161
33253
15158
54837
33980
38337
14680
99057
48650
48168
83496
62227
44400
24338
34199
54152
24901
42292
58299
20596
81896
47898
93068
48634
38352
72931
86924
84600
10370
83282
90139
55883
32888
21649
10720
83220
76338
25401
98629
24988
73569
82125
87216
34321
22816
37767
88473
64069
80059
63125
84665
78307
11023
77734
43294
49375
67017
46570
50328
93739
46204
40467
49623
95444
62116
76695
78665
54806
18448
93646
79795
8370
92124
83363
42691
31292
21130
47517
95361
17541
10642
96378
12200
21665
90464
71846
87392
57481
18416
37720
67573
80973
78187
33548
76417
56655
10243
71434
11462
28692
65081
7609
37062
57205
7324
96105
88497
44806
43622
210
62347
54264
96588
90899
92281
87053
62746
79674
60886
97514
33746
28459
78487
28286
62007
71257
1293
88603
42691
29107
33647
24124
36716
70709
81329
44040
66814
86178
88846
26789
2740
67545
81053
99329
58445
89687
86382
37543
85713
63620
35057
19459
8432
29897
47745
70439
1154
65391
75394
43845
94498
9041
67970
31215
96102
65651
91607
62917
68182
96806
6058
70922
80703
87111
70251
55500
93150
72985
93043
78863
52958
44453
98323
61390
74350
62420
48181
75504
27811
23576
19349
22310
48969
3671
69877
45072
85675
61484
24341
53857
74642
30399
41131
55346
33862
27735
10846
27013
17072
20242
5876
70030
64695
4199
31420
55397
82972
79602
30901
10783
19530
66602
49445
68499
86626
19322
13571
72301
97159
37912
42510
71801
84663
99993
43499
18526
27728
70698
45539
44801
90940
51415
31183
71987
71967
62604
27384
54939
58558
58285
82074
94440
41239
31520
79291
27865
67194
92863
166
80705
47127
59028
68859
48143
59022
12358
66669
86750
83056
12208
47903
90348
79975
79087
62335
51942
58043
6071
23233
32953
80708
21660
43745
21948
69532
23036
49813
36726
32251
66332
17432
79379
41712
86291
27522
734
15001
10543
3837
14410
39103
68092
4758
19078
63531
83446
87373
21574
5869
26958
70879
86578
48618
14624
8526
18150
54013
74691
71229
86264
57375
88661
81995
99088
91304
25869
99822
22657
36412
20011
37067
75515
88104
58178
10946
51635
57976
98319
89562
63845
25277
76793
50423
90248
7770
75301
8398
61783
66345
79627
48047
23720
84640
30043
22808
92296
72264
38983
14954
8677
58994
68373
544
47098
26551
11490
15086
879
9809
4648
64725
51439
97793
31500
41687
5563
23154
66437
67346
89499
46065
31746
29571
47057
78141
52380
39354
50405
7715
70660
75434
66709
39033
75979
30160
81937
87469
61598
82816
13631
66246
63893
65070
64039
11746
23109
85955
34900
89546
53301
40751
35611
1399
70322
99021
79540
39054
54727
46298
46769
25387
21732
29831
80772
97711
59991
79061
85181
21589
78230
98812
4187
42123
63882
84578
53869
3343
70533
5121
92889
40187
45872
44853
41586
16195
43874
37479
71601
98601
83777
18371
40340
5509
48202
21112
3221
24545
16526
4754
62486
94756
3566
83025
53231
83800
83955
7101
87143
70841
28574
96384
11028
74447
41237
68966
6994
85111
6445
78595
64
6574
96966
40404
12084
61520
77869
31657
2417
94395
36411
81255
5503
56329
64280
58734
56481
48236
82187
43624
35429
10762
40008
46457
85209
97598
31775
92203
99061
38221
70798
99126
44795
84117
55882
73231
45637
33751
21240
48055
44498
74003
29310
50001
30332
9943
8736
86813
74531
90923
46789
9960
1685
3150
56417
3246
748
88192
95449
99809
42765
82600
15287
3913
66717
71170
93496
28706
4921
14737
93113
49420
5092
22424
15773
35425
48719
24509
38590
23250
31785
1732
33210
49822
4882
5979
53069
21982
10523
64870
38143
69641
47470
69783
89906
30539
40953
83402
59246
62226
14491
52359
27998
35936
91135
43772
87713
39854
84633
26303
79456
16418
44387
29018
82593
65621
51349
35662
3955
78225
16884
42099
47866
80707
11882
54124
11246
69187
53878
86844
31413
84722
55556
75764
20658
63043
19536
8371
19250
20521
51026
98706
53292
95414
44077
35885
77387
95426
87899
81343
73651
4783
39794
37869
85490
68028
8345
13089
37215
62224
16285
84980
46946
71841
60744
67604
34885
96632
92327
70487
17154
43353
69193
86798
55119
13270
22683
32507
25049
10582
13850
98700
15365
69996
52922
17208
38024
61267
46649
75239
23491
62934
76571
86789
51128
37316
70745
2365
50300
63072
72852
83806
22778
58397
70604
94249
71668
93287
43108
13069
20221
73310
11769
35587
43306
81043
69147
81330
58663
15796
56569
98506
95082
33141
85296
62562
86809
56041
64927
37109
35466
54131
37268
74596
12529
7872
68845
549
1160
11954
13618
21381
85264
41739
73320
28571
22783
58819
26253
81446
90967
99175
79952
2402
48668
81600
64964
35477
53994
29892
88938
5812
84023
26206
80408
12904
50431
65605
13453
67943
93911
27071
5676
79176
68811
95349
24099
7946
54168
50352
5744
61488
49527
2048
63890
98195
83649
28854
50024
53995
75098
55315
59807
75474
97873
56567
88378
48304
22172
1832
16247
16084
45255
21924
11612
30418
17273
52063
38364
87793
18767
44108
49281
84647
46157
13171
99194
46158
58378
49219
16505
49828
20886
76312
25302
18759
49231
30033
67064
87755
31865
99663
20191
93472
37939
31803
23891
55212
218
78607
43006
18986
22716
8639
3633
85225
38163
2827
47735
96541
68398
64240
62721
89284
56904
88024
24396
22487
18057
7812
10242
66274
7475
30434
59746
45415
78589
99989
16979
95160
78597
76337
14146
17665
84977
34131
19242
39492
53310
83329
52385
38061
63921
15106
43697
20825
3130
68093
59664
37539
75905
69906
3813
99733
16692
79912
61500
95282
79901
78479
90442
74850
54817
20940
8867
56146
71423
28109
95638
24733
11438
48023
62794
75359
63129
6492
12536
82612
90937
72200
20151
66843
58459
23965
82928
75151
20229
44428
86785
16482
22907
93579
91333
94076
30871
200
50222
2294
44662
62212
43380
56100
10235
22526
47812
89717
29018
76700
72329
36308
65253
8832
3151
40064
32797
2431
31567
69378
46859
34705
85861
69766
28284
77194
80195
75508
93746
46769
94154
38408
8982
37534
10861
35569
60061
58673
41638
5431
51725
30319
41739
33330
39152
61242
73394
88301
63673
4962
57680
26884
39667
43541
13003
84303
20735
93198
59811
14481
39967
70318
69242
48949
7852
80103
871
84265
55128
42509
6049
23205
72829
47788
56536
11981
25383
29930
282
5408
34892
57962
32293
74559
17855
45296
58863
38590
38494
35026
69424
94813
5344
55018
43763
29549
35121
60986
30166
6601
3495
36215
29806
92676
356
86342
4657
25739
16273
21292
47499
51165
95606
79792
42077
13462
25088
17292
68404
79934
68670
54180
74748
90367
9198
34863
36268
44319
95849
66434
67272
99344
19002
97079
92021
19358
83421
13030
61449
16046
34322
25300
67212
46281
5093
25641
59743
30181
42933
28147
26468
27955
82328
1216
18322
91526
36079
54590
52198
48280
37377
19470
63976
56379
16549
72349
92089
16323
85380
69890
32369
36054
95190
15933
82335
283
57926
58430
46817
17211
86578
73285
45167
85258
90853
63489
93136
43284
34432
45334
91564
71809
81157
55540
28188
14058
27890
36629
30381
29622
6519
79103
65676
1709
11388
64364
18345
69315
22794
81514
86526
9372
71151
31693
10982
62004
11535
4119
5288
45967
49453
96852
34128
46962
68744
78668
61021
96634
15297
7754
26256
38168
3209
8285
56229
14598
72649
74574
83913
95443
56088
70439
21168
27239
18485
32150
5595
46372
52621
10883
8691
2075
24087
42819
65389
92832
21487
26410
5818
53136
50517
48427
91304
53726
56712
47533
68324
45713
22108
68589
57508
94548
39029
95028
38140
73866
43531
43735
36590
96152
70971
45281
14579
11410
88100
79969
20594
25939
22731
26413
79075
73248
91192
70379
43327
64256
17912
11651
9969
56372
80241
83829
67273
35622
78858
5413
25840
22389
65500
62430
34893
36471
7711
49473
47882
12163
45794
68476
38102
68525
11241
17177
58126
2433
3908
1453
66689
38172
29456
93010
10897
26049
76840
78170
61671
55698
99935
3863
94439
65435
66293
29332
18259
90356
95157
66141
2519
40951
50969
56973
25829
62211
90502
307
80996
94410
18112
47686
48935
47568
40696
59832
89970
17536
54354
51641
89586
54289
71857
84025
36076
54502
29710
54335
44859
24867
36828
47378
82171
4150
20704
24352
66361
11206
24659
47357
5617
42771
11395
70904
6691
68444
30736
96661
85980
1442
64655
91919
72083
52864
75944
8159
7366
5654
78847
52225
46874
32027
15956
29045
36177
36660
53397
18890
47866
94408
82600
69835
53531
93995
40739
76574
62439
87827
89588
64772
5621
70595
56691
77704
23459
48987
2216
30825
70994
97415
99403
17868
29442
15359
63265
81972
68371
16662
862
32589
27422
83462
2425
80953
93810
59516
57527
56249
47344
63467
37373
69317
34062
10416
47022
57521
59404
49238
88347
30398
46653
87750
64618
92447
19461
27883
74419
87832
60897
75282
20421
88319
75096
39198
85624
68906
98715
59503
41508
62411
22971
78881
31728
57033
5650
95102
14555
65054
44340
19254
11804
7345
23356
76422
16145
42817
4305
90564
47001
65202
82198
83774
69873
57295
22973
55497
26201
38040
15000
67709
16803
37971
62943
64883
11357
68593
59986
42264
49999
20678
61518
61803
28024
1226
54577
44169
44043
75234
51085
7396
56788
33284
7522
26661
90579
30495
98510
33132
84887
13510
842
1690
67834
80137
66574
95543
65082
26560
37807
15081
47238
99325
93236
91614
551
64165
52135
60946
39399
3221
84694
96187
36505
92216
39200
43436
39064
37710
76568
23951
67572
93762
41994
35406
73899
24920
30949
38981
51480
85108
70414
15070
84433
80002
23037
1336
44167
75172
78634
99918
94745
79680
12457
47602
71897
51657
91038
27313
89367
67607
67616
56940
77721
9610
8698
51621
34530
56000
6954
2362
41108
93721
33785
41894
90075
56822
59582
50595
48346
54569
50513
43092
34249
62971
90694
22498
30980
81733
49811
36700
65692
17428
9992
43413
43390
35042
11386
94273
91042
34693
96635
48503
44766
30420
90397
34841
3594
49979
85436
51941
4548
52302
95033
55150
31625
85727
77648
62605
83812
43812
15657
49504
77592
25649
9270
20982
60692
37008
15255
68086
88053
28243
16589
32819
75015
23338
67661
78610
89670
69449
30551
94218
21751
25584
65720
53376
27663
43369
32334
11476
87181
47991
77332
81125
89993
2954
2107
67037
56315
33715
35123
44368
78310
68065
77188
53325
91403
61201
31935
97425
30650
78838
91644
52402
20774
73716
22130
48438
17085
54464
76266
20618
2456
69950
1743
8801
89257
20203
75838
45572
70270
27313
89940
48580
95378
67128
18257
3134
28329
50193
559
58980
45383
8555
27734
66158
82272
49864
14596
15709
20681
7214
52680
39489
77164
70775
48290
66421
7330
24128
11993
77600
51441
18286
42532
63172
85414
60790
82658
30096
27335
99569
5428
72718
24477
33162
38876
23101
99378
69824
38810
20059
77038
91490
75900
70555
78618
24190
53328
85948
64670
81674
63549
32464
99960
22433
95636
1726
83223
94646
31822
26910
94215
37250
99629
35044
86764
54857
58145
86143
41034
96956
22554
18072
4798
98455
4979
83416
38997
58308
69365
3668
56334
49266
36132
56294
71699
48120
58020
71275
42766
6195
14537
53333
43445
14166
88378
46562
85376
46523
49057
26410
59831
71611
60834
80982
86418
65814
64398
25416
40474
50115
29084
96808
99381
81568
69454
87433
29688
27474
75060
88806
50021
89597
42139
93467
20116
46869
56381
5492
9745
5438
48254
85928
77049
25440
66910
79820
7606
47661
5236
48080
97776
50672
61240
13510
32240
30694
17295
78280
74521
92355
67086
24542
98304
25577
34361
18420
72447
90742
40264
98544
96180
88518
84472
89582
13959
51383
85754
21565
15396
90990
85998
13172
58014
63590
43034
6606
94285
60329
84886
85158
69036
51972
26052
67341
93901
60414
85761
66348
67508
26026
81244
80041
30896
65717
85975
61207
33452
71729
99125
48848
79071
1475
78372
37085
65065
21407
60043
75702
98088
44929
60860
67125
13253
3265
50818
7154
63679
36579
89855
47539
78957
71099
43932
26206
53168
29907
87413
2972
1636
2890
51820
97059
4365
46545
34144
85783
84304
10539
61485
82392
55468
38698
65869
85073
41963
16687
8580
21994
53267
98435
85885
48576
85886
29818
74782
39055
59725
78548
58379
77714
81438
10200
74773
2156
73097
25270
87939
57401
35809
65776
39793
7630
4474
5663
92703
46437
38702
17635
84783
91969
16070
70669
56898
18309
487
48032
73716
76564
26580
32095
70630
24371
58647
61756
26527
31744
87026
30818
89145
39187
96594
45291
46817
1069
67306
55873
63858
6008
73508
64994
14330
5931
35663
71228
24240
52502
19260
14308
45418
62193
46403
16049
2916
5051
77805
45795
53147
81183
76613
42293
20370
73207
3936
83540
90628
71242
55765
70839
93602
45625
35833
7932
67908
87848
95512
8500
56702
31125
22808
2120
93318
69212
34521
12586
90615
28678
58381
43762
26213
34994
2407
62936
24553
6343
46476
15182
93937
18593
2373
87540
64218
54558
11824
48479
42406
7337
56979
