795
7855
17737
2896
22219
13327
8994
1292
21251
12305
19520
9002
23562
25343
16029
8620
9528
26175
7963
23723
14835
20912
28989
8538
7273
21953
13289
15365
3007
1415
19750
10154
9270
7488
19402
7841
27167
28396
9134
18418
17054
5006
3772
16968
6701
26153
25588
16230
22328
9904
16305
7164
816
15294
22054
8089
13600
11695
23454
22959
13110
19556
9465
28732
27044
5219
12925
564
3615
28411
18982
27021
3418
22755
13990
16471
18908
15930
9053
17589
25834
25358
1105
26650
17005
29511
11091
6957
11206
10897
29916
668
454
9381
29400
27498
20952
18677
4414
24567
17089
23397
27941
26859
22504
11931
13330
17764
4213
28736
5353
48
24094
12810
3050
17451
12321
14142
24408
29879
25039
24324
547
1845
10057
6299
29344
1009
24977
3758
1929
12066
3507
6222
15277
2363
24505
4959
20128
28718
3695
1833
28766
4142
14644
1817
21593
3317
15959
16002
3197
17350
16678
10096
19196
3088
16396
24892
10449
17725
5002
18730
6143
14862
24952
21420
17225
19457
26379
7353
24528
6427
9187
23294
10569
183
1463
2162
9852
23774
24516
13049
11125
17547
29498
6673
20635
22246
1565
7436
9971
12919
26167
16114
27781
27471
13886
15007
16929
16617
28712
11457
23044
7899
11103
3613
14434
12567
12128
24287
6341
6644
13688
23818
24191
19538
491
21178
11784
8408
28615
21755
21328
1134
14221
19109
28605
28107
10468
21886
21077
9181
9695
14121
23432
20799
24087
7867
9718
6215
8506
16059
19211
28546
9878
19755
18085
16721
10933
29869
25130
15900
27977
16458
17034
12198
11919
15640
16658
22388
7526
7735
1569
17222
28208
25001
8021
22295
9220
24091
28510
17726
10150
17722
22625
26380
7477
17062
13102
24762
16931
14584
10663
21260
7394
27697
9811
19313
19689
26469
11701
27216
10556
19622
20790
8764
20976
5163
7412
196
29254
12274
24275
15756
29996
16900
12137
13825
10314
1591
14940
27245
22527
1955
24858
29921
6004
4669
19234
25694
7490
7288
29262
18046
3262
20052
3162
24238
1567
16926
24435
821
29201
25062
16577
5549
18314
5066
25727
28628
13009
10667
2225
5536
12622
27083
11809
18626
1752
1044
20672
9242
14684
19934
3640
17946
16338
13155
12185
24257
81
12972
25078
29282
8034
18008
4832
26348
29426
559
1328
18788
17578
3553
676
200
637
12486
25178
2389
19882
15851
17984
4566
12137
27976
28864
4828
11131
11049
29085
11213
373
516
16847
8407
24876
28031
11107
24302
28590
12435
19442
22520
15989
20119
22720
22978
8957
24251
25367
28839
16454
19703
9757
4943
17680
8621
16123
28811
26023
15209
16376
26396
22077
9576
11156
16953
7607
22263
17607
12550
11051
7050
5070
3392
3521
4143
26370
18830
28394
21737
24021
21200
17793
3778
26143
5473
18751
12267
10636
21126
3828
3365
23875
25905
19293
5031
19210
26900
3646
6817
9450
21049
20219
20873
24441
92
25016
20811
18922
29762
18901
12943
20962
6694
23073
23457
18519
11825
12076
5507
9303
22256
15224
3178
24513
4517
14561
13723
1418
24560
20541
17220
15609
17112
8093
10051
17205
9461
862
6127
9223
19763
25423
6537
2809
18496
6347
27680
6673
24775
3188
22329
17032
18412
25507
11545
22930
16421
25269
700
10981
22162
24272
26590
9274
2366
6641
2831
11827
13856
15311
27403
9971
10734
10292
12781
5582
16639
10461
12256
11415
20001
4585
4799
14766
6444
16344
14048
22865
17965
14748
10198
10127
9020
6789
25754
17738
19782
4937
5918
9990
20248
3321
19962
7334
13613
9095
12917
6605
25908
1525
24372
15910
12462
29171
676
25258
21867
14724
24476
9833
5824
4674
26312
21196
17815
28418
15287
13950
3356
21205
23940
29956
878
20254
7291
20843
29349
26560
27448
1610
28085
21820
23872
10547
27343
24548
5805
19211
15624
281
5396
27800
11308
1708
25348
29123
6479
10635
13073
9835
1840
13366
16143
2718
3620
23434
23562
9322
19994
27362
17284
24431
25535
11156
4978
22878
12056
17136
12089
27680
23769
17485
1832
5077
25546
27180
10553
2025
7816
29978
18212
16008
19696
4355
18727
23317
4142
18641
8991
24136
16003
26275
18568
17890
7431
29898
10769
25839
23386
29210
23519
17156
16696
1703
28585
18594
5235
15490
20619
13051
15469
15183
5412
5165
19538
491
4834
23680
19132
20177
24169
11487
22804
19089
29378
6587
25339
16499
2426
18726
15709
2297
12234
8757
4000
17171
27351
9236
2662
24322
28639
24483
9505
4051
6000
5396
10894
17187
5428
26
7364
5949
17866
6521
25038
23596
13108
26730
10095
15535
21808
25804
24184
10394
4562
28185
27565
8265
13773
6579
8940
18764
7414
18445
29168
13415
193
10062
6954
11974
16441
20670
17923
4307
27191
19314
27903
16652
16044
7998
2187
14204
10154
2723
24598
21068
908
22163
29334
21033
5095
8274
16150
12509
3071
15318
2276
9617
1732
15582
21591
18173
6253
9514
28832
3444
5180
26735
26448
27576
11085
4987
11780
21240
7711
6378
18660
14971
4894
17994
6005
9989
2620
22155
28850
12044
13825
1127
21661
15557
16709
13252
10083
29314
29118
8915
9111
10651
12003
5559
8227
23088
10547
20008
20680
18258
2738
9341
3229
7632
3687
15586
17621
12660
14093
22824
24704
4270
23951
16365
26180
17012
5969
6263
16327
11439
15178
25438
22090
3533
7349
6670
2974
17896
26678
6
12506
29416
15699
22088
13401
19387
7674
7374
2047
28120
198
3103
2390
501
19468
28570
17514
1789
4833
10193
13228
26364
11983
11671
29897
19332
18341
9223
13581
21371
9230
26087
27139
24929
18175
10540
20668
2202
17915
29067
322
24465
2170
2712
24967
27990
1283
12481
29779
12468
29026
19360
8832
11009
7383
15082
6693
25724
657
20274
17095
9887
22714
14234
11169
10889
1127
8189
13091
25394
7257
19765
19859
15779
22478
14826
20122
113
3659
26253
12581
2685
15613
27766
13694
29348
19200
20388
25072
19857
17014
18519
29745
9728
9106
10914
20618
10233
25455
10061
11979
2712
6179
1838
24844
28657
16665
14966
5122
26676
11219
17703
29362
3185
21821
13056
2533
11021
9796
3958
879
26811
22477
624
6539
7935
17890
3509
18168
13345
19923
147
22410
26102
8338
17254
1111
1355
8572
6233
28031
26143
288
27393
29328
22110
16802
8214
3131
2950
18524
4010
29761
17353
10986
12653
25289
28876
22514
19809
18574
12437
26309
10984
14891
4647
4590
16002
12354
13162
28587
10385
9305
5228
14131
14986
27338
933
29552
6821
10235
18076
10832
9997
5429
28170
29002
7070
27047
21516
26880
21973
3954
23189
2957
25197
27836
13899
11200
10190
27061
16139
26927
12718
21367
11058
4056
25057
18343
3608
1879
28579
28036
19063
14928
9818
17233
13930
16888
20632
5446
13768
18957
15752
6957
28266
10950
11145
12165
28502
27687
15578
20993
24615
4649
18713
12025
8705
13770
6721
18666
22001
11652
23054
11064
26580
2872
4650
16862
26113
1634
28660
9881
20592
14413
23191
25210
1715
10688
7376
6569
14728
29306
27562
15695
3955
16275
27720
19013
6398
10793
7679
28399
22445
733
15816
19025
9958
26818
5887
6071
4804
10900
22304
1748
1665
21847
26959
3380
2536
10687
16301
17264
9993
20215
2959
20301
12843
7031
9314
19241
17825
16993
23992
16622
24078
9808
5648
4036
12978
17887
10107
17783
28787
2412
25883
452
611
22842
10184
3147
3529
26485
26763
19875
23053
6074
10176
5896
19458
19490
25137
13635
12835
19129
257
13265
5290
5905
17302
24620
145
3761
12403
5284
12525
8287
12089
13137
7481
22273
16284
17363
25111
19400
13590
18164
25474
23766
24060
21284
19608
25549
4919
8795
14678
5177
22060
26320
17434
15714
20941
17579
19476
9696
29216
2001
24335
11305
21490
1817
3578
14127
25532
5041
3527
9122
23205
5353
9240
23617
26638
5200
19166
1557
13995
10197
13086
12407
12869
521
28122
3810
24452
17598
19859
23668
25951
14194
4973
23794
22363
14904
7921
17895
19945
11448
3369
19503
23153
12609
13120
26143
17809
8639
4053
8156
18836
17139
20564
1705
24012
18686
11868
18465
12636
1727
18485
14939
22273
23459
8733
14637
14715
16654
8884
4660
4454
12254
24163
3960
1215
13636
103
19025
22275
10508
27181
11111
27648
17745
19168
28012
12783
7388
16477
1771
9115
4963
16711
7741
4774
25444
22378
19489
18451
7614
501
29257
19868
1017
3217
27436
14653
9673
16461
13280
20181
19994
743
24181
14092
19911
22194
26875
27300
8671
28647
12767
19986
21710
20508
1112
23506
19238
26953
11957
26853
27455
17567
23073
4824
20784
20509
19477
6809
13322
9109
26991
3317
9852
21172
23761
29763
19718
26988
3415
28390
25635
22535
24728
23697
19395
2193
17204
8634
29146
5513
11839
2953
23080
11264
7777
20217
8126
3606
27026
21448
12715
369
1117
22567
27894
1230
28683
17612
28219
8450
22354
23854
985
23435
23904
26733
25628
11108
5367
24774
16621
23558
4080
16054
4822
11857
6271
12948
21816
9649
10749
4531
16371
18218
3451
14265
19449
2134
8229
17668
16936
584
17874
24274
24019
11778
21007
25999
22886
2726
20773
15860
26284
1205
1914
7458
13063
14537
20407
4879
24186
7508
15762
10557
25726
19213
1174
21527
27699
9404
9195
14636
16340
27070
15262
16711
15200
6269
12710
8087
15347
9835
299
11631
11041
2213
19089
24104
16750
15848
5335
17288
23356
27449
4198
25435
16663
5372
16962
20714
21128
2510
11702
7468
29580
26964
24179
14780
9585
6889
29219
24932
16725
29518
6563
27766
8083
2005
28222
24833
17853
9909
18474
17562
7358
22672
19349
373
28044
6311
21088
19173
15173
2790
2993
14753
6107
27173
5886
15692
4062
11457
10625
27139
17328
23540
24905
25411
25545
29479
26597
19751
15740
15071
13665
23099
7743
3014
29824
12139
15677
20912
7664
851
55
10658
21956
6162
7831
4194
28206
18245
15652
8831
15385
9332
8724
16642
4743
4269
22474
1340
372
8214
22763
14037
7665
6858
23403
7490
18998
9081
4754
3014
16284
11161
13672
8240
23675
27855
18787
21882
16101
10791
713
7838
20123
15789
832
24866
26411
29658
2559
26783
7873
25322
17173
21890
2181
10576
5732
27531
26009
10487
545
18645
28000
20570
3238
21676
18425
22025
13558
10878
2816
20623
25068
22939
6413
25901
24157
2824
25559
26716
5959
9784
28391
29484
1675
572
16413
7407
4455
12422
24246
5000
7420
22247
25570
10658
20275
20348
2683
3833
1226
11851
24456
2647
4790
7221
28548
5299
10045
459
2016
22357
10244
407
21841
18271
7331
8254
2030
11786
27029
2629
23138
4449
1228
25061
15107
21503
21761
24142
25336
22987
5993
26144
25634
17135
3366
534
22434
19763
7346
24450
12120
23942
1209
10314
12213
14892
18568
20595
3030
15597
23224
2521
26398
804
27582
11505
22307
19343
11999
23995
18682
17992
20140
20669
5127
29858
27555
3914
25973
4901
4716
14446
28843
5926
24760
17408
27170
13328
8004
201
5278
7580
9074
8028
8385
13008
25886
7044
8703
7885
1040
3737
2230
27532
24406
13709
27390
21962
17623
23363
3215
22340
7809
2059
4618
8921
19467
1788
28602
3823
8341
10232
11404
17415
18260
19789
6775
14146
26833
15478
28384
4225
19216
614
1757
19974
14323
5499
18288
1947
5215
21504
24287
19376
29915
5257
28298
19382
7045
26900
29558
21739
7132
10962
15506
25392
7103
22282
15891
10288
14112
14275
14514
3328
14889
22623
23303
29212
28123
11591
7511
9690
9447
8150
29066
9362
13407
27364
5097
26805
616
4655
18544
7748
15617
10402
9493
29072
2684
1736
9360
16797
16011
226
26477
7252
22850
26132
12816
27325
14076
20328
7015
23523
4830
12433
2886
18238
9798
14335
15043
16766
18990
9939
867
10959
20341
10360
10031
29378
12096
19391
22527
4459
25970
19004
11711
18820
21489
879
22497
5565
27559
5864
29088
2390
18297
8326
20628
4447
22661
12023
21214
11651
28314
22081
28962
18655
8793
8993
24385
27241
4737
16912
1700
707
12269
19763
25879
10110
26994
18376
15675
24554
592
14763
26944
18889
29442
23924
23337
22103
5947
20903
10107
10613
19336
15421
29268
28129
24415
6
1722
5504
23270
3422
6211
11891
29537
2090
22001
26531
26818
7676
21085
27410
28792
24381
22651
4586
18305
22340
3041
604
13243
19500
11217
2579
4922
16838
7060
29337
16844
8782
4841
10114
18556
17404
28358
24445
25846
20359
27329
29016
4388
24766
26426
9532
19148
25429
14118
7453
17770
17159
14410
1013
6660
25627
9945
17934
12465
23357
17271
5661
8492
28464
22128
27048
22220
20486
27846
18066
10845
25175
17082
21585
19941
19860
1117
9089
15289
21587
22895
3059
8747
7305
10425
21759
9284
26722
9693
21750
26431
3316
27411
4923
8132
19539
8324
352
16377
6170
24770
3575
1345
18204
25160
27638
8064
2630
13080
29705
24217
12327
9117
2964
19632
25894
1075
5268
22616
10768
27018
19047
20436
782
323
28568
26673
8647
5272
13051
14817
42
16626
22514
24598
18138
26504
9014
20768
9584
8720
14986
21911
24189
24302
17895
20083
25378
23164
19051
12498
26534
14450
2935
27316
14773
7855
342
23420
13128
19745
14589
19522
12723
7103
14121
861
3608
23135
21630
19544
8207
12968
11456
2396
13622
5703
22479
9000
28867
17882
27851
1754
2333
7138
5422
23458
14993
5764
23231
4473
25509
7820
23996
8232
21276
14469
15446
1236
7604
13428
20780
15812
26396
8588
24560
10018
20644
23392
25371
25863
11274
29574
27617
19959
6712
3040
13418
28057
15156
6649
2531
10666
14469
26527
25250
12097
10996
10696
13333
24952
24124
10466
17116
26872
25406
11677
13243
16050
5069
14966
11914
16343
14540
9531
12655
27604
18923
26073
25661
4080
2722
28192
21098
23543
1071
16348
11993
18419
3397
25326
19724
3873
12144
6840
746
7551
18517
13989
23601
29938
5307
11867
22634
19847
27751
5289
17451
23026
1362
19464
27106
10436
24009
18204
10331
25080
10905
22324
19852
14302
24003
9576
18175
6147
22768
25273
20050
11286
15614
20004
17576
20921
1871
10210
17120
5974
15499
10923
29001
23213
388
26107
3649
24397
20664
20333
25829
7921
12657
22033
28575
13012
1609
16750
19160
730
18376
9210
12016
3990
5566
29592
24912
7438
16155
18384
13412
1654
29308
18765
24868
29696
14873
4869
445
11889
25202
26274
19810
14212
18308
24737
27224
26269
11487
22736
26999
6215
8299
15367
10206
13865
21312
11470
21303
7467
29854
11068
15473
29162
29833
10341
5210
21058
21563
5655
9299
16765
1930
5461
7329
26590
198
4554
29211
18038
27290
26211
24253
5589
17930
10811
19455
9242
22281
17110
23061
28488
4530
8535
4002
10716
25228
9213
8126
16791
14868
17426
3557
23150
29239
17238
26092
29438
21792
25304
23828
25435
27867
18081
7376
15797
5245
3183
1392
3878
20294
24453
2366
1176
9340
12721
11892
4569
21934
20019
21360
13154
13797
1269
6305
19388
18508
2397
18826
16652
4053
12654
12087
1920
7088
19464
17718
18685
28999
19110
22563
25645
19915
1282
26822
29256
14003
15066
3825
5937
11437
1537
19091
25234
2807
1748
14623
27667
10498
9801
14319
14551
28808
2759
16472
12248
28575
10542
933
27574
29652
23496
23220
25919
24778
20042
25175
8781
11460
5352
21070
22898
6890
16514
24484
16049
24614
9107
13716
5112
25261
4387
26016
421
13498
18840
12669
12073
29382
19954
16000
5386
13450
9220
1305
14581
5614
26481
29714
17074
8185
20785
16324
15075
13651
10809
7476
8265
19916
27544
19730
21529
1932
15746
21950
15430
4586
10971
3856
3968
925
19856
9354
14376
5428
17011
5309
11042
19844
5023
4468
28030
2160
20793
19457
15811
1602
26934
24077
27870
24478
13807
25752
2762
5905
17702
18193
10491
28674
28401
20811
5951
18257
6517
20327
23685
23528
1988
11079
13373
7012
15547
11403
15524
12692
7212
1336
20646
4146
1765
18517
28625
21924
14269
1387
27829
8323
25932
14672
13349
24333
5483
19301
18942
12000
15980
12627
11880
17969
58
25253
1333
21958
13008
16857
4650
20221
24545
25297
24367
26310
20166
29344
18234
10787
7084
16063
19110
3016
7087
8812
3702
12570
28113
22644
922
14093
11624
12803
8414
11682
8056
16099
9992
21065
2957
14643
17638
27502
16292
18357
165
12810
17702
18399
23597
24786
10815
19059
4154
17902
27871
7856
473
25984
6853
7747
16430
18477
20550
1196
6511
28607
17296
16504
26024
26605
7499
20014
24107
143
8371
624
12953
26073
19024
12902
27211
6191
1961
1366
24093
6185
15574
918
8521
22427
8666
24951
10904
29216
2500
23768
4175
26148
10272
6551
22753
17771
26565
23212
17914
4937
23837
7219
7362
12861
20121
10926
25404
22082
18644
19497
4619
4218
26768
13141
2998
11786
8092
13902
17354
16944
14022
21530
13092
24294
4433
5845
18417
999
29058
12683
12288
29247
19902
26002
12108
10023
6928
7512
8458
25572
3361
13077
6143
6481
26218
9141
18267
10663
29395
5622
3959
13418
3504
17052
7712
7937
29249
2482
15288
28307
15165
27576
27554
5068
23579
16014
21443
6859
29878
6253
8784
9592
19331
14927
16073
21901
420
4341
8916
29815
16315
12876
13233
19819
6280
27298
4108
5529
29780
19397
10189
21297
16973
14095
26365
16904
6462
24161
116
6340
414
8900
22284
26097
179
8358
24351
599
19051
3267
414
11718
22495
20000
1537
28775
23650
5645
4305
29782
25042
14494
21079
18368
4941
23797
11624
11403
17958
11740
24096
24724
26992
16380
20822
27171
1090
21525
4122
20141
24792
4537
1859
23640
889
9748
28767
24539
21746
3072
24321
16788
23918
21752
11508
5212
15549
29485
16615
9859
11225
10711
4584
14570
27092
1758
18093
28182
23283
22216
24676
24427
3105
2887
18067
10346
12636
16835
4885
10734
26259
5558
27522
26530
27310
15383
1742
19212
14868
24709
29071
2445
5421
10007
17015
8865
11765
11461
7047
5048
3677
8075
29476
13134
10963
23895
23480
29951
17082
4717
10685
19694
10275
14559
16224
13937
29942
24318
9501
21162
19027
8573
23608
800
18580
16975
9665
6698
28436
23065
11746
8465
1140
17574
21599
18455
11470
21431
18406
28552
26148
5443
18246
12775
26355
10822
3065
2649
11492
12566
23812
6872
27491
23772
14024
22424
10747
23690
29122
15536
16755
17220
353
24247
4795
28305
12703
16265
19736
7461
21169
15885
12905
15768
5012
15612
2942
8077
18261
20787
26996
18425
4011
24487
12197
18035
23263
29297
11725
28737
21185
4832
15958
21538
29080
20753
19843
11783
13370
15932
25596
10891
1817
14853
3011
13181
465
12306
27611
25079
3093
24607
13504
7104
25446
2054
25139
18710
1351
13217
17447
22536
18049
9757
20426
23481
510
10270
11616
20232
26202
7213
7476
4371
22066
10487
23904
28884
22793
21515
23963
25886
22474
7467
9342
17921
9521
4482
12983
17224
17699
6782
16112
12100
16540
6539
5582
23402
23161
17198
13635
25715
763
21111
6438
22830
7950
342
21714
744
28210
15677
2982
20684
29496
12325
8605
15370
23159
27940
2594
17210
4723
18707
29310
21263
1598
11244
14665
24759
4795
4652
26826
5558
25763
3264
28388
3714
9958
26454
10810
14520
18483
13792
5205
17980
2469
20162
9702
25628
18103
12296
12838
22826
7355
12149
20441
8953
29745
5106
10064
4540
9759
6890
10099
11874
16506
14839
21940
2817
11294
9102
17337
6129
22895
28894
461
25364
19057
10163
20993
13512
22460
10183
12690
29815
28684
3131
8769
28430
8237
18833
2970
24348
2076
19421
12575
18582
4261
4515
21399
21907
13618
15089
28036
12865
13983
28498
14581
3040
8661
11926
22904
7473
22110
5594
7289
20794
8725
22410
25576
23315
17595
4899
24015
19671
24320
6590
14606
4933
17458
12357
26840
1076
27446
1229
20293
11430
29727
4874
20822
14740
16801
20079
22214
15263
25673
5855
12409
10751
4617
7986
4066
22212
12885
28081
18236
7205
4672
9194
18491
28482
21551
15331
5910
25350
16560
26203
13132
22639
7429
10306
13732
582
385
12298
15845
26059
18153
4607
6810
29122
12593
17228
27686
25478
21661
15922
9035
2685
1468
27526
1167
29372
19210
7077
24722
12122
9632
14206
11114
17062
24512
24846
17644
24898
13496
9842
27309
8001
14449
10471
7123
3394
27699
4809
5224
25712
27084
14259
28398
4904
18138
29565
4276
13700
12995
5350
2174
22627
19556
13288
9689
14069
14486
3686
15319
27982
19880
12628
12335
10681
23099
19458
14075
27150
620
19299
22862
4056
9910
27612
8960
4400
27178
13237
18100
16525
18587
20275
9152
8144
9915
25194
28565
24402
5232
13884
28736
25112
2864
11072
5793
25963
6882
26220
29465
13854
15519
28679
17910
1781
2644
3223
6182
29822
16460
24282
22699
11399
20909
1851
25895
825
27045
24460
1579
8629
14696
315
3741
17560
17739
15886
19875
974
12106
19340
21180
3977
24372
9091
5759
27016
12314
18293
3190
5126
12575
25889
22877
9837
4092
18773
10662
7490
19585
18593
16119
4282
25260
19861
21842
13000
12099
18070
20326
558
13762
11506
10887
8134
26949
22998
11502
15615
11291
14692
27093
219
16933
19971
10056
27378
8744
27070
4868
4681
15663
20987
8963
10923
17200
7158
275
5652
25228
20601
6210
8990
8460
17097
23477
5409
16448
4979
27377
27739
26024
24470
27958
19309
14441
14366
16687
29537
11436
27907
4219
3451
25247
19534
14375
12447
3044
14650
18099
4624
11604
661
19967
26416
24111
13444
8177
10559
24775
5554
14650
27151
25
18961
22813
14466
3327
15852
20356
21116
13760
24575
24567
9007
20461
15294
27806
23506
6297
22258
28130
24253
22919
18097
20669
23382
7893
28846
10293
9021
4401
24944
6172
4426
20257
5337
25244
23584
21190
15600
21052
4950
16527
21972
20309
6989
7266
18115
6847
19915
10373
4977
14168
9645
29427
4837
3027
13672
10036
19673
22693
20789
14617
5218
1567
11226
16907
26811
11162
8097
18764
2215
19399
11643
24187
9708
18632
7805
27824
25479
27721
14549
6809
18241
24194
12588
29431
3574
2612
9467
23247
1658
256
14216
13228
1823
25442
135
4986
6604
14585
102
15171
3984
11746
15710
20045
378
23516
24221
2210
27589
8770
15371
22182
9317
4311
21613
12891
13275
1080
12490
14933
7688
26706
28161
15863
28500
4649
20850
11456
19234
20952
2980
23218
2698
18690
13263
9429
18558
13836
17991
22499
22607
9714
14682
1924
20377
6295
21167
3652
13728
3657
18586
21416
6715
23099
7280
11567
27748
4482
29375
16982
25434
2355
16553
4485
21046
6168
20266
15956
20005
14609
8456
18964
675
29490
20888
21052
5785
18407
24704
19513
28416
13290
17282
5131
12742
914
23050
10490
5396
22425
3825
7182
24781
26730
18019
22179
9250
14637
14487
5607
29246
22943
24571
29921
22433
21811
20973
4571
10218
22030
436
8634
5320
17718
20117
24414
18632
13167
4905
380
11945
15082
7563
13078
11812
25582
5257
27414
16572
19744
3022
15818
19040
27593
22092
17825
19405
19417
22396
5975
11447
29185
20962
23120
16903
11079
17534
11888
599
28791
12268
18896
13873
26183
1974
2037
28118
13583
5804
14690
9679
8826
508
28719
12771
28952
22897
2176
18370
21645
14504
6169
20830
5466
29289
14086
22897
23176
25974
29848
21967
14594
18744
12193
10778
20718
20582
15248
4301
2738
29938
20333
11564
6798
25404
24336
5751
18301
2864
473
16299
17368
6642
7129
29186
12284
21215
22084
11812
23541
21932
10131
14488
17029
22324
1618
7747
19259
16866
18401
21997
23156
8734
9914
29954
4138
4250
12057
28792
13466
12530
15091
835
25525
22220
6373
14161
19788
4809
25973
19681
3094
6104
4169
20123
4781
12139
4222
392
29005
22623
28741
22161
7709
8655
28468
18200
19257
10525
16992
2724
29408
8435
9911
1285
7007
16284
15446
3147
21094
17771
22829
24188
227
3350
20663
11360
15490
24885
11752
20847
23861
10494
13009
7922
25501
11477
26122
14759
28354
19466
17483
27762
27901
27394
29047
11261
20030
20845
14408
11124
14968
7237
11664
15196
16940
8679
26556
2430
3565
14661
23277
3778
1507
12638
11700
27008
467
14175
11767
28822
3641
29250
2936
7895
2996
1984
19156
23027
29181
9916
10503
20502
17154
28520
5698
10446
7199
8606
12876
17116
29619
12505
27246
1126
25144
8947
28135
25611
29474
16254
785
3115
21857
3722
17362
24853
12058
12870
24232
11239
22787
4736
8093
16293
9608
20143
26739
16807
28750
15967
10276
4721
28472
7522
5848
29968
22821
10335
1932
22295
26589
2717
1763
18446
6439
25477
19652
18497
8348
13884
6089
1135
24972
14182
17428
4580
4326
20519
27740
9428
6486
14368
14149
4958
21890
26349
11279
21064
6684
13211
19711
9626
15928
27826
4424
22368
23304
24076
17217
1652
14313
23306
9139
9285
7489
26567
13866
11815
17086
17958
21243
29924
2326
11744
4882
568
8094
22513
21632
21130
5724
17696
7108
21653
15522
11533
20373
15178
11961
7590
23182
26274
897
2321
11912
14738
5240
2130
26553
28678
20088
24148
28602
22414
12244
9837
22982
26690
2350
20967
24173
8075
8663
1281
6080
537
19166
26453
15716
7480
4043
15250
10106
11292
17572
22018
26030
22812
24148
28935
21491
14236
29435
26445
13002
18032
6282
5985
14722
8633
26952
8895
23060
5615
16529
29140
12504
5695
25593
4572
13175
5988
19823
23282
23633
7395
21652
26015
6559
22153
24951
4402
6389
738
848
19392
18770
13482
1729
9845
22115
28681
25092
15175
10648
11621
14315
23152
17317
16260
27725
6844
28601
17548
6478
22234
1295
28131
18249
7854
20284
19552
18609
3025
26643
25809
28769
21765
9291
498
1610
1407
29179
26703
22934
9827
8324
13602
9332
1993
29862
7057
8838
28463
957
15316
27049
2252
13447
15299
16458
10083
11203
11419
13109
7846
7228
11878
29612
16520
18729
1222
24279
17908
4277
17213
4088
12602
815
13420
20947
7030
26829
29785
11845
4138
21454
8895
12742
11253
546
5552
21337
11749
16972
10798
19596
24200
29028
19208
17072
17757
26782
11351
12018
1060
28565
22458
20014
5732
12230
10961
12762
9059
17099
24608
13197
8553
9855
2291
26158
10401
7843
17495
22150
24815
4645
18098
25368
3674
7306
12440
27783
4089
23792
16153
11501
22357
8611
1515
28089
20841
12476
17204
6252
5927
11812
25801
20832
28019
28092
16991
8420
5936
10838
6922
7103
15484
1373
2471
25510
8679
14912
29645
19120
15056
15799
621
7413
24410
8488
11854
21604
27317
29058
4208
3244
17222
10
24077
21593
4454
11068
13
10390
28258
13288
23846
13742
14661
26317
15604
29692
17581
15250
25165
2637
1049
2138
16402
1811
10627
4609
29767
14296
10019
3976
17540
27242
3986
17969
18835
14792
5389
25201
1535
3648
14841
25381
23742
5854
28050
9347
11898
15632
24597
13415
24621
1998
15554
17376
10161
2533
21985
9929
16829
2004
13905
10721
5598
24243
5043
786
9035
10432
25987
10570
20432
17180
12303
14175
29386
10354
23522
11284
25986
24471
24700
26959
26469
16606
14335
12982
19139
6320
22911
12320
14677
13168
23041
20275
7411
28084
21061
22799
14869
23400
9721
5301
16932
22025
19476
16318
8731
19350
3955
11069
20173
28655
8028
22994
21613
28716
5977
10752
11388
28888
23072
26065
12057
22465
22693
25820
26902
13754
24971
11771
13507
11045
23424
439
3070
12901
23110
18153
8603
27065
29222
28777
2072
13602
21771
23685
12318
27748
10789
23707
2989
10213
26124
21398
2678
18817
17218
5932
8924
12190
17703
22431
23235
11128
29222
2657
381
22332
27162
8984
25749
26384
14113
27821
16338
12237
27858
28657
16337
8647
28716
19326
18860
1192
10724
27891
20010
4295
3823
28934
22837
21527
27717
22424
9007
26939
1433
15740
25624
28595
1076
27725
1331
15190
25547
17669
3779
29757
22678
20116
8405
21394
15795
3617
28939
2871
1508
18949
7166
5332
24235
6355
3211
21952
28779
18570
25243
212
4310
27219
5159
5386
24945
6490
26928
26844
24160
707
26601
16838
20824
11358
14585
12971
14976
13524
15842
16484
8825
29361
28168
3060
5716
7731
1364
10848
26301
2959
17412
611
179
22572
12350
1476
29062
9278
4672
29574
9986
1273
16413
7162
18984
7350
20133
3960
27226
12327
26796
12403
11688
24965
15463
23757
2696
23179
4605
5350
26138
22017
12313
2669
14589
24663
10497
20004
3942
15169
19578
20280
22795
12343
27442
11779
19693
23927
15739
23271
6254
12535
5674
24295
13852
27489
18052
22901
20668
29009
28251
23159
21026
10564
25828
11968
11580
6326
1972
15522
27847
27902
12154
20642
10246
15948
8773
29939
9875
24512
29563
22481
13400
5237
16776
3604
2727
11180
26505
23395
10189
24756
22906
7568
11673
18735
25888
23253
1413
4212
15127
29260
2114
3633
26255
12360
19581
5028
18652
5808
5893
18215
28289
25645
29804
21418
29249
2531
8950
25755
2279
25492
26863
25185
9412
14888
20272
5300
8141
21685
15864
29620
27298
17978
3253
29905
6691
29186
4933
25343
4994
17178
19910
9636
12823
19714
7406
18425
28598
16356
20532
877
11848
23747
2414
21260
8636
22687
2912
23129
20724
25128
29102
24374
13107
2355
24279
26150
7894
5565
27845
12888
29095
17755
22524
18271
13821
6282
6696
12419
22639
3580
19648
10839
27327
22063
8452
5963
21102
17716
29093
18178
12845
4547
18905
25952
6902
13184
28454
14796
25101
26299
4037
549
14054
2913
18820
4227
9196
25516
16647
8187
5448
12647
19026
2775
11062
27478
8739
2164
15195
14184
26695
28040
18731
15600
344
1985
5136
28798
23134
6590
1449
3523
7139
21855
6436
25959
26082
21984
27827
19081
171
3275
1729
19198
6050
12791
23028
21141
21308
8223
11677
18003
12615
6760
9955
19311
15098
21443
24461
8232
28033
25910
11755
11524
17765
24543
7483
20200
16528
11662
9281
16699
21289
11010
12249
3692
154
5278
24833
21462
19853
12863
15817
8821
19623
25772
28132
4721
17215
22594
19305
21601
24856
7412
3125
18974
1956
16961
9174
24836
28623
18455
11535
19913
5818
23785
23605
5972
5415
24790
27434
25268
7653
13251
10441
3629
15375
8574
14702
8942
7520
4008
543
8728
17772
10021
27702
19728
26982
13228
14564
1957
1684
2452
21870
13854
2589
21827
19826
14356
16618
23612
15976
623
13215
26418
10604
28590
11344
25307
7532
25216
5667
14428
3944
23439
801
7999
19520
27783
21227
10436
29740
22911
19240
27963
6765
28181
19790
2943
12537
12760
26555
28514
19736
9770
24932
6692
14712
6276
1999
28597
1492
14018
19377
11788
13810
20178
19787
9682
17961
11015
20118
24053
3926
15711
22016
17044
13892
18159
26339
26430
7271
29247
24944
3359
9017
26228
10052
82
2504
18403
28679
10348
2422
24408
22136
22584
14586
11924
2266
8899
22939
28736
9304
3217
14447
1321
26613
28340
25832
22953
1122
9455
22200
26066
12815
7569
22294
22867
14003
1150
11270
19034
11498
20044
13442
9986
12628
28028
21910
14894
13279
21201
19983
22584
771
4430
257
27384
9122
26089
26689
10244
11896
25241
12662
24711
9163
11308
23930
23166
12458
11553
12201
308
7949
25643
16647
26930
24
8557
11824
13303
6111
8159
5887
6882
12590
6144
4266
21712
8585
7308
8309
26834
2549
20971
27897
11712
2280
28180
4879
14738
9733
23432
21399
24034
25427
8046
20964
25451
22955
9141
15107
29066
17300
27346
12300
29890
9843
22919
27955
24780
227
6264
21614
2776
27235
19512
20841
5867
17692
25720
20606
3777
25504
18357
4163
20931
26403
25128
22735
25710
4269
7842
24777
27921
5188
13429
4164
15031
6348
2119
16164
6575
14735
7778
15704
18322
3642
6545
24190
21334
8617
21148
1463
4121
15857
5627
1404
12260
755
24139
14322
11376
1981
15451
9297
13522
28881
13461
4905
5229
21932
21069
11805
13019
28848
27509
1342
8842
10406
1884
177
19023
29384
7992
29496
15241
13619
900
3853
20726
25040
18175
8454
3373
3627
24104
23247
8860
13917
28153
14089
5850
25574
2246
25221
774
6107
2915
9617
16513
11151
9794
11888
10535
24138
11384
2128
7758
12285
5981
4836
13677
509
13291
23402
10488
7395
16650
19348
27664
14803
3437
9866
10377
5684
5088
11152
18143
8003
27121
4657
19155
13267
16545
6042
7405
4282
8171
21515
22919
14152
26352
6596
21013
15995
29998
1501
29742
16648
20849
27406
7803
639
7273
24533
12675
12361
12037
818
26716
9158
11827
22223
22425
4725
28266
29830
9007
6437
21346
1926
26941
24050
14874
17955
10045
14872
19456
16139
7873
16658
13545
22028
23649
20818
16561
12676
9531
28598
13494
12600
14108
1674
4823
6533
6399
3089
12716
21758
9526
4062
36
6468
4464
14910
775
14509
6134
26583
648
20359
13241
20545
12388
13242
17716
28949
25918
3599
3900
15765
16199
18008
17439
21023
894
190
24112
13610
28300
9991
24024
28336
22811
28488
13246
23586
19349
25732
20169
26349
16092
9763
16894
28480
23005
4610
27429
25276
14562
7681
11041
761
25690
4832
21784
26584
11374
22249
16546
9674
8592
10570
8010
1403
15410
27608
1341
11111
23340
21510
7460
9432
1273
24354
14264
631
5317
11694
2259
19879
25727
13300
26992
21417
24484
25129
24353
12210
23730
17251
21884
2322
4173
6246
10077
19583
10206
11418
694
9898
9280
14506
25683
16906
15213
9947
23889
20530
27993
26148
16761
23721
15800
20105
21490
10284
15234
22196
22494
8964
9447
20730
17638
13621
3328
27715
9556
19886
15485
16603
29784
1118
1109
25467
18024
16322
11767
11913
13204
9760
14413
6317
3481
213
26423
24972
10497
11657
17168
9343
26974
2967
6425
14612
16588
16105
18680
2497
5991
10517
19100
12127
11635
20209
13947
6011
12884
25714
24276
26088
11826
8689
2406
15308
8902
28829
16632
25751
16838
10152
5094
13812
19471
17871
4777
6060
3976
29809
14909
16319
10326
4009
4799
28314
570
18746
4325
13454
20812
28602
9543
2638
7291
18301
17946
22546
17130
10930
18297
3968
27434
29744
24133
16906
17615
5262
29318
27944
5071
14227
20615
15397
24588
25414
13711
25158
14160
18037
14965
11324
22991
24508
13963
6634
12809
8261
29180
6291
19192
17478
16611
22978
17222
10744
9884
11189
22358
15554
15485
27429
6133
6101
12827
721
7867
2890
2232
28380
20927
17197
9704
20270
11705
23667
26905
866
1929
26085
7157
27473
19915
23768
20451
7137
10865
6688
24679
3223
28594
10164
653
4728
22617
19832
5449
485
22722
7681
5217
20002
24878
14921
10272
12935
8589
7177
13801
16870
9615
27310
14343
29530
27431
11146
13020
8296
24186
14051
17871
22781
567
24876
27509
23185
21060
2958
22
13783
16992
5239
10137
11870
26512
26761
24806
5101
3939
14959
28323
19906
12270
19018
19436
9701
165
8808
24349
703
22859
18572
23484
23427
13449
27345
22964
10861
6656
22986
996
23648
4577
11133
11870
1089
7895
13028
12543
18186
27988
10866
14444
16610
29885
10232
26311
6402
19041
27012
7105
11900
15584
6942
11679
5385
4287
4643
16247
10943
3981
23595
10943
8558
4729
22814
16000
18976
5842
28543
7162
10182
15761
21606
26792
15646
8190
29455
22048
27231
26467
5506
15484
18404
12448
27163
23789
23087
8159
16388
4031
12140
9984
21326
27051
21065
14140
13051
10041
26335
17946
23555
6517
3707
21513
3310
25706
29703
9117
24106
26935
5585
29612
18771
341
18412
15934
24130
11500
24093
16871
21883
12586
3207
13209
9637
24272
27350
22688
4313
23685
16986
4220
6554
20693
25733
16216
16399
1788
25334
16858
5075
7271
16470
23846
7612
11235
16133
8094
22735
16578
1317
20970
29164
4524
4179
8801
28796
7881
7841
9461
7918
24827
20033
14473
21873
22118
7041
14624
23907
2375
1482
28982
9646
24305
22829
23610
5540
15314
8057
28275
1892
9374
19245
1057
13899
29776
16210
19047
14010
404
4861
21928
1583
24894
12753
23456
17013
19795
14433
17272
22170
15915
16254
8169
10220
15435
8131
22112
749
16188
20387
2642
1915
15984
10051
15814
22113
2613
11213
6123
3017
22426
4403
4601
23673
17157
4409
17038
13304
18842
4310
5474
11110
20564
19995
27682
6000
4479
19795
13101
27019
16534
15743
28934
8871
2146
21100
984
11112
2314
13459
14129
1092
17862
25082
24765
11371
5844
11803
24675
1038
16113
6502
12148
6678
26497
9831
19030
7328
29626
2131
4348
16160
24227
3282
25031
2725
24383
2367
13837
3049
15826
4319
4141
3689
29401
5259
21412
11597
17062
16088
12636
9528
22590
24784
22558
25439
4615
11588
2768
10593
20071
7116
26754
20650
16750
28137
23376
17485
505
13565
20534
22683
17884
1028
2724
23638
6287
24137
5235
29701
10225
24223
9229
2815
19008
1787
28254
29975
19727
7374
10569
9799
20842
13675
6801
7593
18164
6529
25078
18669
20095
21965
11353
14331
22993
14077
7969
5632
8214
19557
5333
24791
13780
14563
27606
9140
16350
2213
15468
12430
15939
26037
28581
6782
16064
5382
20727
4228
11912
22157
29250
8359
14122
16955
22690
13467
1032
7012
19099
15599
2921
24433
10390
23053
15348
14349
2194
8050
16562
17662
20480
8853
20051
19061
15635
12467
796
12714
16695
19060
4872
22297
27419
18994
9252
26461
8814
16637
9825
27913
2236
12746
28698
18978
12152
14046
3327
14346
28449
26241
8360
18929
5095
4763
14343
27082
17230
15139
9797
10277
4199
14669
8927
7970
10015
18179
4431
18829
4816
14257
23095
13404
3355
21793
2383
15507
12192
5710
6205
10641
8304
20917
29570
19751
2032
20265
16833
19262
5404
2982
5892
15955
24003
14819
23925
4019
9350
4709
29200
14167
25318
22295
27571
5025
14089
6306
20533
26281
18369
3090
6922
26673
360
12844
22776
2392
9462
15961
28007
21218
18944
3899
7174
12947
25070
7451
23318
10772
18512
22519
1291
13830
21166
28863
18856
5255
11521
15741
7888
29890
25183
21162
2915
25543
10359
25691
27936
19821
11653
25943
11039
597
6194
24565
19896
7616
8369
13215
18388
26881
12086
19680
17064
3252
24895
12272
14860
6416
4365
22748
12659
29548
20263
15574
1444
622
11266
29380
20443
29271
1675
7834
6220
14221
8752
26116
21837
17121
15683
16577
20354
4121
12609
7418
7374
7504
19690
28586
20273
407
21334
9284
29956
17949
24858
1400
18571
12476
7132
15366
11747
15159
29553
17967
29380
8305
20436
27569
25426
12471
14146
22132
16593
26756
29551
319
10612
25593
28905
7237
26001
26591
16521
2309
14541
17732
10061
9464
208
17193
24831
11956
8704
24384
6275
8084
2689
3063
5653
4467
15535
26151
26599
2128
22907
2502
8799
9872
4448
14056
17109
6801
10647
9983
9110
1540
27715
19171
11005
27923
12716
5836
16231
21420
6572
28859
5856
15613
1922
17861
20080
17457
14012
23031
25937
13272
1886
4736
23144
6334
18792
16605
13135
5792
2940
28597
7332
655
17768
18337
4931
6836
525
21162
4608
7097
20021
16816
22710
28296
4677
19142
15753
18689
18526
18043
1961
20412
22779
1457
3098
17924
24415
22585
68
27355
21182
13752
4363
15302
2090
9294
28490
2615
6808
3098
16065
3182
19914
8775
1478
943
27918
23583
19632
16444
11626
27946
13208
10758
5755
16306
5034
170
15243
5102
27526
6425
18854
1889
28079
27296
17535
26569
6264
24343
29667
22329
3877
25933
7456
5355
26876
5374
28939
22860
28170
16917
27158
17730
27675
2914
10388
2709
3084
25631
7811
6962
8408
3018
15203
6487
314
2738
3056
6578
3434
9075
28907
7311
11360
6364
19019
8236
18090
24310
7449
22613
11227
4607
10343
8903
13873
27084
11612
16958
22715
25776
272
1124
28794
15476
13963
29108
24566
17020
5687
28000
26095
10946
11664
7456
23662
683
22044
11753
24993
5845
10718
6220
10453
27413
21475
678
24497
9440
17636
23565
5216
24261
1041
4010
9737
15004
9470
10655
2024
21509
8656
4472
2456
20320
18280
26118
27355
10324
14223
22348
16170
24941
4920
2975
22355
2748
3653
23204
12188
27642
16769
17404
28255
17810
27766
14344
2815
7236
24999
4839
28746
3655
15663
7554
327
3943
10024
27682
20620
24248
26382
13142
19189
1303
16117
17896
4051
26122
11101
22591
116
27870
9995
28371
15681
14113
12715
24848
21349
14067
6039
26447
17722
21703
10353
24402
25646
20378
28436
16266
14626
24819
29408
10167
2474
21877
28064
12877
24352
9165
5468
820
13387
15463
29192
5420
29576
18259
268
27277
2326
6308
77
26401
4363
10430
20803
6361
808
19239
28980
21786
20410
4740
1954
22884
2970
18
5761
27322
15535
11229
28142
5274
3044
3686
10695
8972
21946
10963
12602
624
23623
12679
27025
4338
29461
24180
10700
6622
19772
9680
28408
16534
14420
6714
9419
17390
13084
21532
21064
28619
2762
25559
3894
12158
29245
20941
21131
27543
8256
3733
28168
8232
22764
1545
12570
22225
2078
23270
5199
28202
9302
3608
14736
75
10322
24155
23817
23407
15688
21234
28378
24802
16793
8624
6960
16038
5917
4443
19934
14174
8176
18102
22406
7292
25999
11328
29518
28077
4599
11069
26279
20253
14677
11016
26680
1352
11523
20498
1111
3563
11732
5841
28365
28525
14466
5326
20915
20383
9769
10849
10909
24298
5303
9667
1590
1303
20996
7460
5732
1947
18530
8364
22200
9559
25732
18881
17263
7255
15731
18374
10819
27463
24216
15536
2340
15034
27214
29607
11769
13336
10457
22679
7634
22112
2346
15576
29767
29694
29389
5500
1641
24271
13864
23842
3830
15948
19075
27446
23203
4806
22172
10374
8621
16388
25911
10961
7774
23125
10568
25896
6461
27377
24927
20447
19490
3625
12376
19257
3320
11765
1109
4961
12388
21325
5155
16218
7273
24230
20016
6829
5388
12189
17203
14009
4929
13114
1322
12704
12592
11891
14952
25405
15620
9879
22205
11462
13504
4581
7072
16824
22698
8181
21786
5086
5859
26941
27656
13132
21172
17673
19961
26560
29862
7165
16922
4791
26631
18244
23847
15575
6487
8799
17333
22108
18678
9538
9922
2183
20471
16994
25359
13169
25176
17145
18255
7387
20439
15911
20519
11611
9936
16833
14523
16150
350
7797
20942
26981
26042
21141
18909
2529
6293
6242
989
1323
22132
10912
9858
12603
4258
5218
25772
5786
22363
20379
13173
12802
12642
3693
765
22579
20526
21641
15081
20876
5790
12375
24209
1832
3517
19470
10714
9810
2064
18055
17485
24196
5319
27344
13151
9578
2562
15275
15364
1277
5654
28538
14080
24649
8583
21197
23580
29109
19190
8661
26337
24981
21037
26898
3165
24554
16369
13879
10716
24785
8287
28201
25334
13606
1897
8485
23184
4459
23761
8549
5737
5767
13439
26169
416
22022
23718
23996
27483
19261
2658
23820
14242
23695
27070
23759
24601
19791
13991
11669
14577
22278
16222
9911
5884
18120
18396
29069
22579
18509
13970
4668
24277
27409
837
24693
19431
908
18690
16914
20169
27700
17086
4411
27747
20508
4522
22348
10300
18513
10369
1229
10791
26591
11140
16676
21063
5888
22097
19995
750
6067
24663
25027
9828
1853
26072
29259
2761
21114
22525
22930
18814
15963
3693
16561
6471
14567
15261
23123
3081
25630
24352
13872
28574
11844
6900
25989
24085
28997
22336
1187
11416
23352
26214
21244
25205
28638
26855
4318
19753
19380
3600
14919
11695
13645
7833
24519
28212
23094
23994
1293
25077
24699
21518
3
12895
28418
2344
6980
3768
24681
14519
15184
18033
17085
12781
13238
15724
9636
23908
5477
5369
3860
26748
23416
17505
4581
17935
15717
27676
11930
23363
29105
12981
14881
29108
25876
19651
1452
9209
29771
2485
23728
21308
20518
10814
4089
10108
26538
13725
4016
8367
25446
7876
5115
18863
1733
9697
13150
17451
13725
1432
17166
12830
14413
8399
18290
10290
4402
26094
19499
4174
28580
13227
25482
19098
24041
5923
29207
26931
19648
9575
5298
21447
