27721
26903
27716
17482
18516
4411
9442
29866
1901
4628
6382
24438
19147
24663
27869
3281
1311
13304
24813
4192
10000
23669
8100
2203
10498
8958
4768
15813
12098
23987
23869
16171
20890
27937
10005
15759
2349
19447
21977
10602
428
4711
11392
19575
5727
9261
29208
7038
28918
24022
11230
8918
24043
25682
17473
4541
4640
22241
26706
23090
22580
26928
15614
19823
24865
25619
5582
3566
21419
3911
20521
21847
8623
8265
17774
14350
23879
16983
27740
22797
17357
15323
1715
11400
11005
25540
22293
21998
24134
19000
15088
16714
15928
702
12889
17145
2674
24823
20712
24093
28735
17585
22292
13710
25850
10066
4412
19729
3401
2152
18878
20758
17475
26945
8510
4833
22486
804
26831
22972
26156
18271
9686
18436
25326
28928
5581
28000
23751
2645
28445
28838
20230
20737
12548
22433
803
16960
18514
10557
25465
7393
1315
19292
4338
9826
24125
3176
10630
20956
26148
13138
15580
5835
1574
10906
4763
7155
8906
4866
16153
13703
3705
6383
4440
16253
28816
11595
9566
17331
22152
11383
1076
29820
675
5414
9646
1153
8591
26628
28461
4739
9766
14041
16926
17692
24947
28041
1199
10205
2908
17352
23908
12965
88
4700
5570
28904
22648
15136
22587
21152
2871
15
20972
9899
5430
6970
11052
20373
9950
15865
1464
26068
29907
24743
13760
1206
22784
14960
11412
2044
2312
11672
15009
2400
16373
20580
7657
15373
12068
6596
6525
21292
6612
3850
1191
18394
17172
18595
15119
27123
4460
16583
23191
4367
11326
13304
11926
10463
28264
23338
18859
6928
5010
3869
15681
27735
801
29690
13108
19221
12638
25986
10513
19250
29836
11704
13996
23360
299
5467
20483
11112
22051
20027
15479
9729
3331
3757
26544
7947
27095
15404
14875
8458
25625
6908
6193
2778
6598
25654
21999
19237
21640
8865
14839
27828
20569
5188
21188
27221
10655
18024
8333
9058
8051
164
25140
17734
3922
21684
25681
7369
7088
16908
15827
2713
23817
28373
11843
6767
379
3843
26004
22019
12708
17196
26199
9629
22384
23739
13202
9391
18115
27887
18450
2518
28052
13590
20252
8326
5274
22285
22047
18715
9194
7875
27780
9363
12600
9624
16130
12979
19819
18487
11350
2527
5683
13901
18508
4419
13992
1711
13810
2108
5950
8612
4626
10354
22202
1231
18680
3829
23516
17080
22544
9062
24955
26676
18425
13907
6300
10908
3238
26119
29395
14588
4998
11430
28489
29859
15849
18833
1570
6011
20941
13872
14624
1920
24227
13178
9503
19259
17007
3019
6339
15903
18434
7646
12580
6859
21553
25232
17767
24791
21352
17162
15731
2702
28592
20572
2561
20793
9406
10483
26805
6699
24356
17781
8619
18583
959
18122
14194
17967
27494
20534
3870
15928
28180
22802
22787
26086
18035
16907
27229
15739
10421
12961
18441
15366
9885
27355
6159
19291
7838
9316
25991
8546
27097
10962
3481
28057
5437
17676
22376
2931
8210
2598
18859
12742
25401
17998
8828
19788
11257
12410
5527
21679
25371
320
13397
5256
4027
19556
900
18218
5225
3243
3116
2322
14205
6598
6731
19642
626
29107
22573
15188
1706
17784
27930
3459
12135
13111
29599
23392
25521
11478
21423
27244
18150
4820
8852
22178
729
9752
10396
12306
12995
13512
20980
3553
26462
27712
23195
27088
3171
22121
12276
11229
16257
16559
21040
28392
29670
20639
28137
1543
2117
25912
28787
20268
7085
7639
12446
7814
23744
29194
20120
6739
19058
11100
10292
21873
15164
9840
18961
18336
1961
7590
5917
24570
24149
26958
29315
171
17597
27452
1714
19715
29716
6853
16335
6801
20844
28781
14615
14588
4327
11087
27680
29737
28540
14324
21610
13704
24164
16924
8392
2477
24514
20662
27048
25015
17620
26363
25186
5217
167
3252
1284
29883
16457
17619
13037
7301
22752
4004
28242
3431
15092
25922
3169
19984
16598
24779
10040
17115
11703
24785
19592
12569
15447
22992
7584
3067
25707
9122
14636
25874
12374
15921
2110
28831
9892
15147
12485
8997
25503
10727
12428
10595
13001
15597
6931
29599
16729
16972
23066
4784
11757
12659
23706
27204
12003
1290
6623
7711
10413
21259
9937
29139
13532
18399
4323
23425
9898
16808
8774
5402
3887
21202
22349
23240
6800
29281
29191
29881
16253
22258
11017
4362
11269
4723
1566
23272
6014
8189
983
22779
5800
17273
28270
19333
5672
8945
19110
15571
25753
27884
27325
5992
19086
19674
29232
2238
18955
4776
8471
11560
27034
19489
15922
8303
24212
23840
7927
6578
8381
8911
5709
14182
2536
10332
3515
8208
19277
28977
131
21383
26861
27456
27375
22299
17131
2960
890
12438
7736
9361
23999
11122
28850
9921
25777
29415
10114
3704
12345
18495
18967
18055
2677
21503
28387
12544
6064
17664
11521
6195
9047
14734
10004
12775
7034
27135
22087
7924
15925
6175
17285
9924
17297
22488
26198
13074
28255
6312
16778
10600
1159
5746
5007
3837
3601
9746
16381
9665
3763
4255
15861
12810
18989
2217
1937
26023
5704
24024
10299
21629
199
3937
1554
23848
26425
4104
13274
1032
16768
53
11632
17927
12151
22992
21764
22104
2738
14498
1770
6501
18753
23983
25664
7742
26200
27601
10118
1904
27978
20417
23533
4529
24354
1439
28378
27131
11895
11652
28163
28663
18057
16148
16591
6560
9140
14707
28665
11878
5557
6787
24732
24310
770
20396
8405
3322
24349
24875
5226
22327
15292
5111
26857
15999
6551
1587
19482
18446
19591
17646
23462
7649
10146
16405
20561
19286
1112
19226
7516
6670
26013
2248
7332
3135
22644
22089
6457
16994
16964
11683
15673
8609
23147
18882
24608
6050
20469
14090
24496
10061
8088
24310
24062
18234
10715
14623
13872
11828
3850
21389
24850
6215
23637
2182
9351
22634
24272
22160
15980
17588
10196
8005
26197
3343
26888
20805
9393
23709
11248
10241
10122
19336
4552
4184
13923
15267
18808
27795
3447
29010
19184
4649
11577
19174
13184
27280
18160
7456
19441
10492
1396
29637
18497
27594
9332
21737
18399
18725
15447
5999
28966
25569
25336
9870
29754
15611
1490
24914
13406
4937
276
8943
15939
11853
4469
29123
9134
22629
12931
4927
9473
14327
10916
27970
11921
20248
19708
6673
8973
11507
12672
14291
7076
14360
24162
13182
29971
25652
14448
13378
6941
14724
28673
22880
2930
3142
22003
18416
2123
11286
23343
11596
25614
4259
15918
7535
859
11978
14208
9832
23485
3233
475
6914
17593
24637
26448
17565
26641
17249
7295
9935
1973
5968
9167
11255
9110
7523
29671
11233
18809
29366
29181
14423
9977
15099
28311
10836
27078
12519
27020
26915
15752
27496
10181
9698
28485
6630
27263
25127
23879
4558
11414
2204
16878
20581
19812
25988
28104
19483
13573
23266
25202
12754
7689
5179
4205
6000
22368
7635
24872
19388
4551
16976
23236
14732
26674
21722
27714
289
23201
27945
11199
10967
6502
28077
1548
26314
417
6005
15797
13990
29271
17351
3096
13312
28883
7302
19313
21251
21289
20537
16991
25840
13865
16580
16925
16892
8302
20991
17181
7855
18937
28381
18822
25439
2810
26722
21753
3228
2727
13902
17218
1998
7606
26667
15311
6489
10321
10976
27740
1610
7865
21083
3803
21730
7663
20728
8622
22317
18071
2156
6524
7008
537
25346
8799
9699
22069
6904
12927
1148
20807
6498
9499
28413
3165
1162
11254
19838
18490
8994
21448
26355
6429
25251
24437
20445
22331
3060
12762
16755
5216
19287
23763
12105
20985
8915
21804
13054
15819
11084
20555
12978
17582
54
11391
27099
7568
28997
16937
26058
7991
8385
22413
20773
9989
16850
11218
8672
26262
23980
25427
7830
19619
25543
19935
10605
4458
18092
11
26629
29176
20566
9608
23110
26972
27351
20209
4540
26349
7146
6950
10692
21883
29363
1465
8224
22566
12683
23249
18828
13016
18676
3011
2635
20571
29298
19592
25029
17390
19604
21659
22918
16522
1267
16028
19847
4970
12589
739
1319
26087
7690
12012
24323
13405
13477
2547
5971
2513
25796
1152
21881
20825
4163
868
11396
3461
20461
12778
27204
16417
10789
26474
9291
18408
18855
29138
23378
1444
29878
24698
3884
13920
6710
28207
27325
26539
754
9649
5404
2903
10801
27285
23728
21316
28154
11476
1129
24967
24254
4685
17736
5043
1160
27027
23451
20015
2518
23182
27811
8748
17880
8047
22668
942
6254
26345
3833
13361
5994
9238
16264
16795
6523
16344
14463
11029
4172
15593
12348
28427
20278
84
9822
27790
3464
9626
24157
5982
2808
28321
21082
27040
6368
20102
27982
12623
16447
1815
25984
22442
11053
18600
9237
23929
11296
53
11310
15468
15646
11
20247
12276
95
6422
10067
9911
16048
4224
22245
25208
8897
13327
22248
15266
3429
26582
27889
19877
28397
225
12319
15803
18825
27908
16084
6473
27961
27394
28293
19959
27405
18541
2236
3853
1315
18655
13764
23715
29231
6010
18923
8129
25689
17523
23395
29119
14105
27636
25348
12502
27861
14019
4657
23038
18279
20741
29511
16241
18136
4156
12552
21893
29049
21140
25746
364
16147
15863
24079
15379
28225
13002
29860
23914
6877
29607
29385
20982
27243
1085
9837
1456
15104
14494
24494
3384
11588
357
25977
6076
4513
8529
27969
3563
6022
68
3927
22169
22283
4359
7548
20508
23713
13760
20774
591
13367
26512
21573
10610
27597
7762
12066
12702
22257
12912
22438
10197
13269
18415
16273
24135
3296
14242
4050
9318
20662
14329
1488
12945
18688
15388
9805
12402
29149
580
12993
12516
27092
10918
29479
24689
18681
11545
13743
17290
810
6181
27487
20431
948
13760
14566
4245
4354
18616
13563
1369
2946
21403
14314
27986
6792
472
10388
5941
1052
29733
18457
4496
10652
17936
5537
5685
5834
25633
22975
12996
1814
26814
3427
2763
16926
17994
13360
27632
12962
3275
29001
22260
24679
19668
20247
1471
20140
6987
7412
27544
6721
2221
8392
23725
26510
13929
29410
8696
9562
28737
21692
17729
1903
25119
26844
18829
19465
10204
16461
8780
19831
21815
1040
14510
11483
27639
15981
7975
4627
29745
5519
17700
8319
20263
11425
4829
10544
17187
19877
26459
22276
11569
14188
24179
13040
17384
19360
8858
3940
5821
17638
23771
3988
25030
8282
15471
22670
615
29798
3649
6713
11669
21349
15032
1932
9126
19861
12477
2665
9738
8936
24941
27659
29476
25472
17051
16860
14832
25909
20800
27005
19899
20923
994
14930
5557
22817
7600
6173
28968
11249
12886
10637
8950
27918
18922
24428
24131
1399
3445
10221
16687
4738
14232
16163
210
1283
9375
21394
27193
6527
24751
17092
27450
2097
8374
3008
24915
15974
15533
235
3575
28419
10872
18877
2689
29794
19657
3172
7545
23102
13393
24232
27840
27625
16747
4402
28908
2474
25796
2453
9001
20548
25898
12804
22645
4272
22164
23912
26599
7697
24147
6526
12468
11372
25404
21509
17518
15061
24681
25064
8164
8074
25648
12356
12051
18748
16759
17311
21222
18907
19765
224
9455
22015
19380
8453
2639
11544
8717
29238
25593
2865
5765
14413
20589
7521
5922
8107
28934
603
3171
13450
15029
5172
25807
27080
23920
18918
14391
15142
7825
10508
21718
23633
8875
11098
2086
11515
28994
10803
17105
939
20020
29222
15352
10609
13095
21274
25069
12030
28229
28240
25480
13258
9764
21287
16690
3684
10205
7434
18827
24383
24294
10545
18016
9522
27996
20102
21037
3342
7257
14494
4282
3630
20069
19634
14239
3164
17261
15660
21546
15490
20253
17027
5101
17
14666
28143
3702
1224
11929
28881
25607
6224
9426
13623
15746
13774
10077
13135
23469
17334
3981
27751
20964
24050
23737
11556
3567
17350
27216
25113
2841
23821
12140
14294
23839
3159
18789
27541
4383
719
26422
29990
6943
12200
19965
29041
2327
42
12176
25796
23728
16157
29899
21045
16560
23636
8953
20127
17339
12521
21592
20180
6343
3733
10826
182
6892
29615
4075
17627
334
6849
23969
13629
19049
13934
12670
21376
20328
1198
23524
20408
23708
23423
17805
10268
23412
3110
6747
10751
21984
28339
7283
28327
8424
24461
4861
21668
24076
15288
9295
763
22137
9616
14392
11186
29902
27063
8915
20230
4613
8791
16991
28321
2215
11148
8589
1979
14259
21688
19082
12595
20028
26365
10922
28452
20826
22135
26473
21254
7423
5768
28369
5912
21737
12762
23450
21639
16177
2365
18222
20790
17509
5213
19112
26076
22713
4053
28055
13324
25742
17137
25919
22122
19854
13193
26926
17032
11680
23399
14638
25455
5520
13008
1367
27257
2122
24818
18896
18299
3535
13470
15441
21044
25035
10905
17120
17749
21311
15175
1073
17053
8664
3345
15527
4870
22890
12453
28254
4571
12205
12893
26
24077
2253
1394
21334
4375
26212
16582
29026
6099
53
20819
27144
25088
1725
14264
19189
23036
5792
26615
16441
20808
29960
1968
25679
22850
20773
285
3773
9330
19530
3800
3407
21783
11546
24741
2510
14110
17676
1536
20209
24081
22356
17353
19169
433
1618
14711
23469
13762
11326
16262
4570
11286
24582
6601
10488
21707
6887
14262
1038
26417
24414
4445
18201
5960
5539
27063
20070
23215
28600
10279
17296
27308
3985
12817
27741
11955
27528
27562
25717
8854
20176
287
26492
14758
13241
13333
6465
20128
3947
7503
16545
28361
18301
11098
4321
23840
8162
743
17055
13114
17374
10703
16774
21359
23520
20867
3314
27401
18429
29031
6255
14957
5671
9100
29715
18912
22433
12532
15392
26380
26388
1937
1093
14689
19388
11766
8529
3902
12509
1936
23368
29883
12639
10142
27595
6159
1009
909
9912
25790
6293
16168
10747
18316
1620
16814
13580
405
29346
28972
3137
2086
7261
4230
16775
3001
15996
1656
6903
4857
3592
6623
11092
22583
16765
8687
28743
17774
15949
8655
13564
28594
1175
663
23262
9147
17477
13194
9552
23176
12166
12689
25262
25779
16919
18390
28781
9267
26398
12036
20476
29991
18660
1569
22574
11777
16608
27669
5904
8909
12677
25820
13855
20204
26484
7117
29352
20313
20311
8904
13489
8829
21594
15104
4609
14865
3494
9742
24133
29892
28130
14609
6235
23142
22530
5162
11272
9139
9183
17176
24400
21860
12996
8256
18417
15832
15373
17769
6146
12037
3025
19635
27218
971
4739
8179
15837
14585
17921
16322
20830
22404
7283
3417
21898
29814
14931
3170
15305
24115
20346
16057
22327
9695
24313
10744
25527
16039
4865
1673
28076
7891
27661
1646
8862
8752
9826
1051
29690
4099
17373
26872
26503
24657
289
24754
823
15221
27924
22480
15688
24623
14889
8015
10670
9203
18760
12549
25242
29977
14223
29670
7868
18236
1316
23083
26988
17494
24134
3030
21594
17860
29902
24449
18869
192
19203
26044
21765
23480
18524
7453
24455
3413
15468
5125
18968
10580
17674
20562
10558
8249
20232
24778
2837
27901
17861
29826
15395
18348
2856
13341
6208
2759
7791
25077
9303
26994
21121
7420
20474
15997
14873
21281
25762
6693
26406
14731
23626
20433
5293
10536
5034
1878
5314
7872
6131
29528
14050
27878
17876
23258
11220
436
2369
19011
25513
18024
16005
22986
25444
12832
8983
16669
4113
11097
23363
6872
25828
23341
3657
7474
3877
15043
15704
9191
22915
21835
15071
13317
19713
9299
6576
7285
9735
15297
26296
11600
3322
18654
10938
28766
7838
26273
15436
11951
7371
15151
25175
3199
14844
28832
17025
18721
13876
2729
4264
13143
24564
19336
26461
20630
4987
9389
27915
14723
24686
564
2675
4360
25570
13614
3127
3408
9887
24915
21711
23610
16418
16887
26810
1262
22071
20187
19983
12299
22917
599
1795
23833
19935
4608
20815
24923
20349
25083
15998
15035
25647
25025
19396
21217
14991
28875
977
1231
142
22688
24841
22912
9575
21651
24174
7999
18191
20509
26650
11108
21108
28445
11293
17396
3053
2109
18671
23402
27192
11021
14790
29191
6046
10538
20408
21038
15765
21385
28621
22259
20425
23462
15171
6353
15114
9345
14352
9657
6206
11002
20765
3666
15800
8410
27414
25205
10519
16085
24960
7711
3458
16102
13254
15857
26640
3662
13247
18757
1399
11868
11016
28177
5330
26187
4530
26796
11884
18882
6453
24442
6236
3570
28108
22036
11981
25523
23594
22500
17960
18554
6564
27771
4656
26170
13628
7648
29833
26875
26405
7584
8743
13773
5761
14073
9960
10291
17222
28196
5525
23675
22638
18114
27246
27098
16502
15579
28973
10096
14431
16934
28650
20995
21057
9658
23518
4685
23658
29703
7912
26415
7287
16655
10188
19401
7080
20148
6044
24302
24696
17922
24330
17334
6036
21576
14433
22538
13507
13406
2635
27938
6692
7637
25286
27749
23648
18804
8786
17306
18507
16698
13722
2146
9705
23910
21547
16786
20411
3944
17440
21459
21866
11770
8794
4254
9698
29579
26792
23205
12985
5779
21144
26030
13417
22782
23779
13417
11586
2566
723
93
25616
20797
2239
5322
21060
139
28460
17823
4083
15900
9282
2301
4023
18076
6555
20073
17655
3347
19631
6993
15479
17127
3023
28896
9909
3154
18665
21495
12072
19388
21588
7689
16538
23827
19363
7598
318
17823
25421
4401
10075
4703
6702
14098
29132
19609
4172
23139
29309
23803
132
14788
17282
9507
20036
27191
12662
8701
18686
1086
4441
10274
15127
20979
10453
4490
28577
17124
22313
23998
21525
2389
5054
4580
22839
4186
541
3363
27325
29850
3518
3810
14638
20800
13317
4674
17991
2331
19727
6677
9770
24169
23303
24897
15148
10109
29388
13726
27233
28053
14076
25110
442
25482
29690
23282
29668
232
26645
3346
6434
164
13508
21073
20964
3177
2099
15308
11861
21827
21985
21631
22348
21641
16528
7496
1750
22268
27574
5335
20322
11651
445
27116
13485
6488
26750
19506
13072
29748
22852
19506
6264
12712
16931
3580
15889
25383
18888
27750
17210
10874
19381
9558
8867
12262
23406
16969
10882
20981
22304
1204
8984
22749
4673
22469
5589
1423
11975
18661
1171
11179
8168
7435
23891
1451
17368
9781
26834
6256
13883
20396
23482
9617
6306
2349
28231
29713
19318
9113
27046
11622
16670
6030
10724
21343
4851
16313
29118
16827
4975
6642
4358
19495
20429
28250
20946
7797
14383
24133
14054
4618
14529
7536
14235
20836
16238
12466
26901
5556
21580
23947
23531
14602
29977
4255
5945
4828
26920
5063
28007
8247
18057
8718
27742
8487
13320
25041
16284
4055
19174
338
8673
10055
14227
22909
891
465
11727
27792
12373
3307
21739
5904
24261
28068
16511
206
9249
13432
11622
13608
28031
29679
22326
25774
8166
5646
27167
803
9701
22693
1141
24727
2748
21720
23988
9992
22185
5715
7784
4559
15375
5876
16815
9636
3944
3327
9843
19545
23111
27817
3154
21142
3848
25480
23268
18367
7479
26787
19170
23532
19480
26663
18259
28581
18384
18599
8573
16921
24315
16357
27832
9690
28585
14648
19326
2530
24327
5521
28427
17438
9690
1581
14932
13539
3414
14553
8258
10893
11340
27428
10777
7173
443
5389
5754
25179
23988
14327
12101
18303
7036
9933
4345
11974
24581
24
20856
25260
5545
19283
12698
21588
20865
3983
11479
24279
18536
19737
11524
6228
23517
22301
13401
23960
27690
25507
19140
28031
16186
7593
16334
29575
23878
27032
11549
24812
27056
2405
20072
8953
21688
2771
541
12553
13106
12020
13184
1642
8109
24708
14222
1626
17010
27624
1939
21052
29483
27431
19083
15670
5024
11770
15245
28902
15154
26794
23714
12210
5551
13787
21163
27239
22910
28057
16145
6016
16429
29329
14010
24539
24038
28232
2517
17400
2208
4456
8452
1692
1887
3888
23714
13263
22010
15311
18518
13516
18457
12232
25726
24008
2371
23241
21247
1633
21298
13744
7649
7728
13074
28011
8619
7112
26244
11136
864
4804
21945
15668
6496
184
19556
6562
19800
17918
21873
8318
1434
10330
20550
3512
4338
29274
26754
1938
907
18052
15682
14909
2132
28756
12920
17103
12220
15516
4592
13084
20321
26537
28753
3169
3073
24661
9732
22873
18932
7957
1191
26718
18288
28094
231
28978
27368
3337
916
4627
27741
22951
19536
29874
21707
2457
23329
10280
24325
27921
29716
20998
24458
28469
24168
3884
29483
10252
26757
24767
18209
27949
21485
12849
2395
28068
11828
6115
1405
19096
10742
29147
12047
279
5373
10107
9088
28702
20387
9765
2976
26455
764
3786
24925
24932
7670
760
11536
4428
25527
6097
8729
23364
18947
11124
21433
7127
17239
22838
26223
4333
28337
8271
10964
3710
18378
26404
8765
15117
6170
11741
11572
6934
15527
12849
8218
29550
19961
19754
3978
15488
2203
19059
15205
27502
183
6638
4629
23774
5828
853
28107
4166
15476
15424
14228
10206
11828
22993
25323
17998
11086
13247
24932
2966
2449
9502
2516
22410
5608
12846
14251
7812
1905
29456
5314
8440
6094
16296
2214
11922
17149
6673
22440
8977
22097
6669
19183
3926
6014
14506
21924
23453
4105
23209
26419
6554
9063
5287
28965
14672
18133
13216
28836
20038
12672
4150
28478
25118
20446
7044
13392
13947
13717
5833
22924
12167
12502
18459
16093
24868
9317
14369
18321
13423
13930
14740
19977
22994
20027
25294
14018
8160
14862
12854
4550
3886
23356
3028
29004
20155
10072
18749
4102
142
24582
3379
12309
13436
21838
4754
8304
1156
25475
26626
20931
9406
17718
17260
8752
7746
12555
22770
22258
27417
5624
3161
7656
5332
6189
6660
25487
22614
1761
29590
29108
26343
9321
17769
9779
7511
22523
24436
15019
17998
21062
5950
3756
15132
23211
12508
29230
12118
11630
21489
15887
23606
24650
23543
28939
7191
6556
24426
6157
8317
368
5265
11013
9689
23034
20792
23553
21909
21580
8572
16260
12642
20875
20016
27775
20438
8877
3357
2556
20507
24846
24795
20466
25848
18339
19405
9392
1247
13831
15549
15916
20552
27167
26929
6593
26553
17722
146
24815
15654
8719
11075
28297
5946
1091
2424
26384
9968
5781
5292
6828
6980
87
27294
9180
24778
23051
18572
26025
13234
10474
18294
3786
13993
15223
10380
16898
9297
10526
11713
24952
25597
29140
29601
1543
232
8377
4279
16552
14158
9571
29732
27490
9659
3378
13023
10789
26429
1595
13167
9664
18421
1461
13450
8766
16684
182
25665
25982
10709
13730
20934
12658
12871
20535
20554
19455
28912
24833
12359
19422
4405
12092
23265
20416
15470
6288
1205
18252
14235
20724
27916
9009
22185
17718
17775
8870
17901
19792
11204
4962
9875
2138
23972
22746
29025
14526
18553
4289
9360
912
63
20117
19356
23328
10533
11179
5968
18090
29431
26556
8815
3699
5565
1000
27769
29692
16222
15670
25837
27426
26984
5712
5916
20957
4810
11293
5483
23363
21934
21195
627
21998
11312
19984
21678
28197
1163
3999
16288
6946
555
1455
10645
6120
8807
8414
12164
25030
437
8001
28808
27421
20065
11077
24730
24875
22370
6566
24590
20657
27761
25218
12655
15426
15202
10685
13623
22717
14684
29911
29663
15239
1366
10308
27711
10174
25074
9876
11556
25511
24229
16716
29285
14295
27793
367
9170
26516
6933
3761
17173
11047
5331
29828
26473
20533
10513
10096
13250
25198
10008
19265
16789
17726
29573
14501
4252
999
729
22160
2863
24958
8877
2148
15605
6670
8867
1128
3186
15801
4889
20359
26848
10220
26539
29673
7105
13405
9769
26707
14955
26129
15972
1744
13856
21897
22597
24460
22896
23326
16621
2111
24637
25498
4259
10242
2168
13127
11370
11707
5280
22611
8418
8480
9183
11310
8153
22640
24715
17922
19347
16022
20404
11671
17766
10612
3568
16716
5072
2817
10042
28045
4928
11031
23543
15540
27626
2064
5019
15348
20123
16651
7960
28541
25131
23495
9851
9636
16136
10918
3910
11835
26940
24314
23507
21059
4926
3427
7775
16351
12596
24169
14396
23877
11553
7940
15769
9179
16356
20788
24527
6479
7439
8839
11372
8922
2335
21224
18558
24823
8494
22468
6658
5435
23135
165
2846
28061
9945
16973
14412
22541
11142
28809
16418
29047
13101
8539
8226
5809
29327
9106
12288
13118
17945
23660
28392
26632
21236
23302
21455
29731
15771
28114
11518
8906
4631
14364
13319
14576
7689
27732
13470
18831
2893
6240
24231
22346
14780
2457
28155
14107
17915
10443
3578
5861
10455
1970
2493
1692
1625
301
7775
17396
28415
25645
2654
9398
10009
22325
327
17698
26409
13797
12881
29302
20037
7112
21648
4817
15922
26155
25277
3837
6598
5207
16050
23406
13529
24896
1450
15154
25197
9225
8902
29964
4870
17908
15714
21231
10234
16041
15281
6643
29838
4514
12298
19876
17979
3946
1045
10253
6454
26322
14090
13052
7881
6493
12810
21411
7741
14260
6565
9290
29837
15468
9254
4707
3376
1320
2290
13610
17362
17571
26606
17200
28438
8904
13428
16417
19202
20826
26670
25656
23500
17112
15061
1382
23605
27871
22793
7698
12132
29358
16988
11969
21178
26242
23029
907
3915
25319
14517
21277
19243
17475
14829
17681
26379
28258
10450
15582
19084
7120
17590
12584
584
2651
20318
542
523
13111
8240
19007
18822
25229
976
10000
27823
357
10907
1738
2029
1777
23015
21272
25604
7845
15305
21984
12455
2107
13918
7891
9227
1508
26827
9811
10512
17146
10353
11035
257
18594
6394
25431
20175
13722
11784
17998
14080
29043
19737
16109
7172
12752
13733
2777
26949
5390
24761
9404
7497
15031
17295
16724
22891
14123
2887
3403
1269
19593
20790
7878
14539
27184
9662
4714
10907
21446
29064
24987
20489
18801
17448
4014
7906
7533
6791
4855
12923
7904
20612
20420
22935
7907
13496
22178
28382
22735
25582
6003
12328
16372
13882
3219
19909
29896
14285
816
21342
13350
2155
18183
2151
25955
22197
16409
3488
28988
21265
16411
13244
11877
6831
6179
26136
26679
28358
24519
19414
292
522
8095
23016
20756
17666
12925
20652
1952
13741
18346
15302
22248
12882
23805
18203
5079
10215
21691
10420
7832
14454
23664
26061
27637
6196
22197
24316
10906
16716
13731
11198
23591
28178
4214
20699
15844
23492
17704
17796
13585
6050
9450
5834
18932
9608
389
364
26175
28433
10784
4007
12887
10800
6420
10525
16996
28617
11193
4254
21686
24924
21804
21629
29454
2371
12328
15299
25863
32
9447
9448
6083
25250
21634
1367
4858
22024
1731
7385
20457
18867
17744
9696
29668
24164
26573
23016
29133
7767
3623
20819
9043
25427
12448
8498
27798
24777
23797
23661
1161
9596
9462
13596
4846
1096
14964
16056
23120
23047
23441
19929
11915
11185
29626
17935
11701
26199
17303
10835
3966
20926
1654
19362
16354
20455
27860
20504
21584
21657
14166
22745
7605
23628
6342
12452
24724
27658
28508
24197
20705
28302
14126
8972
9487
20104
3259
27541
22656
20563
8376
2974
11489
16382
22336
4195
6837
20196
24700
4773
18205
15218
27519
25811
15198
10213
14615
16274
14223
13123
16823
11280
11425
950
20253
27265
27406
23512
24806
20062
14075
9534
29389
1917
25916
21725
12464
9106
18274
13516
13879
6479
5086
11398
8642
20284
27963
23257
12911
12186
12733
29734
23467
510
7036
20072
4127
4443
13584
5285
857
4012
14819
6598
12281
17088
28324
24745
26194
22950
8262
10073
29429
13348
27824
14424
9985
25787
14033
22896
14326
26766
28982
14145
3629
6019
4217
7756
16814
24153
13042
17671
28165
4213
24270
10446
21301
28946
11544
17495
21896
26158
27569
27677
15858
25393
12101
25843
27532
2487
25091
11858
29253
24074
26003
2882
6445
6572
16991
23259
726
33
17282
28891
10598
17904
15690
1900
16850
3586
25747
15098
29744
29668
19128
21954
1413
7581
24150
28946
10068
19241
17156
9322
19667
19512
18556
26112
26084
5547
19371
26810
11932
13006
2054
22531
910
17744
783
24113
27682
26530
9211
27426
26199
28339
25732
27612
12273
19882
26558
22341
9124
20067
1663
5143
9579
26572
7608
5663
2119
3331
8826
14052
16337
10880
12935
17248
4976
13718
11361
2658
10248
26924
6436
6447
1616
2168
10412
13889
22051
13322
6230
7527
3389
14246
12670
12968
10818
26630
24984
19289
29962
3810
3341
16299
21042
22628
9899
26018
6346
27612
5028
22947
24537
11464
5746
2505
13632
16158
22746
12035
29481
28976
19562
9222
19574
8585
28543
6744
5215
29879
26034
5177
10041
5727
27829
1083
28356
7728
3453
11054
5341
8481
4001
6230
26297
9748
8735
16281
2258
1481
28317
1739
6809
24231
17314
2736
9168
15857
9480
14384
15736
5514
25913
25777
11242
23742
3212
15950
7823
6665
27004
13164
15146
1006
19394
17795
10754
4481
4076
19364
12314
2393
27456
25475
2977
14770
28211
12145
6979
14044
26529
22715
19558
28795
24844
7152
28889
28056
23102
6712
11073
20107
19876
2571
21113
15622
20366
8219
26455
24442
27583
8769
3188
25039
10597
6165
16161
15160
18310
23140
29204
21192
22207
18763
26339
17051
25915
25228
21459
19018
1941
2532
15477
28169
5103
12942
13792
25469
21161
10247
26264
25096
25369
29452
26488
12318
11969
19001
27478
6631
12142
26683
4175
4349
21798
514
27753
24065
25743
25564
19435
27684
28097
4912
25853
3200
17854
15997
5022
15367
2597
1286
16816
4318
7090
13304
16636
19059
8657
20466
25690
20799
23501
29866
1501
15299
6732
5606
9365
2475
1170
28800
6511
29267
10065
8717
8820
4271
1066
20194
19639
3663
27832
6455
14333
4922
26111
7321
23981
4768
27788
26023
1920
27641
2241
9773
12941
8974
15379
28658
11449
16549
3810
24313
22169
20227
3030
7341
24499
10448
27535
14138
14112
25367
26945
4797
6641
23056
12119
6974
4176
16259
2997
12448
13900
11591
22221
3193
20565
7600
1851
8366
502
12014
2679
29023
2241
12061
6364
26740
22510
10251
10878
12974
11970
14175
17771
24963
13583
6242
1937
17760
22501
11286
208
6402
22877
28782
9595
13442
12734
17799
28161
13236
6165
7192
18611
8406
25606
1327
5147
18116
11578
22377
7442
29900
6553
1565
24863
26488
7808
26800
14248
6661
8087
20809
19415
7316
25943
5363
27111
8677
23162
25272
28266
29327
2464
16877
14085
28070
18205
25584
22538
6135
17962
6332
6036
867
7898
899
27355
22058
4052
17956
28719
18491
15117
18135
25807
11060
23498
22918
26089
23012
24542
24355
28691
27007
17585
12776
1429
5790
8361
23968
11925
2675
300
24313
9894
14550
1565
13601
12960
5617
7909
11680
24108
23026
6167
26267
10438
6017
25538
6528
5381
20080
7235
4072
17087
24820
23200
18517
610
7913
18837
18888
10588
25489
13201
26834
16392
21118
10436
29352
26735
18345
17384
27195
17724
29903
29815
4514
5920
25353
11042
11301
15433
18278
21725
8873
13098
14926
3742
20061
22839
22579
8949
9780
24420
28502
12966
10812
19621
23402
10165
22708
18100
27549
19904
12176
27453
26071
16690
9725
21424
4085
27379
13209
22363
19104
22082
11813
10382
2176
1874
9574
1107
17175
25706
25528
22030
8672
6340
11651
8427
22857
4359
2879
26759
615
15055
564
3038
8097
10289
24462
12182
14020
14024
10897
9477
6106
22711
19859
14635
937
5785
15742
18113
7843
11270
10143
22868
23963
28146
1295
16820
8857
10526
19931
15825
1933
20495
18863
10030
785
13326
28565
21157
3702
9462
634
9808
8525
20494
795
9463
2631
16538
3928
16827
4160
14071
9695
28123
18569
10990
21296
27426
27868
11227
13251
29801
1723
2115
16183
8860
21793
14748
17
25495
24211
652
11655
9088
27498
12451
18551
6481
5341
22479
23308
9501
12902
3003
13977
1471
20345
5273
5250
18213
16500
18501
18014
24575
26968
4198
9787
18761
18946
9805
20608
19509
16809
8616
4950
14307
21067
23501
27140
2760
22333
20449
12261
11587
29804
26238
19411
20150
1511
24661
8363
24364
19514
2730
25291
16483
6928
5079
11596
2226
21236
8557
28088
8045
17173
3038
28704
8240
2891
25844
11000
1576
22645
29613
19516
22450
25852
15279
12600
3715
9940
27315
4431
5806
45
29723
22289
13325
11154
10238
21904
2390
18795
19992
10435
5968
29382
9139
20560
8625
11335
7912
16554
3981
7525
12422
2783
9729
27701
15383
19797
7641
12698
24228
13447
19096
303
12089
2421
11457
28679
24325
13847
17474
20669
24282
29794
26403
9773
26706
5029
27461
4618
27935
1442
12143
10357
4225
28225
8058
25960
18022
22051
15010
12250
11850
4106
18906
291
12880
363
28970
13557
14211
22796
4227
14845
28942
630
24619
25648
12011
28432
266
16298
29874
18762
26655
10451
16987
11065
12763
11361
3116
27773
29963
21319
8232
18869
21610
27464
19233
26933
11021
3444
19729
15248
24641
18672
22231
25612
14320
10594
24044
20939
26893
23918
9701
29900
10721
3040
10966
23484
14401
20434
27610
14364
11753
5842
3234
9716
9658
22467
6649
20679
2263
26378
12280
26904
21402
10863
28869
12075
21457
22913
3014
24702
23184
12715
24603
3905
22107
11921
3742
6508
2355
1352
27224
20461
13546
458
177
23204
29277
13178
20235
7892
15908
2515
11149
7311
13378
10018
19386
11188
2931
22400
5890
2467
11467
6845
12725
3574
18766
16467
16434
27474
24171
13658
24287
14069
14117
816
13625
19746
13994
3860
27639
29902
6376
8788
7213
26106
25158
2951
7294
4441
1703
19537
6909
13170
26382
19634
23096
15149
6101
9530
12623
6624
23189
13262
20693
13658
14078
4318
3404
28072
8178
7395
27974
20906
16183
11540
23365
17693
20843
659
22135
22547
20196
29044
5717
22931
18678
28814
8080
1131
8344
27055
7755
1533
10317
4800
15191
24395
9118
24948
28819
23648
2343
3145
20907
24879
21037
14272
12572
11881
21283
4707
4428
17832
10103
10145
10763
5133
15311
25195
6264
23656
28602
20371
1541
8919
25171
23085
9666
10641
24385
14837
10642
26728
17982
1549
21607
9020
22173
10532
20901
19808
21591
1681
7640
1695
11826
24755
13180
3490
26302
19445
3498
24904
9816
5039
10175
11340
4476
26193
21981
28861
11030
2623
1942
5365
10524
29901
20737
9049
16785
17990
28858
8377
19671
12850
16424
1497
13958
29604
11339
10260
25401
14837
5165
5218
26229
15340
16558
705
11534
14891
5919
28916
23867
14213
4281
4391
14114
1370
13441
900
19360
12299
15629
9031
1501
2053
16881
15459
8009
28220
25720
3411
13058
7237
14981
9287
22577
7891
16344
10463
22782
28615
15732
16649
12828
26365
27393
26943
27736
10834
4195
17096
29485
19824
26128
986
28229
19361
16446
6238
17581
18518
16001
6991
25755
982
16278
24684
8873
8975
5148
8008
7590
27232
24657
20419
23597
22050
23714
21333
9236
4261
8430
8721
437
10910
9708
28666
271
2506
11256
24204
21024
27258
1196
16779
28240
23826
11463
13466
2801
22963
21474
10392
20195
22483
7163
20145
14534
7229
11478
23770
11490
26260
8844
11927
13522
24904
10593
20145
27410
28201
14350
24786
25459
15546
17917
52
15724
5732
13518
18526
5048
11344
28918
1595
3827
12433
21740
18361
19662
9571
18484
1152
12183
27328
13079
25706
22232
24
15851
25994
28225
6553
27132
37
28451
21401
89
14176
27133
19959
2702
8533
1303
7972
10129
11482
20405
8221
29844
10067
17792
24680
11219
6328
28360
650
2034
26944
7026
24237
29290
5251
7143
26422
11640
5594
17823
11729
26122
21308
8040
28824
29842
15695
13148
16323
27178
3553
896
3374
19972
18689
28054
1191
25017
2766
8193
3403
29710
15219
3992
29000
26823
11135
1774
8463
16730
19597
26545
12852
17257
4585
18029
23451
26633
1177
16126
23811
11083
17023
3537
1055
12064
7943
8599
13433
10709
16792
16836
16771
8364
20828
15771
5187
8316
17545
13650
25046
13494
10195
14250
7103
21133
8631
555
17766
16161
16681
17929
27244
3704
21466
4651
15768
5761
13250
29201
16470
6395
22389
9593
14759
19570
25364
19946
27886
19261
3596
29284
9107
20144
19886
16210
11277
28518
16765
5395
14679
9799
23324
18275
19855
21142
29278
11976
3255
12529
17529
19725
25276
9919
29318
10035
5841
1034
6333
3727
26647
16281
3011
5754
6425
22897
21964
24054
27767
15082
29449
18798
1233
29125
13425
21088
26619
12704
9416
29874
25233
26946
25951
26861
13217
1621
13248
19058
9007
19581
22785
5654
12214
2148
11408
18640
1397
9725
19046
29165
1159
24848
24315
8744
325
7741
6184
26945
20445
15601
3171
22030
12547
5475
18891
2116
7096
2139
21174
16104
28072
13959
28110
10286
22459
9519
5278
23856
25596
24325
29373
3107
25525
41
11851
25850
7782
18035
29147
4579
9988
8671
26609
22535
14146
21852
24651
27594
343
22177
13698
28415
12488
11809
15053
4947
27680
20332
5156
29628
21009
10881
2735
22886
10922
20938
25088
25056
8973
588
29635
25314
9259
2596
24201
29757
24448
25205
27351
1143
17382
17402
5910
29871
29211
20964
11170
3243
17648
16326
2871
15009
3560
11958
14247
20834
2896
9335
15891
18221
9923
21878
19887
25534
827
14089
25291
1627
9294
22643
2771
26676
10045
8681
2899
15608
5997
14070
18851
29997
6748
28074
15006
10308
16384
29253
7495
25632
14941
29738
20205
24864
21616
10093
20399
22443
24182
15690
423
3476
14685
3194
6504
24730
18227
9404
10338
24225
23474
5541
24222
6574
9967
15581
16883
26351
21186
24378
28335
6127
24116
18541
7344
22084
28634
4095
20880
29168
26137
21303
8996
10823
849
15500
5553
19076
24904
22244
19653
24730
4137
20228
1305
14105
5809
24540
16808
3347
25270
15144
15827
25738
3685
23171
17822
8671
3618
15054
7839
29755
6357
16835
16930
7206
8687
28836
2635
9944
21080
22288
11026
1569
12516
12331
15674
24677
13223
8835
28025
8493
23979
20204
4231
4016
19727
28406
19039
23345
13460
3230
29452
26170
26417
16383
3376
5104
15219
12363
21400
12651
4652
2427
14220
23520
14758
6247
18198
4334
15082
22575
19179
15413
12779
23411
25781
8858
28169
14820
2203
11629
18050
1655
7799
20819
24390
17528
2275
9609
29891
23676
28612
10895
26103
12833
4416
17213
25432
22614
21547
10514
21541
10727
25927
10672
10490
21708
19530
8659
12880
21733
26640
7282
29740
10792
28101
483
28320
376
16444
4563
24052
15057
15459
20155
4242
19875
7369
29674
18841
5268
10188
16734
22347
12467
27406
2837
10527
16936
17848
29759
15021
20841
7041
21113
1633
11494
27948
6305
11870
14393
10868
12275
29450
2679
8782
3692
28906
22503
3366
24099
27772
19906
10833
26471
8725
14591
29309
19252
1527
23509
19011
22900
14350
2404
20366
22335
13898
18314
28640
2120
2707
9509
14395
8509
18540
29530
18553
17447
22033
28271
11546
26157
18177
28732
22629
26902
13323
28290
22506
21203
21799
11517
14103
12502
13921
10821
4837
27819
5488
9830
29940
14547
25691
20687
23057
14231
20217
11610
1678
18603
16234
19577
14760
4411
18309
7389
7666
1632
12031
172
22835
10183
18042
13291
22685
8315
24112
3874
12487
5952
13704
18779
20500
9395
9466
13557
23627
6036
1519
1657
24639
17753
21234
15751
28517
15895
29493
12535
17528
11524
12707
16715
21707
7101
6
20744
15417
471
971
4256
6423
21027
23035
3275
423
8853
16832
402
14889
24704
8411
15880
18809
5998
1632
23678
21893
1125
6213
15773
19001
25273
2489
17061
2374
2495
7805
24143
9318
15128
28399
22094
6156
27786
25369
12931
6640
18554
19685
27881
13258
28096
20114
8419
10446
21746
2098
2340
29223
14663
18113
18224
9936
26954
5285
18663
5802
19443
19158
15120
4571
17558
13566
17079
21696
8936
10
28336
27490
26047
2570
17100
496
22684
1871
10942
20782
10321
19634
26357
24985
14100
14581
11273
11054
26219
6288
16856
22014
25447
8329
2937
19357
21895
20017
11053
831
26379
15742
4673
28779
24664
28125
29275
17348
29997
10217
14482
16670
6204
10839
18007
20304
1772
29281
1358
4343
11921
18215
26357
13720
2896
5647
3077
24791
2016
20483
1975
4747
12577
13000
3526
7241
11126
2801
941
17475
19371
21775
4145
25575
2614
22153
22231
10738
27786
23589
15082
16059
18156
17791
29780
21052
23438
2857
22196
1806
29692
24171
6554
18621
7171
10080
25862
24649
19234
3155
18476
14957
24930
22622
16884
3896
21127
9115
20987
25265
2704
6069
11324
27213
212
11104
24617
3
20314
16813
1809
26358
17336
8363
14980
24508
24796
17194
25509
14030
26702
13986
5339
21632
12960
22223
1881
10439
1338
22868
5704
10394
5289
23380
13959
11853
10837
8577
11856
1151
25390
13666
3861
12727
22029
18841
13587
23177
6036
9096
7207
9090
29434
12546
7074
18746
11121
8955
29185
18811
8175
11241
29206
19816
4622
13165
1670
21811
21742
13526
29314
23485
27192
3175
6212
25574
22017
19799
18751
4405
5247
2311
13495
11034
21209
20569
29780
2331
5877
28966
21142
20404
16559
26700
10221
21181
9866
11891
19344
7960
25417
18658
1445
28962
21834
14009
24536
20203
3808
19639
960
15408
28302
20807
26442
19512
11376
26222
21843
23605
1540
19337
14010
18100
16038
24231
15633
2256
6122
4978
16568
7891
23636
18014
6853
21822
2023
7741
12025
12184
3733
12985
27592
2035
3792
386
21547
21521
26608
19742
21478
28149
9080
5488
16249
1470
6071
8234
10078
18545
13212
26646
26437
13201
14660
9642
5023
23036
17384
17049
5220
21117
6386
9164
29504
10179
9550
21052
8052
12510
17146
29530
17011
2578
5019
9612
10400
17442
17847
20478
5988
1059
17125
2425
14260
8137
12067
19284
1173
5803
12685
12745
3272
19071
28261
2777
5602
7811
181
13654
20322
17327
13185
7333
26258
24556
16946
6658
11998
11145
27137
17986
12204
14262
26763
2817
22399
15183
28453
29925
20986
11138
12670
611
209
10932
3388
5812
25095
9921
25818
21769
27248
9003
5455
23506
9911
28753
6517
21910
9898
3654
16248
22102
24268
13012
1271
16667
4547
29724
22944
25533
10862
5615
26144
17424
22899
5884
29588
17994
15805
25406
16116
19406
10762
21571
19264
20673
20324
25781
18935
6574
5787
5184
28676
55
24548
6300
16723
29095
6024
9667
980
23239
21634
3477
17015
20885
9361
16603
15232
1519
18361
1348
20925
29123
29271
10189
19797
19595
12323
15084
26169
18110
20268
1197
18166
21168
13849
11241
20263
19874
27260
21244
19465
25247
24721
6480
16132
10434
23083
7716
11953
11444
9064
2878
16920
8335
19420
13069
4282
8095
28153
6803
26205
18422
14353
20723
15942
28202
1964
6206
24428
5577
3802
13893
824
28523
20373
23308
15309
19808
1025
27263
7605
10089
6493
24525
24777
2265
7594
5411
10360
12099
12215
12918
6873
26568
3641
22816
1122
11958
29022
25551
17535
2824
15796
24711
7699
6170
18019
23008
2330
19044
26623
9935
5486
3117
10812
263
5382
24758
5674
22095
6858
24241
5013
13731
27161
15006
6547
28284
26964
11921
187
20851
21097
15983
15562
28796
28505
9934
28157
7188
28978
24780
17123
4464
4249
4288
11079
15984
29046
23106
14431
12256
23699
19444
2340
20861
10802
8887
25497
14119
27161
25684
11322
18258
18019
26885
23407
22877
13171
27916
65
12149
22696
17188
22966
3298
27828
10397
19282
3227
9855
3713
15483
3555
29509
17823
768
16663
3063
26265
782
224
28301
12105
24834
22672
15342
24593
15549
4865
22509
15614
17014
21558
9155
16332
24856
6983
26730
20490
10210
12937
555
2046
16492
6416
19869
23612
29431
29284
26229
6566
5860
24530
25023
7047
23555
10365
1640
9104
21582
24150
1071
8596
22060
16578
1281
23268
23561
4363
20110
10124
17300
27017
18522
10145
3433
14743
3757
9216
14028
29987
15782
19888
869
10805
26935
24424
27522
4928
9881
19104
5430
17304
4053
27490
3882
5334
20758
3795
9697
17220
13919
26997
14237
8793
7142
24022
23537
10900
3238
13917
17239
19021
3805
18108
29826
7093
18885
3701
18373
28766
22805
23803
16070
26858
21293
26304
2192
18403
99
11889
5623
20371
15239
19860
29164
28733
13882
22701
15985
23472
6618
3224
12493
16776
21333
18672
221
10218
22373
18594
15336
15178
12397
7758
12037
10042
4062
20581
28445
4161
8823
4068
24532
24062
280
23697
29147
20514
22750
15133
13986
5721
18357
26480
22497
16042
21504
29070
2612
13877
24016
24300
5407
6413
8410
23796
22807
12472
14378
27604
22986
29553
8024
23870
29967
8304
23919
29114
28818
16670
14247
12804
28743
8957
15636
27592
1351
7140
26662
3964
21017
20678
4616
2777
3443
13027
26573
2602
1851
17303
206
24837
16856
8230
25060
16823
16534
18979
15938
21704
12001
6537
10860
10744
15494
26497
14688
16846
9989
11350
27162
1007
8380
8130
10136
18175
21157
6709
27129
29361
24013
27335
550
10869
5565
25610
4045
28451
14590
19983
26507
2943
26520
7368
13688
18367
3865
28376
11565
13854
16079
15079
21213
811
23209
7701
25339
20719
14411
22468
20080
14776
19804
26982
25645
1721
22593
29690
6525
13535
26025
3032
16478
28898
16752
6518
17265
26969
11247
5182
17176
27326
20261
14741
4489
19822
22443
29828
10541
6854
22297
6973
27982
18453
3956
23627
26526
2901
29670
9403
16436
2047
18788
2914
945
5540
9433
24562
2510
20680
29744
19686
24358
20005
10779
28847
9828
3222
5028
26721
16428
3677
10047
14410
22130
20355
14390
25008
23256
20412
4412
9692
22459
23200
18958
29757
28740
28391
24319
7602
25423
24064
3640
19781
20421
14420
24981
6601
23994
9
9675
16775
3686
26074
1185
2168
16429
21927
27176
16037
12339
7940
2081
11151
1140
21039
17260
6233
25783
11579
20187
27558
11995
180
23692
8769
14600
18673
21722
14946
18682
1397
1721
28720
27471
9259
888
20252
1186
28064
12641
19878
6005
14722
1029
13497
12114
18289
26082
14249
6220
16270
11807
24568
16450
11851
9689
7402
524
1411
28700
25558
2809
422
24278
6632
9681
25166
3237
17219
29583
15878
7097
11940
601
8126
1789
19067
2767
27872
9668
15340
20494
27827
16260
13296
9679
25949
20698
10203
3712
25750
5762
12873
26172
40
25858
12205
1559
29095
5777
1142
14973
12874
19434
21926
27353
21223
17345
6472
19095
27013
28164
15941
24841
14424
29237
4520
16725
26287
14723
26790
22038
26837
9663
24562
3230
5521
13120
4789
4616
18897
12283
25942
1771
1717
17868
29124
29292
5214
11949
24740
8579
10113
10681
3420
24538
9919
7940
17615
12558
29016
14405
4596
2205
421
29159
5435
5942
18631
16576
16911
7528
5211
19205
15651
6928
13425
21128
6221
18639
3077
7313
27219
13190
17994
6991
14080
27913
21284
8048
10472
20300
28805
21420
28857
29226
26931
4293
11521
15562
27221
4784
29442
2433
23989
15094
15713
7414
6222
21934
2406
15651
29247
5977
5193
23594
19320
25626
27859
10604
3674
14683
7256
2479
6104
6114
8058
9387
16759
25931
1302
13980
715
744
16413
1056
22190
2127
14822
4764
413
17228
20415
6013
29557
1961
29607
25230
27587
27466
5834
1261
18502
13091
10092
24606
19205
24502
10345
5964
20433
11647
26296
21148
12392
12710
28556
4582
14837
13379
9347
21602
6959
6114
27615
6517
8075
3574
8099
5662
7393
13933
13275
25895
27024
29720
26853
22581
574
7198
4897
21008
18846
1194
18508
1238
20256
17065
12172
11445
444
27871
3047
7403
3986
7015
20272
18413
10589
28371
24076
17982
18657
13703
13877
22033
19775
10730
20967
20350
24281
25864
11358
13127
3410
6218
20717
23666
23283
2889
5111
79
761
14511
13835
11099
21526
10459
29512
2115
8831
29940
26450
3840
13644
16679
25873
3419
3762
16840
23769
28043
19057
11479
11170
22467
17698
1887
22486
10981
11128
3949
17413
18241
18460
1248
29340
16338
11707
28853
24806
26890
28793
21256
730
18789
14287
2956
22209
18049
19796
22330
16092
15205
3810
3614
7673
27860
5501
6511
8841
22982
16812
2606
11223
5273
3854
16916
27963
15562
15769
22769
12452
20914
20377
19535
16056
4665
22491
14617
22714
18639
6947
15159
3845
17109
18773
17870
14969
627
24381
163
23609
11193
2769
4832
22818
12976
21748
20782
28538
13869
19903
17342
11136
10281
13229
3544
21298
5720
18161
14012
24360
1460
29171
4557
24922
17945
22427
16243
18572
23160
22758
18533
4353
25528
29717
3524
14856
21466
658
13394
11687
20561
7088
29175
7194
20318
2719
4844
2390
27232
18857
3102
28693
24380
7659
23615
18677
86
9858
13601
29598
2617
2134
3952
4497
1852
13828
19353
29670
14486
9099
17709
11399
22539
16885
24946
19209
25956
29790
27952
23189
24999
1054
28234
19380
15066
21849
14409
21504
8059
28011
21103
17028
6497
1407
27877
14701
15235
23582
14371
29721
9033
8433
17472
1573
1670
12418
27134
27626
18561
25086
27167
13560
2493
25401
9292
17559
23602
23702
9063
1662
28065
6518
25042
4562
7925
22920
19264
23160
22854
9987
29233
1888
18420
16706
9813
26442
5476
6947
24069
389
8386
27588
13950
10879
22990
29594
28438
16592
29648
13853
24606
27713
20372
26001
8628
28297
18921
27892
27810
18127
14231
27043
20015
9004
20101
29828
5446
1930
13128
5867
8671
21514
3456
28973
2393
26446
28568
7183
19390
28216
27388
20349
2282
24112
16350
10910
28762
11623
15154
26572
29750
29385
29967
19766
8389
26421
25946
13836
4703
9074
19703
13374
6940
29511
12348
15685
2309
17268
29220
21700
15484
26609
12049
17766
20721
28399
28676
25835
16374
20182
22407
16124
19568
28727
5890
4309
1500
8189
24497
6203
17263
20553
25929
556
20064
14629
16241
22374
1897
15462
20426
17382
18423
2475
11500
15496
7226
16529
11332
23600
6711
10091
16076
26279
8818
21967
6941
16670
156
1438
29225
23771
21991
25155
679
12056
9784
16921
10782
11682
8735
1208
5416
27158
10035
16916
19006
23613
9797
338
23565
16509
10430
9641
19140
25600
1608
26081
18623
8116
27520
17848
8240
19511
13003
8919
7919
29140
2192
18701
17174
10927
19909
22590
14437
29944
15858
3444
23557
25656
3782
17122
12165
20564
26764
1305
22517
4724
27387
11140
19193
1259
28988
3785
20770
18344
12704
28690
23836
14897
17391
11010
2176
13653
9952
22966
13597
2162
26410
7155
27818
6544
629
16335
3461
3745
23993
25978
8470
27732
13470
4015
28991
18810
7800
26113
13506
26856
1155
7342
18105
18547
24704
20282
8552
11008
13248
22149
13171
16010
5656
17341
22554
6286
3677
2367
16383
4022
4697
1205
8106
18167
5220
7097
13330
19372
9562
26836
16229
10718
10531
10686
5617
11587
968
14169
22596
20568
6318
5767
12930
18327
23108
11837
965
3137
14204
17348
13511
18902
18554
21617
13421
126
5066
26751
19499
14629
29940
12080
25347
16823
22766
7316
28410
87
21485
21006
27007
4155
3125
9938
22482
26234
21775
23447
5723
12331
17148
19235
7585
12054
17204
21007
12180
22271
24110
8031
6900
24050
20111
8599
10873
19230
15915
15636
19317
13752
6642
16324
17907
9768
2614
16742
12354
741
10189
18077
13073
3689
13664
20658
15743
7221
18017
27924
29492
12128
5955
12744
12530
2419
21343
29756
21649
13610
15392
17318
27362
28386
9994
21621
8154
12609
8363
20508
13350
24905
14938
2775
28594
4954
29786
14338
12175
17803
18614
11667
6283
921
763
25166
3340
22106
1274
1341
12068
16666
18659
9430
15052
28654
7404
29559
17615
15767
26419
7317
10672
11357
10093
9267
22664
16231
29957
4839
10386
18571
22859
16670
19492
23622
18188
29185
22081
19462
526
10501
12480
25538
26284
3884
24192
3688
3443
11807
19455
29863
19124
6480
17572
5569
22099
10236
21800
22056
21428
2187
16979
20639
25209
12823
20613
19749
12008
19046
9211
18887
29548
21691
14425
25832
25575
14969
29520
5371
26776
25327
5234
22252
1807
22806
4174
23906
9395
2326
22314
823
10865
9293
27814
12426
22117
18427
2175
10477
7474
11386
29364
13374
9429
13789
9206
11357
28758
8726
23080
1886
10405
28314
491
12213
27472
11017
6119
6867
13343
4786
14042
561
14079
18208
12987
12548
6636
15163
23026
20462
2901
28742
3836
18683
18884
19394
6392
23994
4472
29472
25881
14877
4138
2724
27090
1610
20093
9562
14830
3436
14348
5224
10349
4779
23433
23337
23680
6421
14852
23058
3235
17753
21800
13423
12788
10684
2817
19180
4679
7289
18652
6912
28518
29142
15988
1961
753
6081
17875
21935
15869
2223
3511
26219
13354
3296
25908
7034
9717
10760
92
19304
4865
28245
2727
17654
15281
11896
6834
26312
19185
1839
9576
24056
981
25564
26017
8086
7997
13892
6373
23867
22467
16237
26438
12173
19533
22346
25560
5603
9458
25652
24907
14323
249
3987
1977
15531
15883
15164
11843
11421
23355
27772
5477
688
23336
7846
15127
7686
21738
21500
7905
20557
7737
4343
2730
3623
3041
28290
9226
18851
295
10485
3174
6896
14472
11504
22427
356
3020
10623
11777
26375
8395
17254
3415
8083
25100
18542
15769
23190
10043
23674
20099
24132
4369
29181
27755
13762
3824
13333
2613
4119
23819
12140
11015
14643
29996
9795
14999
3016
26770
26776
5743
5165
20382
9158
19600
21834
4053
11722
21376
14096
5396
11475
14580
16118
17009
18688
6232
20833
2021
8846
1304
2192
27338
12319
16836
27334
28466
8187
350
25236
11316
12445
6753
1698
21603
26354
29885
25656
14428
21261
16104
19824
9089
7037
12294
2450
25725
18527
23283
4098
3725
24587
12643
1063
13258
5831
28397
11725
14018
5099
13313
25334
17544
20067
3385
15499
22773
3270
17508
7201
883
9964
3377
16324
17001
22024
18774
19078
16903
18409
23177
20628
12996
12172
28043
2607
18003
2792
14332
2021
7891
3997
3708
25435
416
7093
17286
29541
16715
4794
13094
23950
14759
22824
16627
8112
14848
11753
27191
8103
6515
20368
28731
19511
2540
3126
22118
26895
5918
12802
5268
20161
23152
8976
21948
23568
22421
9234
29462
15488
14029
12556
15791
5140
5380
2418
13252
26580
20523
10443
4683
27038
7163
9766
22902
16055
12892
21372
12950
25162
10527
18219
15323
3679
3547
7271
3599
25969
16506
3061
17809
6887
15618
3600
18379
20998
12370
1631
23931
2894
18427
28614
6284
1942
8381
29186
17998
27625
20559
7300
22788
1086
1871
14463
11117
5419
21735
14716
7740
14593
17778
25549
27832
3396
5502
16211
746
17872
24194
24677
20766
12621
29644
3403
14564
14377
2589
8914
12002
29500
16214
11142
586
24438
25606
11703
29857
23693
2772
13949
14638
20550
15850
12470
298
21352
5033
7396
9225
29227
8426
6343
18201
8070
9746
9117
22447
12336
24383
10801
18188
16949
21944
18775
11387
23902
6830
17596
17595
9602
1545
2233
6504
17396
21055
6802
8748
26088
14199
24325
1667
22625
669
26220
7047
10415
5337
29494
29103
6072
10295
17292
23022
8591
12419
4409
2493
25601
22006
20088
11556
29903
28673
18060
17299
26080
1215
2400
22168
21766
26725
188
20743
3746
26408
27790
20514
8098
3636
25969
14170
20283
13261
7192
28875
2032
17954
7720
3986
16312
4161
15542
16215
2834
9954
9867
5267
17521
18619
27435
15639
15344
3975
6382
19091
384
10524
9605
14834
20512
5574
29004
10796
25188
12549
16023
3572
503
23743
13910
16815
27904
5804
9382
7091
15759
25601
12358
9632
14220
16145
25272
29565
20121
1654
25008
26857
18531
10965
11691
9043
22891
10695
19839
18079
29596
12214
28004
99
5958
11914
23266
10214
17719
9001
17305
9830
4602
6015
19462
18823
22161
21086
24740
18634
22741
19748
15491
17624
7065
3534
26667
29956
14229
22859
18036
13826
5073
22392
20277
17383
4306
19896
27598
28377
28897
21255
8207
9851
3623
4022
28674
25784
25108
23414
20770
24201
19514
12613
11825
26579
16147
8493
26536
6728
7704
20924
26906
12777
19668
17184
161
23974
13432
4111
28704
12329
1718
6911
22180
5341
10933
27207
7477
12394
26973
28247
6595
22840
10860
18421
19419
27007
3266
22307
3736
17322
19583
642
99
9251
24178
6612
9578
7610
17075
8282
26291
18794
21545
24824
24135
8831
22031
1613
21225
19004
6212
4172
11844
17073
28945
7616
20432
8563
6275
520
25885
2211
7515
2337
17814
1693
8949
3744
15656
26025
18378
11947
21171
16276
13123
15306
25107
5154
23271
22684
511
5836
26856
18707
22909
2154
2675
19693
10717
8951
20214
6603
17514
27729
8940
11680
5774
24241
15425
21430
26618
3803
9730
17789
20079
22853
9448
21538
4360
9071
20574
4871
14907
23783
29930
14168
25937
2606
3862
6654
17909
428
19609
5423
28157
4901
17103
10283
5495
8880
8066
2113
12684
24148
26255
9115
17001
12055
7006
27713
21126
27580
8936
12386
21363
8867
2906
17300
11473
