15010
12577
24454
16187
52810
87450
3394
88470
76215
16226
18368
47160
85805
86886
22985
84306
98397
90581
80839
90790
48954
48444
18144
36658
76663
58614
53291
58640
61273
88218
2138
92635
795
42944
8822
69958
30394
28569
58428
6610
61147
93148
53770
46953
80034
76755
47611
94784
83688
44802
85574
48995
9598
20070
85653
86261
95036
38944
61254
56309
43515
63392
48944
44310
6336
74118
30620
36731
2687
89049
59693
63835
82197
13463
27140
78584
6570
91103
73368
6611
35905
75294
55606
45503
95364
41259
48117
90400
96555
9371
63061
40070
89115
28357
733
95451
2475
31353
48534
21515
36754
8227
1702
35304
38042
45194
13888
44613
52649
3608
51224
88554
95254
6830
50409
90618
64441
14878
97370
77348
24249
76783
33771
13364
5140
50856
25168
7615
98561
73702
45482
35316
98282
63536
70620
36324
25082
860
97289
77731
4468
48513
66285
99722
71695
33047
6692
52488
47925
20414
29837
88527
97197
63608
18243
2337
30816
43411
26304
29377
33466
88139
64693
31748
51675
51665
84424
76758
52525
81714
54489
73345
46579
37127
89419
18275
86526
12463
87115
50803
32877
33304
39330
46426
13264
57574
48763
44080
17337
91420
73458
50803
79559
38151
98903
47586
6169
83328
40696
75046
65042
11538
48392
11621
65017
54163
46248
51543
66627
33364
2346
99504
83020
58029
62283
96285
15603
11046
40365
49292
18818
13823
96
14729
68327
15351
78668
74496
98679
19364
49542
63721
47254
14286
91695
12271
68450
37943
80166
35077
87659
98865
50933
70680
73246
13216
66965
88849
40615
23682
54493
59433
37506
54589
74163
22185
69941
52831
96681
84972
88547
62575
65046
35802
76862
56741
64425
45312
11036
60944
96741
98696
76161
47674
85728
49407
77243
69045
54608
17858
92727
9101
77291
46585
80043
67806
68770
49984
36989
81803
51308
41889
44379
16354
94043
37593
73095
74820
99257
84132
35764
95998
99180
28277
60024
84908
77684
37267
53953
32292
55125
63032
41394
48769
25970
21437
32927
94740
87773
86269
92896
39081
28158
53627
71788
38553
91220
44883
13373
90477
45367
65490
2827
44547
93767
62851
45807
71452
119
16112
20096
55244
95497
61490
20365
21467
99279
53293
32559
3404
39562
25455
58838
67720
95434
30626
22625
86654
91861
35998
93483
37229
1488
12662
98128
11608
75514
43936
99412
75633
76400
19508
47229
71897
80999
67595
93364
96630
20888
25924
35
60450
51379
58873
44522
63166
89499
83499
49820
81360
19497
59656
34941
37338
72318
33070
48946
47832
93358
48358
39817
69758
84218
87047
41656
81569
70994
35020
78200
91882
60944
94587
68684
28676
53460
29558
91842
59311
13057
58014
57023
48906
34022
8317
2596
6341
41387
51542
70525
34745
16252
26695
20855
471
30094
62511
82040
1088
13884
76592
9322
74828
71179
78006
19856
40991
23916
28050
16654
53325
2417
73678
2231
36439
81995
4828
59132
39734
72722
46010
90831
5327
72705
11686
22150
2799
90550
4190
3887
4434
97135
13209
79262
68314
7567
15471
9306
47835
59873
42312
17512
62290
15990
19743
15082
14337
40923
74214
70423
29998
20224
61254
51677
9281
89293
73827
12080
79843
94369
32319
84277
91504
61880
79891
59819
85799
95362
85477
49986
71588
27789
67498
33878
60132
3594
65312
90821
60869
39527
61245
90867
76103
38851
42544
1737
28144
32723
30169
7987
27093
62489
92264
18597
40721
72156
94768
26521
83870
96597
92859
55458
40739
60358
5689
871
63952
71001
8044
24821
10528
69289
32041
2984
8141
90937
21073
36285
23661
51242
60625
67106
13731
52889
85703
70805
41397
96824
97326
25268
93421
6537
80726
34160
66895
86415
51383
30847
57417
59428
72021
84297
45069
4062
3633
69562
11351
24706
22200
35012
75949
82825
2118
6032
52066
4174
76837
93464
998
90515
18732
10771
97053
15810
61284
63948
18578
29019
11148
75995
4799
83169
76644
49869
3583
96630
35783
14934
21336
57983
66299
13637
57160
84769
36022
9227
88943
12859
2691
6293
19727
37775
33417
16780
69937
94701
97080
88515
40072
8228
64510
44872
7749
57507
11093
27684
54137
46876
42619
91825
21212
25270
21815
78372
10039
57837
3951
15335
87048
22994
37980
6775
60769
71397
23555
30707
82450
36988
19222
22523
45216
85
83747
69318
73944
94840
97002
44433
41716
55973
52610
79280
97595
90777
57653
7635
48614
77956
39322
35663
951
93654
58790
78072
81404
98698
25131
63854
35686
60706
2729
80902
77143
86476
66572
51087
97668
63575
11872
55737
35900
80834
35017
33496
71612
9022
57483
20226
86979
13157
72241
4282
6811
47384
82354
88215
46082
23838
68422
81768
84544
87503
62670
61687
90332
45595
29126
88000
25522
40998
43737
61422
21832
95107
11270
9796
4129
85105
30023
7460
14614
18616
11742
21426
66000
10449
25993
12082
34287
10767
93850
18831
98271
72873
96870
88603
34820
25996
92955
60342
83346
53045
38116
21530
48152
65739
47679
68633
50844
77702
76094
65459
12670
4188
3237
95023
30989
29230
23457
65276
56350
33660
459
54621
6533
13681
59576
57705
56029
52531
18047
55727
5576
56163
93610
70080
21902
41289
38714
89099
35343
31160
70910
48013
51700
74147
59388
82690
19729
82846
64318
76079
16506
81130
47052
39391
94811
6628
97096
67193
75512
31495
22920
97440
87658
16530
67521
25913
57819
22587
31364
9514
53747
18626
57528
5447
92773
33268
4489
28854
16114
85160
21286
48972
82642
84690
4715
93805
91319
1811
60998
83183
33306
83919
80623
37317
16801
48144
79582
90973
70731
27298
487
40830
45924
74367
62630
55049
7636
83471
83903
40102
68631
21541
5427
51273
6232
10142
45079
13903
11954
6077
97086
61612
6348
94061
15281
39502
58558
94863
30475
45641
38513
47314
86472
84437
21682
65454
39486
45670
48925
39742
2124
17557
61283
7551
85182
83867
17694
46613
14122
46000
69043
11208
7612
75391
21622
39246
31245
80180
50461
78072
25821
88975
25387
12293
73412
63421
77747
29251
25443
43025
68993
27567
60582
46628
35119
62116
46848
52813
8730
60970
15165
77773
88531
39129
69516
10153
78375
762
90333
28837
78834
32506
17812
20573
61152
7576
83994
38899
36827
9437
98276
22172
53357
58858
68801
88476
37327
15649
57641
46057
92971
72806
23830
81502
11935
93346
91655
6663
94108
98340
35500
89295
30847
69664
9868
91999
93592
10215
47250
30420
36004
45527
68944
89361
20737
54097
94189
58064
69746
68182
4121
79070
40988
44303
60572
69276
37650
68580
75939
48110
66920
27791
53757
14119
97455
79978
22470
7399
90193
69721
37819
42549
31600
23116
48263
52337
77213
42452
26754
63312
10635
30875
42382
67975
91531
2954
53603
29181
87886
29542
93643
54807
73685
63753
85278
87492
43731
7749
94892
50276
93822
49063
92825
25422
72179
57440
77759
49393
99893
20865
12705
26880
68093
71439
11207
59624
74393
64811
5157
62280
10705
98800
33439
743
62553
18717
88235
22636
42818
83127
72912
36640
48543
82090
62062
20722
39530
56174
86467
55775
77039
15524
99007
45132
86963
10215
4756
61357
91378
9913
39989
18435
25066
89780
19178
3971
24849
7414
26608
67668
6893
99520
4308
55436
97962
82723
92511
37493
38897
78978
93268
32288
94503
92276
93773
97818
18843
98529
59175
10221
24795
15516
45008
66213
5296
64187
70184
30146
87953
13144
14166
94846
29017
18474
66635
26979
1197
75498
64472
56446
70828
74093
88735
81683
82721
82508
79502
1564
97389
55029
28137
38536
70546
89497
21101
92194
53684
7638
38692
41637
20782
52858
52836
49799
87685
35823
93131
88882
27673
73955
61681
98501
48048
66768
96537
47121
65628
76039
65037
79369
31068
9526
34258
17966
99024
55359
26513
52708
62997
65205
10698
83780
18064
63534
49931
5749
15709
59414
10983
43382
33370
89016
58235
97770
55784
54772
44892
37764
47163
9929
17134
94584
35808
51392
12550
34832
6751
39063
87540
86101
20621
14590
69881
38685
94476
36164
60786
10185
95579
88121
69919
45301
77138
28155
43071
49274
82927
4315
87039
30091
14245
4173
24675
66405
71917
53577
1237
95020
8993
5129
81121
29614
19720
51002
84651
14196
3519
61789
24382
15450
49910
10653
60751
43400
38808
3822
92675
38088
24490
79714
84531
55087
239
25558
21492
72156
79135
22729
67176
4480
27858
64650
50446
47578
32004
35097
78127
35523
96886
18861
50973
63149
29514
28076
6549
68323
48251
99224
22763
72741
95290
7294
27828
11881
32852
49320
84037
28339
72049
67566
32820
16259
32216
83266
80190
64220
34716
58317
16096
47954
93530
83421
11103
23044
11498
34005
7719
76101
49581
30482
48842
44872
54128
76670
56753
86980
42342
57143
31672
30743
41061
80844
47002
89629
80462
43544
53849
15178
1861
86297
63133
95391
69719
90588
34788
97569
24593
42507
73670
74175
89342
22512
35399
43470
15534
92152
46803
57876
65647
94827
4971
6708
75671
51973
96337
56133
95518
66539
87664
13731
52836
67149
25475
38907
57737
76615
36476
98683
35474
26498
72858
24816
49010
24609
84639
80896
33113
47794
55124
98761
42621
60095
21821
34644
28421
34511
90777
40291
1050
94793
70374
70238
61942
95849
25498
19680
88816
78326
18363
24291
4825
7573
65459
70187
48534
66450
51084
81647
14244
6208
96760
73217
82656
18582
24213
27429
53093
14991
67720
70495
26136
38094
57085
88079
50296
98935
7759
39112
77262
42474
79755
82087
66399
45215
52274
14933
28017
3358
96580
42262
25919
93341
31831
24927
28275
56045
52356
97720
87388
36428
84567
13524
74522
58004
1603
41170
56940
25714
96635
34202
84540
76390
32641
50939
37957
84915
65872
65975
4626
78805
24589
46897
88498
56420
88176
33125
28817
40532
30845
32557
76960
31764
62434
67834
89768
80389
9005
63060
6104
5640
97262
90644
98382
46255
57936
36340
31171
23808
2315
52149
18965
26904
15398
23815
99676
3574
56940
44846
44106
4137
77403
37418
35901
39837
5252
42022
20227
30609
5082
42683
52601
18697
33327
50984
64952
91263
87324
12475
31424
5991
64624
66741
49247
96374
90557
48923
99948
63849
93769
60406
67987
87525
97824
3888
27362
19429
45910
63941
50038
50993
6624
18992
69690
56304
69976
50994
63919
73652
63470
95343
79643
44446
78437
28890
40821
85346
94165
57121
49195
4287
17528
17182
91812
31704
37423
19174
51133
99685
99468
17524
50678
6092
36516
36720
62396
22844
4067
26316
96496
67537
38011
76139
28335
32800
21381
69156
18146
15546
26278
67342
19833
60158
876
11645
91862
38299
47172
59348
37985
46640
93224
5015
69084
29740
58088
31481
68936
62155
74149
65432
46044
12160
41571
74379
44961
62952
59888
79459
94850
2518
46801
14684
62676
64030
26329
54538
18681
89853
30238
73018
52845
23462
78034
21930
69554
52474
53411
38490
30981
27560
3922
93377
56072
61845
67756
17385
41149
43996
96845
36000
46514
59998
50684
9190
24028
93365
80081
59062
99571
10319
32080
52416
33782
10114
74346
3336
78940
44109
41827
26273
71669
62101
19650
44094
23947
87407
61479
65096
31403
74676
17448
94270
34675
84484
3460
75055
94202
99893
34117
93773
10213
66198
62541
60347
92664
36888
80035
87957
80997
21862
14230
69019
316
33881
13113
24263
37640
90944
5711
69043
81973
39512
79665
16648
23996
83126
8055
34550
83019
58525
28323
9584
41075
90865
69931
50091
44105
49967
38048
25102
88181
52279
10473
4849
2512
39938
45464
40152
30883
67528
25547
12856
7040
5213
45856
47388
4691
70263
81939
4062
28788
26614
13647
86215
17479
99930
36307
77936
66249
74355
19391
70783
42986
29864
75632
45498
69803
21097
85650
17038
4977
27550
46246
12017
32763
92102
59405
37454
78717
57696
57868
7506
84311
71515
10073
18142
87798
46380
96079
54047
20736
15470
41182
80074
61686
16815
25573
31489
54264
27575
48527
59241
71477
94773
87610
20592
3227
63367
58046
81945
21064
32267
5803
5375
3782
15876
39869
91580
78609
35948
61980
15697
67770
19514
95771
29457
52681
37696
77298
6945
81624
42178
82538
53101
53303
86500
73694
56531
49868
48092
54828
87284
80359
76983
9011
494
9211
48880
8426
87820
1181
86758
3517
68951
6273
15641
14760
58954
53337
92059
82252
51313
50589
64790
4415
3892
67643
94461
76775
17511
58905
31603
4795
39265
24938
30158
56111
34150
79038
64537
38322
80219
51296
41840
65523
57569
57481
80283
32875
27170
88694
15127
78484
39283
96270
99251
43176
63913
93712
19951
97776
68969
67907
18923
24586
92845
49081
80697
43347
28119
61587
81670
24691
12883
23510
90214
86804
97343
70497
19679
40865
75544
51159
35701
14827
47429
34952
58003
11342
45016
94307
9118
13986
78566
28041
38572
71411
77122
35622
31111
21593
97209
12781
46284
26444
52643
36498
13248
66338
23348
49279
7203
98892
438
59257
13719
47867
94209
88075
75561
55578
98734
84679
85916
77300
29072
40840
65063
22546
76462
96174
60492
90023
8955
6776
16467
77950
59627
46067
44288
99327
95347
51492
98219
12137
10749
28290
76357
21310
32717
51918
93240
47803
52950
79156
41455
98374
36349
6519
37273
29163
19045
97765
19187
44353
20893
52006
22303
80520
98074
66592
96199
9773
34436
10770
21910
45185
55413
98267
82847
4482
66538
76088
52286
19488
71596
93741
17862
24297
16612
55135
53461
35658
69252
89000
80011
90146
41006
2314
87018
55432
85258
83218
65205
19694
10340
87116
81231
65753
1735
64079
70236
68273
56519
22522
87761
44467
32615
21976
85117
49228
93463
38578
1238
79068
43930
81249
69214
1288
99915
72584
56721
85174
55802
21926
21220
82495
25394
2452
48248
27130
82883
18484
11755
55754
57358
15869
221
6326
37845
85338
71906
47660
40268
73144
26728
550
54393
12294
1839
70660
84879
74912
72186
57033
13190
93407
39528
38585
12211
4129
82067
95094
38965
93822
50848
12676
9691
67421
19002
63888
69112
90908
11549
25732
64052
54629
26283
34797
66924
44474
21809
68155
19386
93996
25188
32576
3755
81069
87513
15966
85198
69580
27412
24163
63403
94612
36839
73094
62033
72193
36983
31145
63101
64884
73230
43505
35865
99513
78302
19141
43987
16464
87296
79725
10460
28837
28653
30567
9906
16167
62885
11456
2099
90297
51971
65502
1261
5163
54949
63294
77356
8284
10792
56810
89520
84022
315
25385
99887
94970
44527
60226
11434
31823
39951
38246
77012
84956
68813
3270
17475
31698
14726
19575
38347
83050
1429
39608
88213
56378
19254
65569
81014
46398
38731
70534
30420
39047
12272
46659
34017
56799
6885
61803
4974
63188
49
81987
48145
68862
85257
65620
16912
16336
1547
71611
99386
2977
11219
87599
75707
46825
69520
73074
93224
8252
59960
23644
63651
72232
86656
14020
45383
93541
75823
50358
56730
75872
48697
21227
61086
50306
3199
94350
66642
4747
65961
82380
24076
93532
86331
16135
40357
55852
89209
33581
80456
49170
73578
60459
21402
60234
74479
83138
53775
66654
33496
26857
58878
98545
64436
19964
65203
67636
30666
48198
88735
96627
30578
29163
90159
16910
45298
30516
89114
34508
64098
85922
83678
37676
46381
21432
97910
37212
4570
68037
3866
54418
94895
62744
69315
75683
99060
34519
43319
29726
82717
48406
42705
13295
77569
32864
46557
22868
79732
35671
73728
60182
37945
73758
14210
84326
95190
28472
21538
16113
96510
25404
86883
7757
4500
56199
83440
3560
7070
43112
49638
89787
7870
8695
19434
85440
41559
82344
24660
37644
34367
98388
14178
72313
72146
28389
56639
83688
73213
94530
16153
86075
19934
19389
10184
40787
91940
9977
60699
99010
53089
10338
5149
60959
19033
40935
62751
76945
23279
87411
30941
57647
2151
45119
29960
74297
89860
2951
74338
63074
97481
90491
65501
33768
9880
75686
74555
18172
85663
35254
17182
55104
61944
22331
32415
80978
63267
95167
74275
2898
98930
21568
60545
1082
66687
6857
75379
72900
9809
66069
52326
23642
72913
17827
57410
99145
93513
31965
17318
95528
67220
34500
50632
45516
73184
83048
42846
52803
78215
17121
55701
77145
38689
32599
94579
21729
39456
69959
10981
65617
52380
63307
89260
25293
97486
46670
24439
7352
78636
41757
2880
62208
92609
53513
7724
65793
52913
50571
34948
31128
84044
90650
24625
39086
23249
19205
77167
79057
5516
88148
44675
74248
67807
33935
99542
81645
96957
23981
88997
91945
82090
8230
54153
74699
61743
78230
56845
14656
45153
91793
62136
45549
98795
3113
84635
38396
38670
78154
17454
60538
82654
78481
34787
66813
28768
34329
48459
25725
74662
53808
17671
56752
62038
88176
47803
40133
82758
21000
54789
27911
29146
33277
89813
27941
52743
74448
82690
91413
68955
16496
51952
51609
94977
86739
18423
23745
21068
66882
49470
12082
37042
83493
68834
99081
71670
32989
39214
70780
70342
10356
98692
99488
59985
4857
43781
12728
79305
26471
4142
64612
59319
72446
16222
54296
59185
34645
78041
96605
17879
43864
8687
54921
43709
93873
54002
31731
26862
9569
2512
13556
36277
17556
29396
96262
22413
73178
8991
18070
16001
29485
82683
75321
1931
98905
45969
61116
49902
40363
57721
67781
84227
82760
39054
44288
76633
9409
76020
19847
18978
78532
33404
55255
96088
62800
67869
34853
52330
76860
52923
68332
6345
35606
60005
24628
50863
5974
85744
765
46337
59817
84898
46916
42577
23953
91205
35562
49714
83577
55410
68692
62109
88814
40299
74549
67966
8168
9402
20297
1381
62325
88629
24078
14284
64986
48707
65147
70960
50803
82265
33650
26973
67163
80566
85902
7468
88123
21465
57182
71700
76875
42226
50161
82041
98877
24710
50007
23398
50464
70304
24779
29142
75285
65209
59778
40271
30268
41277
27584
81072
23542
77586
24397
7058
74504
26651
14526
62628
48116
88061
50680
41343
30287
842
39736
45517
41904
89744
68915
8721
76400
10046
37863
51686
75255
13993
8309
5524
55270
52245
2948
78813
29831
43697
2223
4336
70348
16749
83316
34817
21162
33996
76160
67802
51190
15897
13319
9447
21993
82234
18168
98393
8632
72383
66431
83887
2728
74741
5763
57998
43338
8711
53163
89522
68760
55386
10210
39109
88488
93526
73926
9650
43874
66438
77452
11417
98687
7123
20864
20680
5709
55384
19074
14341
44119
85505
14581
46847
76598
20344
4845
36289
45408
74361
25811
14168
29747
36021
69629
18235
45899
59907
27886
6125
26346
21690
17542
25033
45166
54758
45714
50875
26494
81140
81569
70613
66645
96150
33812
59596
16494
55010
95885
78254
29371
38048
92423
59118
90421
78404
77354
36320
38312
21592
42445
64658
59634
59988
89691
4800
31098
51757
72028
57593
32897
53597
44558
15895
49747
78371
91843
82593
33381
4080
60848
79104
42128
69623
38222
32549
48027
31928
85221
2691
69872
27666
67349
45859
4006
73393
50659
51457
41502
39039
9050
74400
92636
53608
6647
58735
48331
14842
41329
81712
18922
18529
77168
77402
4504
31743
26303
68883
63671
11524
71575
49896
55542
55276
95755
75901
28669
62766
27358
86524
1806
36408
77276
10794
6368
83923
69530
54700
15117
27211
52764
34039
62092
29933
11441
82948
61676
54096
51831
41699
65620
39758
7947
21162
95035
20054
13415
40056
82821
40773
26580
979
93533
3856
28125
99902
4131
14007
54602
19248
57570
23718
69639
19662
70003
97432
18962
31679
51528
70794
89731
17148
26904
14030
54663
21939
34085
68078
78348
33258
25204
4928
50589
18737
25137
78714
18639
45620
92722
89593
64869
50292
29664
34508
86307
99667
31941
21621
47699
83469
8767
53782
16970
35672
67812
87985
73963
1897
72415
52311
51507
97619
73592
2096
32709
15081
80811
67700
60701
89885
57294
25570
56529
3310
76431
59188
2977
8372
80810
50676
8193
89577
4458
41515
25249
88623
29500
99213
90520
18268
67876
58380
32239
41468
60476
64948
56549
41287
32649
33603
47524
6295
59173
4054
9605
35604
63242
12582
60328
44052
79611
68522
49982
421
10037
75231
89044
55890
90796
95917
74158
58673
54297
6397
16493
14773
87698
89395
72413
20347
22998
19937
42994
98523
40343
52599
50480
19938
81533
10808
80342
61144
95682
30324
61566
22072
21908
50610
77962
12704
62879
68472
87729
17176
91221
20575
48302
78919
9970
20715
15618
49320
57004
58612
64195
13700
27563
14675
33638
9097
25484
30332
70241
21166
77009
48159
43238
98917
15122
37552
27973
78001
22376
15703
95178
13598
36278
43480
8869
62600
80547
40840
28272
53903
15804
92467
67603
43368
7143
17593
52465
48979
47926
22706
70145
41287
87218
29736
40204
2340
83640
68177
80341
6017
232
91871
19615
52862
51703
44836
31814
32250
85676
60086
2506
1481
68906
70109
44849
76049
4055
13666
25028
68333
52724
11525
9620
39942
57613
49824
42282
41254
34353
38976
47271
34586
30847
66886
87448
82551
28074
19263
31153
13751
95701
33659
31584
64607
20121
76433
57008
24176
6451
82036
8861
59175
9914
18481
99118
67527
84657
57752
8781
19010
96728
56052
69948
27576
39290
73749
26479
67365
9364
57632
81116
5065
7644
29052
69673
27765
21837
43033
68293
28288
25070
77154
87463
51336
11987
2933
18863
96644
77038
27645
32006
73766
49
1955
17694
39340
92056
44173
23057
1420
18158
20525
6485
25802
49577
92510
69919
71414
35544
38212
99702
76966
31718
3517
28302
43705
22803
63517
56701
99841
7514
88707
73607
7564
7014
7654
63256
99070
51827
86313
490
86337
6838
23328
12139
72767
15838
98410
44181
51382
36622
60235
44700
68340
63752
73002
28397
2907
36520
85098
2748
44034
90158
92708
67950
97172
362
31206
12595
68541
33871
13085
54879
57061
36413
83370
29828
68604
81781
90361
36338
34755
50596
81039
19448
30701
70393
47845
33608
23265
49296
52709
67300
39454
45417
51602
36626
45779
82809
49221
14320
33032
78659
85551
90094
31424
68922
36274
16380
67055
26636
52719
1810
93584
50110
37610
40637
20503
85456
90598
43769
51104
43307
27421
90558
88724
79023
43536
50855
78184
92758
81527
27569
87769
67079
17663
35545
52353
70289
51926
19408
13277
4645
37570
23214
71107
75181
63851
91610
76989
54449
51731
28093
14108
79152
18651
2832
74528
62187
70039
69064
71297
51567
96633
75418
18646
30648
10964
87351
17290
79242
6759
30567
83887
60681
53781
54994
35862
17633
62956
29203
88434
14688
57296
2543
10192
92299
21727
1072
70839
91767
86489
58488
59686
99474
33907
94684
30123
61223
82035
63765
40465
5146
94332
40704
65827
64466
12050
1690
82099
91358
30893
86885
22398
4542
5780
48943
96841
27508
50015
84032
35627
52856
42521
11665
52331
76428
6349
98806
54003
88384
62571
94468
93530
56903
51524
75709
21369
79926
77399
19820
71284
24645
23058
93683
45539
28838
42626
42380
72698
8993
26413
24677
61850
68934
36342
14181
61714
42691
12987
32069
47427
91910
42889
57309
65165
94413
33019
86535
74339
26770
22707
45623
51415
45765
55658
96954
90956
98284
55687
63654
7278
98452
88332
69128
83738
41026
99661
61804
83718
29000
93873
47497
20910
36762
4807
86075
47527
54178
88962
21866
80948
28022
83841
48716
90139
55852
62022
81095
54136
17709
61102
77766
32513
65786
63246
16251
6812
62907
78055
6882
8259
88280
54380
29169
25042
75539
31597
72569
29717
36911
10787
10665
64933
10981
59381
55073
66833
37756
36168
37321
55465
13622
15088
4331
79408
78334
20582
86221
57594
14990
9455
65853
3270
63835
11375
44665
39374
59324
33586
85443
96235
60726
96109
77521
88059
71842
32594
71244
9598
85114
8565
81416
98737
40005
85747
78145
34692
22681
80718
8638
54023
90174
90843
73646
54009
18570
34663
9736
77894
68249
11531
90482
45327
7640
68003
33386
95835
16949
4630
21785
2063
29548
3201
800
85905
5300
78946
20597
44334
76016
29235
14709
66190
20079
88355
36552
38649
23018
62640
32896
7620
74171
39730
69299
98164
7733
2686
10351
24682
23668
32136
43097
69568
51690
43898
55474
73342
39196
76071
17676
15212
21659
32386
97755
58090
37093
34307
13091
76464
13299
62339
436
87470
2069
69735
1986
26154
88773
12337
67188
12442
44474
10286
98362
12516
70536
53836
85858
26084
46260
3535
57648
84271
52273
55403
42361
5718
6062
71804
82182
19361
34144
82618
6832
36213
52354
8818
62368
57479
37508
29556
86273
81982
39842
84636
94498
26730
54824
80356
52814
1084
243
10463
1707
68868
65866
44068
74587
71929
32225
73121
7642
66369
55740
30826
2582
24446
39645
81302
81925
93505
10859
84551
75487
67053
69187
86337
10136
24011
83045
62950
41448
83289
73413
43155
68509
55632
3576
59448
43913
52153
32570
51555
18522
88310
82382
37456
29108
38379
18759
27385
31884
45970
11936
23723
29375
97475
10060
39511
37839
93105
18814
79287
92746
92227
38794
77608
64211
58722
37056
8124
10875
69626
76032
29397
74288
58414
83206
19748
13145
1965
63486
61381
64287
75422
85104
93662
89250
95164
49526
27089
4621
84692
22728
13720
76919
77874
91328
57483
36597
44736
81959
63824
14363
57991
93222
5003
32757
92780
24752
45902
94745
88238
7283
75384
80012
92387
85398
85614
3903
51276
12703
24877
35968
51783
54949
29240
29658
62629
86723
66255
7365
68682
30079
38080
26674
39653
59436
59431
32433
84188
21686
43530
88778
45321
35266
85142
37709
20665
70757
57964
71941
99812
99193
7910
51596
54142
37150
81254
16771
40225
63861
40489
8907
10292
78569
51933
66298
54357
27717
98731
54897
49403
58614
43675
94724
10232
45170
48785
30897
32279
23102
19191
48443
22295
27101
16391
92790
80603
13997
25913
20828
77858
66402
46087
4503
61324
14373
70801
15681
42090
85884
70579
7845
60850
30606
2569
71083
92128
67707
1980
40759
90809
21171
89203
29456
64624
5594
38598
61579
35944
64512
98759
13802
30914
61199
34657
8590
75572
5458
24272
17662
91343
11203
25507
52193
58161
44428
23276
50290
28487
41609
91049
35648
79132
96604
65105
60109
18551
3703
21688
54495
84567
20448
84649
31834
97999
19307
40424
73571
24765
81048
91233
32460
92251
33092
1006
50413
93872
24282
17055
22360
82243
8104
58008
61376
21061
39465
21485
39612
59521
59525
94107
44088
96325
78756
75922
94324
98063
32699
67895
39181
13747
75480
71641
22351
8572
72647
89116
18797
13282
6171
41157
11877
30627
15517
73253
51688
71335
11090
7652
30856
70616
1759
91296
66941
80516
83571
77618
94931
16270
45513
34112
46369
20994
22106
68720
45918
94753
57836
64715
24387
80359
22224
36265
27339
37742
25870
95379
9077
53313
3032
56285
23929
4791
63933
7222
1659
47504
1192
96591
80126
46706
47055
26496
84052
69161
11568
29970
80267
85757
11038
4654
66116
33262
40919
9807
87356
83142
21539
96433
36455
24571
69070
76736
45714
33004
310
47374
96860
1503
60317
76987
48209
23724
3483
32261
92886
15051
78583
73153
17160
89621
77807
99629
39236
35079
9436
26592
34573
30975
39378
71028
71898
8448
47764
17613
57804
64426
81339
54665
65929
58008
31652
14138
81732
51487
62751
74618
82890
57687
64123
51
47308
58283
99680
86544
9714
25468
29489
44287
56444
68867
15315
28342
93667
79431
62307
51472
43857
59998
6137
26139
18006
54141
40277
99739
21980
19381
90709
4870
77068
71185
21273
40728
29468
37305
43625
39182
62774
73114
83469
35570
41981
15136
80264
35648
10919
42572
3472
71128
2570
9609
97267
36929
80102
53897
53020
2082
89630
60081
23305
66698
31266
44578
7426
60734
81884
51051
99916
44658
40517
99737
96580
82498
31225
76844
34499
42144
35768
37971
13273
54691
63933
26892
91620
44035
80789
44640
46118
70419
4721
85775
53469
35988
30353
77248
13074
28589
44651
29343
73247
85169
29080
86179
84019
60306
63024
18518
2450
98792
56490
32075
53483
36775
75320
61455
80810
72461
22447
43280
42881
43521
29055
12702
95861
59409
89950
8935
87998
50954
38278
77598
36123
67359
80129
36494
44017
43153
55013
62819
58298
27855
11247
28133
64630
86567
89589
61792
59028
28388
5073
18261
71909
50480
47316
67770
26241
37266
93058
30592
4572
31336
8190
57047
15047
88319
93542
75416
47825
64907
38236
6123
92762
49483
50608
73744
52402
56549
35536
11430
84938
56961
46044
56847
7442
93360
40970
33683
46978
34028
64275
51551
81716
88817
8598
96764
93489
18492
72180
57666
83399
26768
80141
92513
92603
30749
66257
45005
87299
18146
72788
88589
75107
18832
61788
98901
28544
2758
48937
75522
53138
13212
43425
34855
18382
68376
47971
28223
86868
36503
85889
70268
63272
66030
62781
55875
13131
45391
881
16782
63537
90021
5371
54996
8853
83512
70250
53749
86270
19187
29271
39409
48751
89049
90616
83485
57425
38587
11708
60645
75090
13949
30913
54714
96331
10047
10590
9463
71790
27823
42597
51679
17844
64321
23027
43049
47833
93277
96798
50455
12464
42421
6216
61216
47822
96832
61053
5247
51771
72762
65893
26862
86711
13158
81576
99395
39557
8518
25210
11347
36341
67807
63026
70537
32128
86054
13586
96313
95683
26736
46769
8148
69158
52985
85716
16980
66170
46769
38580
17941
35883
4473
44803
38947
33983
42732
38342
73541
51250
63552
1240
3944
47711
80619
74481
79840
66673
88068
92505
78708
14804
39274
86856
314
8612
88924
33647
74782
52046
72227
92723
4281
93052
53879
43228
27035
96611
81570
16928
64213
61474
18169
68157
9186
98788
42639
5378
81813
47059
97883
60521
78215
53510
63730
94882
62122
69006
28529
53256
37404
17108
45979
41686
10160
99858
84914
53547
12821
82837
86828
77035
60663
4997
61544
69849
20137
20535
91579
18302
67594
5815
95175
62162
59325
58905
57044
37799
44264
1925
91055
81668
19033
53386
23354
45545
53245
24621
15444
82418
23810
2272
59453
84473
23621
20998
70675
43758
41533
62254
62060
25480
84421
57236
87642
43746
32493
61038
97897
76757
62963
5304
74778
98348
58691
14484
43893
28288
39105
59337
10706
62915
61610
70160
63741
85231
7510
34416
45342
49043
13022
23754
90875
97444
80990
78517
41190
29836
55907
55440
22945
35222
60744
97723
33570
35787
28560
93815
64075
67665
69505
91134
46933
31115
77646
10674
32698
85156
61442
94392
50551
74464
18147
41427
71908
15489
36296
29451
45325
8556
84891
84623
43778
61987
98698
93701
97775
27258
87516
78202
11276
57021
85688
74561
4488
63334
85235
53539
64842
63029
47931
31746
37493
66078
89525
9402
97920
42173
38853
43245
50729
40096
44220
10860
2083
42919
4561
16210
70177
8429
10765
97805
65451
96453
72366
86291
76140
73953
39830
40982
36982
4114
89080
74476
86544
78605
83878
84464
20779
39083
44062
87860
79179
88282
98720
81262
31201
19633
13825
17731
28063
24590
15536
9866
37395
87903
12509
13535
78208
52340
70870
15191
72806
59950
89667
59350
38556
89897
43815
75687
45332
4229
79899
24511
92511
94972
22125
40065
14605
35950
74148
59020
76892
89684
85238
14288
93939
97748
27823
72148
66440
15045
87339
39246
74996
93358
14948
29904
99607
58763
21943
44939
79344
1842
85802
88208
96814
7927
28273
27772
60230
2421
3144
53474
8457
4735
67762
2397
18835
11938
90897
85275
26983
94588
40873
18331
87946
55821
48235
3905
30937
86530
48844
10281
88373
34646
98489
1539
58925
43114
45663
35507
61887
48808
88982
70345
69895
73096
89094
88730
85034
96343
74005
28370
90931
31230
46701
95229
87051
11289
99134
17988
97819
64330
44622
2544
15328
59463
4084
74253
2578
66099
26113
64465
31259
15095
51162
1154
88191
56608
89884
89578
52951
80241
34300
43882
11471
97353
39111
14875
8642
54597
49215
22814
18927
93837
25358
34255
53301
45794
24861
72231
11894
67326
53048
43153
82421
4211
60660
86964
77171
50544
92894
30123
47138
27194
90357
74961
24548
45821
89836
49542
418
39052
72356
35698
32889
14067
86305
2542
59861
27518
74773
88107
94844
44174
47613
93617
64737
8273
96934
41908
75169
89828
72031
22307
17023
78741
97269
57923
24562
87105
7465
41332
42509
79822
93382
75399
10241
79688
94293
70102
23558
85419
58210
18403
29593
5823
28372
94330
30448
25306
36238
5617
31487
24622
44277
64862
3363
41546
22785
44277
45003
46602
1961
3865
42776
95344
95616
53017
91384
89909
23120
14942
75328
97682
49697
4921
19857
78070
15603
50305
19728
51842
72274
51215
92816
16551
32429
12531
74449
55214
73160
35805
1817
75121
39670
60945
86817
35286
13963
78201
25195
53435
9496
16876
51117
59193
38149
87326
53615
53753
53983
89696
21947
42609
40911
31115
59161
73341
59998
49962
44907
33158
85767
63076
24631
41789
24022
11449
77075
37985
89650
18623
91420
99146
51851
58889
74692
6352
62567
44659
60105
32902
34355
98404
75511
91619
45871
51024
64960
5869
987
26219
39027
3106
5648
80011
44896
29670
91460
38323
84007
97462
73298
91779
12961
25149
67020
87653
31502
29587
32312
7959
78841
83020
22716
54352
74639
84939
5377
55951
90809
22716
82170
46188
25822
87818
26199
87070
33840
34011
41746
17847
31474
15044
25978
44435
56546
92998
48440
4400
38937
97104
28711
17778
80124
67779
72131
54763
52719
93860
27066
59880
16576
9237
22420
58750
13407
64972
62173
63600
98983
3919
81447
30457
18963
23778
91244
91861
16776
56036
96261
72066
69493
41325
89844
65969
9104
78327
20733
61823
88539
47799
21703
5115
73388
44124
80218
3148
9096
42391
66748
24431
62662
64547
71241
97977
88325
62485
89839
21454
34874
2452
93520
4367
43777
83364
70336
52882
78044
7421
14705
66583
71573
52761
88051
61313
13237
68269
64461
22333
27012
47561
46764
89674
12109
34357
87651
434
96843
93842
21888
48069
96295
31760
68788
40072
15125
55476
9306
9521
62898
40364
76104
50823
93125
64155
12136
6362
48776
92950
45047
75788
40511
8163
81814
52620
42521
85818
69407
55716
79660
7647
3785
75955
39408
88925
32380
70885
44401
58038
80406
23651
98402
72862
74474
91527
37018
2963
14241
85794
95913
59288
77935
52776
83804
59749
21749
26325
45567
7508
98393
25228
15155
18530
17535
70915
7455
66267
58152
51856
24306
54910
75508
39060
27773
66334
30588
64791
69297
61181
66937
81562
20470
44872
50691
20626
4622
72440
63303
66541
79948
61696
8121
11455
80226
25657
98723
4033
8276
56875
55889
48934
11786
47749
87995
39559
14084
34935
20702
99733
96116
87639
97648
32938
32512
48339
53564
53486
20779
16867
20027
17079
94915
28149
28534
75141
70158
27257
95526
78434
485
51416
43721
28623
15517
31716
84534
45953
66651
5236
62039
79119
92875
59687
12058
41739
8026
65622
95225
45157
98842
31605
62236
93757
59754
7122
85251
29912
50732
80777
24698
51217
48545
68419
79840
80415
16487
64374
42720
99490
85962
4759
78610
95189
64446
90668
36929
72472
72642
48506
17629
87836
80111
96217
81594
39865
3340
83197
86129
54072
80326
27180
21641
28872
11951
1481
25639
28439
82207
68359
27929
84521
73119
22891
79710
53917
13559
16639
26390
2554
65146
60371
90390
61609
72941
88336
17827
76281
87885
3956
30353
68212
31136
51994
13436
43088
69827
55427
87879
68386
23786
32160
52907
96905
55052
32617
50823
84963
65609
93565
3869
47107
70288
94260
8716
43229
98948
26543
35862
3186
46852
82567
71398
94340
50913
1186
53780
20740
56613
41659
5478
96751
90172
74737
93657
45224
7355
60832
30187
89316
70749
34057
36423
57389
44669
61491
16971
59969
88035
52833
63155
51239
51753
50905
45579
2666
68443
99360
39759
25056
57371
45237
21808
47543
19975
31817
92767
43682
9001
39307
32998
96102
89716
85773
69843
50737
47264
86814
27058
51651
56000
90214
2890
7753
57471
64822
26771
25915
64182
66530
67323
37905
11768
5483
85449
48095
53652
94568
8129
79005
50227
41127
75107
56295
43252
44951
7032
90516
48117
34091
58520
4117
40657
61410
28222
98128
26232
54994
40395
6766
21524
24071
61024
49644
29554
46473
14091
83207
57393
22220
62212
23973
79699
53672
80268
22951
14975
3653
29820
63092
37744
88340
83562
94753
66102
11784
9233
8687
83130
49629
31805
21007
73700
92829
70651
19606
55654
1095
19165
29400
39667
97730
53373
19367
51402
33641
58670
66377
37294
4842
45821
91390
9534
29383
2495
91989
57520
11729
676
40650
77710
48833
61657
67762
58015
48661
87368
13669
49756
22886
43069
89423
20616
12794
25142
88370
46436
165
54747
82
21359
16920
7825
30894
46304
26672
39235
3824
54753
39911
44474
32463
5096
22484
16577
63111
71145
3946
76781
20901
43184
36202
26676
63800
48997
68171
52170
11785
68336
23269
28219
6047
40189
52396
36941
86493
79069
76176
6669
33822
32439
67496
82638
53888
89980
99215
16999
61125
19513
10132
98378
62697
62687
41406
26497
11684
9577
95019
39821
94265
18288
84392
313
58478
36789
53606
61323
32210
46135
67993
82384
94926
51841
65022
48814
41821
80590
65814
19298
103
92298
34028
79153
54985
75434
5650
83021
1364
17022
22842
95629
35310
7235
12294
10140
60376
65901
71464
92586
28388
55809
74970
23314
7650
56345
72129
65823
36935
54295
85121
53390
46593
19149
32543
17931
10935
54546
952
12299
71568
40147
24281
6878
63734
36575
17019
24110
18828
4835
33048
47216
60644
8018
70531
84646
80715
42660
50469
17650
13307
51942
71041
76252
71091
19936
10535
98378
74482
11488
10678
46050
67987
34959
69281
31721
87886
86300
55831
6715
91135
88879
53931
68131
13249
24462
52777
93965
83474
19598
27967
13133
71540
15360
89386
58983
35297
99921
57361
9779
27761
68039
72182
95748
19350
41463
27469
7237
27763
99652
13952
35250
88531
67883
19733
1781
8698
72510
12098
92172
8460
40065
5306
80000
71778
11044
38983
7075
27317
96344
33206
55079
80736
5388
67179
16438
46851
94649
23675
90966
94301
53979
42568
99185
38215
62301
17318
63265
51163
29416
55437
59623
85833
77095
39623
57611
4491
94958
64686
31809
7655
14245
3240
88391
19633
70419
21181
82837
81420
61209
90155
75722
15188
32724
91259
69755
11377
8577
33020
62541
54345
4810
38516
40178
98257
94492
14142
2749
89450
95180
50910
13457
9425
70502
18200
45411
40921
39382
28248
38694
591
18403
14416
32131
67479
22027
1887
78857
30604
51259
57750
84949
72421
96266
25127
70679
90758
39269
89780
96561
34450
57042
10018
60227
27544
28219
5638
84817
83953
33886
39863
84544
68642
70631
16675
52473
92658
34914
31330
23262
2526
89080
8211
74947
1699
49691
61978
8809
5312
68110
21722
56114
25152
31741
16342
69048
76312
21980
70218
60265
72219
10081
61161
57213
80713
94188
9686
89723
45455
41017
12986
47981
46449
37549
39280
64500
87240
17611
73310
92553
85721
95032
65019
27226
43125
81361
12626
35789
19694
99196
12406
8265
25630
73567
65478
22695
67756
75164
12418
13211
32533
25404
77544
95335
62954
16824
59835
66546
34435
49497
75451
36509
60882
40471
63735
20359
38184
76361
56149
74230
91910
68555
82495
17540
42123
47973
40235
26231
39490
52653
39442
72023
94410
16986
83710
73716
50162
43546
40262
84598
9395
15714
37459
70277
56185
1194
90637
10721
93907
63138
84952
85817
48045
67447
19709
90168
31773
76296
32751
71263
45302
72193
59638
39712
5531
59701
13428
72046
3247
70042
72996
28994
85756
10455
15624
58293
11649
22613
69015
21908
85751
70319
24078
33796
37766
43787
40317
85891
20084
73068
57154
65386
61614
33145
21450
83497
92846
51230
55543
12445
21272
28539
57791
7029
38994
73415
81674
66995
96028
67041
88904
98131
37360
29334
31928
91479
73121
88597
77370
9557
61665
50877
91295
39631
374
12745
23129
9572
80327
78672
22017
1600
7212
79808
24981
46206
69576
6655
29554
65604
90049
18458
63736
27409
47792
12016
35240
37265
613
12611
63175
78630
79840
54470
18262
80214
83568
41391
89786
63895
36415
28155
81847
43627
24315
6828
6186
93891
13484
52092
75848
3533
70550
55936
47294
34694
84304
82535
88311
84917
11498
51486
79899
91338
22309
14513
71552
22229
55904
77690
86124
8672
5845
67972
68651
30160
91152
91189
40404
4636
43281
32604
24521
30183
88540
88168
81229
72844
70703
69541
74113
82201
37379
54012
73539
59688
84878
61443
81917
57134
39133
84394
65806
61330
68718
34458
7842
59870
25647
48246
80859
85281
80850
21732
15464
85742
9900
96694
58586
96955
66235
49051
95508
3614
19416
69047
79655
4294
46842
61572
61428
2327
62318
27235
63657
31036
78045
87852
7259
20044
36098
4470
5325
33301
26202
20790
19043
52455
17484
93982
49410
71
59385
44919
20037
78801
30318
99692
83095
93513
77617
60876
95840
39935
4463
75850
87324
82508
63702
10935
2552
16152
15405
24230
49453
57959
45020
84849
10414
78856
95183
76177
95279
54568
37448
15316
33370
67766
31361
32817
77631
8978
10045
73472
65265
14508
65674
68941
13368
29376
79876
32273
45528
11633
56503
11334
69593
17875
12535
80007
96731
7718
72536
8362
62286
9984
23678
12008
77751
71391
61178
55382
80369
71223
45206
61987
2084
10880
30928
15452
56608
10805
47725
18489
38790
4228
29823
8383
22103
42358
4743
35186
66428
77279
43548
45066
87264
83579
57075
81367
54970
34605
53101
51692
5828
98308
13679
7912
25540
44607
39717
82149
71764
87442
638
10555
8023
46813
35290
30126
5523
40033
81665
71951
17313
25213
17017
20929
25144
90444
2296
80115
25049
55397
31807
47230
70057
45486
55142
95598
6445
11211
94099
94562
98654
11089
21469
6677
57902
56759
53155
63425
96793
34820
35376
30458
76386
68745
51387
1530
59190
70035
97997
84239
41784
29804
31469
11842
91642
2964
23792
14440
14175
34243
9002
29181
45332
30471
35858
3234
87230
5366
83011
375
56538
18387
30833
32924
3484
98572
50807
62674
68607
48804
63266
10392
94961
94735
22234
2955
14051
62378
17395
44579
96621
42749
73760
41953
73220
25971
61539
76803
47689
44550
77178
4227
79289
8012
53504
82773
6584
4311
45448
91544
69467
8714
1936
80780
19801
40522
88
33853
2900
17483
94784
15873
60233
68544
57826
49805
10867
19365
26608
58556
80267
20139
62784
59556
28151
16288
42329
51087
36951
87777
58983
22770
96491
60919
3551
32645
1441
3639
82850
20693
37474
77634
36566
14059
62530
10744
63865
73398
46461
6825
48306
26728
26964
27442
86284
71467
60082
28614
38907
97033
32743
97890
19804
45587
75162
39707
78232
92955
59698
61082
13649
97172
55068
66567
27584
17598
93664
7801
7348
40125
14626
72007
83206
57943
99449
85842
45762
59532
14456
84669
72917
63552
98912
9073
9139
74074
65132
3723
67029
24830
81157
97030
38355
36225
79950
65939
53823
73614
73740
77524
30091
4718
49531
13297
79013
48980
99140
24776
24864
29948
25797
14134
9852
41061
23207
18991
15135
88340
22714
98517
29522
3871
95547
67877
56448
91849
33816
26624
65463
23908
4148
11907
44979
53679
41556
23992
19011
57048
65120
60228
3349
90918
74362
13201
31979
13921
32193
63467
18613
71259
61984
48136
91483
73883
16013
47931
65733
66182
74555
47548
90090
95055
75807
35069
65086
17364
75414
450
90764
40534
60678
94113
47804
51392
7315
96136
81665
55860
75955
279
43471
37939
48415
34954
28174
80780
99238
10259
46962
90145
74160
53405
85201
49967
4826
50287
83683
80240
67089
74448
37127
27767
68561
1283
95511
92228
97419
77177
48088
73374
77456
91560
27665
25871
42866
55840
6651
58456
82451
69966
64954
56611
23371
50155
6579
28197
16794
6614
8438
83884
81062
61917
28003
65976
63200
23515
58204
60620
692
22645
50346
94500
30557
78012
36723
89775
50204
59726
48232
32655
29692
13186
5619
53063
79693
28550
81261
12839
35164
6051
13075
32579
67968
41079
98555
31168
80946
73111
8140
97990
12108
74839
92490
42665
52851
29213
32441
19407
88939
97025
68414
34984
26563
74033
88047
6256
2583
85660
35447
54100
91711
48523
86679
76031
5954
1586
23552
86900
74697
31692
1242
3158
6531
93732
45823
75734
39297
94616
11493
44588
7993
79908
95924
34556
70293
83972
57164
89229
85984
92612
43329
77696
57487
30008
70079
63441
47946
93631
66693
38995
41676
67935
42153
64559
78019
4329
56646
33668
15297
68139
94608
23291
64399
90533
74199
34693
90857
47716
23922
76841
56680
67251
70889
14167
13611
40969
93960
61557
34600
60653
16904
92628
44940
59058
57188
22959
63387
13834
72979
78684
81973
67587
18327
46373
74472
8879
97418
81681
56595
21340
58523
13275
4943
29412
43794
34906
86733
37754
96463
21334
14759
13367
13962
59699
88777
87502
99010
52164
1336
71989
47201
99662
55928
81880
46035
46753
90759
43453
28434
47354
81145
86957
76981
86088
32722
20775
20994
19455
58529
33809
57141
89640
63528
87456
49339
52306
74958
48349
20822
92647
36690
84375
92309
92619
66256
38344
55724
57015
98149
84158
20722
79294
87468
97703
81734
20190
18479
19080
55997
93360
69241
13139
83001
32769
16947
48692
1427
91905
97042
38602
84552
33732
22977
93213
42703
5585
31557
98427
62601
46058
98938
83323
41704
86406
97378
23438
6596
32209
58870
62593
25570
28111
92084
24923
60881
9031
73615
78660
17289
87009
17262
18193
37094
56592
11407
96149
62177
59316
94577
41130
21727
9867
40805
63431
96273
38184
3222
19221
70393
62092
98166
12315
90204
90251
53590
67437
15634
27206
62449
49275
30567
96064
67469
67661
69008
95228
63811
31185
54544
74740
88668
92623
84607
45825
56055
97232
361
59277
16453
87107
37721
14619
99422
44277
21222
69365
28066
53209
96571
90516
2484
43490
2932
69953
11152
71940
81533
74963
19477
52430
66055
8145
45053
50662
70323
1108
47894
70684
76737
80699
57791
30811
11670
73566
75088
32893
42931
3155
86102
55854
10023
88586
99344
12955
74892
10496
1247
72777
1811
20724
25207
67866
45222
70261
34880
15545
87721
99126
2581
80811
96177
60373
11622
7848
50291
3062
40741
93222
6217
43195
65428
32592
31781
81124
61899
23025
91621
63146
95803
9784
83871
37362
94003
29093
23975
45235
60990
11697
44362
63571
8860
40539
40296
20482
48387
90587
23544
5480
161
46114
48675
65589
78706
96809
46714
40606
36186
54687
20104
31989
80823
3975
85704
91178
49420
9679
36414
10410
37728
97128
73982
46588
37667
30630
83422
2407
21218
23319
24239
21379
85785
89267
3321
80843
86076
66387
37801
22262
37426
57906
70604
18249
61881
56308
9428
11302
82339
45842
38064
20068
42970
28398
66656
96989
59029
66431
15748
80247
89750
39988
17978
75535
45607
21299
56378
31683
4038
94180
70297
41464
52086
57253
59714
30319
29913
85494
41621
12253
47688
96038
32321
90658
24436
15329
3999
83465
81760
36100
80064
87862
92440
98043
63397
38047
35694
36128
69730
39733
46660
56379
81197
98746
29985
57263
29065
59898
42757
87039
88503
90445
83077
20824
97455
23865
52506
17807
7331
50618
53907
87395
38481
46347
1790
18230
84394
37485
70710
70476
77218
17370
43207
74767
16116
73192
32031
61534
33091
91140
64925
21594
81586
64354
58771
95393
88219
27629
13200
95550
78247
67107
99298
33080
29806
1088
67663
30552
38573
38373
1028
32143
55744
60588
6911
88212
33780
55294
49746
83223
46434
31023
21170
44372
95377
96293
39766
83597
23922
69318
95499
18521
52778
94797
67954
82584
12238
35617
29489
50811
90342
46869
99307
46086
7457
6218
34299
41238
77864
397
40813
24298
31421
61983
85023
43150
74628
24789
26747
98550
10459
38599
33424
63237
49748
17730
62174
61986
69699
91663
29150
60041
38532
28457
6128
62342
51027
56779
19932
28891
57176
60745
53189
4949
39081
38212
48100
13709
79353
91199
28612
6165
29798
62036
69402
79547
96118
47928
57885
65817
39591
87035
25858
94476
15492
48338
56818
66519
5117
93102
95410
78646
53847
64952
83595
9280
19516
48047
22990
15222
39247
51602
21387
85397
29990
7141
81296
42460
55070
39182
8277
11013
26217
34135
5489
41710
82474
78659
24581
3943
88113
19992
82589
41961
1296
82537
67593
37164
46936
90583
52386
2535
58537
90125
87933
4879
97267
85581
47339
52337
24763
55616
63350
67333
6104
85192
9043
4930
80203
49976
8873
68317
86320
7815
26630
87616
90352
94223
41133
53640
1159
93519
56176
76048
99997
60461
80928
97264
46042
44619
65953
70806
16588
29303
54491
39044
30847
79886
43974
11051
29862
69199
95720
16183
77014
22350
20151
83718
32925
61284
37359
34084
71156
93535
10133
71153
70348
7413
84769
16390
52032
50722
3548
84972
96377
58039
24016
27225
37925
84342
54628
67788
53542
50348
323
30556
89050
20474
14275
21975
98111
67986
56060
69267
77873
82545
56772
48221
89958
41541
64611
58342
92263
84512
43315
4992
42551
83683
32217
80477
68026
3197
64617
37920
69897
64940
68476
58947
85414
99103
80923
83525
83441
53335
69144
61314
35880
25916
25887
25838
83809
6851
532
92424
91363
43847
97417
33914
43883
45986
30743
28261
49184
95360
66181
19081
60300
51009
94381
62067
50113
75304
61944
33554
44991
31089
11221
80871
73357
37108
23061
57167
43959
23593
49591
51674
83793
63360
85589
27676
9347
16332
72289
74883
28045
38470
93964
4697
89479
4697
66764
55944
96353
45061
5851
41344
92502
33424
22215
82211
70532
45276
39378
30844
68870
5322
82518
52663
68682
84459
96691
94381
17144
68980
69264
45189
23802
79581
49886
13281
84278
33003
85578
80632
94416
91429
21976
86918
41205
60544
69129
11737
22172
24860
58933
7394
46534
57804
60057
31568
58615
73100
25950
75759
58432
95214
37300
82234
74795
3539
11868
75426
36542
97446
56058
30958
5227
94386
34228
46432
71282
19709
74521
93455
60921
49807
849
7455
23963
77259
39024
82578
66711
64974
74690
25144
76540
11990
7378
51336
15529
19246
26762
68423
33044
99172
15733
38271
9910
49961
1055
81193
86023
91929
91000
46944
41736
8201
54400
65699
85460
9776
64629
68524
91102
55671
93668
67642
67662
1046
35330
99543
36645
78444
67967
69689
93968
83700
24313
3879
50014
25368
1424
36037
33649
92424
99333
75385
625
70085
57436
2438
79861
38418
70962
87315
94089
80982
71310
78103
82028
22992
77647
18673
1437
61966
4715
11757
45666
29028
15636
12032
70748
33412
64421
4398
42188
80107
96135
42814
50192
53572
61604
46406
8342
48918
33721
2431
29900
5031
80535
28280
28024
58182
63306
45813
20148
68021
57570
82166
13401
89559
10551
501
39323
91324
21251
81512
71431
17387
40678
21624
87311
2282
68030
95653
67552
18103
14436
13804
39487
94971
42084
83863
69505
21742
29676
6005
6115
3598
4524
19516
9509
15075
36370
48833
22751
57621
30345
94183
91360
71023
32159
78671
89657
16541
90676
57209
34644
5113
87365
74131
16436
45801
74346
85942
67544
4022
91947
73659
23973
12823
9528
33482
44250
45898
82315
67002
19871
29012
77537
11232
35
9696
6255
89692
26237
96932
63253
77233
2045
66970
67717
18481
12772
42063
20775
80316
62438
29075
70327
86411
41898
96207
36245
86149
58457
34913
69503
78329
63925
47040
5913
80313
56736
12168
86357
99325
9100
65963
92910
27497
32933
60627
45979
45705
19043
83106
42373
97833
12181
12701
84244
54080
25260
36841
56581
83718
71754
26084
78399
52032
73124
84312
48697
46212
96480
35054
61889
21933
1017
54799
49430
33951
31779
11761
96008
67174
94868
38382
65007
7049
67435
65603
61129
92695
2444
17710
76413
90551
60146
54812
42583
33270
39124
91280
79482
51957
42686
41371
73890
43704
12523
23320
94007
44302
35082
90015
11476
46302
44749
92835
53351
12184
58438
30833
4880
60882
64895
97645
67785
25042
68810
10368
74664
7934
18000
54147
76243
77039
11870
50133
37095
40745
89806
31102
1399
41240
37469
29227
87542
82219
22062
57245
10755
80500
88078
15635
41383
52974
29633
9168
94368
98443
35889
69032
22729
70241
39531
98973
63632
51402
65458
727
8499
71616
48181
9899
12856
2003
39126
16750
84222
61189
73996
94977
41689
62074
26965
99424
31400
72950
24945
25768
71393
77186
94801
94122
63779
34332
9447
27412
2086
91258
28139
10586
62874
92673
20485
92083
94676
75963
8833
78898
37152
82829
90227
95194
61256
33544
94618
92656
6494
19563
34777
94239
96749
29578
4714
60529
80262
30513
4293
82349
21771
32432
9287
84646
41457
46124
93081
36133
22087
1914
31383
75592
1096
37963
70786
62352
71507
65404
71360
94354
1320
6137
4945
14421
52067
9659
91302
32330
56525
95595
31031
78296
44380
40318
79294
85837
2794
72375
38323
41233
74290
69706
16825
91738
7669
87611
54090
95529
69368
41802
6235
87040
47940
11180
1461
7
37192
9116
48689
93717
4711
79720
72013
65443
36390
67660
67633
55536
40035
5956
96770
30677
75662
13595
22415
99684
17559
92857
95213
86927
34660
1448
73967
98952
28980
91780
98959
82524
896
47649
76241
21960
43721
64607
87403
96464
32267
71388
52000
88654
77344
48770
35684
69359
78718
74451
69043
12629
67309
80608
99556
18321
98408
89875
17273
43740
98007
32584
26265
15256
96585
2506
37216
56659
83465
40971
53123
32084
12360
21475
37091
6056
86598
72775
75415
65316
63578
60810
77945
47239
57770
93853
65560
56178
80
99185
16271
14439
31770
42536
29695
44707
61394
66911
1366
44860
7883
54489
93296
36595
75965
30387
42651
78915
19514
34419
44231
83093
11581
38528
30332
85704
48733
12245
58234
65165
11430
74505
79604
59552
17041
9300
4260
78436
76211
5626
39648
446
60116
32944
53393
52433
79684
96045
31348
99198
46816
91931
82291
74749
46811
12624
60453
95544
24869
18688
60709
52651
93193
56665
12204
26587
65965
16464
21375
58529
22090
61023
58975
98558
10319
12369
67343
90003
24766
15043
89202
87934
6974
71493
62683
70137
469
39489
65681
41690
74529
42742
10694
84074
99408
22898
10661
81725
55714
32036
40254
77804
9411
99230
92715
19731
27951
60058
9734
69069
91454
15288
73355
98428
3134
36038
84918
19955
91879
66951
61646
66408
9694
88692
50483
25454
11590
77496
7179
67304
25885
63786
61460
35296
79368
70527
71379
7319
30586
97466
92740
22040
12754
66095
36820
15888
18485
38090
35844
26717
5042
13842
93125
31088
2534
59960
56542
30476
53809
80073
14132
96046
43859
75592
47694
39579
46120
19074
63250
93058
16540
55990
31450
45646
38437
84622
77887
56923
22713
13731
83640
27755
43925
93117
58843
62811
69430
31737
93287
23239
28162
7419
35637
88374
99363
83331
27953
61835
2405
91204
54893
35297
47194
2695
97296
85632
87318
75183
58907
26383
5266
58899
54138
49191
52016
29333
28354
37798
61070
21641
77389
89232
45412
13026
77606
61127
96358
21912
22963
15115
13116
77856
50413
60310
96904
47709
62294
84222
39244
37553
26957
44510
96452
81095
10053
64821
26780
38407
2619
4202
76400
80009
9786
38164
9387
3745
99291
5745
25657
22254
20861
38773
16463
87626
15435
13367
51687
77730
13941
90931
15283
40898
35441
28088
38345
61846
92909
65125
16605
95528
69327
93005
91889
79113
47521
17629
99210
46812
23374
24867
85419
60587
63640
1882
48213
79076
31601
16252
73158
45542
7183
4793
86440
58976
32881
41137
20822
25790
6262
37427
37671
91941
46784
45912
87406
94305
63541
86617
57470
3268
11484
42889
63855
91477
44771
28421
86905
76372
44673
60063
38266
51857
81208
41058
27185
14090
82195
48008
56232
4809
1787
10255
96750
48572
56168
508
59229
36061
3477
16699
39329
14962
59588
19537
22791
4359
47958
9696
97083
8983
86111
35349
77192
67319
92759
4378
97761
74954
68738
70346
79763
70525
80601
92865
35449
53121
9726
94679
5535
13203
11378
44864
44517
70967
80753
67308
91678
45063
93356
5114
54047
79467
56815
31239
63139
49575
51969
77252
24529
20707
47598
20645
91233
44552
29862
26682
14025
39588
37713
19560
52792
49092
80777
97309
20059
61530
80970
28089
6594
74326
33203
60641
70146
90019
8232
49637
39594
76554
43241
80475
97261
7192
17472
4846
51744
47335
47881
82121
86923
85594
1682
56067
51038
82459
69729
71097
60341
50699
15539
66935
41377
48742
43928
27875
55113
68513
93864
11059
45067
37106
91535
58680
44298
9007
63527
12394
72694
27760
94515
75970
29706
12549
32037
80745
11360
18118
68194
71702
85169
83733
54989
26547
48828
98918
70774
3941
83783
64639
15001
28850
18097
22888
87530
78747
31895
67409
91141
20942
11521
85656
96912
41228
14558
45301
21973
25918
63420
90167
97620
48589
73901
52610
91488
22729
67880
62263
43022
51663
43254
58023
80513
77703
97263
84395
56450
45511
68157
47591
66453
96030
49599
63365
37258
64157
25018
75583
6428
88438
65751
4048
37028
56004
73010
44868
95085
40890
23483
38107
92553
66737
12483
89418
60792
9746
90166
17242
71609
74675
64833
38062
70705
30785
17779
24316
11294
42798
99899
17722
31236
82002
38123
84616
38006
11133
29485
49443
52024
52968
3903
60929
36058
32738
66700
96850
42484
73218
14093
30446
64245
95278
68508
51302
42415
86288
75618
53710
29086
75518
87784
76674
73872
25907
61291
11879
37041
7128
77674
5417
76448
81577
82698
28858
14315
49398
42061
73152
38968
72506
3598
3213
67784
72106
54516
26552
74746
46486
80262
20184
38356
68046
96859
12229
10306
74502
40460
47347
97982
18134
52764
74430
99712
35462
19641
30379
1213
61702
3531
56533
34208
7129
59747
18344
95588
30615
44896
70334
77101
41510
6871
31810
25909
3730
44039
36215
94584
84499
83562
92566
18985
52678
83348
35049
4492
2989
65429
5705
81043
68960
78591
15251
92442
38338
33596
88030
85305
78492
74716
78758
36355
81587
10568
62264
1669
70959
98479
96253
71810
98393
5171
90796
51071
4872
25845
55563
24213
7626
77621
5257
76587
56212
20508
69029
10902
70456
73411
12559
65301
64479
91317
1656
46067
18238
63920
64088
5549
78751
76694
77360
77144
81865
84508
28215
3089
26705
130
43655
34332
77751
48912
27271
50315
85772
12652
61217
72581
86063
90128
37882
66894
81446
39538
12961
16036
19810
93402
37937
98561
70096
15297
75705
68313
16157
20272
71403
59215
20402
15058
93547
14506
80322
37170
64821
82446
49822
42391
55027
52237
32519
92909
19131
30317
32447
48445
46353
68609
41847
84291
67170
28295
15940
42875
96608
48450
79499
84363
7665
99902
15773
17564
14408
96095
71086
95581
94894
20908
37972
49921
89497
70492
42831
24980
809
91630
89777
63515
60240
47976
64158
43762
76271
96450
2990
89232
61252
82489
73595
68917
82391
5721
2833
13151
18168
73919
8733
13062
11179
63057
62984
17028
33549
22167
58361
50711
13797
48138
30578
90389
12467
94736
34152
5090
7538
37142
94322
68791
19631
84270
54060
18375
6343
56894
31526
24511
47165
56611
37574
58345
19669
16910
91725
69570
39077
50086
36633
69226
14577
67211
59616
27044
78299
10120
32134
85838
63614
42809
70981
99597
43431
25041
17972
49774
98287
65851
74285
45453
38814
28211
20150
74835
45121
28227
44406
84198
78314
81039
69777
92891
64603
45745
36287
42902
55865
68421
45092
35831
27582
32425
35428
71013
57467
69753
37139
72106
51956
11425
33911
7122
55988
70413
81958
1110
98641
42716
1660
76955
40107
71437
86198
4710
33534
22485
63965
89399
7258
9057
41582
34841
41483
93363
22206
15302
63116
59346
3760
31424
87123
54024
38546
43111
24437
36856
60573
23078
79572
62234
16385
19680
50023
18935
40742
83558
41420
4707
89309
65031
30117
30892
16224
87952
40607
38430
19606
3723
14128
23366
51499
1251
77390
6397
60715
18180
43254
21288
57610
22826
99874
73996
58858
66250
9283
15953
49808
67056
20660
55469
32087
50777
2713
64663
55081
43320
3093
74687
63395
33574
98054
14894
51177
91796
37644
11892
9976
80898
49533
83939
20076
49407
74287
95287
15657
83570
11240
81817
50626
31900
53639
99065
99030
72704
63728
54111
16025
83174
28799
95772
33100
43205
27019
84277
51353
64663
12522
77682
45561
62055
61621
81989
11462
35908
77276
43472
19478
88516
41641
86457
20417
11632
1874
35799
84337
81955
89910
16714
81481
35061
12486
14581
78266
55857
98858
29620
20520
11380
23654
82433
89787
85275
64423
17602
37535
58051
61074
57013
46568
19067
59822
83337
30700
78049
19136
15037
60004
9046
31751
41485
60460
60589
56066
38726
16447
71276
84698
53319
99009
24704
35753
88796
9979
16528
6398
47514
74579
83824
20880
21147
2892
97054
4484
49944
75103
39972
81333
51459
65371
13084
92944
25831
90025
65362
64557
6472
36639
65608
76144
52000
90312
11897
40796
16644
44777
63547
64158
19356
47371
1390
56856
66615
14797
77692
16559
89900
17665
97892
41360
83036
27328
50656
8867
33706
16019
89776
56530
69010
71736
32674
21010
78401
44571
61806
95045
89348
25353
75555
25057
89077
93298
81913
55692
8095
59605
88604
97995
93622
86496
55707
76658
30177
6364
1877
63883
38735
8006
20413
7745
79742
53088
28755
58143
14011
6913
69540
19712
48619
61448
44769
54048
54746
43034
9740
62841
18991
98344
77188
12614
1193
32896
5624
47722
55612
23854
11605
94347
31860
48370
2092
27954
17810
47199
2450
31822
54112
88342
51534
19083
49790
12655
73131
4536
72041
99224
67377
91032
13920
44566
19998
15113
93814
25623
62835
49426
65829
90792
43773
97689
39163
45865
41995
56973
9416
44445
5147
63528
32788
73033
98964
82578
85688
88447
3467
57729
87671
70844
65114
1592
31762
85112
33057
25576
10735
95893
75002
92916
3037
35127
90605
42200
97344
48953
15526
6760
93398
20673
86641
42538
93707
85605
41469
95747
74052
44936
69829
78076
32132
34943
79668
80247
20055
29077
5823
47143
24970
97178
40059
44360
48657
47017
2912
46002
95970
18438
52762
5720
55464
39403
64611
65523
41360
6080
77622
31765
67368
47451
9841
15852
82394
5861
96099
2450
34938
18275
49593
76261
31805
6004
20621
80462
53021
23533
26464
48991
58324
79227
54712
30140
34982
19323
12015
76343
41755
89637
24460
25475
37089
34301
41327
19483
40162
53779
38285
91452
72054
4230
67713
3859
10235
88334
84321
63256
28220
10786
28600
2896
6365
99664
33036
57699
35339
61403
50394
77094
51040
74854
18921
88129
9155
60248
7613
65669
14027
62250
57122
2433
66481
24835
6292
76716
29522
90614
56324
74094
17752
84924
93342
40469
84588
42730
98168
19927
4133
48563
13373
55173
23417
32294
43303
48925
8895
67268
14594
39274
29518
71716
41708
12351
12904
48000
5419
58778
54966
61744
49224
89070
63020
42566
29539
63961
85296
27708
240
89429
92623
13614
44602
16040
62260
4257
64965
71155
71525
95912
26782
17396
83980
68490
29747
96884
16490
35167
72014
71457
13263
21238
76879
76283
63804
6419
56596
49100
50479
56837
54881
43102
86803
15836
75494
65415
20093
56812
36571
7971
52724
63353
41719
53056
48195
87818
49941
64685
39337
21955
52494
52600
59546
29374
45236
23350
52145
1832
88803
2624
75021
43684
62078
61824
59520
37572
27240
95966
10736
80163
3937
79812
59868
45656
32869
8063
49826
99162
89100
89164
37469
41595
58116
97015
87321
3352
36718
39466
21537
25521
58442
96558
69205
20520
74735
45078
74444
1975
41044
85181
82138
61333
81345
58358
23341
14214
66421
73167
29728
71873
78683
67198
29820
36800
80565
17141
56504
17283
72959
78041
42804
31401
90952
28362
51921
65687
73440
42718
67662
30836
27899
66152
8521
9244
40862
31862
39811
23635
21381
69539
95508
65
53089
25329
36865
33655
58822
93369
50938
31782
71411
93743
63183
78715
22105
31457
44402
11897
74175
28416
59085
18426
94568
67606
44022
35430
15820
83833
75417
37201
69725
70925
37266
22814
96254
74131
56469
55077
83853
7408
3211
71616
17503
82746
50331
55960
14203
94733
84209
4730
23149
43294
39508
34069
27252
83531
85851
43072
67364
61268
80273
53441
32193
33892
76256
44800
8023
32725
16229
91876
56485
19440
63492
73988
2186
30175
29948
32742
24908
14157
53824
