83848
51961
30528
144
148
83425
13696
25524
36885
84300
78400
18103
16852
68996
27782
80356
35328
64885
60985
6770
96911
83736
56310
13329
13910
69763
1802
25804
85422
74819
90553
69271
43133
21082
85767
59633
20859
15816
85157
57744
116
79910
92199
16968
48906
19981
13677
587
1218
74662
23709
98130
58399
80020
27811
88661
49783
45965
30818
51557
37137
21371
37180
80270
58805
22948
39903
79665
38764
41413
37409
55232
21323
45961
88553
86581
65942
2230
87168
67161
76892
10878
81643
51643
90898
9454
56657
57033
71771
87475
24942
8908
25198
62123
89178
356
1423
29082
96373
56539
86847
50134
11771
24522
96095
324
11103
78390
2554
14624
45551
95799
25502
43546
63794
32752
53000
20451
6137
24771
24278
31079
50032
65829
93202
39210
66185
94625
84644
78910
51164
71491
29044
79288
96013
25140
79612
23469
3530
98519
38093
65433
94318
79947
8979
74464
12699
78331
94916
18836
19454
19194
49915
69486
1375
59470
25049
67560
70447
9693
62822
37964
97537
91867
17252
9902
33359
96864
33371
53241
11735
87816
35026
22405
67763
60357
96870
96814
38688
91786
15650
74494
27332
81918
60333
45060
57740
85382
12620
28187
95075
91795
66151
8964
83662
99755
18867
33373
96620
68590
86614
24707
56407
37992
47113
40522
98349
43983
37337
53389
52121
69339
27883
95805
51257
4568
40865
25349
89950
69838
53537
1378
61633
36040
10342
61647
35796
45561
95020
48768
14152
97986
73475
70559
35978
36940
11081
34327
97275
64770
87716
49396
34110
31951
45202
1719
36520
2419
27069
26470
72257
96958
27848
33890
32998
54543
95537
85146
104
6909
50266
14256
4895
40094
1167
40873
77034
28601
75200
74310
93371
79268
23706
27481
11220
85260
29201
47740
87680
72622
90562
76289
69580
34763
10180
18930
89306
22069
4077
5762
28979
54343
36371
33874
94437
37538
91100
87824
82491
66300
62134
75863
45569
2192
19696
73141
3805
65249
20881
7837
37871
27795
84126
7451
62558
10658
26382
68216
32728
46811
90331
78059
17506
26702
28285
28296
80592
19385
16120
63084
2038
78254
55299
47607
96798
91347
20748
603
56597
57981
24792
10820
85776
8919
34624
64687
19577
61006
49255
68657
24169
39586
46716
41675
66288
91354
69971
63233
10739
86091
42669
12777
80697
14320
76736
93848
5667
13836
10803
78616
71817
35596
89437
73946
44515
24061
54985
64092
1419
4240
49102
41940
43827
95818
83615
26467
87172
69939
89700
14264
72382
48721
43393
53080
63041
20130
63280
68709
33966
74083
63677
22136
26031
53114
96082
70546
93527
67419
50991
94946
71659
93
36886
31838
12263
36854
58306
15788
6793
64358
30052
79175
29432
89797
48607
92473
9927
28239
77534
60246
18675
41212
82382
44706
10678
94816
15253
4206
78587
82596
15504
50246
82689
68743
98437
11304
5597
73095
27092
28742
37453
73496
24269
83237
63294
89229
75711
89573
33820
53245
66171
52495
10809
64905
97202
21488
76073
12455
25694
54660
11403
41198
4907
10444
26293
3344
21748
48242
76439
48841
93336
30244
38689
17606
13482
18335
23187
5545
7909
57007
75142
74080
9503
85952
55338
6705
7440
31411
35512
49486
86072
63267
90684
7331
73711
33330
27027
95459
81572
19818
60652
74909
66414
99342
8867
96248
17677
48406
1793
41938
5413
76936
32371
31268
79240
87709
54325
86680
19120
6189
36166
21544
69456
43202
28875
43167
76532
55902
38627
74457
75720
99279
65718
42135
14973
74585
54735
32651
22991
56529
90941
44756
49817
23312
92377
29057
27373
46702
15737
62846
69244
68255
84390
38700
11457
13266
98220
4342
85520
36847
78799
77593
52478
44517
36080
67452
35454
90815
16455
74797
47344
23748
35905
13513
63413
28282
42570
90786
91337
74659
53632
60581
42914
54375
99281
70724
83993
13853
91418
69513
50700
86569
63458
19531
47438
99538
3335
82892
6706
19790
74041
70402
43538
9946
83916
23303
38229
26486
14090
29566
17498
84074
90147
76764
54801
5780
47488
38794
19634
38906
24660
86686
41827
88118
6217
89265
4009
9552
72157
10715
45694
46198
81117
5585
56145
65033
28888
10726
7872
59330
40292
25370
59757
46791
2134
14558
68923
65975
53353
4909
21233
78013
7948
63061
82483
30517
52326
86492
56422
40836
97207
18468
3386
78325
24053
75883
43358
69294
86609
67582
44976
43253
92952
4733
6396
11439
19292
91672
93766
88997
96581
14999
83362
20881
78060
65845
51399
46739
52338
7821
87575
49545
42641
90961
44222
66695
66845
3933
52341
69806
71515
97317
13060
80820
18403
35808
8611
37695
27480
2377
43044
24062
17376
26406
61295
11789
8603
12694
74880
60941
36867
62455
26839
79509
69768
71061
62556
52965
91346
14897
39124
62862
28566
52184
60034
46969
87992
68645
1016
15473
71022
44060
55887
4750
86818
33534
16539
95422
46229
7771
72715
99448
70226
99554
95309
56347
86968
74217
25664
78314
5466
64788
57528
34033
16972
17562
97354
21317
86207
98371
53142
73581
58783
25381
78332
45602
58915
11223
57376
21496
18995
30091
37297
5573
45998
32606
61920
32966
23176
3937
11280
28642
68725
85161
79027
2050
2723
76382
39719
5283
91105
92861
78864
49888
34594
57196
11842
93509
84772
85570
31358
3767
15662
68655
25692
61660
17613
3965
10978
40789
7902
38610
85784
76627
23771
64811
95029
26495
57545
34748
31778
65002
43961
10642
14891
78555
84191
43085
88417
68963
28656
19775
89082
60670
4782
31126
38682
22395
35091
49660
79537
42993
88270
81673
35973
12042
62836
31002
54889
36734
82103
86667
1736
26064
13661
16627
4620
14204
76065
9389
99519
21073
29164
88601
81743
50298
36080
20425
89045
71171
70085
68582
30517
74707
66607
66490
86749
29444
13844
41638
66178
95947
44657
67914
38364
74671
894
42984
88875
93311
68725
88395
14384
97889
93348
12479
48187
29428
32904
53584
600
19341
22167
47469
10400
5126
13959
97150
34570
44155
55140
17100
56455
16150
1367
94819
90821
2261
54155
96048
95572
22880
84443
26308
37121
94144
38787
1660
23572
88043
55244
40524
23736
77411
87993
34136
98890
18304
47638
33460
78812
19131
66913
35267
35281
68280
30086
42454
70541
593
38502
82465
23473
39298
25125
60594
33442
63912
62254
73366
68307
17498
30243
92043
11262
34588
42531
10152
52893
90170
59964
48057
25653
26877
83324
77286
95157
29762
19740
82050
30355
74594
80867
53828
13892
5992
14422
47334
86256
93028
37053
70915
10526
67296
79310
38140
1884
21842
48292
71129
28364
24609
19186
54017
51486
2510
31303
62996
48624
67395
45046
78979
41989
42266
32807
55882
48258
63581
19568
50867
72961
56621
38134
99840
23917
17445
37980
42154
39287
2625
13283
67651
27234
32470
38020
95072
51332
69323
58068
99957
36718
3115
78936
95059
61733
28096
50941
9991
8029
70510
77210
80991
43483
15345
80831
67401
49142
18811
9555
88429
37788
39190
72432
65022
71660
10452
76447
22993
96127
34515
22950
49197
53982
18238
44256
15715
46334
11550
42059
54364
98412
35621
35355
41895
50966
32538
25648
16460
51349
35203
4889
5490
74394
93673
86864
62406
20477
63311
85399
16604
97827
24701
82153
51809
42940
42762
83877
5626
70664
25936
59990
69076
61557
11697
10971
28876
44235
36620
45336
11937
88175
66578
17427
78921
60251
20643
41328
80729
83955
43079
13685
81782
84133
12191
49943
27073
71305
33820
32699
41969
76108
9042
11045
37666
37091
38368
66542
81327
74988
28230
9616
79516
94808
27043
58437
71412
47686
16117
52141
47993
75549
82178
46127
59682
94369
96071
3107
65674
46243
52158
7643
22352
61200
35040
76370
98292
73409
59264
95971
64749
87494
5587
44265
98655
48982
19055
70067
13020
35172
38560
61014
10721
20738
7141
70403
15108
19564
73510
97134
82160
25669
4778
4512
3221
56170
97234
17865
29579
56498
13836
94329
60344
19423
38594
58999
84757
74001
45418
97778
9174
83978
58792
36247
4717
82285
23003
36177
18202
12865
33311
362
54886
54441
21226
58108
10612
18460
75973
56543
74958
6162
50872
51654
25585
5819
27006
26695
79820
72424
24473
5346
72755
99617
41594
77472
81902
64597
30001
104
77462
63312
16818
32349
34106
38044
6809
44718
56504
99134
1261
47814
5296
68486
99469
47234
74305
42827
73929
70477
15251
98402
75824
4358
98019
33770
81830
96273
98367
11831
12730
92181
91496
29548
24530
25602
67593
31339
86672
24097
30474
87933
88264
52122
72771
4085
99356
63428
46912
73285
33906
78515
88039
26082
82874
2410
59852
81056
98684
58219
9240
27766
50400
736
57314
91283
42690
41259
38974
29362
81709
85800
33647
69973
37923
22771
74058
53631
86199
37322
43269
20105
15837
31308
46187
15063
50071
22391
96120
65107
96962
5360
92873
63715
22448
66539
54998
81490
24151
10324
10852
5860
96125
60851
92185
50400
83622
82595
20383
69822
19917
63652
6279
52106
11313
68819
67170
61384
91210
63290
26491
88173
85002
35716
51888
23802
2255
23238
5292
42758
33562
32496
48618
46039
93347
40803
12791
93322
39750
33175
79496
59667
96827
85775
28126
24492
70946
95296
85876
62157
74938
28719
66682
76292
64435
34922
94
83043
58160
5386
25801
8074
37882
74420
70466
47581
31575
83257
57255
87678
16432
36751
47345
29612
38879
91823
54104
9825
87119
56333
88334
78409
85052
71368
54701
49488
6290
54795
48883
80802
76533
74684
5229
30767
65456
75695
94701
13384
58952
51956
1062
91737
5060
64759
37701
43939
56583
8157
70116
60054
64490
74803
38464
49543
62523
9517
15383
85166
80665
80618
65968
57198
55302
87549
4318
37111
63244
99019
50495
38549
67327
67909
46638
72387
49020
84339
32678
5603
8848
19147
65658
73339
10302
20474
39234
72825
29991
70969
57991
10656
51587
40312
84207
23241
27861
88525
76704
91106
3896
43551
46007
71223
11460
92645
59963
60481
93336
8993
82436
2184
44492
64446
91875
54794
84920
47461
43972
31264
18430
1963
58272
86369
42275
42479
9611
86489
47356
86315
93947
67604
29867
39954
55180
57679
48951
15143
34512
42287
40488
16949
60823
84981
81395
52699
56127
82668
160
99
13932
34943
2063
88556
21312
60690
31036
47275
47179
94744
49943
41126
62349
96162
97432
17529
70193
46383
49024
4706
88670
89512
21655
49494
90845
19402
18545
46973
2070
18705
47072
32354
53648
65487
20911
91313
26178
68299
38588
89709
63043
4883
47188
41744
1045
44620
59273
71239
7356
24649
75945
96026
30514
13952
61872
21359
33354
96769
84684
51777
15475
31757
84131
85475
97244
5042
93140
39774
73341
31729
29484
52737
52964
93024
94481
54010
37644
70107
41601
61352
94756
33898
57379
41622
47850
35603
62982
97556
48725
47666
49333
80552
95775
33465
66027
9372
38507
59168
49146
28201
7249
94982
80938
60213
4358
91771
30575
58355
61878
88528
19707
72987
22426
93438
14609
70276
45394
93943
84185
94119
41610
33518
74671
53737
66983
40698
79461
21843
16218
44960
66396
39819
39942
47334
16385
60653
55457
63312
19008
17336
51841
38715
90323
74267
32154
4932
60896
77548
15228
45081
71667
73190
94951
46338
26927
78287
3388
6389
130
35959
51349
82878
92130
7643
46564
8515
68296
2021
88180
87304
19357
40021
42372
26032
30640
74526
47317
91536
68426
62545
52969
56445
35735
64273
2783
79014
42560
22523
85403
42690
58482
53104
25568
50613
77100
72132
75480
61748
90505
63660
65405
9863
3681
7777
52247
50674
98655
99564
58562
67081
78461
27884
39878
14196
92157
42661
93211
34717
81536
94966
93759
40019
64423
35679
6984
57875
24163
98816
19623
14668
62477
85028
24531
82510
9157
93131
49536
24164
92695
8099
7597
87509
35983
47475
1705
28140
6488
11268
62857
88025
22587
72968
44396
87010
8647
67732
61237
32810
66548
80860
47478
45377
82241
88362
44240
7750
97845
93776
31915
6892
1875
39512
94401
37858
86988
96107
82350
93476
23727
61559
97853
46314
34527
42249
49676
59526
9981
10913
92336
76530
8126
56167
21907
6719
60881
82499
14469
58726
76276
46384
65618
78151
2249
60020
32362
5589
72479
14712
99065
12558
92624
13271
75225
27151
55520
41253
86678
65502
68519
95366
58384
76645
67885
96643
83364
45118
79143
97833
3844
55419
60570
85815
49922
62819
62187
82284
68408
51018
13349
83825
63576
5973
97096
55153
49476
68969
96407
36154
50823
64926
47873
25559
41571
32110
22202
41287
77229
17697
55472
97425
89468
32394
99592
39391
95213
61779
38027
79973
29149
51376
80151
92726
57349
93599
64231
6826
78920
60638
59332
29743
25564
23557
55302
83487
55668
93857
24774
49249
27906
96599
46674
17375
28993
46267
73118
40559
24398
11145
36884
53548
78874
17035
62626
52575
26987
26857
75753
5907
87496
35086
52003
29412
74995
23657
12900
47015
17514
54026
12616
61773
50625
59291
79148
79619
21910
68618
20178
62660
79763
57062
32560
74989
90450
11538
27565
17437
54748
3318
39696
58596
54756
91699
88008
29752
15357
908
93119
49223
54935
5736
27348
5560
81379
22848
1531
19641
91466
21709
82301
87582
95124
14862
62571
85574
42752
90136
19363
97500
93455
59059
56096
48211
67111
44105
94315
98820
61365
87435
64395
32652
93171
91744
54565
74550
14592
56096
94191
6059
94158
92844
93641
89282
24058
56212
91208
66811
46349
10571
64311
56156
85982
36760
4367
53093
97217
98683
68265
58582
86118
32661
7587
95641
40757
62152
86543
55349
34600
80734
77760
45110
89930
71401
50744
13989
43966
41952
80800
6667
68875
61463
62823
54858
14575
83542
24303
11792
82225
92569
86727
84695
41582
94314
80336
82339
72818
83231
54040
23770
63965
31801
68881
53896
3202
19625
84237
63520
77930
81389
86539
46805
42852
49362
18015
57428
32905
42319
85572
31482
51240
72299
32530
9174
66613
29218
91513
55783
12450
45553
79554
92767
93706
48435
63015
13261
68060
47252
76781
62342
28641
63321
9148
87846
29035
27163
61626
78292
85834
47198
9775
53426
19498
42305
62600
2463
87875
70465
58247
325
32371
37801
93093
26077
2588
56108
39338
87000
19713
32472
49343
48354
95793
58491
36200
41180
2006
14178
19473
87841
61377
45600
41267
97227
4257
20220
99690
92132
90685
74289
92458
39408
28442
1903
65486
31030
74363
21176
18031
94076
53648
83726
42431
65793
58569
94983
6974
60575
9162
42799
48416
86891
88399
6036
84118
92656
26256
160
84788
33293
74450
93598
72702
2892
11853
54540
50275
86217
75716
84658
80293
29365
68384
39076
11510
26953
34060
34836
87528
59574
77635
52297
46465
66034
74685
30583
75042
941
30743
76183
50586
21545
69781
23288
40790
81635
77828
91065
84204
53545
75723
64497
99262
60459
19926
27124
3764
53986
61961
91292
29912
39596
59941
76377
21983
34626
23312
97025
51919
70407
73208
2506
91953
59342
25794
49095
57329
19975
40160
41533
73520
32235
22382
89134
9046
58660
16258
12810
28998
78219
20454
58910
34168
80396
51639
72503
31374
74951
85880
83294
45359
75441
2152
53664
34783
27946
2759
8464
47921
59271
66349
37793
7858
5083
26927
16904
63744
59538
29714
92742
54109
66520
51653
4629
46916
3292
77132
94643
94596
63013
94289
56307
38454
96441
26323
89589
24387
29082
14405
88661
4705
80754
42806
12563
2189
86086
45819
65933
45624
91885
75028
16085
58405
43033
20715
21674
62677
97847
16317
57273
77212
10606
13580
15666
7047
56255
21607
47786
85337
36012
52799
6394
33118
95606
35309
35308
81692
97480
17593
43668
89365
8973
59753
47771
52006
80468
85797
14684
94668
18466
88309
71880
29072
18242
87547
52471
74497
25506
16609
76187
77871
69409
82581
10989
81367
34243
62649
79411
31723
96595
23079
21089
5568
99184
85212
57575
79653
71009
88611
74321
5827
76920
46201
51251
11514
50100
3722
86012
91959
36683
62199
69830
22444
61132
97171
3811
95375
76173
99574
27099
72768
22653
64540
94688
38190
66104
68615
34195
53465
73578
8516
59292
66851
71069
10543
78365
37522
30617
64377
29481
67300
42928
15663
6097
20413
12834
26260
15788
89007
25835
59239
78127
64840
40131
89168
3030
6235
57783
37225
59700
31362
62093
35344
98213
49515
45887
76578
3389
76504
57308
49222
60157
16588
64885
66254
37001
94071
92514
69142
99431
34701
44733
93910
99542
1217
83078
18924
23804
57214
72502
99857
88576
34595
35201
3141
462
81089
96071
3851
73945
69731
69425
34102
86320
34310
16708
39673
44734
9223
25167
44165
60276
86253
38075
76170
87470
37506
95095
11274
94720
67597
11131
99648
18544
46333
2789
19007
43774
15212
39210
17719
84944
8636
51822
87616
59298
84882
27289
4032
94105
68809
64549
70734
55062
18977
46904
58884
56483
41999
70158
51203
25948
97642
50851
44493
60327
69992
79852
4101
85204
35414
21820
86500
60402
89994
74116
36053
74877
17758
40085
85334
86567
20987
56068
57981
39964
19325
16865
96447
77676
87023
64002
3625
1017
31205
64470
61344
17549
60674
65445
2753
12440
3618
89254
72843
9964
63370
8896
84841
97480
65333
86528
399
86320
58948
58380
42636
78273
75245
55435
72302
78621
19437
75927
79638
66994
56749
40983
84543
17423
22780
87297
29863
26398
92903
19058
52715
72625
27954
37556
70106
9640
40436
70505
12312
15737
45238
54949
10362
20483
10384
82664
15456
46174
58591
95095
13168
15340
52430
14064
49115
91562
17713
95331
34313
10616
14389
87028
99593
58696
40936
69699
84688
81373
56557
97000
13462
1795
68301
23824
38630
78686
6489
54087
41212
81432
65534
70732
13125
34316
84796
62240
25878
2509
57571
60191
29477
88313
47219
29071
63361
4508
15122
48049
85881
71679
45049
99343
89826
13351
39519
28457
8389
46008
98896
65953
27441
64430
36685
40566
98746
37834
19158
24624
40343
93082
1168
69821
81395
64739
15244
61108
69247
30366
9157
71480
2046
70558
70823
8224
261
26695
53033
8650
72703
51929
90955
144
32711
27641
57062
31457
65475
76221
72434
22170
85655
89954
8343
83402
54693
23587
44510
23941
53954
53667
95421
72352
24225
82597
96928
24487
9292
49962
49489
81995
1891
40445
98492
50955
84438
71906
82412
66265
64479
71198
4787
50134
61152
13131
33536
32198
53070
78046
56139
23376
48065
67912
95728
72291
50509
9009
13130
76153
58971
78971
74501
77214
35768
89345
28169
36558
61251
26934
2823
42083
14484
7611
92217
91989
37094
42106
24187
90164
20152
96678
13541
84570
64590
25621
73213
31452
34630
86343
7605
93601
81666
98458
70816
17435
87803
15337
53993
49055
42271
73169
7490
56756
80780
99707
48745
17874
41813
89284
8038
78318
85962
21579
79240
50552
63553
52453
98356
98183
38796
5962
91785
36814
4420
78953
54249
8576
94290
24595
73983
52914
97764
81473
26022
94896
81180
74767
12770
39346
64051
37160
34016
66365
75092
13256
16917
38645
82061
31626
36828
37209
37588
44965
74023
58360
40270
28273
83288
50913
69220
57271
3827
66984
38744
46201
78232
36277
20968
7354
91975
1371
44514
42343
67736
35958
71951
1005
90955
54012
48983
44136
91221
2923
89101
65244
61284
45724
9869
44572
96637
79089
18196
16816
62425
56940
63017
40657
93217
337
48011
85192
1708
8878
43887
85796
61188
15838
3153
52144
69850
52137
96280
61071
55060
1733
42668
32696
47457
52537
93621
44094
47979
11817
60910
10404
85109
40279
67414
94679
40616
31777
96223
42324
40655
40111
44472
1844
55949
63978
70340
25800
32467
66620
3223
3879
84705
45891
52928
32163
98429
46549
92609
62760
74718
69872
73164
76179
10151
56930
70858
50768
88708
67082
9444
45715
7193
70269
63911
63142
50599
34251
5294
83066
17223
8518
3297
1929
70761
56225
50444
69190
19126
43053
31950
93844
29277
21467
70024
39429
94749
57234
6549
83457
24316
32345
45525
31509
2614
9436
11004
53213
43688
16298
52631
60911
41168
55929
62840
11930
12154
13284
97472
31281
72690
45775
41477
1967
83594
27853
57748
78343
85088
80649
78153
25756
12995
23678
57266
31961
33114
84622
85175
93154
920
54158
54066
58441
10087
33258
70371
38594
62895
67843
86227
51937
13618
27704
53904
97212
71910
28005
91908
73350
8654
70061
99106
21649
93739
56372
69963
43205
40994
55138
36360
58267
25648
90426
16708
52088
40036
87079
90682
2931
71274
76909
54868
1245
20965
25125
98457
92875
69482
90365
66225
78136
76778
65332
16138
70517
38056
86101
13723
95403
57591
50083
70022
83239
56861
86730
35327
96897
90161
42361
16181
77787
35622
87401
79032
56588
12526
93842
65815
82008
559
48393
76497
77338
30077
8987
47855
84485
95088
77930
96240
69031
44365
66262
68622
1226
52992
20302
14476
59505
62663
30657
37293
14638
18058
16325
87578
46937
26519
69745
45297
27079
18138
21794
4417
64567
30781
68624
65405
42221
62907
61645
27604
7272
27908
96227
8499
97252
32881
39327
56758
11896
69984
10403
26534
4394
43080
14112
51331
69600
83858
96629
96679
18348
34775
17448
99268
81909
86072
64673
40482
65331
26318
68087
72604
70578
64314
97455
67831
13547
36782
40941
25443
23118
51344
51978
27512
94424
66090
95196
64024
66300
8177
60703
1001
42952
94503
269
41213
96928
81294
81696
62259
23964
49783
34863
94543
30449
48670
78726
43996
85452
19667
69439
24922
71011
37769
52435
65435
20212
63983
29460
86512
72160
6515
3865
31464
1019
20486
89030
14299
1780
70726
76558
42097
36861
27774
52992
67310
76444
31718
27658
78249
51385
13449
3171
38748
51219
71958
4183
71431
35941
49995
74295
24453
72863
78161
72270
90234
14999
61300
4533
33132
48378
81091
75229
85239
8865
44573
68901
1662
76291
96559
79911
44028
10008
83082
82776
77579
55041
3311
49010
7334
69659
39658
31788
58874
34171
20410
49108
49170
98062
69993
82302
46440
51084
73883
31679
76302
18456
580
77964
11099
13491
57875
55127
39851
57309
54255
17431
28702
73919
82793
36037
59930
22451
84177
18804
56622
4587
84264
22145
2649
54257
4447
49089
21693
94683
97120
97995
13139
14052
92311
24239
27543
66538
95718
67394
23848
49974
1177
68902
40245
83971
4939
175
22774
89116
18979
95749
10055
19595
17894
29056
73852
38693
78145
95545
33376
91617
9893
46516
5669
18556
87107
49564
85095
82825
33311
25295
49151
34488
94197
89396
34811
15489
89571
57586
4605
24902
69687
31013
44497
87581
60069
34701
42626
54567
30247
76003
46184
56492
38871
68206
75048
25978
17770
76495
8803
51081
1790
57955
1922
12340
63703
53085
27829
69627
10671
48786
94529
96710
79799
55379
84291
39869
6432
43270
10788
53031
19273
56972
9523
58144
25178
924
474
59301
77419
25629
26734
95562
99936
45008
7902
63640
98094
52083
33267
25117
17221
44148
21828
97021
15879
22471
53242
22312
65741
64030
75343
85014
37354
1219
59510
78885
2143
76336
38186
79562
1966
81272
91476
1902
26281
99378
81894
24375
67813
15161
49492
85035
75662
87672
98408
91541
10144
68002
30205
75885
32032
21901
77252
85738
23120
36762
64623
41615
13099
19161
37529
31417
434
29006
33319
43067
44736
31566
83794
28902
63079
49638
13937
38741
37311
12345
46635
47455
96699
93192
23340
28731
15093
16944
30821
54565
53707
95445
12532
83158
30958
50062
14575
31392
95420
64246
90811
40156
95812
74605
69058
58892
24244
99347
13985
61555
28044
76972
25362
24743
70165
65054
69826
85258
81999
648
56176
52058
12445
68708
35216
43403
35122
66143
91148
30542
46741
81959
87051
42554
72917
56109
17798
97161
71809
48135
75068
99853
25108
430
40949
95273
65484
10775
96883
63835
27775
69411
15893
40220
38120
67461
99976
73242
33604
91124
20137
80346
89435
7188
39252
62352
79649
73402
59513
51458
37889
34581
67664
62997
51363
8613
74622
33200
19388
87858
97035
63516
57269
29281
3736
11741
96742
3712
1336
46699
11188
21473
43397
624
28661
99001
62976
8310
72403
38842
76121
26644
89775
43785
89642
57491
52398
80616
90691
88138
84826
4078
51654
58448
49711
55391
86541
46454
75455
87877
9505
2996
25702
52902
3620
54363
51903
82948
79026
40658
38142
55147
67302
27918
98932
73296
85409
67682
70265
92452
55820
55091
12882
7475
29891
62594
79218
16433
25400
71025
4310
34905
74021
30013
4159
93993
728
56062
93294
96106
13072
31436
67605
96726
75706
66537
70023
77467
50571
56640
69919
6392
28083
82802
13867
57975
45396
9437
74408
70796
80462
95070
22053
70836
41435
26212
64829
58516
82274
74475
54622
11698
5912
22228
8424
81618
5117
94799
59086
55689
51439
45357
62081
79523
44511
92300
53850
89907
18089
28258
77055
98551
39680
99108
85739
81116
41672
66921
39632
40298
41396
94254
51996
47308
32834
76773
45279
37952
71572
20717
9993
39364
82426
72074
35239
26938
80726
89089
33197
98815
33699
10253
13718
73379
25713
99458
54495
67386
66379
94127
7684
24127
4734
76033
87788
53920
52806
49419
8224
40730
70136
18217
80094
52562
6643
15333
95852
3721
20774
29050
2536
54473
55655
32607
27853
97720
48417
98700
65106
31148
9180
89143
55275
30266
81528
43063
84186
34334
92482
92411
75064
78970
26980
55159
47885
33624
86844
43737
37345
7619
72787
56234
78444
44794
88841
6297
42515
37258
21350
23973
68406
30530
13116
40033
60796
94644
83097
44982
45330
91931
53745
36747
87254
80726
8258
35139
30702
95102
95228
84399
19073
68016
40633
13870
29162
45826
36519
71677
99436
57869
95651
84194
88399
25119
24228
65547
36116
23677
26882
81446
31960
80627
18193
19214
77705
26451
70705
8407
37906
65934
9159
73331
50302
66144
87201
79464
11971
23721
51142
27759
81590
46793
28306
86342
88264
68886
51889
24380
8915
78771
22179
40875
59399
40372
76442
53456
83176
47147
78216
37434
13081
87375
10765
63383
53519
97967
42848
81842
21688
10342
25954
3278
57135
54260
89620
61751
23146
57862
86132
32061
36633
8311
72936
12384
65035
65730
65841
64563
12878
60409
1997
42311
47784
12763
5695
17655
10730
64895
15850
48770
75237
41804
68400
48724
96064
74373
10475
19210
32235
96607
51271
68868
21270
40559
97605
86306
22642
63446
67221
35520
40207
69219
77831
4343
81982
99878
21998
9064
64773
37848
74186
40010
96004
42586
88734
92068
16959
15562
27630
65546
12169
95253
50767
49792
52165
48372
52450
74807
28170
19671
10327
68377
88890
4510
72720
87224
4389
11070
96288
85514
65271
70474
41877
61275
29413
30611
53344
62724
62525
97326
28271
74695
92580
95390
40839
44745
43762
93289
19552
88284
12960
46231
56661
1851
67093
29381
5427
71482
56803
1716
73349
22074
88542
15226
83350
34307
62189
53046
97032
24715
50372
41655
15762
59304
53397
56601
4049
97159
49890
39953
85443
79202
2536
58456
97405
69630
4189
2833
57464
60992
20901
30813
83067
25795
46039
66417
60103
8229
35815
73487
49296
2539
31494
65058
61844
84891
38011
82245
98402
4253
22199
197
83455
41087
58653
97213
10717
62842
46
68182
40186
37299
15347
23253
63094
61387
6022
39549
85968
58189
29388
51616
60729
60882
16674
22573
45773
71037
21170
44175
75290
59721
44372
75097
809
19377
72310
11526
98571
88708
96060
38758
26007
11408
78363
5454
89147
738
45003
91467
58927
74392
43083
19656
51626
76109
58581
97400
47146
79752
57927
38788
39473
18652
13885
56634
38029
86196
68161
36601
74904
80573
91711
912
91981
86426
22718
97480
87164
67721
88947
62444
58465
48382
98452
10092
40843
57034
23844
87989
53138
81771
26777
8963
16775
40663
65598
54805
43211
50111
7758
18115
30684
15821
35379
39018
2247
58097
36498
5764
42171
41798
68208
16988
90180
66660
43432
31024
40046
83628
35365
9536
65400
78495
18500
82175
35510
450
53332
78721
50561
77442
13188
81245
93263
64920
36615
11863
39369
73114
17627
97892
31264
85835
31233
21444
68847
74665
68820
8894
58294
20538
18430
40046
15385
53282
38573
50895
53732
8258
45968
4293
85700
75508
1891
95316
40428
38506
7179
96150
27972
24806
94042
59236
26993
25275
97033
95840
16293
82205
21086
74587
19095
55869
30985
34480
9151
69558
1727
79236
94168
47695
99881
79869
39556
18124
75185
96336
56631
98716
92486
955
39874
86529
60192
66867
28156
73577
79059
44449
55782
16498
35388
74878
72367
66373
25710
97870
52284
27438
93458
46452
91485
93340
42673
31041
11464
17858
27378
84447
32926
19864
85403
72800
22745
61947
56019
50902
51876
35079
95351
7658
67929
47092
98888
56648
13465
24599
54518
82101
52037
64329
28554
43522
57669
87579
90916
85485
21790
18294
86285
54716
38158
88040
27517
77256
66339
83536
28158
18215
34967
39861
25873
2896
86953
41114
59544
16771
82065
30415
98872
34102
94744
43778
93976
68765
31358
84892
54250
53148
19538
56887
7864
74049
44927
35381
51305
11266
35270
79463
29481
70237
35676
71707
89486
22630
12821
49030
39401
11238
79445
38273
45340
90541
98404
55668
59306
29762
56913
29909
82910
76451
86796
7126
50500
31724
58860
1805
42990
94130
97620
88824
80719
33297
60531
70205
72279
89704
19236
11680
942
15033
66305
62634
5575
81061
34654
64881
10823
91567
11142
10085
84371
97939
17212
51223
46015
76072
69381
5357
70202
67001
94181
50921
16650
71064
21127
88929
77120
56715
16961
94414
71748
99619
57048
77323
80680
8055
58557
7856
15974
86051
17941
345
83990
35153
51569
30005
27577
20950
51715
14131
4303
45896
65053
37306
33313
2532
42587
10433
59247
75901
4848
47347
75520
78248
41023
72552
86303
15932
96760
2278
1983
14702
18975
2326
66207
86896
48683
10137
7846
398
24268
28502
46295
5673
65808
95960
8205
24747
6393
83804
648
11241
47504
76168
89490
88527
65073
75793
20811
61833
94423
22794
92887
13399
25120
75447
295
90156
85584
24494
90554
9852
69348
53201
31878
51508
49161
56435
76255
55555
56592
76904
83148
4096
69424
72638
8975
34497
64784
29786
12683
75559
68932
21922
88958
10405
97369
5606
561
99305
30100
91115
25510
99448
60669
57388
67308
9830
13823
43563
81737
70415
20467
64886
90863
6244
53876
99838
40741
18660
45976
69776
94220
14909
91699
99530
41666
5420
5136
42227
4726
51588
49694
46588
67388
10363
3976
34696
36546
34151
78260
18283
20919
15079
83169
11782
21323
37046
27973
78417
72058
73949
64545
82630
5210
56244
82161
46876
78017
87297
5455
99095
55238
71502
45683
22626
81865
49659
57323
34763
162
51935
53047
21081
67014
52568
32864
4690
5966
60837
99459
78025
51138
64004
60655
56349
20249
42816
19577
14618
46466
41385
13713
1704
12887
59396
24330
11104
25407
98005
45868
25569
49940
15267
46651
33307
67835
79515
54349
73802
56704
53808
68179
7842
17812
28834
80543
54413
88003
16473
69031
50821
57858
82744
68877
87097
58492
9559
14553
83899
7565
76773
9469
73857
92040
72472
23516
76228
51987
77865
66382
8691
48025
34561
32885
65838
79747
13429
36603
67750
29902
21987
34923
4112
21083
3800
7561
79576
13360
22114
79827
20925
15240
5648
11134
7280
78120
34651
99860
30107
28868
66242
55150
76894
803
88036
59084
80551
17817
12039
64653
64071
34026
99577
68183
55110
19729
92096
51038
33089
30562
30865
70366
45802
36514
81501
69435
14634
32504
69295
61094
61372
35538
16244
54618
52693
20632
13702
49596
54801
25742
14250
18872
76120
30179
3407
47582
49908
95503
98620
99350
26066
29486
69716
88220
82352
51217
57655
13338
83721
26951
74432
61446
78841
7029
16064
31534
44013
46119
97483
98815
88213
11733
17687
64333
58264
21095
11916
8172
32950
10536
7522
75368
56374
93591
63589
55078
61160
37596
68417
44882
80899
42849
22680
76092
66230
38744
23979
10244
84863
21462
9059
73076
33195
43098
53762
7811
80545
82030
15983
13496
8918
39858
5216
65293
49801
68805
36723
10961
22754
5140
72195
3653
64342
94875
96098
30572
33620
20077
40816
34835
41539
66227
24264
91086
9326
94378
98897
89871
76408
31232
19719
85326
87442
24936
66971
37243
10093
3695
48205
32847
8835
20400
52853
73177
15276
48951
20102
65248
69028
60918
16435
26919
43498
57051
18005
69176
51429
16902
59047
44189
48134
95119
29516
35577
20055
12839
72820
46500
16534
37377
95700
41722
57778
48553
31251
89406
13856
51353
71006
99236
28624
87441
26155
88474
60845
60512
57650
28626
77414
33049
72816
41900
28168
18684
77477
64575
31523
66650
11076
64410
4027
6776
22484
78157
71681
53735
67563
1889
21441
54921
17477
66417
58715
43632
54891
19560
20496
12541
48186
97910
45590
21002
39810
90111
39686
33640
71038
87562
290
82114
51972
20669
5242
74456
98827
93275
44543
82742
95164
65984
37664
12641
32401
96379
72625
87292
32291
93121
16185
80477
7383
78128
17832
63546
84591
73870
97186
55629
61432
13828
54096
29756
50849
75690
4212
49676
68966
65108
48771
80482
31092
2787
9476
79846
99166
98453
83490
47809
7927
99676
28286
15310
94156
62470
95208
78747
36341
92394
34376
14125
22574
88472
43882
73424
64163
64446
39452
49481
29554
88223
29963
76999
91010
55791
56845
6528
54245
56687
54337
62172
56363
98976
93834
66871
77798
89043
45618
14139
97789
96347
44617
36716
1171
88499
10140
81686
52945
65944
31167
98852
70520
77483
75851
77882
33274
49048
763
3871
5735
71452
82395
78451
86780
76230
45322
64579
81625
90941
95070
79414
3640
39687
16130
4811
44538
42622
86498
97484
24919
34017
12688
95439
11500
88539
73321
61127
53939
90436
81350
59674
61889
63746
38125
48669
39976
83448
13248
37953
90741
24671
17367
10733
64358
49850
15544
8897
92472
2042
22733
17391
52412
35421
29182
80264
40312
18856
57743
94251
9292
39094
70277
87533
19192
8403
36203
75520
8203
65803
13473
15296
90474
30840
26029
71185
80690
57925
80082
89515
76320
19167
23258
28732
70940
52441
8996
27604
87649
66740
21855
96941
22186
8484
84475
41378
33239
37030
16898
57794
2833
30371
73090
9660
77563
15471
80845
58254
73397
77279
64121
66069
12798
87379
94801
83738
56172
20149
11342
43821
3241
49549
57115
25427
58033
57942
83157
7625
94972
55
65419
14157
46778
54862
23817
24342
70333
21014
98948
60082
14645
63069
42503
27443
66800
37304
11181
22973
73806
38875
83146
77047
88424
56613
18827
62810
14555
1984
70435
9527
18392
52206
40037
81522
7068
80206
5864
93754
1221
21164
70188
15866
84233
12692
43310
67386
66348
70843
6711
40154
9719
89857
33554
14495
46471
52381
93657
77378
70717
80444
3258
5461
32651
43295
86984
39719
23501
9200
49825
41074
30365
20014
56941
30950
32706
16603
98336
99054
3798
5047
55561
29869
11257
89115
60717
74080
57848
54374
51458
44917
51171
54716
66731
83822
98011
53715
39893
21513
79267
89719
78939
9632
9733
35880
40583
58791
68835
38919
74197
88986
60319
29758
18855
71576
35225
79572
45656
9425
50299
13466
70695
1470
68183
37426
1644
66194
7493
41537
4059
86760
31256
82999
12745
57341
35231
53328
16132
20419
8599
90330
9405
85270
36440
44612
56846
88018
40537
18854
13795
90836
32321
84490
8658
16856
38268
10302
99402
45761
51839
3462
48874
99448
2813
61619
56789
54396
31299
72922
91167
56250
79604
572
41521
32396
61537
14719
20414
2074
49926
34210
92910
82247
35052
17920
15455
73321
28222
14857
35434
80061
18319
84308
95861
37484
62279
52651
8233
93578
41925
99400
66181
21529
99973
7702
53925
61510
22421
90692
79936
88699
24902
89198
87298
59954
7118
2753
49627
35340
17611
85062
31753
52282
85722
27615
6119
48002
80266
14352
57932
22191
13752
40465
60072
30077
48167
30349
7939
86941
21041
87875
75640
62295
77073
62939
38602
84191
65692
88229
35883
99655
89643
67637
51938
75366
95252
58057
39720
91870
72409
14004
30413
2513
54470
90485
32591
2637
20834
56882
5930
58228
61110
97923
20523
38183
60862
59125
38727
42906
47355
74610
42562
36998
58599
10852
12364
70203
85261
68436
62073
74022
82441
8838
76535
36911
15675
25478
55900
36510
98713
61831
11090
59823
59754
31613
98006
36968
90739
53085
79874
38094
27696
38788
91444
2647
65992
20161
72851
51253
88597
51276
25275
71038
60115
18163
24301
75790
59993
80202
28652
58706
42033
39742
18529
18139
87708
32888
55107
78447
85973
51333
32893
30021
6474
24337
32669
72466
44498
21872
40072
33096
73148
81699
20486
49615
99862
44788
41758
59856
24990
70410
18562
83375
26505
53444
17866
14213
86332
72973
9012
72305
40658
41905
18679
47132
66242
51348
35951
27093
73220
76023
60189
62720
74074
97027
12336
73937
58167
54094
50145
99509
40856
85059
82884
83713
38503
750
97926
41187
90075
23290
13493
30734
65195
48524
94218
31438
99872
46521
58531
89444
38896
35072
52164
12971
48451
80852
3260
6619
34946
53405
6128
92155
54816
5365
75868
9672
22467
90147
50859
28895
13437
80704
75981
78633
29228
70199
10071
45452
33073
84954
34896
71969
36378
3413
84940
84829
84265
4552
91448
35564
57957
13929
27719
29126
35646
19939
38798
74465
10086
6009
3360
23524
3066
79341
18509
32294
65893
44932
77747
98966
29886
28995
70935
66264
48760
72228
67445
33026
76780
75246
84942
51090
5527
29013
96568
41173
48952
51718
15638
75391
57727
18999
98915
60793
14692
33776
9440
80585
78708
87187
95903
24946
32534
83191
7562
81295
55419
75007
30673
48551
50253
15615
15993
55780
60980
12561
13305
9932
64279
28944
85323
22007
64295
590
99152
78987
50718
8592
75925
29426
12131
88180
54372
44666
71371
61934
42313
43142
53294
72986
91694
19899
88601
7687
92032
49581
36601
21689
75865
880
50633
77541
39239
31280
94483
38392
26620
45202
63336
18897
74628
75468
7077
45353
36486
78449
23639
78799
21591
93285
51785
29637
13185
56738
53677
21569
22671
90278
43258
14888
91158
10244
92429
46750
41524
3265
1494
84496
48467
64830
3393
39447
56650
10471
84800
93136
5272
24792
88287
43215
18077
56424
72853
47614
29514
42882
69183
52185
33160
12442
83426
40670
39038
92207
3772
80562
95472
5266
81411
60291
70097
84804
99739
43099
11627
891
52588
33251
25683
40875
76467
60113
13652
65672
7727
43166
24906
93263
11704
74418
22057
95130
31440
61095
87337
35213
58009
99162
40479
39420
59453
26928
40577
75544
70028
52204
76436
38968
1808
18471
79843
94627
78584
93495
60299
86312
53014
1557
95927
64718
75975
17984
59848
7415
79079
63537
42628
37088
79051
99460
76509
38505
42740
33438
14049
29120
1994
6837
68088
3802
25309
47932
98429
3893
57779
75080
6557
10793
76637
2484
91863
52612
36820
68063
60028
15899
47953
19008
52988
27004
34820
45849
81861
77561
79287
12263
6681
81281
19100
74770
1436
44409
39054
99865
64655
13185
74946
71212
40331
51583
90049
32194
20548
26869
16610
80576
59121
64563
15936
28461
91567
50757
74310
89781
44670
69949
2044
51351
67582
21144
42473
69018
65554
97879
68884
46561
27417
60182
17773
67748
28117
24174
16294
48665
67396
32904
45593
26517
13819
77882
54978
21739
28639
45640
11520
89661
31941
13564
41012
99523
34708
99838
68542
16614
14069
53778
63175
41486
30312
97301
25586
58429
37827
58233
23447
5223
7489
85392
48092
21309
63274
19422
43048
8265
81414
54568
97926
13355
84484
55291
12879
35544
71481
97773
52159
85550
67903
15334
43389
14567
28987
68975
89348
66815
27208
12795
88390
34698
98188
36483
72359
77814
72257
31759
86080
53672
86327
358
67027
87163
55649
96258
22707
27130
94031
74866
29033
78286
6553
72422
92853
51892
41397
82202
18707
84958
11349
7098
36008
25889
59933
24719
3704
48542
56478
6136
2214
59157
6494
85594
46320
62144
81852
69027
5626
92236
60246
34659
70522
83151
7081
79728
35043
64831
61930
53751
66141
89631
77201
2149
15521
53486
26868
19225
18380
99698
41713
20595
58855
48207
6189
5175
10351
88041
90554
15978
96629
67152
50637
67152
50303
74071
46880
85347
38902
25162
55450
5043
14793
49003
23544
46666
18841
66764
82243
37221
66462
23956
57816
25317
72164
80357
46844
82515
84751
53750
14845
81380
20903
81835
64884
71206
55906
28116
72905
94808
53278
28355
16203
84424
93710
39747
31090
12551
22863
13334
49773
89325
37290
23941
30994
25806
20651
94190
8322
5402
47940
39519
3134
85195
21354
68019
56402
93612
96135
29307
4772
65766
74015
20975
50190
67725
77074
97632
96629
16289
27318
62754
5614
80961
3047
52960
6767
23698
63502
31441
29100
11443
87313
48587
96638
8667
16606
69392
18632
29093
15052
23404
94859
5419
60732
61401
89496
54158
75386
86125
70448
2704
48879
92414
17
51927
61727
6785
91977
25229
54578
37430
53024
41891
86017
66015
66911
2623
51759
85543
31716
66811
25299
42928
72230
2383
4329
61727
56542
79715
64204
43342
98772
29436
52108
98789
97715
13835
21926
89692
55417
76505
27122
8441
18396
13139
90808
1659
32114
42568
87202
80183
9379
28854
23111
97962
31237
43792
76041
4131
23508
56597
47473
22280
86033
99582
21069
100
13417
42996
89793
68834
35853
33267
93628
54249
62759
84436
55909
11225
43356
59463
91408
69088
88317
30871
67050
35907
74664
59443
40038
98172
16040
87512
36804
18426
3446
74225
18526
16863
33573
24671
2050
69426
57939
12030
40028
20698
12818
12289
48275
56175
88104
39684
25263
92774
86907
8665
28681
61571
68108
68719
76095
500
72583
12899
18926
76029
3477
37453
9245
37050
78476
27647
6477
36415
39677
62857
73465
52495
75146
21741
25022
63250
77777
50285
56024
64684
58950
1057
42608
43410
69777
18703
43911
42360
47955
62837
34742
51432
16642
43987
4834
95119
71634
27663
47886
27663
90520
37704
80158
82018
59445
5181
61621
53574
71818
17645
18258
30769
35055
77218
74179
4832
95922
34442
63544
60229
97280
98286
28013
30274
58625
32847
41745
30259
60511
89632
57922
51031
27336
54433
33050
3133
75966
94671
56707
47784
28668
91317
94905
80075
68536
85437
84907
80810
19879
64804
41039
33511
79442
85404
63786
38068
18251
21883
84679
95114
27867
42602
46146
55203
13387
95548
74688
89353
6571
47747
37137
51591
39065
48395
31667
23953
33832
32926
4763
53711
97730
62154
87223
93525
63910
67361
31593
82161
89244
16272
77276
17112
75226
39774
88667
88613
51674
63356
77966
74597
11103
31456
26188
66520
79851
74207
90473
13683
7134
11588
83746
21216
90094
70969
14741
54004
38330
46334
52518
27575
78959
46146
61039
54185
85920
49706
59151
53946
13062
37117
28543
40518
84925
54731
7038
81128
45291
13864
94811
52425
41804
78558
73641
31899
65879
88383
2255
4210
51069
54773
48137
46380
919
9176
566
3191
75234
59717
73489
88297
13186
2032
45167
14464
73116
68557
95592
18407
98773
6756
87184
40578
85314
60825
72477
67545
65560
91084
88107
32982
45858
36244
79362
63129
61772
96280
82673
37007
72349
56162
41656
85536
74547
3175
0
47663
71732
11944
82422
70506
18700
69606
27436
20366
30431
16265
87912
12344
7349
76019
45326
69559
28616
41040
32689
6740
37321
31714
60099
9670
87876
18107
11558
62423
21282
27910
26438
9367
39855
8860
96225
58555
78466
23661
95274
25250
39926
83186
37594
47275
75557
99272
16835
4173
40312
65876
27266
93985
97590
3717
3656
1818
21825
15214
64242
59459
59477
7032
68826
99332
15893
81403
74239
10711
5064
69513
35961
44990
69051
89907
8618
44609
89179
25453
65134
45844
7681
92400
56181
5271
96118
59837
23441
34295
91404
4035
93754
50881
11068
78933
66565
26961
60336
40804
37672
65401
26670
89986
26743
95721
79893
35361
40330
85425
77166
5465
47621
84847
14217
3802
6470
26687
79992
46264
60982
71396
50299
54737
38629
61367
33670
21546
4680
10358
62350
58705
75759
5372
48691
2503
1094
44936
54216
57776
46713
31383
79593
10686
32582
93811
14489
55405
20498
94481
1669
97833
82229
68320
52570
37210
29688
2592
58756
50720
29302
37458
9425
5062
42831
74468
23917
60277
35757
78133
18053
82470
25868
97647
93157
74803
91458
23998
46560
28308
34831
64581
42493
33412
32901
11415
70622
78941
14007
29378
29662
43310
83188
55439
64724
42371
29908
4993
2648
65665
83126
20702
64487
25347
34701
57644
16502
42511
97994
63062
70819
32825
43995
13313
66237
76896
24728
53211
72190
55088
98941
18204
14750
82130
73643
95826
24501
3551
819
27150
85568
297
64204
66408
25644
98905
40404
58498
41416
38399
37912
28587
71224
81907
58252
53814
75156
99333
7025
47346
70773
5967
65550
85523
88097
39193
97701
28950
59097
98520
56100
61017
98817
36656
27425
40814
35561
67830
99312
93329
22581
53577
21917
10157
35484
80169
63971
10640
79502
70997
74338
50275
93316
39888
52150
97765
95434
49851
26715
70883
64723
99168
48252
63541
35824
92030
20707
87738
76212
36371
81067
98793
89948
19336
8950
25433
99506
89274
52425
95360
60271
26764
61988
69939
83004
30490
67704
94790
96694
10771
82025
61417
9939
30278
41310
62116
38660
62017
49854
14872
98389
47273
13665
88337
66610
38967
30122
82468
28241
82548
94180
4864
25664
56168
74803
8668
3011
58859
19811
99705
69631
1836
61122
95922
48466
18785
58038
87126
80802
24244
1998
95543
71518
32015
233
54480
70983
30355
36948
15576
29255
31128
20441
54919
3649
11596
79940
23012
70456
99751
22717
56439
1587
191
52361
50054
18976
26752
53532
16131
50996
71883
11674
38866
3898
11907
93346
91233
58615
46646
23162
87870
94127
43603
59142
97776
71551
39082
20788
42007
55185
59857
14798
56772
76400
67160
23178
11729
93912
93063
27860
61260
64946
55886
127
85196
84146
93473
92782
42761
56472
15944
46983
50599
75899
22477
48375
47450
61559
85515
5810
33096
61724
20608
89869
38124
87768
29399
49853
98032
22462
94065
59293
3760
49952
59420
88957
50450
69245
98091
93211
25717
14035
56546
92668
89934
79024
41043
37384
56935
42910
43194
90032
20986
63803
96253
75463
67923
42004
41668
65956
80819
35734
41601
84579
2038
17373
89888
52488
86618
87979
62051
28688
18366
18597
21356
8300
13973
78752
62037
70909
38014
21583
77293
59001
85386
73546
34464
69662
15550
76132
51970
96369
28218
93571
97301
30256
10944
3541
99096
13914
91521
61147
42602
26239
96097
80311
34540
10070
59063
12929
80979
97077
34512
58272
72430
36251
48170
23246
5913
80073
99379
57883
92794
43949
67806
90095
74206
95102
93637
89654
9016
1510
50802
67971
44101
46899
48282
78641
56969
7345
7922
54301
20774
42435
28925
9557
78686
77096
32803
84599
73521
48534
58834
66315
92484
42992
72763
83042
38094
82752
72696
47110
614
23498
15081
44715
86749
63363
39709
60071
87060
47631
14372
24187
90066
59649
33744
85104
53097
66547
86055
26618
15082
61241
92934
23918
4233
65697
6960
42327
48449
79656
5790
49063
19507
20871
10130
22608
587
49839
82679
3999
97471
13403
28186
3889
73053
61930
88994
26150
44830
75049
52769
59912
52643
62055
83830
56876
27752
7142
99204
92553
86798
21346
57968
22657
42217
68098
45266
59156
17938
44297
63156
31761
57701
91342
35650
30754
53273
40996
56904
98103
32398
26025
74367
85041
88080
74549
41917
15832
81691
57473
24737
84841
78819
82705
7499
37389
67156
69117
96545
85094
13414
59701
33207
71115
67396
68857
18221
37021
26206
75126
51476
58604
17503
42195
59997
5584
16744
18266
37768
14787
92092
62506
15980
70911
61563
39831
24652
28719
8948
37550
30165
38715
13603
63372
9830
80999
48582
44404
18020
91140
35882
85848
66096
53385
28043
26093
58969
61139
60711
13090
75926
52803
91948
91907
23715
53511
31738
64719
98583
57039
2269
45100
95754
15873
24825
21936
96872
89759
82692
31245
80899
18574
17093
46995
71960
61489
89440
47281
22628
50151
60371
14907
2955
52319
6814
43022
22183
54904
7741
20766
28295
26363
82218
40401
42236
7043
78690
55460
96802
61382
3057
94053
79957
36503
41048
51917
97992
46840
99198
20620
96992
59570
51879
16299
28241
75045
59321
50424
29950
83414
71190
74597
9777
69761
14999
52013
76804
93689
23826
89959
55071
26883
84012
35028
63386
41413
3297
77730
88253
18848
14703
1597
94770
66582
17896
23011
41628
93569
73436
87930
76984
60978
62527
3113
30739
93878
71479
7544
87567
95305
13855
58991
38540
14219
10371
1927
55632
30021
96009
60238
48869
10712
78187
43639
77295
12436
66650
18923
6005
56438
23205
99341
17417
85732
18807
48156
95963
90286
72052
83530
1943
2259
58873
40483
16479
85597
58762
72111
15618
54772
48701
64487
65484
26889
24478
42779
39325
91128
78054
61682
47567
17611
77376
81336
3344
96183
45844
99307
2821
34249
99189
4764
36508
74415
45247
52987
60012
4010
41451
91982
58782
90152
56469
40618
33393
80947
99750
89070
88427
94156
50753
52346
11768
44481
50034
31464
57016
95879
47123
59837
30128
62664
64601
82988
37079
26200
35976
13443
30210
93779
5425
5344
83931
78246
62315
33677
59193
62065
22747
63973
56221
89852
32671
67989
50685
82706
15805
7701
94937
62928
67538
41417
25593
32139
24405
62672
74692
60381
92468
21254
54160
97893
42951
54444
76140
5266
88121
51685
67331
27220
32010
39904
33425
64682
24246
84110
63740
40051
91812
75029
19332
59350
16446
44925
7842
40851
23949
82534
17585
16417
3788
71745
14311
46739
42541
90451
68357
47014
58488
52040
74235
90499
91945
7660
71533
32543
91770
35273
88946
99934
10302
8278
59285
26748
53203
83479
83951
93505
66013
1536
9922
86153
73282
24233
49245
32175
31036
33954
79190
5877
85995
69777
96376
94292
77437
67909
26835
85559
19534
32133
85494
46188
40412
61131
72936
9967
44610
73239
3472
26975
74776
29747
29480
64410
70332
95077
96585
1369
29032
92127
7246
15027
61904
19974
25671
55693
87883
68858
41253
23769
991
43099
69957
57755
20582
59245
84075
81544
32484
3899
8519
7260
33646
54351
71670
3979
49429
84608
5348
78461
76735
28946
9840
38640
48920
35511
94333
53155
4369
51938
76924
5360
11389
46881
79468
31971
22478
63543
13515
54962
67442
38386
62223
1089
92738
50245
5068
42167
34853
26768
20628
11589
72066
46820
66581
37338
82331
60914
6845
86700
29205
83769
8412
40594
47002
4232
72566
69480
67775
2433
40794
35218
40820
3017
52659
33558
69615
74079
92077
4468
847
29057
32409
89265
75877
98990
26603
74560
76257
33448
77612
5462
33569
86024
46056
96923
90257
34974
82755
74384
37408
23549
9602
94580
42919
78613
44490
12534
52692
36567
33354
69891
65624
65764
59156
57853
81106
2111
32413
57363
51911
10025
62825
1832
12401
8882
98755
19010
43856
81510
93395
97616
21412
19349
92196
64331
97963
53038
93217
67007
89605
42923
36899
71581
25039
12407
45786
6146
14519
78199
79861
66430
4576
42687
84615
16978
67921
83370
52340
28129
81233
45735
42098
18997
81437
50646
99680
95752
3685
92897
62759
9642
52172
99658
81224
77212
12066
27010
83358
42937
21562
79571
25719
26138
22258
10334
59468
6531
10057
11809
34661
91290
73896
76759
10287
55333
27405
9967
51085
47442
19216
13845
57085
71388
29855
38309
64952
58273
81671
64662
1210
3233
44234
43282
45724
66492
53616
5192
89376
63673
33353
24037
71315
7250
17148
97954
62583
60905
24273
13669
8348
59841
43866
65433
47582
73721
20094
12534
48347
18117
77197
65909
37703
21431
9191
83427
4275
79160
4971
93651
59185
38325
34040
30501
45575
67540
44807
8158
28446
69081
38179
53146
28922
98397
34931
76504
88471
55025
5391
36818
89494
82588
2727
27197
20371
28271
26976
40998
7431
31948
34650
82968
86625
85042
13469
32200
52583
74629
56710
97381
43710
11242
50527
88984
9639
1810
81841
98110
56835
87232
51280
62681
86172
70360
89879
22895
98631
16855
63893
22414
65155
14895
5382
51780
99938
35204
332
68873
9833
73395
82606
69895
989
49485
58879
10628
51295
57072
25091
24482
60656
92723
87163
46828
63083
77042
69723
61714
10250
49969
480
75405
64864
5863
43538
81154
41067
43870
66379
67252
33617
48985
37147
34606
14822
12378
61587
66117
69451
86678
6951
30107
79401
94115
93288
58837
87509
79363
36903
14111
29332
37384
89517
10549
43247
49407
91703
666
9629
74435
84270
43247
39772
21417
77853
54595
33795
39440
37064
19598
42470
44016
49706
38224
54483
42994
97061
58344
22357
33964
72456
68042
71348
78325
78591
30947
27732
86646
47965
37361
61081
32235
96960
854
70004
74814
71801
20152
30606
8865
39750
73077
69233
5808
27653
23716
65154
41066
98413
3864
75030
87221
71906
62731
65546
50497
10030
9630
37143
57996
63343
14577
6583
76656
15431
76588
51470
87232
96740
98428
12449
36490
87857
81683
42299
15510
21751
7453
56576
20164
11317
47959
23737
99575
27042
5635
66424
53424
15265
19920
27772
94961
34497
34356
71617
66280
10944
39439
53512
24036
54219
82313
76878
42077
63996
35529
73939
2100
42983
30516
38616
70652
94827
62354
86580
38221
67989
53004
91645
99607
72924
19418
10920
7421
70126
98889
73701
81070
54680
43565
21458
8899
42231
98336
50976
6227
33866
24916
8327
93201
71784
63296
80205
82963
25650
66785
37536
93639
19790
29181
9598
9066
64951
20518
32840
35077
19407
6541
32499
74087
66459
53957
82987
25042
68646
50315
31269
2512
91583
55949
12065
63367
19245
92270
62682
61247
59056
218
54886
95198
45752
64485
4264
10703
1355
37104
45781
20763
59998
94632
94850
42809
64942
94189
67851
33588
44505
15472
52452
36088
87773
64517
15808
23370
56787
94842
84617
32195
95061
55856
43745
40813
36693
64362
51516
38048
17818
13649
58811
77816
24634
70014
36977
89576
64203
21180
23164
25060
53005
75616
77501
40778
40133
9661
80501
13272
4503
65118
61820
99564
20974
5565
56729
57667
69927
24598
95716
87746
54599
70879
81914
79233
40893
35244
68809
21449
72776
91973
62861
25781
83941
40362
66560
40426
50023
47061
70051
70879
28531
31871
70443
65858
53788
43525
39877
40068
68123
35593
44166
22722
22825
42432
1956
63718
77676
70765
1519
50453
79091
64381
76234
79384
21095
59146
19811
87471
22559
89862
58350
67443
38085
45145
33301
91873
88670
73178
31941
73145
25124
92459
95868
47949
34892
14176
28019
12568
1293
29539
79373
96736
10272
71960
76121
31367
31106
12284
35190
70018
18498
93540
37461
56583
38686
70762
64808
43708
60292
13102
16854
85416
5561
29074
33365
40453
59602
77737
69374
60895
23628
48747
57632
33900
20707
50105
81619
68166
62389
16810
38184
80887
26702
91997
53822
81740
79111
18630
25449
39403
48084
58655
24820
53646
4081
74537
10451
63683
52274
79825
24578
75902
28573
98562
26154
65632
65019
24126
50150
27408
57288
88334
24647
83990
96683
94821
65731
75794
29804
7532
15198
77888
82539
56370
31534
86620
30907
41986
50303
99534
38163
91233
91788
83088
6148
34295
48721
71167
58421
98871
14928
15709
3558
55927
16051
241
50749
98134
92388
96905
22018
23938
74793
4557
80308
22680
91177
27567
81018
57832
27101
19181
65418
35242
2270
71566
69537
67343
42733
27958
82566
57661
60019
86124
29941
92422
2718
80690
90557
95106
93947
28927
19044
68740
33485
15704
91420
41014
43271
88790
15199
86725
7972
80617
21967
26594
52183
91504
93937
11268
35814
76503
68930
12185
78980
15223
4607
81698
12265
11516
93156
6212
40444
28552
74952
90281
44256
82725
47647
87527
87867
62846
74252
95839
43463
12571
38785
11998
4075
32722
23267
39889
25578
8549
52074
4558
23772
73034
2608
36037
84550
95764
42249
41346
40668
33553
31627
84924
32630
79275
88803
20498
58473
79408
32689
1937
91979
71475
13935
12407
20549
53554
68648
46127
62103
37075
50685
85875
10109
69645
38264
11011
81761
96865
68710
22429
30419
337
23705
79401
95964
28861
16251
70790
24621
48941
72727
32952
36768
3014
45359
57317
56569
14008
3445
35024
67435
70482
20900
93896
56480
75516
4907
38241
72382
73617
60671
19153
90307
728
98554
2623
29589
14806
73413
54210
80099
62492
87163
16867
81859
48874
74184
54780
79234
93981
89804
46669
80816
27056
40565
37296
2573
61825
75537
74955
51794
52560
94108
58453
53289
9014
61077
99230
40172
50842
53441
20271
13335
56956
53490
11546
5830
27675
66326
1417
38008
56130
48086
18824
83187
5004
56120
85760
66829
31658
60715
34975
570
71175
93429
53859
80189
70858
53090
20362
21700
22883
56985
51387
96191
10476
62933
18373
54503
45611
19790
92511
1742
84229
27688
84929
89233
83808
87041
72414
31818
64108
23741
32389
35283
17170
86248
31824
4380
55690
68538
42433
94925
25524
93820
7468
52352
73106
42194
6855
18717
61984
15718
36811
62565
43406
21740
51798
27215
25133
40564
75385
89241
64306
7774
40876
97828
10375
72701
2209
82417
57591
44642
93695
99467
54814
1163
51819
44272
59709
75026
79342
21694
90745
16153
84259
50503
37894
52410
94070
63027
9326
69456
68621
89984
93582
9497
4165
3957
82198
22726
2727
56142
83720
96422
55609
38534
13937
7429
99159
73647
98807
78501
11693
5904
94654
12304
56408
48900
81066
66830
28280
90393
36286
96901
96729
29869
6398
894
50178
4949
23620
52905
61091
7340
65679
16700
62227
79617
40481
61386
69616
39289
56239
81309
45193
50893
93613
17953
99794
74680
84784
28074
81425
37422
41327
78154
83643
47725
95401
33822
69026
35373
3079
46469
42714
68759
79522
21293
64728
20003
99031
34344
59292
55270
15653
20838
22515
25618
38791
22309
298
23575
66735
81723
77350
8062
76230
60993
72140
71631
94815
57518
7004
97895
3988
66070
83006
83510
3715
47734
3513
2746
82078
79158
74368
14083
16348
96884
39701
71491
35545
40000
11419
18633
38075
88769
26695
30657
49762
15187
2288
44578
72706
25645
58825
76694
8067
58183
76556
11783
5917
96421
30881
4347
75579
5250
18430
8279
18486
58131
79771
70383
14483
91190
89016
68911
79959
15712
99568
29721
47251
18209
90651
19957
43854
65828
13003
51921
24011
5911
80056
46280
2333
10938
50627
94264
32540
85409
2544
67378
43541
82315
37761
74376
89857
26778
43287
69816
58842
59208
15889
22445
77417
22893
42403
37623
88721
71758
5896
29085
77670
85953
75365
80003
13243
42345
90619
45783
27754
93163
29513
87647
91830
67274
78376
81687
10404
21663
51503
85598
80871
83745
8044
74640
6638
66799
12263
95359
54909
34512
40796
48931
20465
16162
45286
33708
74859
35906
95843
18965
29069
41708
22965
20900
8982
1341
2587
35739
39356
70443
37689
36580
54188
45733
11220
77178
28884
39836
72537
146
74348
13334
49077
11165
45848
94364
61225
37059
30270
57068
56024
59339
98776
78989
96591
24110
96682
15531
76201
36039
2326
13891
72619
72866
75976
83839
50044
21213
40027
38933
21359
14375
68619
70436
41892
30819
64800
3117
67878
11422
76537
23903
87114
91665
19244
83705
32128
15927
15588
8329
68318
17914
38572
40937
90780
14549
41128
40824
35762
81156
79758
57121
11883
48377
43909
53776
95549
8710
73245
63427
36484
49783
3682
23598
41448
39279
23656
73576
55206
39244
81906
39876
57159
20478
80813
64291
51379
38293
5116
87141
35801
1226
60614
64037
65955
4524
34165
61504
29586
7410
24932
82422
57193
44966
6021
98642
84245
29677
88570
55803
85273
86828
95679
42432
23659
76492
6724
75038
31138
28192
78532
66939
29418
55498
30976
11725
76374
65141
73230
22312
88904
14514
4735
46097
59480
10756
61091
43726
56785
49662
99529
42058
36490
95209
843
60149
88053
23919
51540
35543
68463
30072
2483
14233
85570
49811
25958
78297
31305
15540
609
20209
30054
5344
82658
5887
16100
43750
65965
89237
9764
65494
47648
62606
77055
48491
39108
81461
88762
90648
17004
57225
37072
35839
71458
38994
2003
97416
17291
33308
29309
17901
69869
59363
23245
68879
81602
55698
28981
47567
61287
55097
29414
8935
17704
6469
73778
73164
87930
62540
80164
21287
36117
17236
57126
7575
72582
75481
21344
6226
8789
67005
24127
95010
42720
63724
80242
24323
35774
9223
71890
97062
64321
1304
22349
98377
24126
96128
71541
28408
75020
51705
66047
27490
85293
23174
51417
57875
98655
89113
64101
23797
56118
4580
35159
98839
68305
31753
23162
20431
40977
11404
33845
21650
29061
56195
20027
53187
68675
91568
97947
60047
59625
63995
87537
44918
3521
38955
2793
18528
28068
83247
58677
539
87827
10189
99378
72484
41942
22540
9268
82919
50296
43113
4569
79357
15660
40948
48896
84335
32516
46844
60735
92141
27191
48272
53411
30712
3579
56205
49240
48000
55804
24270
48539
43631
34459
64269
32468
76401
3161
41736
59321
53457
1201
80242
32815
16862
21191
98063
1197
70059
61259
78284
78553
88450
26557
31964
19162
46488
4521
84755
10840
60325
9025
75731
20309
43484
40000
69129
19885
43161
10865
95558
96619
12066
75801
45786
28928
13344
43849
46478
83403
5109
24762
78308
9911
67671
10273
29074
30512
31146
30181
41352
7824
39206
17084
28133
99042
73436
97262
35279
16598
24479
30838
29569
52897
22991
91707
98178
36335
35556
61008
36090
57017
85770
14399
66929
69794
41024
12355
16658
72170
42536
58010
96346
98094
91446
24479
97136
64883
38093
32415
97833
78924
79605
27402
31822
2596
19109
46352
38931
71017
7360
91374
44387
9482
5773
27668
79276
63149
40023
12286
51671
98911
70297
48018
97005
78095
88849
10493
42978
26943
59260
57163
22219
38866
917
70393
41462
36378
16745
96746
23748
24105
88120
68135
33588
10245
95803
29216
73394
52178
41503
25065
51089
28152
89435
48094
6247
78285
74939
65578
21580
34199
22741
43799
89417
40011
14193
30880
76389
30938
43978
137
71396
48450
84624
4984
58695
80427
50552
48441
32605
8407
89858
46
36559
79294
64492
59159
73931
39431
24737
95511
89983
63830
55662
79400
20193
69855
26632
96583
17146
86962
13072
88542
35412
97697
9878
94107
94476
76782
42548
43434
85190
48759
43480
38101
28053
7973
13612
1984
63756
38349
97495
70091
18532
53157
49492
55077
39365
92476
68012
72863
79439
81085
61405
14851
95134
87635
25311
89610
80769
67859
49396
82311
16618
92877
20413
61023
17202
34025
63007
97310
88727
76854
67402
23611
46364
33246
78688
2081
25722
46701
74944
21513
44138
52701
36365
39272
56688
61676
45234
37457
45887
94631
19769
78858
3860
56534
39881
37414
90559
19241
34724
95638
12447
18478
35601
75163
51724
30642
77244
93799
77343
52188
15312
37833
21241
68029
77105
77929
46057
38691
15387
91945
33322
35156
87155
53534
91690
43388
90948
98601
62629
42025
10592
91429
60503
46193
66592
28580
76835
43837
38731
70530
12377
70395
8363
33619
54777
1820
27900
834
40512
43287
9131
90186
94795
96286
43721
2837
39675
51021
17791
18656
93046
28383
10085
69902
74576
76678
14834
67764
36867
53565
38294
49244
40312
63010
99215
95089
64830
27116
12276
21694
86755
21407
11881
97903
34046
71954
740
90073
22975
18531
25081
16022
63266
35167
2276
54195
28197
17110
21959
65064
87027
76605
30660
27339
39615
46228
38781
20798
89696
51057
42492
92803
88816
70725
90706
39214
42679
7799
29287
65655
42682
70721
98029
5949
5888
16657
60144
50437
33767
98455
31853
20794
75060
78865
64485
14676
41445
3266
35474
31141
70675
94318
40297
75844
65044
31003
15058
24075
55154
60698
6082
97837
31419
20463
20138
53659
37120
96634
4096
70887
95089
52301
8033
70149
31166
88871
1177
72612
8489
53003
20105
79165
63674
76754
55009
28718
7758
86419
69145
79264
47117
75228
93453
94888
95691
13591
48547
32812
10225
68995
20051
5314
21296
44437
91816
68815
33308
9345
57779
41797
62349
94236
37314
26023
70991
8675
71093
95101
95095
40238
74365
58564
15466
67819
53453
27510
97762
18352
76674
7988
3700
13077
29654
41348
57514
37822
10163
7174
47168
84294
48972
9517
78531
2638
51892
65874
11314
39337
60975
22761
79575
51692
81325
11394
35863
51130
55256
33626
69483
31930
57966
73183
45007
87620
14531
18874
25443
41047
26048
72611
41693
91372
98480
20224
94011
66724
2450
5325
6061
63425
44438
1988
31470
25763
29734
67333
93246
1342
959
62729
49624
58925
52264
94632
62898
83147
29858
4693
40546
55906
77304
82240
47279
92136
18816
57642
75212
21267
79319
97625
1044
23757
99613
32514
65872
45700
99848
59118
47042
17159
38199
96667
92437
90463
7651
71687
89963
37509
76380
30509
9767
53684
12749
73398
62172
31566
31040
37384
52833
10359
51361
53877
34116
67326
2744
99989
13026
18944
75459
76421
36103
13659
89440
44892
20474
13443
16579
10437
67304
92959
40947
93423
62995
70048
66822
41519
1614
97862
95255
70799
24574
46616
41029
58690
13943
43773
75031
43321
62717
66843
36094
15172
80502
25534
76417
976
55329
92996
11414
22633
2308
68713
16057
81655
38761
99231
23175
56728
97093
18430
43879
21667
81399
84908
96710
11694
45033
88093
55015
7750
54936
91110
39275
35438
32996
15692
52767
4678
8688
80533
43663
27348
49246
59720
9004
4359
75303
32179
77439
72397
66961
21319
10416
48360
6227
23478
60054
51261
27924
31422
75363
82860
38884
14638
34651
71880
30330
3770
92910
55371
84303
36574
82719
49901
12646
8075
54260
87950
40254
48052
76699
23568
69371
87115
71928
75598
26946
48335
43211
54870
79757
34927
54082
18641
49565
5085
6873
96248
8855
99784
67971
93158
52710
50690
59411
65356
58766
30024
53306
15372
78076
30005
38940
47447
33473
27221
39397
76771
75556
98961
31641
71665
33888
85723
6658
83453
90809
13531
96053
16016
29667
64024
25527
82377
31067
84938
64086
6185
14962
17392
37909
93038
63750
76850
56837
97223
20423
96235
73994
95979
95196
21987
83996
45436
24062
90654
45241
31223
20537
41295
47240
66557
5319
72767
65286
52738
57705
29372
58923
89020
46765
96833
82058
26867
90035
55248
40442
10458
51483
14436
22789
63031
52775
6785
8467
76837
13791
53708
24413
34328
11355
71653
885
33027
60772
66172
85765
34829
11896
61041
23849
58661
74226
22260
1880
64261
77508
42322
91071
28991
73110
13860
8374
25885
36997
33193
19075
50788
3253
43488
85116
14609
31493
2354
47636
92265
84878
33401
27094
96774
10794
67296
71788
85020
89556
73668
49281
67064
15991
56704
12407
89101
70564
20781
31339
23913
70326
50414
74701
73579
10254
76170
4540
41747
78524
52176
50364
63402
1930
93810
60176
12724
61106
48316
14097
50662
21985
79730
34078
54328
36435
46485
59781
23351
83618
91120
47265
53944
57886
38318
43876
84492
14488
48416
26239
93012
16945
92955
72766
35227
86766
49295
64303
47872
97611
78400
14887
35948
58131
48965
90276
94566
95451
50058
34269
79069
41178
81534
49366
15417
19853
9594
99909
50693
74362
42501
60058
91307
35456
32824
26534
22222
98471
90838
86447
96083
85590
1334
32031
43721
50299
38660
54639
62102
88718
88909
57524
46248
70443
23242
78017
6648
32836
77927
73694
7198
20428
33752
14858
72236
66576
57744
94459
65048
64934
97258
77483
50525
98592
25866
94246
65243
80878
48886
27346
69596
54147
84870
32197
40942
8112
10214
47591
40948
4493
37637
64498
41273
71389
79356
13510
54317
37101
24321
35717
2035
21579
13200
68912
20171
55419
79511
85414
36297
28397
29112
22246
98896
13982
54443
39838
38446
81009
3781
79394
85503
41418
60245
26776
12807
55953
40286
67125
93054
64607
2842
11442
2538
32395
96706
39061
87814
76217
40828
40463
20966
69940
62709
19862
275
33504
59701
38721
14514
63482
34468
17
4901
94713
26793
17708
50666
83432
1185
60073
64391
4028
87867
66930
36423
84573
5991
40589
60791
46819
97404
81757
33112
60114
1620
33387
9970
61321
72108
24484
41155
6576
24501
46056
17641
67647
80117
68308
51079
81302
44733
31822
1682
32600
98752
54457
17173
21096
11398
94316
84267
8803
76074
17379
85269
94046
50766
95239
71719
39227
19724
12874
45803
60577
75283
63445
28224
55400
48105
95655
53054
92838
43830
71089
41790
58934
25546
75315
80030
53297
69632
64298
62100
62058
98029
47369
56104
48796
58960
44175
4375
78684
57049
66530
55614
48684
29975
190
4084
94432
12198
73491
3622
56028
44580
45412
14962
86478
20728
94993
56127
6712
75643
18227
68770
73672
81948
41226
38820
57261
85401
59547
35945
58802
26078
91559
7487
56053
8102
27923
66838
20300
17766
86812
76328
78698
32225
7642
65177
69305
18987
21304
76017
94630
55884
61139
84655
54184
18717
39827
11445
4118
99375
63743
79272
25453
71654
3111
97858
79756
47387
64696
56
65153
67861
92736
43852
86
379
25381
85743
19366
63037
78112
30349
35273
39251
15004
89458
57968
71183
17255
78438
70558
80998
74062
12363
69005
93526
10222
48761
40913
91270
65170
6066
59131
74258
49918
75569
90989
91651
61312
10356
54689
55776
57057
89962
11379
88413
95772
69347
59596
13028
64137
46507
10378
54552
58870
95735
48078
69092
60849
88991
60363
26019
11409
35846
16629
77680
11416
7619
69331
89080
34327
40372
44857
91384
30335
56236
79797
42459
41936
39393
71839
22425
85900
82218
93329
44771
77953
41407
30215
38802
46750
90578
81173
74512
42777
97803
52192
54193
21774
37875
43273
56101
78248
4482
47485
24935
77071
27282
67394
19007
83027
39234
57784
68928
37804
51114
30051
32109
8873
60266
87264
55624
67197
68437
46488
9974
82592
98680
64167
4366
36555
23792
60467
31155
44627
7952
56090
21698
51586
39837
57057
34614
79071
31193
19894
33227
82307
49945
65336
91181
26563
52600
63157
93760
37390
25997
20086
19982
24677
84253
40701
77584
24398
1168
25092
85377
25473
81182
7075
93411
21019
80484
28025
16442
11677
64271
49669
10337
14216
31358
17870
57132
83958
81027
50892
21348
23376
70979
57683
48053
71584
98384
41989
12334
15904
67081
97711
41377
64616
21138
34789
1987
1622
79166
18430
29652
43438
84451
39989
74006
32161
57859
31138
16120
55238
98383
53820
78614
85714
11503
43019
73650
26239
85008
85985
42144
52090
48
99873
33058
37539
51014
35045
55513
30181
53475
85165
89971
54279
25154
63977
86440
99365
11468
18912
54603
9851
89085
49569
11917
16940
92588
85567
43180
93949
87904
85324
62391
87953
1549
95449
25492
52564
30494
81005
99097
322
82523
89068
70953
24029
69397
73745
23395
80865
92658
94350
7068
98095
60272
18985
15035
52860
4553
58215
63161
92457
59891
25552
96762
61441
37353
38606
30357
67848
19612
29454
84522
18487
34874
55475
42516
4271
45572
82263
1489
54582
76614
8557
52677
36886
27543
67713
6098
32096
42280
69260
40905
18524
11164
54020
96317
48518
92626
26674
32718
28590
72480
33592
47077
23706
5419
89594
27977
50991
71857
29466
21926
64823
38024
74603
1709
81919
58668
24160
30367
949
9772
71272
35825
37288
25292
32142
85806
34271
75168
34876
62861
47648
84820
9939
71354
90239
15885
15683
57583
4094
61502
79509
68918
99526
70464
86979
97797
29133
11139
28164
46434
37263
15788
82259
74552
57433
14401
76710
91704
89569
11587
54565
53569
12759
80856
41275
19351
96741
56958
76934
836
18460
72795
86106
34338
43259
73085
48487
72392
577
76651
18826
37840
8792
17437
12392
66225
48190
89103
74281
37759
17042
45198
7680
29801
26055
65307
49152
39148
22266
42438
39984
57078
15233
26090
7769
74845
15528
72608
47237
16105
49260
82416
53945
58052
16205
66338
40629
64396
71793
14910
18507
88835
60108
26188
34988
2515
7847
493
41664
46465
42931
98000
3544
74517
40443
27665
49362
55971
273
12951
88428
65885
11719
42373
40289
44277
25063
97270
8673
13208
28532
27180
2043
4993
69720
53384
7508
77568
53877
65524
24033
13160
63525
43929
87677
20320
87946
53391
92643
4572
82695
81071
86809
10766
39796
27099
55043
81212
24369
63716
94420
52902
7249
12816
57895
93321
66200
81755
70889
20077
47280
11275
49589
27157
71556
53619
63829
59503
7010
56472
64075
6057
53895
50884
33176
93691
94335
88219
91255
35057
68288
85676
4311
75537
98492
78558
85210
81044
60313
56100
1121
23945
83727
67062
67454
55283
20681
31283
14786
44044
4107
95213
50101
58002
62450
83277
68046
73137
87849
59301
8194
56137
61329
12505
48026
59821
7415
49588
57217
84081
5688
58338
8026
5767
41753
91833
61051
62434
23116
92189
6478
43576
87403
72932
1578
66205
72561
85976
39342
60410
61630
47537
32899
22959
76394
97277
99133
162
46866
56350
84243
68906
31041
8621
74674
72794
454
52077
35228
39923
44266
58059
83499
48021
30991
1429
14226
19904
87406
53569
80315
65388
17458
29566
88347
10204
43196
87480
10366
90062
60183
94609
75320
91224
19583
66346
80370
20037
18423
31950
76312
62690
90009
59811
10711
37352
77593
41290
57257
81351
94859
53924
46739
28669
83490
35086
38873
43038
38919
49240
33100
99102
60201
24773
6678
79784
91119
3400
16174
25895
35350
92486
88585
41712
68650
15648
79064
46243
56938
52673
27594
68149
6597
74333
96818
6440
25771
52044
49478
64690
17636
98931
80144
77837
23704
3174
73974
31175
6574
90148
57070
41925
98986
62007
99989
67636
77656
79053
13879
50946
31727
57825
35448
54676
32158
32266
61116
74282
84310
10595
55324
1946
9526
35469
96136
49582
54995
70110
80757
61570
76610
37828
19847
75596
99835
19836
43233
93843
15241
73464
61142
63320
31290
96590
17997
79800
45208
79113
54082
29519
89708
9407
47817
15586
44876
60305
65168
16223
46767
45926
77793
23377
106
13992
15326
99941
50180
74911
10137
65422
48375
87631
28742
79665
84221
46739
59466
29429
42205
29900
75300
31913
39307
39470
63852
535
99775
29020
16759
62895
74946
10904
86272
91404
24897
17950
91346
91429
92861
17835
56851
57589
5466
1946
37254
6039
65037
13072
51820
7242
42973
43473
39156
82280
82943
19360
99168
99070
48380
15927
61965
39679
26831
64590
31083
68080
98892
38781
59510
91754
56616
32713
49343
78434
34659
2949
84473
99697
32374
52646
6939
75347
96119
62447
73979
95414
81807
89499
10836
30188
5426
89154
86219
48610
53744
17302
16690
52636
72436
92552
60742
29052
25266
10085
23839
76277
29387
24664
75974
61761
77310
99266
53460
89781
61713
43791
85195
59873
33291
96032
6413
38717
1538
92632
87327
55282
26286
20370
24270
98722
12922
1365
44127
54540
27802
67966
30818
57189
8982
23144
35302
2645
22410
88762
92426
476
32554
93974
76701
82197
90006
83114
20914
7896
92098
24594
79530
18384
61316
3800
33459
90590
5165
77586
45131
49320
61904
92301
6509
87238
15445
41812
89883
54208
46926
82310
54684
79480
76284
31385
61677
82642
30851
98944
90538
22949
39890
70068
57685
17558
90220
7496
8148
11738
1434
69631
61058
79690
78284
83919
66929
93730
42083
73164
64290
89010
55474
35326
84842
48110
83063
62872
47104
13914
78168
53994
53215
18058
40414
27252
35616
46987
34749
60116
75077
36183
46100
36135
15874
24384
36406
99155
18114
78490
72319
98756
67500
44146
34082
68694
8608
17145
31566
55713
31059
9734
26059
84274
44144
66474
11527
96112
29813
62628
56229
4890
15163
2329
57377
31037
26713
93783
46544
61180
88625
18864
59936
72477
79362
94019
41172
87970
11164
72738
60035
58576
98825
86095
59202
42969
68921
87081
39082
98734
49709
11663
3624
64873
30344
77353
12262
73409
71136
75159
50941
76114
94023
10878
48591
73385
21249
6115
77707
48765
95206
37743
23693
94031
23838
82896
53352
9111
86329
92434
7845
52391
20449
27821
17264
50793
5174
45878
24203
92662
21037
75144
85128
31412
2374
33720
21149
39975
56187
98857
5093
51393
36600
28786
45424
76790
28034
98777
85901
14364
7563
10098
66755
28013
54271
371
95158
75797
62601
19361
84811
83639
10858
69940
31403
13232
20012
52553
69560
76199
51410
74653
27593
4362
19791
89369
97504
47826
4498
99757
78542
28414
26207
61649
56427
80478
62020
51585
56275
40973
87299
57438
24612
98157
27378
56016
27741
47390
24921
97301
23590
92683
71954
67535
13397
91746
56904
10901
55924
61403
27010
34466
89817
53217
12467
62596
33695
74487
30533
6322
15460
34184
63760
56425
48693
91139
28793
76435
54881
53714
90088
94823
46397
62043
62358
76146
70141
19263
87047
42417
97018
14057
93235
3187
83626
5702
82135
17321
96541
29020
39995
28353
63205
3755
84778
11898
11246
29923
4685
82480
83637
94774
77303
46386
73169
39662
22532
43310
75277
25931
2079
88647
56340
95314
8186
39966
1016
90321
73639
97557
19341
13634
25910
98898
33742
27041
10797
61340
56964
15482
60172
56954
26608
37476
19692
99777
93490
58577
59439
85119
860
61518
73766
57201
56832
81952
13519
74200
88625
87159
88109
24318
17145
30372
23217
67239
57413
50366
28580
30729
82200
5104
4035
8809
42580
23728
8586
36070
98657
68026
37541
99517
45896
11307
73070
2729
9611
86590
93281
98236
90101
81391
22555
23598
28115
45772
90838
85528
12490
35770
32609
94690
40874
36645
3499
99807
76725
28438
52229
75382
96464
89771
91251
42360
1078
80674
61441
27042
83616
71075
25278
73717
68818
64185
13667
96933
26309
4505
98813
38799
56627
31422
33490
97502
84419
53341
13661
61144
81779
65890
52878
94595
55661
60482
53308
73092
41156
31101
134
24772
2176
41764
14841
70994
5950
28508
84279
32259
49366
83092
71059
22345
30867
20901
36199
15286
74242
49860
92783
72374
15751
45661
66969
87764
6143
36629
77208
63651
67731
77342
88423
69907
35459
19616
57254
41409
64477
41533
90020
30195
40978
77431
52540
71845
98332
88740
87131
88927
38600
79914
77653
70703
41928
44622
74820
64423
97604
52028
28075
65335
45723
32850
51594
81182
68819
25200
38943
49648
83086
45315
79843
24064
22747
32383
95909
37431
37475
99392
42710
92428
95659
20363
63131
53939
81338
54303
18362
78942
6332
62789
60629
68407
11992
12223
49589
80811
37424
4884
30459
20510
50199
26654
60926
72946
75389
56835
26730
12865
72579
69440
5293
68238
89804
84776
38529
71142
55432
56892
50084
61764
36033
10713
30171
48025
39288
96112
45188
93064
996
91999
29926
67547
18653
90852
56846
94043
64039
83576
23260
52971
53016
44905
37561
59172
29681
76091
30314
85113
32983
96750
63229
85368
23815
9752
49746
79456
5864
94934
88872
23212
3286
18799
90760
38291
26003
47606
48686
90043
31182
71946
59366
550
16851
96927
76075
62885
73018
22741
64350
22353
35844
43932
7722
59659
53684
57468
55467
75901
68754
44340
99113
72040
63139
6225
10332
5494
53831
59018
11889
1365
47317
71255
18268
80520
68183
94343
43405
41201
17084
24108
79907
52928
68040
87629
28940
38076
61449
759
13977
30203
45099
29443
18596
24590
35668
45280
30085
5852
20650
41974
23569
67967
13230
41837
48488
97765
52532
8245
38966
69617
32353
18873
38897
16745
22854
84189
71174
655
84949
85151
30859
46400
30946
65807
70991
66615
11087
17428
72467
31737
59402
96036
16057
88984
54226
80897
86749
6758
89142
42068
92727
37848
77293
47977
70945
16500
32166
42119
17155
33467
43623
64366
79868
74569
30173
50859
41184
57612
68287
30003
5702
44041
42392
21759
49378
12970
19008
52479
19728
8150
10899
28808
62350
88193
76785
33296
21045
25303
91767
38200
58771
35390
2567
54991
26312
49092
22202
67496
6705
90489
13852
28759
50882
72596
50518
16612
85566
69526
69092
21646
94028
96343
50454
72731
84536
43591
6027
21933
85247
14146
60134
60370
65889
62701
15361
92201
28145
37563
59697
34850
44404
89901
63609
11638
78849
30479
28251
64415
16357
13695
2414
26738
10038
69220
99469
10927
12812
21848
32860
14411
35994
9346
74781
1883
72047
6494
94084
16545
44057
70134
67747
4813
76387
31357
16451
55237
78188
61054
36004
10898
74749
38418
37636
1140
23991
53457
12067
53155
75305
61279
67566
27651
70626
58699
45887
59025
65193
39971
75570
9250
26457
43318
30415
19197
91027
46866
74434
85567
7921
26790
96465
99022
81561
50453
162
5552
3910
28581
58707
95567
6213
26273
23219
76839
84972
69106
52216
50165
25429
27787
75767
68239
87457
6182
87436
94836
69400
78222
80403
93673
5012
93221
92696
86573
60026
9210
92125
80289
37792
67184
75856
60357
93457
15427
37196
94781
885
89412
61298
26315
33551
53417
10906
21008
59599
98342
32196
45352
76564
28952
39025
81576
22173
31721
84502
98551
57284
92979
78840
95076
60164
71049
71785
69973
86476
8981
64755
87362
14745
26053
30029
48297
79471
40935
85657
55422
55629
17854
774
32193
46806
56152
30121
85331
87873
30975
83882
45157
23955
79075
56585
471
50124
28370
70444
52952
53703
35199
40314
68449
77605
86695
33098
73428
43982
35107
45202
99611
69313
62329
48156
32471
18481
94630
17802
22706
41957
18037
84216
65912
13464
57153
82735
63588
1876
53180
16540
55579
4731
73207
40380
82336
76254
89830
72116
20237
24938
17319
36200
10603
79648
709
43075
14481
95339
77229
37187
53648
11618
21403
19561
25082
78557
18648
5022
80433
71828
21563
52364
76560
11122
92745
75248
87376
98927
47365
7613
40217
81036
60166
50821
77036
60875
93896
7869
72566
71125
45056
26214
99096
82812
62127
24178
61369
80776
29201
58154
52604
67116
26870
45516
78238
35967
37117
81966
34895
84482
5932
75112
81870
66098
25933
75258
43325
36181
83127
15891
23659
44535
58457
22755
27347
20585
63285
5068
17713
92486
63222
86669
75954
90093
32186
70544
26060
69303
52511
77307
70137
58443
52420
68359
40893
94705
43617
84218
30887
43096
16461
54546
87631
74918
93653
14979
11855
56938
36399
29568
65777
99622
16238
41731
6067
64776
12276
48479
50431
64787
25787
36920
39582
94559
5279
80475
5616
65248
81045
36503
24696
97506
7401
12327
88776
17406
43658
632
74345
80058
30200
40122
96032
62790
98205
18451
27566
10481
83282
94349
91620
25421
31269
47554
19980
52900
28029
41949
18148
25426
78452
59196
22932
2206
71524
11709
19612
31534
28693
10309
27944
58893
66783
23976
38036
64989
58779
81954
91822
42062
76304
83443
67483
23925
30997
3816
76826
75379
45765
11326
17157
40569
70523
56442
59127
42047
84503
95092
89933
13196
21753
17878
88441
88537
58206
26477
69878
16986
8432
61700
75400
1088
61495
42883
25013
8845
63051
1839
576
25168
13166
17733
82090
83689
74175
41217
42088
58678
36309
48373
71874
58063
66251
76668
62952
24458
3145
32830
57796
27929
10882
33196
29017
72378
76079
70383
81223
55483
72222
98151
97003
1740
15884
79093
1781
6412
20311
43869
65090
72972
92243
53317
47387
74846
29985
26691
99304
49482
59521
57100
93764
70404
90296
22781
59134
82728
93164
56709
54563
81739
54860
51566
83479
70744
30660
85261
77156
67323
45482
58599
56647
54077
28268
20387
28924
74605
47078
28228
24087
22952
1681
34203
9708
8329
56985
68842
7409
66501
25551
61972
64592
80411
29891
48072
67507
76903
49685
61016
60578
95167
35967
17225
65597
64235
53964
94521
55192
1043
39101
79279
40347
57134
29835
50055
65464
86820
18897
72873
69673
60800
51198
34266
57563
97441
98690
41422
74344
64727
2438
34922
76246
54757
68499
41843
35344
22464
36364
90536
39859
75466
86168
96558
32600
16003
46613
14416
19175
81862
3642
88848
42662
71192
39466
16577
68633
54508
57999
59329
19235
76790
10603
95482
31547
79102
53677
66892
17918
90042
57428
74129
81860
43596
70687
30812
75951
33652
61581
95126
15514
65223
83975
58176
52767
39793
91105
21400
94302
49105
97081
29889
25895
7684
41723
57442
3138
95401
40686
37409
85443
14467
27890
83655
74415
98578
14467
50367
48582
76048
45493
64097
57623
45820
38625
10390
85614
29731
48142
96268
78836
45223
42509
4731
69259
84233
78525
72398
79634
35564
9807
81429
50031
37697
65084
24446
52627
95903
74813
1210
88304
36659
65307
45927
82479
20284
72670
84445
50015
37164
97065
45203
82388
39575
66286
51647
23808
44812
24045
3442
96728
50204
84871
46759
4254
66307
87557
56881
62210
62371
74443
50514
15382
56102
12794
97861
76387
85464
98659
26402
22628
95724
87958
21368
35299
54244
73016
59107
15408
13413
78901
12136
79970
80124
58895
84224
46431
46453
57457
8642
25176
31901
75508
40558
4355
88302
54771
80742
73766
53430
23497
12747
49155
11455
34115
806
65699
23483
76266
81108
53249
55167
93244
33219
35292
68492
33795
98075
31297
7604
6717
56473
55857
82226
13383
60213
86880
84506
40955
60647
37937
64452
89746
3444
92259
23861
4250
74311
63697
80516
55419
16946
52036
65015
66517
3680
33507
312
1755
81156
24268
24825
53981
80126
23403
67364
40339
10283
68223
81294
70930
6160
62099
77028
25956
70710
890
46558
45021
64587
43427
440
97885
95463
81808
64402
99143
31667
81066
17250
12824
5334
42075
66805
85460
65478
50522
25799
75762
18745
23446
63044
41257
85545
40073
83565
56255
57315
30123
17629
21902
73550
34421
19787
85365
16229
541
84508
64249
81607
1759
77073
86941
60186
60230
72402
25665
27104
14553
17779
62201
37999
97175
19810
39896
53600
3375
12504
10915
49851
30133
49169
23401
64554
85308
8767
80784
85849
9627
45033
67456
27738
38458
70750
4277
15040
59504
46294
42145
74057
64073
4346
12057
77600
24157
51953
31201
43884
64457
42116
93735
10942
91286
33489
75497
92946
58608
56281
78796
84587
17666
62604
12326
72476
33354
32955
87516
9210
79249
29661
83268
43322
50360
11677
20922
90869
79982
68475
34753
60792
10592
44841
71734
18230
78330
47231
11176
36938
19864
89972
21525
53882
68929
50203
26358
18635
83158
13875
27846
78759
43536
11114
22081
10248
39143
59356
1117
19125
44183
52223
79917
54775
97064
68004
89357
91746
15235
534
28684
51452
6858
66561
5334
75787
16765
31693
10775
16275
45568
38621
95035
89104
66087
33468
15705
5230
9176
16822
40707
53360
69045
36977
24487
82461
4981
13845
74207
36568
14379
19243
88020
37589
85805
93355
29729
18922
25048
40504
51549
70616
79125
46584
76072
61564
96405
91777
66794
21933
24952
23853
75293
10349
60830
99781
92811
65811
29978
83370
2380
60709
2614
90400
98298
4771
83755
28027
23693
25155
84883
75242
95771
64008
38179
88196
41924
34584
96325
25070
56517
21277
48924
48163
31627
9754
64296
40790
91918
94274
24160
10650
71335
43126
17402
69633
47897
17510
14013
87942
42665
98896
63185
54789
79257
17716
42985
21181
68652
39310
46252
41521
60588
95176
89684
8567
21282
70332
49357
13200
80958
89869
40202
52293
49348
57605
38279
97245
75115
52292
85188
17780
51188
64725
72569
30445
98793
31906
51627
67445
71217
14231
8966
48157
9407
15003
56724
47041
1687
22433
60242
82646
28654
444
51291
78002
74401
89570
91600
49516
41862
76788
67297
9403
57865
56218
39848
56658
88125
7827
40455
75694
22058
65773
40203
47817
80776
13279
94859
98816
52064
71453
97814
80718
88249
49105
58721
62651
55028
50321
28519
96890
43461
95816
22645
17678
68387
78846
90688
72864
86673
31143
64910
25084
96916
5113
89253
94045
18392
464
9213
86808
71917
7027
67526
76519
56132
42599
55522
27512
9272
84041
24403
69085
96210
63400
86763
64597
42246
77451
53813
28920
24946
18723
70356
38215
40188
75961
32260
74932
76426
57825
61740
64695
64852
29266
41214
37336
88218
96736
64849
97490
80778
5604
66576
76988
69004
69691
57937
11251
63495
28102
56523
88441
46825
43231
43008
3365
19192
91620
78297
95618
49445
56389
60314
14297
2007
17880
51634
90225
14617
32835
87716
11747
54791
70644
5087
23795
56687
79376
51398
20182
7478
7921
24976
70655
67504
67984
74020
86697
59605
68669
82315
9050
25058
58981
23348
27065
76862
91334
17291
91479
40521
21359
19578
95312
8355
41017
19107
65042
20393
86858
85225
27871
11131
10201
98526
78636
78185
88898
65333
37790
57567
64000
63193
82625
22982
86541
9690
99844
94227
43333
7675
51100
64692
43605
46412
89399
84622
81871
54442
5015
68729
39667
32886
79861
66220
47764
58497
60757
36662
40182
14900
10581
4182
78093
9558
27164
80986
19248
43360
75213
78934
51035
26313
59978
10992
89077
49378
95614
70948
20172
629
56030
59839
49867
52243
42411
13983
27092
3168
50645
67274
18068
77578
87808
96161
87136
14973
77147
22737
74685
68712
1671
42073
11377
78001
53065
16806
43731
48680
87755
63903
65661
60137
23742
15529
12380
82505
29512
39472
85674
96510
23098
20094
74088
10906
16256
77577
42231
9755
314
16917
94820
18337
58990
6197
96338
28407
39356
40070
77087
27111
3973
42749
3600
44068
74630
15980
26573
4142
71804
28599
17004
94902
48694
91093
5808
81302
68670
64392
7409
85336
81309
2229
3673
56651
24779
16363
1410
64135
56433
78498
7598
76759
37599
11198
37179
28581
43530
63752
49075
15334
8704
66080
26588
73750
73525
48748
55052
58547
13140
62461
43883
10801
81043
63908
67452
5822
80271
85215
69957
53057
80065
93907
46168
17664
5105
83347
62597
48635
63451
11672
80321
72155
77752
6909
45905
67629
55657
17309
26176
85150
79771
70059
95951
77166
50319
79756
82988
30591
64971
69297
0
45036
63204
46168
79052
68309
29515
41649
33296
92966
69673
29969
81474
63778
36878
43731
31407
8887
61041
57584
10389
57164
43995
6341
34330
94315
86097
17318
24906
67420
86615
24906
12456
66171
87426
7860
50832
16941
49509
84128
26259
35534
14097
7733
99312
67327
51465
30720
92566
12506
4656
2956
69670
48651
25649
20352
42966
11746
54022
84224
95518
40637
25482
7974
23160
12908
32186
73992
46201
98047
74472
72461
33581
88569
80194
32894
72248
31659
79966
81166
60517
84622
84122
46539
33273
9771
66891
92592
37869
20913
93168
33387
77902
35003
57713
1062
47911
89899
75054
94113
87946
49526
66574
37880
54447
63120
70774
43047
94780
67092
24214
55297
51714
24688
18189
1339
50812
85080
10283
5033
5994
3452
54773
248
38455
28838
1311
2718
35090
92717
13183
23036
58596
96109
60916
29395
59230
48042
72443
54010
15134
13009
25659
83200
54049
43848
892
21213
45281
11175
42599
51275
30979
97372
67875
85786
42562
69186
4857
77652
78256
18040
17041
36852
14150
94309
82599
73380
42352
55042
43742
73838
84403
85753
73391
54805
29602
74283
92370
91235
1810
34969
58862
49142
48693
26737
34928
91256
12276
39785
68908
90532
74178
2301
43736
88328
96611
26335
78060
38963
97730
21802
29153
82133
7555
18896
53290
53509
93179
45661
44744
11342
96982
19958
60484
45676
46696
11764
53284
58972
51550
38544
49504
42080
40846
9592
46760
37457
35927
24820
92772
33657
62974
38277
32143
86881
57174
85433
56743
66705
47446
17839
78047
44429
37798
38531
6457
84494
50296
59741
43466
18198
14637
9322
60278
55483
18914
7038
9292
54841
48210
18416
4851
11184
56694
36994
98065
13868
38779
54808
96925
86226
72648
74973
47007
26798
13504
53464
11292
80152
29557
71110
98350
44194
96784
74980
16030
15698
82018
25322
86891
46580
43739
8094
57764
16785
45088
72182
47005
220
43342
43930
86446
15990
18903
49805
42788
48760
3269
70432
28912
49178
41542
27263
93372
38326
18595
9402
70376
614
51077
73620
63546
94816
81714
21311
27953
43155
93493
74958
43375
36835
18888
46173
69178
37792
95978
28318
86552
15599
15103
31816
64777
56645
75431
74501
11324
94027
83904
98052
10993
51333
71672
74539
46149
69739
95850
74102
12894
5695
65412
72621
58883
84300
18794
44413
38444
31124
89083
41348
46723
4186
73165
27852
77184
48596
2353
88508
42623
86257
2912
53616
37590
90937
28156
91
60676
40358
90545
89922
62406
55957
78895
21289
56610
14041
82054
95054
45165
71137
36403
8240
75324
25920
36092
52508
74516
38445
57368
33492
24703
60280
87108
78645
67569
31616
95089
28245
88327
1986
34519
50733
57944
29766
88374
30906
43807
70428
25960
88972
41565
78715
97212
33241
4635
33304
2101
95504
71750
59469
28996
12805
36102
32456
7802
3671
64073
19243
48269
52400
21230
99140
19485
95526
28907
7859
26432
72714
94639
68744
78039
52556
63812
75251
85798
68447
24908
87899
80303
13010
63721
9299
42167
16175
41756
66321
19846
22181
85565
84467
90933
6795
83608
10418
18673
12515
18277
45105
85229
29268
13849
79620
81824
77661
71224
67622
62461
96132
71874
42764
25494
51947
68416
84013
68122
26524
50334
87968
48705
52251
88788
39638
75398
72396
66408
94071
84911
1037
39176
86492
30305
69378
82465
12129
63391
53689
96104
42204
66173
67978
1321
91667
36277
69737
92032
4399
12613
42366
8719
61318
10970
97507
17308
86368
69903
68
80440
71166
1105
35968
74011
31410
21698
56476
43539
85090
26517
55995
27294
92690
40325
44967
84357
76602
14704
76389
81001
27317
35107
6073
4987
62429
3580
38647
48798
89836
38715
45590
77354
56172
81558
67717
87582
19609
40545
47474
4699
67062
19821
48345
59752
60147
93313
60461
36749
24369
36850
34103
68039
88310
40176
89378
50739
60108
44378
15889
66296
99445
61479
60003
55618
59390
27720
59552
78999
84618
23378
50
51680
43200
64747
27785
3347
58060
88246
40096
82430
41449
90551
66821
46111
47079
56199
96850
7188
577
29092
89836
23
6923
49839
71993
82665
93912
31545
78016
78530
54924
78066
46562
98124
42814
74347
1471
17226
62594
57919
16008
20395
64823
82829
66506
11902
39029
79708
35442
55958
8800
25279
72333
15724
91470
44326
98389
85382
75872
76406
80264
30796
70824
26827
45272
13638
1174
63095
47217
80120
37366
63225
515
2189
46055
67021
30444
1436
63082
65886
57394
71882
7517
46080
3958
98988
90406
18700
722
82630
95106
80987
29778
82282
24166
75050
12273
41692
54497
59490
21813
91864
22715
38680
10405
68770
22054
40849
86558
85136
23088
60305
73370
46957
6385
77329
45945
96791
96029
63020
79422
7487
44007
9200
89769
68173
603
2042
9865
55100
77884
48030
63316
600
3063
73722
85722
25117
30923
72281
26605
70363
32586
99975
17321
55323
77304
79618
68466
73333
42638
47888
97172
2997
73441
86942
87522
90396
5336
13740
61848
99573
61770
25165
173
64833
15239
2247
6302
62514
90880
32907
32878
23466
49235
66551
95141
26539
46169
63608
16225
5160
27848
13397
8157
17641
16691
95680
8037
38380
9420
69886
37953
87542
11403
54478
68728
26642
56725
91382
5508
47606
40642
54738
87424
89877
21289
82566
16416
83811
62526
48993
88971
90374
62391
13480
8016
95434
9160
16053
33814
34932
2291
88119
38827
13694
42597
23907
56688
15675
15289
78549
79633
55931
33287
67057
45808
54577
65975
78577
54740
28501
27570
43711
18876
6313
73543
43244
1748
99056
75649
51914
33988
77941
56386
89167
7987
15335
13074
81028
31010
44716
59577
10643
647
9216
94053
62808
80145
60028
41385
34885
4882
68955
94948
40110
91621
68492
83354
93369
67548
59003
61635
17888
53296
34373
23408
77636
49709
36482
58664
80719
81198
34593
91363
98198
60161
85416
61006
40307
61796
2391
91544
66678
87698
86493
6788
79319
71337
6494
89040
38885
81850
67028
73125
35146
1401
96533
29134
51110
49368
4150
31830
30566
38743
39545
45116
15257
41313
6122
55564
19461
24865
47108
86140
28916
33601
9280
8235
21290
32127
13628
60175
13977
80656
49653
65475
98409
46186
94610
49520
95554
98760
97702
42473
53856
53599
87589
69113
11264
10064
24677
30725
51281
88137
33217
80197
38091
58850
4785
59381
90977
18413
35909
21306
15421
85562
86781
13830
31748
97743
79702
43655
12856
93756
86128
66712
47355
90069
52177
74971
16485
93206
5697
67767
81343
38914
64316
19434
97764
69101
95168
5093
3866
31077
26399
35639
32991
29533
65822
81091
43628
61876
24746
56484
55633
27226
39548
19340
33648
91725
94312
50133
84931
