5557
13359
5685
26996
7338
6545
24800
28123
21459
11261
19908
6033
15928
26450
533
8550
14521
23439
23522
19329
3740
3289
6274
8126
9523
12084
7943
5248
29133
13657
7119
11043
27016
19156
8039
10706
25702
2840
8829
23513
20453
5090
29546
6381
7892
6432
21284
22413
6223
21158
18095
16315
24447
24369
793
3971
12805
8737
15571
18291
28746
22691
29334
2115
11847
13725
19173
13901
22917
28003
7415
13371
9445
6961
26104
17337
19745
17388
9751
25968
8547
4198
12283
9346
4919
13077
13317
17724
28166
28889
6015
3264
27932
11701
5379
16131
25427
905
33
18344
28908
7448
1715
14705
20761
4172
2042
16859
21560
18145
12827
6459
22343
1463
22158
27262
20892
11827
21339
25410
17068
3706
28674
15000
15408
10406
7484
17187
11311
7517
5531
16571
21317
13599
1276
18430
17771
9670
5289
15683
27816
18117
28495
26511
25932
20653
23774
16824
2480
21465
12234
19549
25171
17260
10901
16931
4018
24737
4118
15329
2254
16002
8252
29923
29601
15880
18354
23724
25551
23643
15759
23367
18112
14254
26230
14044
11259
26356
7220
20092
17821
25806
15993
19345
19419
3246
6276
23437
27984
16747
15119
6590
9101
23371
6514
8702
15604
24868
8778
11155
24863
24537
10874
12976
15144
7104
3372
26403
3461
16945
22847
27634
12751
8840
16979
2170
12087
29608
1960
10071
22707
17079
16661
1808
16802
29527
16862
2406
747
25640
19913
25611
26529
787
14939
11673
14244
24663
14429
17705
11608
7276
21691
712
22469
8671
9234
4556
14631
11194
20979
7338
4625
13992
9146
21428
19872
26008
23834
20619
28000
13748
22582
24529
20887
13873
6203
5131
8537
26984
29188
26497
4260
20880
3561
26729
5903
12796
7637
20534
23990
4968
27872
28616
25313
13370
26396
15185
9378
26582
5804
7378
16682
4739
1907
7570
18612
14462
19053
3501
11446
18242
6351
22059
15474
9912
25140
21377
22708
9130
18263
23051
14098
16135
28019
9411
5857
767
948
15235
27349
13105
28965
14032
17844
7224
27954
12808
28039
17007
22662
9485
11601
29013
7896
27075
8925
3037
24804
7986
12167
13067
7389
2617
5554
11760
18381
11411
12527
19329
2998
9876
8786
8315
260
2982
15540
28214
15791
13579
21574
8453
29416
3175
13818
7313
6603
22743
16702
1407
7081
5221
20827
14470
7838
2733
2582
2571
20497
15109
21901
23495
1338
7039
1811
1598
10022
23703
6165
25813
7282
27739
10618
13050
914
24436
26715
13869
23531
19769
21629
6965
24990
12456
27787
9181
21541
370
11752
12038
15479
10005
5534
16817
17045
13697
24768
27067
7400
933
29232
21034
28672
16202
10436
5938
16990
7152
19808
10521
26921
11437
17486
28264
245
15274
7445
21786
15644
19197
3825
7475
29203
15711
645
22600
5760
25413
26019
13160
26346
25251
10546
1370
11453
20982
13660
4795
4486
9820
15316
1408
27609
9155
29672
27854
781
13469
25993
22777
9018
6170
6604
14573
28233
7249
7173
3993
2662
3192
23505
5360
4795
4051
13082
22600
1385
26743
27395
5872
12915
19064
13632
10525
28219
19656
14731
5352
3125
10724
28129
12143
23246
4733
3069
21479
18335
10242
25472
20997
19787
18977
2710
24582
29380
15792
17183
7118
18887
14578
12990
1803
9994
2974
12328
8213
22630
27059
19917
2107
14136
24398
20602
7382
5484
23671
28862
23819
10266
686
14816
53
26016
23878
24635
25396
9671
18170
2514
28558
9101
21856
361
19095
1182
12689
3661
23812
16101
23578
2271
237
17977
29226
13971
23461
29249
19185
17280
9515
19872
8448
9568
15888
2327
10556
17636
11998
5078
20151
16908
14179
18359
17270
9627
19542
6311
13288
19706
28764
6866
28330
5353
1195
27556
19325
24656
26805
14862
18288
12673
4734
26737
28593
20622
5416
9149
14611
23766
14228
4762
10674
4759
29473
4296
14386
25367
16960
4026
15074
15724
10893
19756
27430
12088
17312
23107
13097
20469
7969
7737
3142
12704
10826
1736
9678
16242
17237
24289
16360
7817
5403
27035
18929
11229
7683
3315
6596
24643
7342
28022
16720
24587
17778
14150
13027
5090
13609
2476
1912
21578
10214
5054
4282
21040
13142
20313
13635
6732
14602
29995
20901
26358
27030
9830
7587
11066
19498
14183
12061
3192
12206
28781
4131
6336
19283
17158
11427
2892
25987
19691
24471
6201
1097
5105
3593
14240
1770
17228
27324
16373
17224
18225
12731
20606
4408
26670
1672
258
10853
13734
3450
29411
18867
7581
5748
14503
1091
23527
17395
27078
13218
18218
9631
14315
29676
13225
4907
1446
453
8583
24171
17677
3161
13254
8284
7569
9924
16308
7827
27130
42
17629
2893
25262
25210
14993
9765
2653
8520
27160
6084
28090
21731
15715
18758
27759
28940
17
29205
29394
8601
29729
23423
11762
12983
1707
25683
29260
24368
9862
26390
24410
27491
5635
19672
29053
20629
29437
1706
5501
2950
14142
3592
1033
29858
28702
28792
28798
28719
4349
4544
13672
4078
27968
25434
17062
6027
27469
16322
395
7331
19064
1158
4822
24699
27182
10227
15328
2972
18286
20830
12274
2428
774
13307
2286
5828
12099
7437
4547
22800
11981
18220
26879
16301
20006
20293
28681
17476
6615
5428
24807
2031
12938
5982
26730
10121
16209
18411
13093
4495
15593
25367
6924
16367
15026
15562
22195
3477
22999
3094
26277
4981
27666
23156
27634
24025
19801
26315
11501
26416
8096
12660
28447
21034
24994
1530
1155
11204
19941
20600
22051
5534
22319
28975
28253
13697
20890
26800
17174
13889
6246
13452
25222
3913
12960
22857
27938
9114
25524
15791
5530
9972
28451
10330
1007
23446
18212
8514
11002
8153
5467
3053
20039
27786
8381
18292
11484
29271
21444
5010
19512
27690
24814
14735
1603
14127
13944
5893
23241
9468
21684
28771
25793
26488
15453
26800
26286
10017
5314
7288
24522
17133
16693
14561
14920
25074
9205
2756
697
649
7766
20210
28340
8933
11297
6295
23060
25241
12189
16301
11061
10225
21424
6854
6713
13230
3654
9351
23247
15321
16639
17770
2454
3333
2331
23726
4759
17889
2834
11809
18538
16953
8371
23230
25886
19668
5878
18946
14909
24419
5247
25970
4644
26671
9177
17710
9901
12831
27061
9501
4504
20053
27271
13311
29738
5954
7037
10849
23843
9872
22658
18734
26825
7381
18316
29063
27049
24194
18009
18310
18613
23256
20633
23258
26279
29810
17320
12533
18993
20733
22034
23498
10786
25657
6809
10524
1611
20198
27726
1807
6422
20384
20541
9599
27766
8857
8662
1167
3052
26671
19478
21665
26279
10111
21275
28911
16273
14947
17796
5266
5681
9830
5116
16467
11839
18277
3344
13450
8476
1070
15257
21250
27806
12150
850
1924
27360
9512
3092
412
12536
28922
28429
15167
15385
26057
20430
1658
11004
8226
13276
23037
24408
18393
15857
6247
6670
19201
26050
21498
26623
17659
12749
781
29810
13599
2706
27170
29463
12150
3934
18351
11072
8715
9871
2809
4772
301
4467
22129
8528
17743
15166
9288
12488
1023
21888
19159
26576
17938
10657
29551
5597
29758
333
11759
19709
9391
15281
25525
27893
19215
13876
8965
27931
99
18126
9055
401
22593
1184
15281
16688
22703
24569
29177
23726
22809
24688
26655
10747
5345
2558
22697
5104
9243
4456
1165
18634
19738
26690
16527
15305
16919
1844
19588
17018
19970
28644
17419
18915
6180
9052
11956
28883
9974
11133
28962
2783
5821
1969
13531
17518
4527
6228
28974
13771
17036
140
2405
13126
26830
25285
28432
13749
3481
24372
768
29804
23016
24539
25071
5549
3592
7027
4432
19918
18160
9746
22701
333
11715
12584
17852
16243
25164
23178
14
12201
23318
8771
1679
26501
10408
6463
16602
20242
836
17370
20046
204
18262
15117
5753
28206
22145
16538
18124
16657
26284
17177
16991
14352
29762
11195
595
24926
4373
6961
13479
4044
22084
15159
545
8845
27974
17147
29087
28810
10870
25485
5367
29132
16954
17472
3690
9099
4010
28166
2109
6647
15343
25452
20999
15105
6647
27946
16384
17372
4907
6215
21416
3343
27726
21961
12188
25701
15461
17627
863
26331
13112
6230
1815
67
23703
5505
15518
4065
3671
23979
10712
25366
19431
1711
10472
2430
6009
3208
19803
17268
9423
17571
20612
7150
15885
9152
2851
1346
26780
10066
27677
16244
16297
5844
16311
16352
17701
8182
20417
27724
2161
1130
23090
21593
9193
3562
375
21555
13122
20178
8823
22546
14102
29435
29696
29987
8588
8899
1333
11720
18965
5362
27964
11614
11206
20628
27966
28907
28810
18384
26631
7323
25866
19721
5268
11411
29636
5644
2966
12758
2174
11790
11656
16276
17577
17704
16263
2517
26603
17596
14237
21921
29310
18554
3535
10516
9182
7854
15775
14344
26238
18758
21667
28456
14832
3288
9867
20820
8932
19186
9930
11106
976
21587
3735
24905
9291
19998
27423
12247
13947
11660
4168
13257
6566
14055
126
22100
21909
22253
6444
24499
17364
4464
22955
2196
7752
9175
29368
23036
28361
9298
4142
5689
7237
14229
594
16529
4228
28017
28776
24527
16030
9296
7784
22596
23351
14262
21049
21613
6516
27493
16112
232
8309
9068
8780
16061
18243
8148
9097
22956
23798
19592
28645
1036
3821
29239
17565
14401
3609
22693
8928
25991
8341
23065
24939
1692
13679
15988
29657
26547
13482
15770
26779
28143
24838
5559
14205
19433
20059
29654
12389
13858
25598
11034
14894
5772
16625
8811
26525
26586
1504
11806
22577
16197
11223
17517
24241
24902
9857
23899
21450
29691
9669
24581
27835
4507
141
18392
23940
20200
24398
12681
10410
26349
23715
25304
8473
16692
4115
4998
13279
11971
16804
12208
28168
4379
6077
22410
29282
15935
16309
27084
15626
25978
21665
19813
6837
28158
8205
7129
18359
2604
26162
28769
28953
19877
426
7426
12921
4541
18776
2552
22865
11933
14761
21033
16312
27190
19795
21946
13125
12456
19030
5104
14786
10696
24917
21623
8854
3123
5104
3565
12079
1266
8687
17384
27495
15465
1162
16769
26358
19938
19321
19223
8223
10434
16609
24536
7625
6404
16482
27102
25213
11865
2206
9999
22561
27124
7975
7767
6599
13079
17685
25030
20698
2724
12414
24545
18189
13576
11314
14547
3514
6988
3771
18090
17422
20380
12626
1399
3136
5460
28502
28349
17325
7060
14701
16238
10536
22676
24006
17135
12107
18043
12165
2805
20767
931
3703
8956
14507
15017
23503
24374
28357
3626
12464
22132
358
1442
23531
3495
6902
28385
8196
580
5446
22897
16818
15982
21925
17176
9470
4033
5219
27987
13190
25986
28919
16893
4942
13426
8263
4798
14152
6620
8424
26616
5104
8783
4410
28636
18630
11313
27021
26826
18245
8819
26076
5063
1154
24353
22240
10624
28386
3811
14963
17929
29798
13882
11174
11092
3661
19437
15890
17813
2410
24315
20782
13866
9450
25192
12502
28080
12857
15876
1258
1102
24695
27334
12518
25849
21688
11110
12825
26426
14921
27789
20707
21071
18023
1882
2164
21684
27671
24406
15850
6433
25073
12984
20300
4523
14528
2802
2603
3738
25030
3862
4840
26078
7548
23710
21927
5588
4820
11105
2015
26094
15246
29074
17165
3269
956
25681
1306
28628
20088
23508
5061
21513
12844
1713
26037
27372
10868
28640
7462
5898
8854
18655
1976
16403
12365
256
21991
17186
17713
358
13280
2959
29433
6797
12580
389
2479
13886
5369
28919
13746
16783
20432
26590
18496
22821
315
29364
21462
7777
11615
316
26432
13591
23071
8798
20199
15063
2336
7912
15421
21968
10871
21206
5117
29804
27948
13948
13690
3317
12867
3789
26452
9652
379
21301
2473
7046
20665
287
21176
8632
6956
17608
28576
27
2758
18775
21442
11446
3040
6864
9766
20263
4422
14884
20067
2370
28832
10110
5688
18052
13899
8492
4056
20630
29793
12881
27677
26811
13169
18853
5443
26477
12813
4019
26504
21924
29147
17947
3370
2187
1163
19489
28802
5585
4373
18870
7956
9557
28980
19996
3961
19231
28488
8017
9861
28282
20899
13890
25093
4068
9095
6888
6897
21909
17260
3401
20185
16407
27700
29907
24946
5215
19396
23748
10801
121
18970
25109
9679
17950
15105
13640
7181
19945
28010
23395
24579
18909
7285
19672
29329
16381
2913
6226
14642
20173
15979
4827
6580
13680
4734
7878
18895
483
1626
6048
604
20597
1157
16635
14899
22614
6628
28433
18912
4638
21828
13491
29899
5465
9516
29228
28198
12429
11806
12840
2602
27785
24019
9182
17817
5106
17060
13065
5589
25038
25465
12545
21987
2975
29181
6887
1941
12161
5320
20853
23151
3500
4345
23050
8965
13861
28630
7164
2642
10436
26356
5244
14573
20376
20778
8743
25482
14190
21808
7423
9228
23625
19968
7568
26600
25501
14455
28542
14014
26127
25747
7165
29627
92
215
14944
20305
5197
28460
22947
15633
24817
4543
6559
21545
25321
15302
23379
9511
13462
802
25092
7087
27122
2660
10040
28976
23467
8582
12990
19594
4329
20156
25573
10774
26723
10517
7431
1921
15330
379
23906
10147
4922
465
8044
6596
15767
1423
22459
5581
8577
17551
19021
12051
26563
29061
11027
26382
13995
24018
15976
24676
20526
11549
5450
17249
28419
12882
25522
13749
19613
19429
248
887
19894
8292
13835
12014
16067
6295
17595
24644
198
6616
6695
3114
12029
24075
29496
26024
18093
15473
20701
14971
3374
26151
2220
8145
15385
27743
21894
11350
23524
28494
18590
13418
6786
2425
1784
29205
8720
25732
23849
8919
2348
6897
12033
14378
972
11529
16754
25417
3354
7455
10388
6729
9959
18960
21226
1696
16703
19473
13047
10227
17967
7989
29998
1106
10414
1782
311
19135
27514
513
4406
6215
7410
22791
26945
14734
10672
13699
10151
14027
27507
20539
27108
7466
9499
18334
15514
2555
7807
4913
19134
2127
12902
25484
3233
23317
3619
9896
18804
7485
10409
23210
13700
24171
16001
16997
8905
3025
7049
19056
17052
4556
15947
20512
18374
1799
15199
10240
10706
29358
15154
6192
1485
28056
1677
11070
21373
11648
20967
10177
19133
1376
9739
2834
25548
2092
26183
4453
5118
3232
29862
28522
14140
22161
25387
8866
312
10586
19107
11018
16296
4261
23563
17782
2317
25240
5204
43
13240
26171
16572
2373
27548
26312
11559
29448
4756
7743
10253
16226
17327
16467
14749
1468
8629
16488
10334
8941
3426
5793
26312
19722
10054
19875
13856
18724
21467
19061
18767
4707
21584
11691
7080
25484
14355
18640
24932
19112
2735
11538
5338
20062
28005
26439
21530
6634
19279
8217
21928
22705
14010
18240
12428
417
8115
2636
19141
29582
21697
14260
4289
13282
25951
17721
15118
10307
12713
10051
5771
15448
21589
17461
5511
19594
20253
3393
2581
9532
17962
24509
2238
1973
12749
14666
8742
27216
23654
27883
3150
15352
12143
13791
4986
14446
1512
20104
24753
14226
6507
6876
6026
4448
24338
11537
395
14591
21283
2976
24123
9245
3837
26361
17570
22938
17379
26312
20154
11034
24195
23304
2738
12690
7095
14076
27137
14959
10532
28242
5537
17040
5119
11564
27840
29457
29453
28235
14048
20736
1211
14523
29982
5048
10885
17552
4338
4616
20217
24492
22002
14412
24148
24740
3455
7595
15168
592
28907
25701
28834
4444
19093
3953
22360
16933
9762
21814
21521
162
12550
22732
14686
18884
4133
1923
12789
8471
6539
3006
9316
28542
23770
9816
29634
27225
17412
14803
4169
16319
16856
9356
27115
12301
13309
19476
29234
23072
11290
27107
23234
192
26192
14272
25429
6677
16195
14570
15148
22735
17576
816
27629
17698
10633
3615
21276
4397
18418
25445
20716
11626
4801
17831
23927
24463
13659
29514
23887
1301
26621
23473
7846
22813
7746
3275
29490
293
17845
20991
29380
11773
28159
27009
29471
8792
625
27099
19541
25395
22545
10257
13374
3698
4441
7301
28161
18100
13167
28400
25754
9789
21874
3600
8954
5972
13227
8445
6265
1072
5788
5646
19197
3947
9007
25020
19092
15984
22120
8633
17732
14665
25243
1106
24715
6036
14759
29229
24136
27927
27629
26242
7716
25855
29842
16670
8179
13069
1467
14445
20493
13607
26443
9690
23907
5450
4711
12999
27787
26831
27984
15519
17848
29579
16625
18915
5615
1384
18144
6104
29311
15774
2346
13379
17981
2189
6402
26161
21610
14221
16958
18456
27829
13401
4498
28088
25203
15561
17439
22990
12392
15423
14861
6592
21355
1486
25508
26970
9223
20004
3074
14886
12130
5421
4618
112
13962
17372
2625
11924
1593
19583
380
5774
9336
4879
10214
10891
20440
27653
10234
9185
19429
25095
22129
10784
2934
23989
7754
18509
13994
10829
9747
26124
22602
14365
26236
12916
1737
5213
24840
9683
1148
25221
21809
10484
6452
2024
27728
26892
29677
7962
12429
25458
9409
4559
6242
12343
28548
13997
852
12542
1178
16952
8667
132
1317
11255
13048
9407
16469
7888
25442
17617
9461
23603
4454
15913
25627
8534
19158
1657
16496
1587
27115
2257
6146
3358
14601
4695
23707
21805
23589
1237
8757
8608
7721
16427
19864
27121
2186
12685
5009
3980
6654
20823
27583
17460
13088
23211
25994
2246
1220
18842
3834
28335
21100
16332
8045
12053
27379
8104
10210
20969
15693
18968
29577
23414
11747
25793
20535
20285
14830
1897
24265
21485
22720
21848
15297
5808
15059
11292
14407
22631
6486
18241
20967
27586
4573
5364
15991
1953
13469
26202
29274
29162
21522
5203
22577
3269
997
19464
29906
15827
21361
24171
13664
20433
16019
28962
2594
7431
16606
17001
62
23092
11594
27381
27031
16167
2746
13022
24472
16215
9224
98
21729
7098
5302
20658
16719
6299
10123
16625
28478
1484
10796
18495
28270
26816
23809
864
10599
10415
17865
10661
9859
29459
14395
6890
21978
17141
26265
22803
9708
5489
22901
1437
18940
28203
28448
5659
10854
8571
22285
15685
16407
3081
4180
14677
6249
27989
15541
16848
14756
3406
3862
24615
9217
18257
7858
7548
11750
4123
351
21458
15964
23252
29247
4904
27808
27695
10564
15014
6266
2849
699
22674
5930
11231
13703
18532
15572
29245
5380
328
9003
15594
1296
24573
3851
9154
2121
15601
19629
2472
13411
5593
2076
12659
10498
29884
16706
27414
14899
22973
263
21950
21999
12545
3182
5702
7429
25106
11299
12810
1787
26655
4756
3083
21228
8608
18589
29701
561
14570
2173
13973
20163
10601
2984
7013
10486
19690
4427
1737
19015
11042
39
17366
29940
9573
29421
7369
4680
10720
26531
6467
13727
1288
15902
4955
16248
10843
4656
23161
25413
13181
13486
21928
23783
16470
28942
10621
12513
9721
18710
1528
27116
18749
25247
3408
4675
24668
10777
9355
5388
13661
22174
25468
21301
14428
6775
7549
1623
17784
710
27036
965
20549
25316
1100
7019
610
18073
25884
16684
6783
3765
13800
1885
29012
17208
6560
23680
4337
22267
5420
17998
20793
888
9299
11573
7664
23200
13196
25448
263
16584
2765
20812
11900
10218
4183
18863
28291
68
5547
5075
3833
19347
13312
2845
12907
26224
2877
17244
24843
8297
11595
21988
15538
27246
3561
29554
20447
23109
1354
20710
9693
4119
11522
27945
20689
22057
16808
18981
22125
22355
408
2310
18054
20072
11507
961
16296
14384
24558
11139
29034
6153
9479
14572
3399
13040
14126
198
6149
21832
27260
22194
2303
15134
20139
22993
7192
6948
11974
29317
5655
18734
1628
23710
8806
13135
24671
25102
3872
25581
12593
2906
1734
22072
23830
11486
11464
14308
18036
23965
6140
15297
16159
8443
431
6298
1436
7623
19598
19762
13293
25254
8496
14921
25316
23654
4408
26339
25108
14632
21921
14053
17538
7
6125
11368
17845
23941
25676
5882
17906
1816
21179
4065
16612
21610
16716
24400
5586
6314
14163
18879
7920
29011
10152
9588
22666
20912
5928
24126
5545
4201
8180
23083
4208
14305
4452
22054
14599
6480
27936
2505
14649
25467
12923
1261
17077
29639
25661
22663
12305
16176
17894
26578
21540
28046
6166
14206
18959
18446
8332
24504
22647
16512
17587
26856
7170
28391
25262
28121
11224
29550
6978
25873
25017
19901
3486
18446
25892
5499
11110
14550
21676
5356
17480
13216
3403
29998
3774
22362
18445
18458
23218
11092
11323
10805
14300
24845
15549
15914
22966
3125
15464
29944
28998
10481
26198
8836
28928
28442
14335
16390
12992
6011
21746
6824
25579
25149
6823
29353
23863
25268
17812
17081
12712
29135
4239
3365
23980
26140
19279
23298
29265
4744
23242
4615
21577
25792
19803
20505
24235
4138
6895
13579
16502
4994
20404
12081
6495
27227
11435
359
28847
5599
23792
17911
4734
4383
21276
5066
6875
16908
28364
6140
21652
27958
17107
19581
23751
6910
10087
17986
17401
23334
1565
3903
4680
21969
15984
11176
25548
3771
17887
747
9370
18031
18659
20456
22415
16287
25522
29290
9547
238
11783
1199
28197
5242
27133
21948
18505
7220
9934
5906
6906
17851
9809
11587
16173
2145
22763
11721
5917
17002
18821
15287
5033
13832
5744
27448
119
7618
3091
9667
7857
14874
17218
6054
26468
14351
28002
14973
27923
14288
27231
4830
2139
7040
22769
18312
15538
15532
6386
27807
8886
25207
19446
13919
15391
1542
11368
21862
9161
14459
7881
23370
5685
1452
29424
2153
22155
3778
23479
20079
24418
20710
1261
26557
4103
24030
21222
25993
15914
3960
23800
24800
5519
13246
15071
20910
14789
26439
12772
302
17250
20654
23672
29287
22106
29448
7793
14261
9578
1272
10692
3996
28334
18305
6905
2437
18687
28127
4782
10953
8439
28582
12105
13958
11829
27177
4868
2970
29968
23993
3272
17219
20999
26944
22858
19457
26392
651
10070
5970
8275
20763
9966
12962
15420
23223
21751
4108
27703
26534
21413
6142
25116
3519
20101
13297
696
1321
16267
7016
1666
19539
24235
22665
16483
23446
18474
19227
449
28545
1549
8725
25660
17867
28039
11080
11091
19790
21540
8794
16324
12954
14936
11441
22825
11389
24738
23521
19063
11006
537
20729
6897
1125
19747
23381
923
8221
18960
1372
6766
20510
16449
8778
8377
14488
19859
19468
4279
17751
4614
20603
705
25903
8396
23530
7292
9487
23403
2707
26845
293
23437
3742
7770
19536
3475
15045
4109
22436
16417
10876
19298
2867
26006
27675
17355
22217
23496
27986
9969
4462
24942
17026
365
3338
16909
14010
19177
16664
16717
16022
23309
16506
26117
1079
6042
29592
16124
10152
28380
8894
27380
17678
11761
23386
21706
5468
15604
15202
3455
1925
19664
28397
25303
26382
8087
12212
10392
27265
28877
27109
19639
28538
13616
15756
29618
19658
15349
22094
6162
13729
7340
9894
7760
19101
3281
29466
922
25237
21020
10729
3514
10684
15478
28817
13418
29917
17382
23810
3534
22611
20920
23174
21149
10888
8930
27119
546
631
19214
13061
20713
26554
22955
28473
22008
2588
4291
29282
4177
25311
16363
7691
12347
1841
6509
25766
8110
23891
19576
11645
16502
10496
4819
14003
21384
20101
11123
28283
20733
337
17696
17798
3243
10651
22623
1603
19592
26914
7237
23769
22225
23600
1461
4572
1793
14322
6690
9904
14565
26267
21549
7419
13115
2720
21422
10852
22821
2545
15487
19906
9234
3183
7704
18830
20186
6679
26785
9778
3593
4023
3548
2170
3975
11361
13095
5769
25683
19785
22025
10248
16052
19926
24019
5520
22646
15441
16372
21819
24339
1859
11726
3573
11394
25782
22403
1580
2462
25541
17711
12407
29564
21259
14578
9891
8972
4025
22012
4655
23810
14037
21255
16215
3963
15274
21735
2961
7067
8107
24781
1406
16318
12859
4980
27712
14993
3735
5644
23807
29276
23355
6215
5192
20966
27145
15084
29938
1170
7096
10945
24980
27486
2200
17547
7801
23826
9282
17115
894
23741
11896
8652
10059
1107
19984
14123
16100
23720
19768
9908
29348
13123
22475
4541
10442
19620
25977
10380
27142
9425
21326
22122
6911
23526
9670
21065
23705
25304
8180
951
19046
26428
9603
5457
27535
29588
19581
13635
29660
9349
29895
29008
28824
22370
9901
9266
18342
5878
19647
15484
21656
17325
13959
28567
17203
29981
25984
10908
25285
4164
11859
14331
592
27815
19789
4479
27403
15722
24467
27063
25071
24362
2423
23895
23085
12325
9514
11427
24555
5513
26912
16211
22838
10871
21131
10041
10852
17115
20950
6137
21280
9161
26821
28224
6976
22962
2704
10731
8684
27171
14146
10107
27885
16570
10354
20970
28895
19868
2398
29802
25381
29310
16014
18219
16533
7145
4613
27385
24260
25563
9874
21892
11076
13047
20117
24405
12361
29173
5136
27397
2696
19283
7504
581
5853
17859
21552
11100
14079
302
10902
15813
5964
3268
4032
22497
10413
8645
26234
4674
10560
12460
2918
27989
1860
29387
22394
14221
28560
27530
17971
1256
16813
25475
8190
29018
19686
6094
16470
10118
6396
3725
25931
12360
6993
6315
11209
17407
21313
13795
28433
8225
26255
1351
6214
4467
7091
28608
25041
5651
26139
13012
13260
19304
14839
21450
24675
4526
27544
17497
20996
10292
21222
16927
29004
4568
29594
10213
28327
20907
24008
26760
29133
26615
4463
5347
7435
11554
3956
2476
23558
6447
15488
6818
2103
327
4620
26778
11205
8516
20628
2201
18808
11850
25480
17812
22770
25075
4377
21097
22334
4737
24209
21467
1352
28673
3167
15139
16579
13475
17615
16489
26274
3103
23307
28377
9783
4279
1508
27340
12795
22136
5894
1603
10338
1374
25767
3109
2801
144
558
25136
4881
24768
16603
12586
29793
26122
27725
16372
9597
15341
2862
5871
24796
2521
10601
10931
6801
12109
8272
19596
10597
14166
27552
27287
15540
23319
6748
24694
23464
7307
19830
4697
2075
12785
17283
1868
8908
21361
24592
24857
13054
3806
7081
7850
6328
17682
25134
19481
6143
3406
15429
16740
17572
12981
20379
9464
12653
27128
10510
12469
4435
340
17166
6510
13126
10802
14730
28386
2163
9322
23243
21569
13129
6676
5771
25809
24358
905
15290
501
4311
7071
23593
28235
20053
13973
14052
9058
11101
24562
21527
21888
1255
15045
4750
20733
25847
19480
19119
4362
5154
18714
25931
24635
25391
1703
26796
26101
8960
18438
2955
19624
25510
26548
17859
15563
16873
8263
973
4326
9178
22500
26214
10433
7545
7316
7518
9745
3148
2989
14107
8303
21703
16391
9290
23446
24446
6087
19548
3406
24525
22503
23030
20035
25403
17242
11950
12277
1857
12923
22955
11035
11775
19170
27820
19321
26486
5338
5418
29635
14679
19525
14290
12735
12268
29932
6181
13066
12371
2081
22825
6897
936
15855
3284
2692
9449
21587
21321
11307
10862
14276
28694
22638
3446
2867
18311
6285
14557
23729
12272
29237
19606
2914
11972
1875
2846
24505
14941
21570
2939
7766
28467
10227
29974
8103
12919
15775
29690
4240
3434
10553
18517
2129
9543
28315
11348
27854
10952
25905
21583
29576
25142
11189
8842
13466
19416
18041
14324
4358
9611
17263
18476
8078
27490
24802
22533
10410
16930
28576
21002
20364
15481
15871
28845
25024
20539
16545
22878
7843
12451
20813
7420
13945
2002
22614
3764
21419
10655
18088
2129
20266
5351
26957
4696
2841
28112
27230
19603
15042
25806
16958
11758
11287
9181
16956
12663
29720
3501
5541
13916
15952
26354
27688
6250
4708
20302
10014
26127
958
28102
4608
21224
9805
1566
25921
12646
6030
23151
8602
27424
25309
1912
9182
12948
11093
2490
25611
17166
5992
7504
1082
28296
3858
28770
10898
14918
25424
20912
11046
26382
25366
22006
17607
5171
29924
19880
24170
5954
19383
9124
3378
14692
11036
18913
3992
22129
21403
29603
15647
3747
13459
23081
2044
23669
28203
12942
8587
23628
10207
25985
20010
5573
17992
13969
10745
17916
10201
11267
223
29584
20391
9953
20628
1427
28866
972
29908
26622
6927
15556
6721
20386
8637
15117
14055
13193
4412
22643
6821
14619
18628
3183
26544
6620
17153
13641
889
3706
24908
1112
3291
15299
17417
271
23078
22636
1244
22987
19258
8171
14895
2331
28558
29884
17449
12613
13077
21861
11608
19898
6480
237
23082
9376
13209
16587
23018
20450
20293
17926
27914
29936
9578
15332
6560
2656
7968
7804
25643
3578
22327
16890
5909
27237
16775
23358
16203
29852
15219
27811
26103
28051
4400
25537
7428
23962
12124
6798
14412
8769
24724
12327
15058
10654
4011
21618
13311
11979
5774
15306
21909
4453
2197
27818
1691
25324
27529
17894
1528
19100
22057
27631
17152
26458
23168
932
26772
11644
7730
11184
26766
8806
29863
18176
19461
3874
16146
9124
22205
21920
24430
14114
2725
2979
11933
4416
28303
15814
28662
29832
4914
27072
3815
28418
29882
26984
29350
26654
14980
13432
7838
18098
28591
14054
6274
18052
17928
22420
27176
10134
20692
27958
600
23418
938
18885
4186
29241
4699
9201
5425
9614
6273
9241
8032
6155
12577
13735
2809
3909
3519
16999
22008
2110
1053
4634
26514
25334
27055
42
5468
24099
28001
6068
17517
5291
1306
28056
4532
6005
7257
16310
15619
13530
25551
4
19685
14480
20091
28846
18389
23610
15845
10397
2073
16899
15032
28587
12233
18439
28630
24053
12538
2983
6473
6408
8274
7779
10816
19158
13785
18073
5468
5756
7955
7371
12112
3992
21851
8555
2838
10241
2166
18683
26990
10591
11934
18374
9178
24167
13165
14160
24572
2056
17143
1046
8464
25417
15177
25632
20928
5314
13705
26396
11071
28012
10120
29535
2004
1971
8091
4842
18564
16609
23525
21907
27200
5460
16633
6378
5979
29799
26891
552
1855
14034
7950
16671
15804
29479
12303
6732
4794
2360
3128
22217
372
13248
21752
2376
21572
6195
7218
16488
22804
7095
8395
20004
18907
1381
2735
24887
1180
29626
1791
9387
20012
16093
26058
5816
15572
14713
12548
20366
17073
22029
12583
17445
11629
10688
19821
3201
23235
3391
26042
16040
10486
10789
12396
5746
12170
21483
633
19702
27461
8776
29089
17474
24869
1499
23290
10441
16212
12191
7160
3285
4220
26095
27082
15849
13135
23255
25403
6371
26646
27797
28763
13485
8586
11159
19231
20757
8995
26216
10459
6456
4992
15901
282
6213
17400
29925
23006
3613
12116
166
13250
22688
2614
10333
14889
15749
3588
16644
22120
235
14441
20883
20072
23028
8395
15655
20137
17390
11871
6948
198
23215
22849
481
29428
16602
6758
22434
20215
18874
22601
3465
17914
25215
20150
2803
17316
23739
19448
9437
326
3889
6672
20398
3269
15067
6053
23406
8809
24276
355
9008
17491
29556
15841
16919
16158
22599
9353
12725
17825
8306
22543
5739
9873
12693
8542
27190
6432
4342
6627
6758
8232
19651
3508
11501
11071
15913
11260
19880
10189
17967
5240
4032
17523
27433
20951
10034
26384
6657
29111
14209
14963
21654
26300
24837
4348
11195
22027
17132
15537
5006
243
121
1009
10103
11623
12080
26017
29235
1961
12558
17202
13553
22943
11077
10987
13894
21111
7371
26903
20223
21581
11867
18229
24233
13056
28929
5428
11435
16062
20966
22793
22657
21087
23802
2760
9062
5883
5129
8297
7844
24040
25499
21397
16983
6577
8736
7229
4040
16108
4133
615
14041
16000
18845
8274
5408
24126
13703
16843
10188
4669
9636
9197
2108
9790
11958
11171
15673
23439
19468
29869
17479
14968
21267
10814
27897
6355
18044
1937
22463
22177
8905
12856
14529
4102
21131
26289
28228
11186
13132
8417
22207
29120
23966
24315
8910
5924
5486
936
5716
24955
