11089
11363
2183
18532
29256
15016
4123
27267
24880
13493
8905
2248
22815
22200
22285
3206
24498
21238
14517
21103
23133
19936
17780
8836
13504
27772
18300
9754
10693
23345
9970
21783
4708
12153
16667
10317
3522
20790
13936
28402
4283
22841
7002
27098
21393
29287
6656
15891
20526
21174
6994
13659
17462
1127
22496
966
5251
17148
17072
15945
10493
27042
14080
21554
9196
7099
1871
12718
27889
15807
17472
8524
15001
826
11975
6394
114
18631
28638
26992
16157
5632
10651
9971
13111
9499
17289
18363
2999
4361
10660
13493
7756
1092
11399
23304
8191
13270
12374
12432
5429
6198
27308
26782
7024
15635
3177
7138
4267
8167
4130
26776
13799
21134
13100
3263
6985
389
27978
9985
4751
8638
29830
18859
16082
11229
12163
625
851
24537
13057
6280
735
16717
9415
7759
2353
12592
21250
12972
20759
1732
16100
10910
22866
29200
20525
6204
29590
18503
16189
10693
3493
22371
29552
25927
3600
18067
26552
10803
12604
15961
17083
19691
2679
26498
3802
5032
15442
25052
24356
12553
26785
10456
29816
26003
9657
20341
2207
9247
15197
24748
19940
25042
17119
25844
20970
20719
13911
17522
1522
26515
3484
24958
22558
6163
27808
26360
17547
19603
27765
11903
8508
902
22359
8324
26905
8368
5018
5465
17615
26567
213
13907
21609
17333
9751
12579
14404
23662
102
22279
26529
9938
23589
25439
16101
21397
21800
10000
17352
25917
28255
25861
26819
20614
10537
76
5335
21907
5541
22950
18474
5755
13210
10084
29440
22961
29015
20196
22976
29117
12475
25857
15407
6064
21297
7860
3814
19449
17860
27518
15366
16115
29731
12185
13082
10269
12261
18417
8528
24155
17719
27003
29910
929
13439
5702
23891
12454
25898
23219
17924
8374
19076
3331
20790
10373
11192
956
29822
5404
28475
15188
27872
28206
3725
10954
14827
22339
5723
23356
16494
29794
26711
16404
724
10150
28458
967
28956
24356
24186
16880
9082
19614
26564
6225
6340
14108
7181
6162
25864
12008
27703
23736
16567
7780
11042
7746
119
23117
7454
16613
22912
4165
9369
23636
20667
7827
955
19624
8536
1493
12856
17618
21107
15772
195
3799
29880
13729
9962
2097
2089
14017
25833
18656
21797
6876
2755
21917
29993
10209
14882
29257
20727
24252
29245
11394
2079
200
7370
16967
8045
20227
4586
29153
12351
11133
9304
18584
24862
19266
20681
3304
9635
16514
28312
7785
29742
1067
6054
6088
17629
20936
5345
8356
15188
4591
26102
23620
11143
3473
10587
19189
52
21525
24694
12403
9011
3998
7339
3873
29617
28020
7177
9252
14535
11842
23389
20629
12909
29443
26717
538
26732
8415
15246
11920
19358
11349
11892
501
14822
28832
26042
21226
20357
20736
9981
29368
24735
17321
9594
704
15341
23123
16308
6228
4965
9698
26858
24227
15493
29927
24765
12225
14694
16364
498
4052
27713
12390
4554
18887
11222
596
10113
7932
27685
20094
13652
28772
13767
29598
29476
29109
29074
15784
11689
10391
1834
8547
4618
17328
14827
5736
29553
29521
22100
51
3574
19813
18794
14480
15052
6368
21428
25165
20652
25465
21611
4305
24237
5379
3903
65
10840
9329
22202
22529
19721
24036
7429
24339
17716
22256
75
23622
28129
28527
25
8055
24692
18819
28887
9744
1540
20316
11261
22192
22133
2873
26497
16371
14604
6753
16436
25444
16082
14990
17973
5803
9027
1754
6495
3095
24010
12922
26717
28492
11450
26743
6547
6142
15562
5435
22239
17102
2103
3500
15647
24236
12725
12144
16959
3681
25249
9748
29125
17684
24738
23451
29839
10117
25205
6334
13213
25568
19257
9930
24060
7059
13025
6959
19553
4940
18746
11792
28394
27201
21645
14041
27790
10722
2538
14749
14404
27787
849
19881
15471
25588
19684
15311
12057
14890
27997
1622
16810
17254
17905
17222
665
930
24181
26571
5870
19280
14715
10617
16481
6360
24658
14271
17083
27196
29021
7839
24984
29870
27720
16807
1810
17405
8470
20220
8647
6468
21842
25457
74
9747
19031
740
10678
19564
27311
22900
8844
12026
3517
25326
24739
28176
9597
18174
1724
14970
26013
3060
21193
85
19868
29355
17490
28338
19575
26137
4806
11418
27946
4881
21165
23329
11973
8195
12894
15636
1096
21738
27662
10965
17064
28753
9141
3014
16927
17218
17984
19292
20278
9177
19378
10146
8533
6868
14837
4460
9358
25995
15878
13656
7228
13396
6986
19201
21591
19880
4837
29039
17970
8852
10005
5035
13957
19146
14401
885
12716
2385
26529
2995
17915
15907
19493
2800
29128
4330
7260
8486
326
23139
28494
7554
6535
11832
3108
4478
1712
14297
3518
26035
29501
13523
7422
13459
9021
21823
20696
21738
560
17225
1085
18475
3133
20578
27627
8613
1261
4888
23451
7939
4379
21945
21845
17266
3778
24953
21744
11842
9251
1614
7877
15104
15137
15299
28563
511
7122
19259
22249
7683
12837
23334
2510
22322
20264
138
935
21525
5026
24386
29464
9405
16331
21310
3023
26461
16263
24767
8304
1866
2734
16181
16971
17871
7833
21886
18382
14955
17498
16983
28990
335
16669
1501
22657
6934
1639
23592
28459
13017
24330
27924
28774
10661
19234
1797
13475
11849
2916
21779
20068
5650
14312
7039
29874
22145
5277
18256
13453
22775
11592
12443
23110
28261
13944
22119
5195
21935
15711
3655
4952
16393
7931
3726
27055
27165
11875
10530
15366
14792
8661
5434
26794
22973
18825
26668
21471
24103
21277
4924
16878
2869
23719
16341
7482
7664
8460
12678
5951
524
22685
10904
16917
616
20982
20324
4133
2858
7206
19499
24002
15867
1286
20796
15193
20111
23817
13016
14214
15094
17940
7445
24315
11659
23786
1797
25675
2246
20827
7979
9122
13512
25235
26040
20480
16217
22716
965
25427
29923
20465
25781
22142
28103
22930
7335
18214
16747
20351
2429
8193
14643
16226
8860
2655
10012
10657
4682
18610
1485
12661
27733
21349
7896
125
11830
466
22841
12795
2245
29116
9612
28027
21259
7715
20957
4946
2282
14056
1650
11063
28601
16293
27289
7461
25300
7301
24470
29983
2263
25955
18996
6348
23657
26893
12825
5487
27359
12019
24634
29604
11135
4247
3983
2394
18314
1292
7341
20596
21700
8991
1659
20301
1636
5300
4114
26937
12601
28585
3272
21217
892
22268
27565
24549
25513
16743
36
29224
28762
1023
5181
9897
5270
9164
18644
29936
16809
25985
26885
8509
11328
28544
5163
19316
10197
9277
22605
22798
7862
25877
20367
15107
24498
24285
9656
26363
11028
16045
25588
9790
17068
769
26039
28690
16285
14683
28626
3094
17020
1863
17956
28348
6760
23119
24017
16957
8748
16622
16107
22963
18852
6475
8070
13350
760
17726
9713
18140
3771
11653
4282
20839
18774
321
25881
5060
21357
860
14506
8377
2723
8814
13078
9483
1933
7095
26440
10682
69
12548
3645
18921
25375
11715
2271
2487
5793
18337
20627
15917
6342
1261
13108
25117
7934
8990
177
29291
9850
21035
14021
12573
29850
3451
28409
8135
10546
24849
25169
10615
13749
28814
29537
9124
16881
8160
11611
29027
2849
8590
14944
9192
9851
28052
4309
17786
7042
10838
17077
23244
8225
7450
12170
8075
10901
10579
22563
21447
11780
17732
8415
1882
22899
14304
11006
16132
28816
28970
15159
8018
7560
6455
17210
17412
4508
27871
5198
17902
8709
28627
17499
16934
6078
29669
1362
16979
16600
23925
14779
4732
11657
23194
6614
10908
13850
17621
27041
12666
16591
12200
27036
24151
18656
14246
17915
29516
12117
23113
23770
27178
21741
11269
20465
4171
17290
28179
21150
3890
22104
5929
14975
10113
5475
21589
27374
25677
15562
24415
14696
8505
12967
11732
2657
7975
25979
26924
7491
14448
20038
7614
17979
18131
18883
14796
22302
6174
12975
19804
16416
11431
2086
1391
27896
7561
29333
25270
9591
14895
19685
24287
23401
2653
6019
2410
16980
8350
29334
824
29151
25724
8438
17130
13855
3673
1926
12509
9847
21253
2314
2616
2684
10752
10359
580
18313
9692
2203
4256
24588
21888
28543
24341
893
4563
26751
24226
19265
26085
25050
18416
28162
3488
11898
12017
7161
20176
879
23361
11429
9545
2329
20465
20297
12688
27398
14962
28733
29601
19219
29673
27841
17762
24014
5087
28677
20765
29313
17943
23202
715
12711
21364
4203
962
9734
17716
21138
10613
17429
8920
26510
19758
5737
16807
8799
3135
1769
7532
9088
20988
7205
13282
15103
7571
24721
13780
28336
24034
8075
27890
24749
27139
25607
5304
28101
11693
29372
25591
28658
16802
4511
25168
6560
16601
11975
15359
19736
20096
29243
5177
11085
6448
24811
26188
14019
19532
16320
18707
19918
748
22950
21019
27887
24909
26323
2340
6602
2047
27931
5260
18849
8795
428
1762
25396
18755
17121
21484
8851
22717
3013
26288
29165
27824
28828
19537
17356
15149
14596
7274
22249
7546
4645
20136
2455
7320
22476
15409
9368
26759
20669
28217
5554
27449
6331
950
22556
23453
22435
1408
22522
25448
4048
21687
29625
2877
17576
16981
24378
2173
608
16627
16071
11605
6763
24879
18926
5591
10288
28294
2350
7310
2863
7905
4759
9195
15207
3668
9000
13994
11428
1522
15795
15476
29561
15420
18353
23490
8753
19083
25663
15713
5710
18086
27319
18825
12965
22597
768
23254
27243
3119
6916
106
17376
11675
15653
2583
21695
1005
22930
3123
8879
8725
18600
14793
24145
13305
8283
9250
2389
10298
24964
14451
28384
28635
3277
11350
21232
4045
10956
18475
13516
17872
24933
892
5899
16939
9828
27595
17944
2758
7070
3176
17835
25670
17969
18332
8976
26252
27582
17717
12902
28898
2168
11286
27533
11797
28988
25117
15843
9944
19944
5711
4168
14878
6604
16420
8169
22784
20367
2465
1894
27437
5641
19729
23108
29962
8061
8436
2566
11995
2505
15468
10894
4673
26755
14779
16471
2095
9897
8666
18392
6193
14377
22560
27423
27333
15332
5592
26469
5699
8058
28363
3137
20051
24444
2597
20014
2505
17385
28932
14501
19890
14401
1747
915
17508
16526
17386
19603
2775
2404
7995
8969
23134
6908
6392
26819
28592
18337
23289
4292
2747
28004
13781
22798
22449
22730
19164
1306
10115
18097
15807
6357
8850
17554
7272
26358
10433
1011
22313
13208
9767
6661
28529
2901
19921
11274
29721
18513
29611
29362
29157
2358
27366
19290
1508
19815
12020
27025
21122
28487
21474
13281
11196
324
7188
18469
3034
17621
25832
1699
7181
5599
8360
5711
8501
28281
16985
14574
23147
22948
13936
22304
1658
11302
11595
3166
7470
29967
6543
4944
28455
4369
24577
9651
11045
8117
4472
14079
25738
304
22131
9272
5904
491
14983
20757
5125
8320
5331
28272
1268
25619
20576
2926
13273
8523
12444
27095
8491
25340
8391
13298
29709
2969
22949
10755
11086
3774
24834
13177
10430
23317
22449
22686
23809
13784
13443
28934
28456
25126
3558
29724
27097
486
9002
10371
9010
27798
7466
17501
23138
15858
799
22848
25179
100
3603
12617
10226
4789
25794
20657
28107
24595
13343
21916
14731
3139
27202
13187
4617
7112
19263
1715
7598
4617
12086
16608
2416
25904
4109
25554
18114
11260
18402
19645
17713
28357
2263
27939
3147
28057
18596
1254
29005
8292
29522
13736
11431
3076
3276
16048
16540
22539
17763
24138
3509
6201
10747
5925
8458
21208
7831
2924
8821
2586
22570
26534
943
24833
24473
10442
22890
19422
18048
28247
27714
23922
11984
15497
26998
15260
7897
13538
14151
2013
14029
17660
14566
1128
29937
23024
28688
7769
25949
7509
10355
18519
4043
17650
13352
4869
28093
12594
643
16141
10842
4709
10064
29178
20206
13414
14438
4455
3305
4941
6468
17334
28954
21035
24814
28891
20411
23502
13012
22712
1012
29719
11231
11407
17370
935
22628
21815
19882
23271
7956
724
4332
24372
29902
890
14139
20692
5346
23796
1985
18166
17482
939
9201
12296
6183
5965
5798
19195
28677
13162
25267
16261
24570
12637
17196
23550
4452
7078
23174
18760
14154
27506
19485
20408
28397
9976
17452
3743
3772
19438
21909
21254
26729
7463
3550
9264
13428
9348
4812
18457
22511
79
4718
23433
12716
28267
16983
23520
11697
10157
18632
25852
7664
14469
22612
12413
24445
10065
16156
28217
5855
14417
19471
8936
21880
23021
18201
11660
8722
23013
6470
7585
23092
17540
7370
12160
15807
24353
12032
27505
10863
7016
29709
24879
21486
22321
7292
15931
8738
29800
20501
20945
14217
9972
29882
12450
9346
24435
462
24420
23800
6932
8357
23244
825
15727
5404
16632
10080
23788
20489
27295
804
20198
22174
22290
18872
5818
14574
3962
5618
5075
24908
19836
21399
1142
8638
7097
1929
15452
7869
25729
28737
16226
18973
29562
1953
729
16194
18386
24517
13036
22033
25321
9586
14208
23964
28458
20026
14890
8773
1997
26317
10033
28185
24068
11175
6823
1166
13104
22275
15387
15185
21012
1614
10510
26926
9919
11239
19473
4657
5756
2509
26691
7429
12095
17251
7745
16906
13629
22635
25679
15626
25304
5712
13811
19373
16887
26986
26891
6343
25614
12278
27880
22978
20244
8390
19905
6516
19629
9378
11173
1737
11887
14216
15518
334
1467
29616
17240
15097
28603
12919
7075
23908
18631
20887
13281
11870
24225
10172
24565
26191
28802
28797
19170
19047
7187
15427
1915
26816
1157
13088
4905
19396
3657
26776
19730
5124
26392
6971
26573
24995
26242
3649
18903
21226
888
8536
9448
25113
18708
4014
27657
23863
9163
16827
19262
16351
8606
21177
19519
9763
10617
24425
29159
14274
27553
18889
19399
23945
2212
15972
25292
28455
25973
14196
26033
26861
22732
5481
28327
17793
15847
25984
18008
25011
19163
7270
11362
27769
28447
881
7532
9064
1658
13043
23339
5563
8284
19090
29508
10497
11414
24801
15304
7388
15349
11337
4249
14433
23170
8928
8578
9018
4912
26586
4029
427
3856
21743
28196
8655
28976
12080
17720
6987
1475
17411
12550
9760
6501
12059
26609
17915
13212
18265
1655
4913
29602
12257
19346
29124
21185
27925
8142
2450
863
12171
2877
4720
10266
7426
13375
9243
25858
7447
16230
27334
24858
28780
13446
7711
17191
10055
25627
403
28320
3634
5316
4274
15891
1015
3398
7077
5292
17893
15879
6155
6416
25108
10875
16683
8886
603
25926
4745
8050
18508
8431
9261
17288
28229
16972
4480
8284
18951
11235
12956
22586
22904
23582
8477
23919
3332
21906
29211
21225
14137
11718
27642
9246
22594
20677
18132
29549
22955
29229
13951
11463
14012
23212
28751
12241
16537
9583
26877
5488
20819
16185
28074
20075
9767
12904
20346
19452
4810
19557
10677
18948
1275
14671
4546
221
11700
29030
6122
4655
4612
20074
16118
18624
19638
14870
7218
6175
805
10447
11664
27976
26633
16090
18051
12752
28994
8397
2204
10157
4306
19234
29105
11934
10257
10003
18507
21958
9033
24630
2965
19997
21056
19084
14974
10694
10306
22192
23222
11111
8991
11238
9088
11976
27328
27139
24729
2675
11889
3285
12832
16195
28871
18289
28129
15481
28292
16637
13791
13677
17619
16756
3675
8675
5840
18649
25721
22498
17193
18943
3610
26184
6533
19050
8161
3862
22541
9242
12889
4430
18879
25721
26978
24103
14010
1459
9584
18654
24448
23375
2331
12067
16483
6006
27094
28676
1007
22816
21174
18200
18111
1136
14385
24645
20186
28898
4859
19080
8140
17748
29862
3371
19821
26840
27474
3831
4652
13410
22485
29100
13137
1168
17520
29621
13527
14614
28297
14534
13782
25823
2735
8246
26960
23472
2891
23498
22370
14102
12578
6862
8202
12441
16585
28023
15633
14060
8206
20285
27470
691
25738
16960
8211
13258
16581
21738
4224
21230
6273
18007
17053
9008
26253
20365
2480
5496
13864
1202
25950
2794
14416
4152
21587
1001
2175
13573
15061
16733
10210
18884
17424
5948
5844
1987
25558
28777
23726
29783
20007
29999
17790
13412
15359
20395
3778
17839
25891
23994
25393
21841
26788
9809
2345
24728
10810
10872
8301
2224
27605
18511
21108
21381
812
3304
23368
26370
2081
17094
26153
28440
17093
20295
11852
2452
10690
21982
26643
12933
15976
28388
11126
19117
8197
13471
20197
25360
24343
28498
27584
28300
23361
25044
19681
24173
28348
13050
20544
6781
144
23049
5221
23590
13345
23425
2394
387
15408
5390
13321
7736
10130
24447
3205
18328
14271
23402
20040
14966
28252
17624
13267
21614
12668
2948
22139
17368
15998
19035
501
22495
12085
5722
22437
1782
5499
1183
8521
27259
12925
21842
4996
23056
22642
14553
17736
6913
7956
7776
28231
6208
25400
11498
4174
14420
14447
26314
8140
6797
15349
8641
5644
3786
20715
28081
11920
26214
5617
20442
23474
18542
18636
4822
17950
11278
25727
5686
24543
3683
13462
22775
16244
15214
4273
20418
5986
25072
23084
14126
1870
14786
22767
7514
24924
19834
11948
6845
16049
23917
27287
15875
18811
15923
27049
6762
3554
22776
12448
28097
26460
2263
27224
19056
23829
1498
15826
29816
2922
8911
20294
4792
23697
13062
18659
18621
2896
6959
1818
25297
7228
29105
17524
26039
21381
14573
2801
24935
7350
21602
29384
10162
217
26609
29218
24046
4459
15044
23862
7381
307
20509
18526
24004
3571
13537
18978
12819
20496
20796
14469
27724
26254
1993
115
17635
16567
2917
18922
269
871
18306
10431
1088
21267
16001
1486
25726
1045
1701
9460
1353
22210
27986
1709
2133
17875
27039
21304
8371
24188
5773
12447
20442
14119
12562
14429
686
21831
3351
7307
29054
28009
17738
6494
25629
10091
7981
27707
17488
9682
7167
25193
1892
11505
26903
4025
29380
294
1681
14103
24482
7455
2902
14924
27926
21817
5705
4964
13648
15408
12271
19055
13418
6361
25549
9047
16452
3530
13106
3940
19564
20274
29134
27808
8131
2389
8185
7512
2683
9867
27967
27166
23674
870
18442
21600
22687
24148
26564
12687
9556
8835
1742
29326
21548
27292
14725
8000
7174
27832
11940
3091
24458
17426
899
2589
19815
15437
10101
28851
25304
14421
26017
18978
15291
20811
16930
7978
14959
13494
20665
868
28681
28760
194
20229
2404
21272
28229
9578
19104
16521
19021
19914
10300
26273
22503
115
11710
8957
5318
7014
23378
1335
2344
8669
22147
19274
22999
13458
9120
20016
14326
14153
18776
20873
4382
21180
18497
8963
7111
13953
1836
26132
3867
12136
22405
26370
18604
10467
5327
23922
17481
5057
1610
26177
13726
109
21803
13077
13567
7275
3094
4246
21428
21870
1471
2162
13051
26320
11125
26514
10273
19314
22646
14140
1450
21404
16862
26406
1871
28542
26681
25705
3599
28291
28234
17326
4752
20038
403
24671
3665
9849
5269
25094
1720
13092
27256
21123
9412
14734
17637
19685
4048
16635
10177
11850
14391
27040
8257
16263
25582
11290
18320
29181
9581
16554
22859
20685
12944
29615
15356
16610
9464
20626
18056
17536
3718
15312
8659
13131
46
2648
9168
10446
19284
19346
22297
3675
22738
6906
26290
24672
18196
20962
23853
4129
7517
23065
24814
26813
29032
10170
13423
8496
7148
1479
26033
10867
23144
11044
350
29542
13693
15870
9989
9329
11568
8638
13004
4306
15544
15647
28978
3740
6609
29184
7869
14126
28601
9035
17292
27633
19205
7067
6129
2706
8547
8514
13573
8043
25911
20275
7585
15956
6145
23926
25285
17714
2564
8289
28372
18108
288
3703
28200
6898
2887
6069
27376
7840
15104
14668
5473
10662
21736
17954
13368
6635
2821
3293
14678
28732
29920
28615
14688
6065
22542
16325
131
25106
24614
4856
19567
24903
8559
17767
8153
17798
23837
5529
25638
15293
20198
7463
2307
18286
25417
22027
24921
28238
1672
15951
3322
1592
20918
24362
14010
13460
10687
20493
14919
11654
25349
4486
12909
10260
22253
21062
28058
22442
2943
48
14088
23141
7511
22747
17779
2929
21127
12700
7519
22799
5003
17194
744
25922
11556
21106
15734
28596
11599
653
10250
13301
11491
29511
23561
3745
20573
27972
2539
23516
28020
22979
23010
5532
15727
10789
14813
6854
29842
28684
6005
11197
15878
6749
13471
3787
27855
29206
8735
15807
6211
25337
29108
17703
24848
29021
27800
21773
26993
339
21641
1366
23319
21003
6898
15398
8145
28063
28604
14339
3099
4609
25536
25330
11359
9008
29117
15566
14566
7852
1373
20777
9541
6833
8480
4389
5855
6280
26162
9200
12972
17803
10566
12643
15159
23816
4393
23304
21879
2997
7643
1331
7606
3179
26661
25317
18539
25778
10884
3105
9982
18609
23883
19523
1795
8715
264
14002
21348
26426
23202
10672
20581
10121
23315
5740
3937
27708
5396
2169
7057
13039
3500
14663
22571
161
9981
11110
2291
27217
20568
18625
15826
14451
14500
23973
29518
14764
7975
27218
17542
1178
7890
14475
17651
7557
26568
21588
11617
1964
109
18674
15004
3609
3338
7575
10122
19671
18685
12413
16888
9253
7390
9066
56
21890
3040
5927
13006
17367
3145
548
24897
11036
15024
12548
18593
11592
4137
211
13556
10598
25237
28560
14208
28575
12487
24330
24598
7525
13096
11486
16778
20486
26905
23187
18729
6297
29114
1735
23664
8611
8636
18562
19647
23660
7462
14593
11604
17951
21156
1512
28550
16393
6425
19110
21321
18912
13440
15919
26437
2888
3758
19568
29727
7015
12755
24808
13312
18221
26543
13328
26832
5179
8242
16480
5191
15705
7425
16795
3656
28581
24660
8558
21326
1085
27668
12647
19997
17461
4919
16435
20349
8677
12355
26428
22044
25110
21236
5356
19683
24132
25036
16515
5663
3279
9347
17207
25336
16772
10354
28992
21705
5014
7551
13032
6099
11571
2031
26097
29032
6950
18884
25734
21979
1239
22162
14023
2701
19751
19379
22384
20235
20768
15251
25898
24047
24599
19457
19383
17723
29812
24727
15781
4826
8630
28813
10926
20202
7196
13375
19234
14147
8611
14968
6126
16202
13483
26502
18903
9586
22233
17639
29821
13001
2890
2071
7048
3841
21529
2783
27917
27693
27511
13698
2519
12493
18863
19797
2695
26059
9524
28282
16558
18135
19602
22685
10689
9437
25539
5944
19023
17772
23583
25196
774
2826
27268
14174
6667
25149
16958
10936
22842
20821
24634
25361
9666
13497
21511
18714
15909
1035
16996
2467
25523
12950
1504
6212
22388
27043
12157
17763
14816
12092
12960
21942
21270
10228
6116
27938
11729
29426
15226
4571
20247
9861
6284
29914
29710
27795
24980
15619
5183
11976
18087
706
1278
25943
13270
18
22987
1779
17782
7803
20224
742
29745
11494
17322
12213
15784
29051
11640
1011
9974
8239
10872
16258
14505
16934
20406
9485
2554
25589
27813
26993
2647
29092
22936
22269
29110
15923
24049
16892
78
14273
23986
6175
25767
17660
24741
11552
16711
6381
12563
3037
14620
29787
19296
29126
16721
16054
14963
25627
11643
12777
22620
20642
11869
15557
12911
17331
7832
6960
10576
14263
27585
4562
20438
29705
22223
15179
11257
15286
27912
172
18324
18885
6311
13972
18011
23032
26
2974
25012
18021
15751
17632
8663
3972
9541
21574
21304
17374
4887
1880
7989
2472
12794
4779
2177
5017
26311
19786
26656
24223
26310
14980
13108
2621
5304
7471
2006
5330
16798
3370
23351
8901
21002
2014
12874
6896
29940
10530
622
4827
12410
8611
13652
25204
13390
22181
6574
9701
18320
3230
10277
14630
24562
29737
23604
29866
7209
1962
5196
24007
5332
4899
2908
2686
13265
22134
9582
13205
2664
10204
24385
21426
25167
8037
22983
8558
6570
29557
24611
24890
9139
11240
15873
10053
10978
9477
9919
18187
17791
21467
18546
29475
2718
27806
8513
15983
19941
18096
29188
28957
4652
23573
20384
29820
7962
13367
14730
14533
19276
15693
9423
4767
26934
25296
14820
14264
11125
1091
8803
5268
28910
27349
4743
1628
25155
13257
17611
21448
7705
23151
20406
18709
23077
17142
24881
1039
6861
9611
21924
26137
1657
7700
904
4943
2996
22076
19207
20474
23167
28010
2094
22077
25359
13190
57
26866
2799
24020
24667
10504
17171
21425
5565
16600
8567
447
23992
15428
16410
15916
17917
18067
23616
25173
23010
2965
17249
18569
29791
16768
16579
1885
15197
18290
15075
15254
21509
17874
9274
16176
4730
2797
7601
10296
19398
22520
10743
19742
7948
27153
5658
25865
21573
5627
21038
14583
8592
14639
9505
14735
1407
26084
22972
22956
14375
8048
14562
12236
2274
188
28412
13357
2985
12365
23653
28735
11237
10748
18477
19185
14253
488
21402
5826
6115
18792
26762
21059
3431
6267
12146
11190
2351
5118
10498
23078
19518
25060
11666
21793
25248
16430
5150
4585
5147
5155
3321
16384
22255
28150
5569
6508
4990
3323
18687
17457
22115
15449
14868
1898
28068
27014
19440
6771
2133
29938
29850
21651
24998
17868
19796
26598
4299
1298
1184
9446
12805
10857
25831
5060
15359
7752
11569
20350
17428
256
7807
15895
22057
22676
17794
20125
26042
13586
26896
28175
13525
3098
26179
14875
20967
22327
17826
1618
23626
19010
11064
12783
29867
13247
17844
15226
27352
5765
11928
14780
12373
19736
675
4430
18764
24821
907
14806
8408
27803
19334
28285
7254
21865
19512
4573
14192
7338
6191
14170
2700
23607
26954
2567
13207
21150
24146
10559
26915
6074
25339
9288
2162
2366
20070
20926
27188
20977
12085
11948
25132
7771
16585
2386
29636
6097
13311
20180
19788
19502
4351
22488
19462
7657
25056
2669
28807
25554
13228
25722
7980
14919
11362
10143
23637
1432
7421
20825
28761
19506
9125
23893
27277
25710
2632
3265
1808
15943
23446
21596
5446
4149
20436
1260
11806
15492
3929
16965
17398
17157
12687
25379
8428
401
11874
2065
1833
19295
29243
594
15154
8368
839
18783
4079
3471
22049
12239
19415
15495
10187
1213
19644
623
2473
7802
22468
12754
24767
9866
29911
13806
11597
14691
14207
23471
16756
22392
12767
22351
29338
27921
720
177
23056
11151
3649
15105
29742
29416
6952
9929
6981
2948
16904
15806
10750
9372
28560
11869
25591
4823
25675
7188
19514
16234
7012
12622
8626
19779
4974
14316
24052
12046
14494
23460
29549
24495
8566
29291
23911
15518
15572
7244
18467
2476
23050
5569
18201
21610
17439
20144
2785
19466
3684
22299
5701
10696
11273
20679
6827
16247
4996
7231
4645
25842
692
4194
20337
9258
3485
20600
1128
19057
27844
19595
27886
20894
25165
16087
18856
18956
12583
21641
8422
16267
20292
14123
26964
1565
11155
3791
24165
16151
17375
28810
11993
18067
3005
8682
3677
12842
29282
4805
1900
27126
753
6138
24372
25918
28577
19580
21226
11160
17573
29648
27427
7865
13772
743
15782
1279
10887
9947
23782
28262
15110
5775
16329
18115
20809
20006
957
20091
1163
9209
23569
1916
15347
24293
4186
13924
13873
25412
1436
1446
25061
28864
15663
15185
29607
1445
16464
10494
17745
10246
15108
2855
22373
1437
27322
13182
27795
4631
9625
28959
13841
3194
875
5540
3839
5062
25817
17712
474
27253
25510
1887
2469
11173
17072
8429
18970
9888
25275
13067
20134
10384
15922
12507
18173
19596
2041
15969
24228
18018
14928
14421
27564
22155
26313
1403
3569
28482
19115
10396
2088
20977
12283
4557
2150
5708
19338
27473
15596
14614
10540
5731
1350
2815
24590
19523
28763
2984
5492
29343
21002
26772
13764
18567
18928
16430
19970
28849
14912
15438
9245
23352
6415
21529
4262
14918
27237
23600
12391
19185
14566
29283
24916
15916
8450
25859
5440
7214
28843
10932
6557
19845
14057
26674
8412
9337
13104
28383
8186
4368
20173
17432
27721
26588
15313
1983
11506
18902
1935
249
8087
16502
29533
9356
8770
7983
5215
14210
21549
10410
1495
28107
255
15552
24781
15020
1241
14237
19755
9427
18605
9928
3211
22678
6516
24876
1013
24375
20130
9301
24624
4570
25803
24157
13926
4573
8493
25493
25136
42
12255
26631
4501
12510
18535
29282
27530
19776
19871
17285
5555
14829
3565
8767
13859
10082
9995
14873
4457
126
24174
5433
4696
26329
29591
24974
7254
14436
26819
2390
20830
9074
5373
25332
27936
260
966
25467
20036
20838
19104
1944
12019
22670
10711
25878
9104
20706
10751
19913
27184
11277
25346
1880
13958
1289
3206
21213
22077
25
29955
12908
15451
11681
14592
13388
11941
15558
15207
8330
12748
4311
10274
1119
3333
27337
26998
18789
24395
14101
8702
21580
25379
10401
29812
9337
11690
9371
6902
3768
15748
6858
23028
1200
24891
7620
14588
6832
29530
29795
21514
12279
10458
8140
13398
20144
5477
16748
15285
6225
850
23988
4157
26229
4389
10321
11918
22431
19692
18821
26199
5441
2031
19227
12993
3274
3199
3933
10106
2730
10080
7973
21361
20538
16113
11111
17034
27943
27860
2320
10520
28710
2660
14677
1291
13401
1350
13209
12184
21043
8382
14736
2836
16765
10315
15829
20039
13515
19762
6498
16245
29842
20823
7606
26732
13288
18717
20119
11231
22929
28791
28103
21639
1451
12780
29282
21204
14131
12492
3388
11526
27226
18124
14362
20344
28440
6543
16735
18307
2657
29585
4552
2499
20408
18510
5583
3697
13579
25702
21280
6509
845
19384
4500
8648
8516
3783
29852
28999
22627
9593
10525
26205
4069
1239
16549
8861
14134
9637
27168
16791
9222
1720
25642
29631
26582
1226
9680
10162
3280
960
23023
4126
20344
27523
12774
5213
1306
18979
4212
23933
4924
21090
20139
8993
28681
13040
17855
12816
22677
21375
29607
1900
29448
25250
7883
26030
2828
17563
12544
12460
18523
5567
16586
15220
3091
5713
20433
4397
1044
997
4683
5968
28439
24822
21313
27121
7862
15520
9937
6892
6896
15896
8792
6344
17498
16675
8726
20326
10590
21271
2787
29113
26838
25725
20685
6281
7790
17470
10679
8834
24820
15362
21154
23259
16536
12468
20380
750
27988
6669
7642
4884
22566
22786
17580
10064
9461
2659
6743
20051
23930
15882
25517
27120
11607
22554
3402
19398
16377
20433
4584
11197
12147
25739
4456
5035
14559
1189
5785
12547
7858
19780
23784
424
12566
17716
16841
22028
20375
23584
18431
14305
9466
20300
17778
27425
19207
27532
23175
5584
17965
27760
23133
6464
29851
3941
11499
14410
5130
23636
3309
19341
13416
27093
26117
25983
14810
12958
24363
5185
12894
19146
25843
28712
15799
19973
26138
5006
17505
19313
16942
11822
23425
10075
24638
29628
14016
6137
20390
25499
6125
23700
14840
25894
27145
10957
21877
11955
268
22592
23493
13162
18090
25688
11875
3889
22013
8013
8895
9518
3678
25837
27692
3456
12264
22330
9436
2633
4819
29827
28132
10944
23527
19324
6838
27024
281
5067
15332
6901
4011
8825
20064
22102
10865
1939
25991
2878
16304
11239
18748
26334
13428
16440
6142
25693
8770
15579
28326
19941
15406
2810
885
15285
22134
14076
12309
28767
25495
3993
5669
29507
19170
25733
27961
35
4024
23952
9265
26680
11543
28013
29366
24972
20805
5509
27017
29575
27440
25343
25868
12846
4505
3106
4483
26639
17182
23144
1758
19029
27138
7427
24888
16308
9512
22849
22696
19888
23154
1961
16568
4697
6327
22287
6021
27132
4148
3038
3060
1588
4733
28928
20786
9238
2034
25269
12229
25568
24765
13988
20950
28255
27767
15838
14564
7280
15040
13612
27168
14546
21925
20089
25595
4604
18728
1617
1737
22876
4655
11149
24464
15741
16429
15250
24979
24816
16871
13561
26736
11636
27549
17686
9892
1668
9877
808
8948
24917
20772
12469
9463
12697
8910
11410
17302
27638
13027
25391
20514
24035
12892
14978
9776
5673
6580
11107
489
23451
24668
3578
11439
28569
21264
21331
238
7493
28491
15538
2410
19263
28007
18225
8313
6917
5988
1967
10907
19015
3710
1421
19402
22954
22751
29178
28627
29331
10286
5469
29134
11306
9047
10574
9876
6663
8257
16466
14157
6749
2004
22919
2364
12
17497
17029
13281
23485
25348
24189
18852
29058
1962
8255
22012
24714
7433
26992
397
24071
2461
29532
5378
11508
16458
21606
24523
24715
8072
8680
7816
10076
7952
16533
16440
25449
3562
29722
18934
5263
263
14138
4321
2225
22393
2686
3291
29827
29678
10041
250
8491
9573
11980
26351
2383
3586
20874
27098
11658
5907
11267
28087
13859
27800
14527
9308
7714
20601
4594
12977
27216
18732
23651
29442
11126
26337
9085
17305
2367
19126
23907
17210
5051
5888
13561
7434
9474
4435
10885
27485
10342
22152
1924
24201
19952
16451
9861
27666
13405
20807
10644
10621
9540
4295
16415
27018
6984
1853
20675
15703
20979
14582
2913
2383
20470
16474
9817
6297
27261
20702
10134
13956
12854
12058
14509
9158
4861
24371
13177
18266
15178
23821
5240
1070
4468
28007
4440
17804
29860
25115
3507
20840
9698
12772
23223
6520
29246
9392
19169
2859
95
29303
23167
19301
17713
7677
4812
22575
8400
17989
17193
29930
18162
28785
1001
28982
26793
11793
16786
26653
6909
26645
23845
22959
9417
17068
5831
15015
26461
25001
17874
2908
656
11042
28561
24722
25071
9725
23649
3471
27714
10842
9753
15876
15980
17106
21210
12773
28900
7996
9426
5809
10993
3272
5120
20410
26692
10951
11777
29505
12304
29652
8765
19313
17046
7327
14035
18469
23404
7684
28292
21119
24878
8045
13347
10858
25152
4558
29983
404
18906
9410
6213
29900
19034
17685
20310
15726
28636
2088
21584
10941
8092
349
6606
1490
14028
20641
26311
7433
4677
24603
28552
29555
2648
18251
16766
4152
22809
16749
4556
11716
2511
17121
11616
21545
4806
8278
13624
3443
16718
5208
20736
24810
11909
27342
2652
25938
24335
28963
3371
29012
23566
8275
4919
2567
26526
21685
6719
25688
14787
17628
7404
17298
4749
25372
8844
9556
3650
28820
19351
20369
4028
16439
21531
15937
20133
536
18227
20820
29499
21598
19832
29418
6225
24751
1985
9104
22789
15056
4792
7576
2684
12196
24874
13786
13920
10070
29694
17570
8890
25397
14291
19270
18188
12175
11560
8321
12711
29787
29141
12210
27738
25325
11628
10315
26428
19965
19419
25569
11374
24211
3145
20410
12759
4372
4196
26679
14442
10242
20602
29685
5639
11245
25307
179
23420
13219
8500
6131
19359
13993
24694
17097
15670
12674
3764
18451
2640
23184
14020
20366
23747
17166
10776
6507
27890
21325
9538
12332
1567
6492
18369
13559
17738
20029
13738
11158
3248
28591
17290
22607
18936
11984
16056
10959
1010
19821
29410
3650
19357
13430
24016
13104
596
11145
25963
28486
2470
5502
17171
10389
11994
11892
23948
29732
8273
14039
17243
11522
12630
4533
10481
7918
22869
26538
18877
23879
22711
18287
3882
12068
1718
4250
25172
8666
15395
21136
13505
24217
2990
7028
4607
21336
25272
28555
27421
3546
12594
14664
21420
1576
25549
1901
9495
24770
28439
4724
18649
21150
23012
28883
9570
1082
3134
4743
16100
24881
2231
29605
19099
11573
12985
23706
9261
8258
28613
6682
18156
17560
21346
9576
25488
23247
11477
4983
18017
16269
16060
13019
13771
9072
11902
23342
16506
15036
4437
2606
16270
6668
2212
11721
24593
21549
11779
3854
29807
10392
10537
24315
4304
8235
3891
29793
7835
15369
11128
25852
1638
27188
8871
15409
12612
20774
15103
29118
12162
19540
1725
4784
26208
10289
16505
27153
1838
28284
1008
7998
8677
17897
2313
12981
2484
6205
19126
10319
27926
255
6172
5916
27443
21395
27677
10056
12169
12781
15526
684
2321
17251
5468
4882
3892
21974
2035
12083
20258
9395
20081
5287
3644
28746
24621
6129
11303
13747
22800
9229
20354
5324
21497
24150
26720
19175
10558
15241
1956
26084
22277
10629
19688
27746
15511
23580
26072
23899
12015
22682
9646
2096
4322
13291
7195
5295
25772
18498
25394
24924
4080
15749
249
25577
9899
3321
14752
20457
24914
23060
22893
17192
3690
12581
21290
25553
12514
23714
19452
24529
16396
29099
2978
27070
18742
10173
2365
14514
28671
27760
9438
2751
19861
16039
28329
6112
25712
19433
2921
20627
12494
25814
7819
22536
14748
5461
24441
27262
29175
13894
28143
21923
19345
1121
18994
14439
11294
21359
5305
16318
25471
21095
25421
21684
7135
23750
27796
9199
19536
717
29826
8382
2884
13997
918
17632
19458
25359
21246
18633
15605
19389
10557
11302
20511
5903
2093
8157
27262
7398
24475
29086
28494
19897
20770
11981
19999
24919
21180
15887
25636
27359
24269
4872
11356
1539
22504
815
3251
13750
25800
18856
3140
12709
6511
3
18612
8604
8160
22227
22355
8988
21313
27201
5237
18435
9182
25236
13354
6714
17476
15343
4073
11745
20215
15430
13285
19072
22597
16536
2822
18397
11744
12314
1107
24607
12317
19719
9564
20478
11946
1919
5818
9611
29120
11055
4399
14654
12643
17753
21368
119
9448
1794
11865
6016
17224
1502
25088
16173
24390
4262
4570
12486
16577
12029
7094
28894
1749
16658
25724
20047
18577
1542
6011
24049
18949
10410
8703
1593
4515
6423
8064
13964
8217
19929
26332
1793
27783
21420
17966
22173
25682
22537
4660
18611
10918
18106
17506
12667
4764
19582
9067
29693
27477
15078
94
16426
25488
8797
24371
6355
15220
2436
20319
29790
28717
23003
1583
2853
14423
19550
25026
16458
18439
6038
5069
29357
496
28927
18377
11612
18510
27444
11305
22339
18874
17751
15117
20714
26548
9489
27069
18121
18277
23741
17911
16994
16744
25846
19847
7520
15396
21226
330
10187
3616
5399
9545
4113
10679
4274
15725
5541
1718
3383
27880
26944
21134
12997
24010
24035
28838
21079
18508
17115
21172
12771
10462
14269
8617
309
21789
366
27887
22119
10553
1504
3870
26450
11969
14549
724
27694
20090
8794
7429
24322
5738
28564
7320
29748
28951
12510
27180
23811
29626
24704
6582
10088
8973
21551
16749
7114
21917
14637
5585
8823
22493
15808
5273
4462
357
12350
2156
26800
21144
9586
27474
3235
14502
4794
9335
19805
23657
12867
13616
23283
7572
20198
3371
16545
18101
26472
12
16371
11109
5597
25194
3602
21405
6819
14416
28115
19169
16573
1267
16666
2511
28741
19901
23365
9888
5588
13170
3545
18456
26786
26828
26028
23336
6551
18925
11437
3023
18937
27808
20485
887
29354
439
22292
12526
14856
26759
8047
1429
28026
24713
10292
26768
20966
10009
6656
26555
23179
16553
21363
26317
13381
17391
19653
26284
12668
7442
5659
1606
11603
26144
8845
17309
26584
1137
29835
11440
27897
7883
19221
2275
8948
5865
29043
29915
15874
12051
2822
9053
28604
24185
11722
11985
17928
7727
14621
596
15169
20281
8554
3124
16425
17399
26786
19361
24889
26621
801
22786
10856
26374
25061
19805
2239
457
26072
18113
12508
28894
3518
11113
29431
15240
29450
17359
22967
20424
17955
14489
10705
26510
23965
3482
20261
20751
22844
15150
23725
29997
14288
4581
26372
9350
738
28611
16159
26810
23077
28667
2056
26595
16132
1487
18188
21935
18846
17507
12359
6802
1996
23064
9664
2314
26546
29925
23065
25742
21428
16790
25740
5716
27724
22112
21418
28462
27075
7577
25273
20152
12597
27329
16748
28729
28817
11288
20664
24015
28795
3023
7169
792
2439
16833
9458
5338
23111
2523
1080
14539
25666
3172
26607
23390
25284
18026
28204
28712
25603
29829
18864
8200
27159
11964
13282
2328
23252
3946
26343
22048
13322
9865
29192
22113
26698
8650
27451
26161
17525
4884
17052
19543
8056
13660
19285
9693
1686
17490
8405
3641
17319
3621
11842
20830
15586
25124
29510
8838
5422
2206
7238
18744
12071
12782
10858
15121
27784
14661
11283
15310
19545
4687
11205
3954
18347
491
19999
26385
24333
28404
27
18004
2025
18221
15187
23963
13345
21049
9154
18767
23255
16392
13864
11678
29175
1074
26800
3311
22087
14435
18621
17985
19122
6179
21939
13822
13022
11938
16559
7355
16694
16586
1711
25071
4807
16898
19035
24504
7948
28189
19624
7555
20933
9840
19234
26460
10914
22386
29772
9353
6821
24745
27338
2295
924
25629
22469
13946
7567
9029
27653
613
25615
29365
25685
6775
22615
21072
1279
6915
25613
20903
14471
16546
743
10057
13007
18009
2443
19131
27363
15616
13876
24701
17911
21153
26683
10381
5099
10602
19410
9105
11216
21377
8470
13253
28152
7437
10677
5784
14353
6290
26687
5176
29188
3783
15233
18547
28144
24028
7678
1859
9644
27907
26561
3907
19060
29596
14288
511
10198
10050
9616
21414
7780
24438
11019
5932
8228
21696
11716
22581
27986
14756
4109
3527
24891
25694
22074
23035
19722
29753
24895
5718
27660
27808
9625
23072
27404
266
23583
13954
16668
9552
5369
24448
3990
22740
6733
12218
14437
24801
11151
18775
9557
15260
22302
10800
10954
14377
10188
7028
20482
11435
12746
24494
15595
22372
17566
19351
22638
11149
3305
9306
27053
15026
10107
1044
7767
16840
19614
22204
11641
766
17331
27551
22378
15986
8351
9685
363
24891
16713
27197
6326
29460
21691
28273
28184
9257
17624
27174
26758
20930
12832
23812
5956
22939
1208
13723
9779
20822
12279
21421
27940
5963
25324
26671
21949
10027
6356
22312
4919
29421
25861
17597
5233
17552
15871
3417
26809
9847
591
29919
777
13424
23731
13086
12715
24939
3161
22495
22114
21793
20268
26406
27756
21944
23077
19705
1971
29433
18369
6890
28855
14230
840
4088
1782
16711
13858
4943
2910
20801
11214
3688
10577
4946
23126
23293
6237
2639
22140
4703
784
18760
1110
28540
10704
24187
24597
12675
29973
19318
25918
5180
3548
26758
15620
11682
19821
29478
22977
22731
20280
4192
2771
7209
15490
25897
502
28079
4889
22642
9135
5673
11402
10245
10566
28458
10784
11515
11134
17109
834
7052
22289
10734
3810
7910
28769
29983
13740
28098
22714
10372
8642
25486
17582
484
27735
24436
28564
8976
23431
7699
14650
11185
24296
1568
9644
11432
19435
20778
28542
20269
27830
20831
7356
7992
5093
12477
7975
25186
10575
689
5558
19218
2527
29492
19702
263
23929
24618
9239
17360
8669
241
28545
9317
8161
8189
20750
27597
5319
19292
24218
9501
16475
1574
17493
21569
14051
1820
16755
979
8862
28665
20197
11389
28158
16251
18004
22087
17222
3596
15799
25891
3837
20696
5209
18351
28886
25959
15948
4205
21603
10166
20059
8078
18093
7552
5999
2144
15725
29106
3123
24587
27772
29672
12328
25930
22276
333
24369
9498
3929
16520
11741
14118
7216
23302
8821
6102
19261
24769
16660
17216
11288
6719
25295
29381
20623
7646
1525
6348
6753
11001
7287
4525
10673
19616
6807
9301
26301
7528
18799
6582
24048
541
20700
1264
23843
29522
13719
19457
643
6731
13025
11931
13450
14672
11312
10425
22319
19190
23126
29072
191
413
9949
17216
26381
23108
26518
22682
636
21669
29264
24684
28562
26317
2300
28758
2191
16019
24567
2834
22750
7592
21118
12552
28617
2430
22978
20936
27972
22456
26360
28163
22869
12661
21732
25603
5769
24602
18285
12757
22623
23902
7441
21186
20219
9741
26296
22410
2113
20863
1596
24863
4807
22714
7416
3424
1497
6746
712
29469
29202
3424
27633
28423
16085
25717
378
28206
20319
18664
10963
12942
12566
24756
10480
2785
10850
6776
1547
12963
3991
3143
7826
8799
2210
21594
18575
3707
4692
19288
3176
10246
29064
7161
15022
15150
2878
15400
19708
29549
10416
672
18844
22982
25428
29324
2119
6278
12453
10018
25593
16444
19514
3420
1595
21724
1366
20171
25431
12411
15811
28607
22657
14875
12121
7679
6377
14999
29432
26086
20901
9848
26758
9745
9183
28538
15421
17654
11169
27874
27673
6762
20671
17187
16534
22266
8911
17901
12437
10694
312
4600
15653
29321
19476
27774
13353
25853
19126
12785
28291
10027
28985
25049
26124
8168
29940
11545
25823
11109
15772
23496
17871
6443
17035
10758
28709
2298
28659
17499
12992
5323
22099
4997
10996
17927
2772
24349
20133
28250
13486
18424
14629
12472
19826
10753
20640
26118
28650
22815
7227
14422
22663
1450
20865
9698
12208
25927
11996
17219
19778
