6768
307
29382
13548
26268
11157
18057
7522
4612
28341
13017
13493
6407
21482
26177
555
17737
11644
23908
6144
18650
21622
3623
22583
6910
16009
13946
15777
25267
1247
3602
2036
7906
2984
21936
4174
20493
9994
18048
25106
8335
1065
8599
14742
22548
11128
21649
16637
22772
15557
29134
17775
13531
2757
10358
26794
25118
24304
12571
20385
1903
16174
28773
16161
25510
20710
26688
16004
704
14736
11110
9039
22154
26061
133
14702
7189
21782
7691
6313
13691
6825
24088
3575
9582
10798
369
11052
11455
19292
1438
13358
5466
211
5872
7329
20921
2560
29685
21625
23648
10795
7016
15802
13208
13501
6856
20397
5283
14548
26710
25327
27725
20799
5254
13660
7949
11975
24712
19404
1267
26150
9115
13086
26362
14987
20415
23635
23899
20100
21613
17547
7247
28629
3350
20455
12131
10206
17204
23766
1106
13914
25445
28832
11065
699
12492
19015
12674
7204
8419
20294
3355
17534
3380
6069
2521
147
6056
2772
26599
27669
20320
3846
2651
22
653
21134
10228
17857
14900
17687
8123
16698
16519
19189
23749
5363
8204
12776
18919
22975
3070
28626
16862
6450
4695
25735
12949
17104
28508
9548
14773
18828
19746
17424
18850
20399
8558
5430
14608
29811
29469
22731
22861
15988
18272
16610
27703
2828
29386
16623
25804
2456
15249
12666
15258
26297
8401
28207
19753
6909
7755
4526
2089
27501
28303
27291
24252
13213
2722
8860
19376
2191
7944
12237
24532
26216
28848
28587
29045
28234
21562
1201
691
13164
13867
22301
15813
28620
20509
5566
5530
4616
10092
13971
2118
14747
11263
2722
27961
20337
17935
17337
28880
25879
29575
29764
28447
28423
28352
27492
3009
26266
28693
10052
9430
18912
2354
25243
17533
22863
7161
29415
27479
17254
13386
5949
8353
1001
8672
6314
21338
26607
4
26571
28838
5931
26335
27285
10706
1039
24778
13715
27306
29823
23768
13088
18736
26122
14684
12621
25337
21845
12036
22816
15451
1774
5118
23805
9128
20142
6471
6818
16749
6475
3389
21939
12406
6077
19224
23112
7116
20354
6828
10774
20178
6948
23863
15266
9422
8547
27887
4759
6744
16275
3927
22196
24401
9045
16001
9881
29187
22472
16700
22288
5300
20089
14227
17706
26166
9804
17171
9635
158
351
26761
26688
7299
20624
18306
16721
5523
22545
21480
12268
15172
1759
10816
9574
17157
26817
19455
16344
25641
12507
14985
941
8949
5564
25000
5115
21720
12171
21102
21879
12522
17864
24919
19821
14840
13226
12894
26716
5771
10726
15336
20944
12485
26152
6870
29642
29321
2677
22339
24962
21537
7324
2256
486
19240
27256
5601
10961
9427
3056
9192
28301
27272
4111
18122
12112
23689
7368
8828
5813
18094
516
3109
579
26668
16331
222
2341
19008
22561
27304
16897
6237
5912
17383
1829
3168
29337
12790
18947
2393
28334
17248
29665
8798
11722
18129
2487
19090
26958
14652
7184
3826
17761
14115
495
4092
20689
2836
29453
13250
6492
16350
25839
12404
3734
4021
21924
9423
23163
17223
11816
21498
4471
17833
296
22545
5962
9135
11635
9272
23788
25171
13099
17901
15639
19946
28346
6328
29134
27799
25931
5627
20501
21770
24383
587
2143
22660
10010
25307
9883
28178
23157
20707
16011
23453
13252
21974
8940
1240
1246
9080
2763
20697
26982
18402
10643
1680
24731
9778
29479
20662
21757
26332
18784
22492
26920
20928
15152
6930
16235
1388
5109
9392
22095
27472
9197
5347
19446
24489
12939
27045
3570
15703
17742
6904
4105
4738
8584
5188
20868
14415
25850
12625
10747
14635
5117
14019
5563
26622
27302
28150
28010
2411
13894
20105
29883
23091
1804
25682
23932
14744
29079
3854
6799
23173
10758
10904
27911
25694
22445
18779
16461
18295
1404
3561
9282
12874
17580
21197
9496
14882
19347
13858
23645
9593
3963
29881
9036
12119
1915
2969
26863
994
6823
3662
24167
23934
20919
22079
25980
13364
17210
12442
8011
24967
22355
17294
14193
9935
8491
41
1170
4191
13899
24815
13784
24214
1048
22821
6333
2963
2142
3197
3957
8965
13211
4477
9251
10482
26556
5232
198
20118
24026
8210
15085
16381
1856
29278
2668
10347
29319
3838
20890
19570
5006
4675
13784
6054
3848
20118
15370
5990
29667
19327
21307
12878
156
559
29713
3064
5791
29911
23183
29817
8121
14620
22550
16329
20251
25218
26677
25922
5409
23919
15493
16767
4946
29277
29173
8794
19395
14543
21136
19062
10223
12444
8293
10379
13003
8006
13444
25146
7917
12979
1315
22391
27599
23865
8720
17850
25435
11749
13773
7196
12021
29266
23963
16967
4895
23137
2114
24291
14032
23250
19705
24255
12046
4350
10987
1401
18708
783
26547
26626
13762
4214
25369
11361
4431
10441
29212
29867
28543
19337
7063
10564
18603
7379
3883
29850
6868
5997
493
20900
5600
20199
21508
17646
901
2495
25400
19610
9630
21947
22588
23392
2514
24309
4753
6945
4750
10317
6812
9645
29654
20228
26561
24609
3959
445
24460
10827
12794
1305
8079
18394
27856
29587
12393
28758
8434
7793
18368
18064
6092
17308
11456
8606
11617
22562
15552
22719
9231
28716
2365
15238
25296
5278
9847
29255
12075
10659
16434
24870
11965
24514
19616
16173
453
8361
14931
15240
16154
9651
3304
28599
26959
21113
13557
8576
20027
5461
1296
29258
4178
10013
14496
5826
15291
696
11434
27367
17707
4220
28589
6024
28734
18205
22198
5540
26567
7129
20780
19073
23133
436
17672
20092
27901
1230
28669
17928
6691
6317
23539
17221
16330
8035
29400
1621
15083
17186
5340
2791
21406
3929
15167
26493
22135
7365
2033
25054
20847
29165
14127
13980
29601
1800
4072
27503
9382
9093
21783
22425
15410
15322
15999
8092
29710
15399
16066
14793
2585
21406
23936
343
1688
9104
26836
23823
22821
28869
18877
13668
4386
9356
4000
3988
17508
14425
7843
26890
23518
5978
25668
15281
21301
11667
29725
27363
3418
15791
12156
12355
13550
12445
12698
15238
21549
9535
15413
20722
14756
10642
4391
19143
19998
14743
29483
7507
29168
7326
10749
29039
13304
6417
20672
10957
24436
20397
8320
27854
12541
26829
10209
26091
9274
29260
11329
7175
8795
26742
4249
23551
13736
14992
19046
3734
29736
18529
11241
28904
2207
28343
4295
21864
4760
24967
2821
29197
15365
17494
27051
4258
20675
13613
349
6301
12873
18030
13476
28020
21124
24077
27923
4860
9070
16970
8594
8806
11851
26188
14062
14059
24531
18358
12275
5643
19677
15096
4840
11394
8942
8244
15652
29617
28209
16001
5918
17434
10383
25746
15454
1507
19824
13377
12719
28894
6699
27666
14052
24903
23854
28114
8962
24737
22824
21237
6732
12502
12685
11573
23896
27980
26169
15901
3949
24378
8254
9868
11812
18638
11966
3618
20145
8142
23347
9217
13388
6399
6883
27440
1302
737
1907
10264
1826
1083
7853
8558
13585
26890
26483
13834
1222
22652
6087
5172
23382
14341
15040
11546
2979
3358
21516
29477
11501
14864
8694
24889
21263
15577
28682
22565
22666
589
9181
844
1672
23386
15754
21610
20276
12238
11796
21499
11242
17883
3023
10977
2224
18063
22523
5204
27773
20392
11033
9274
5256
19727
10516
2871
11656
9198
25436
4322
16139
10969
11518
17811
4355
27272
15773
983
15862
27569
28834
27105
15452
1857
14434
17677
26272
13309
29233
24046
3701
10266
9672
8957
6345
20188
11828
24353
5738
13616
28675
21877
24585
16545
16041
28940
13817
8166
6276
29680
5736
5110
3137
27540
6968
17571
21569
3240
880
20802
3638
4582
7420
13311
19891
20117
9851
1720
14470
21942
21688
19497
20171
16274
6042
6212
21566
26212
14379
27842
2244
26467
2953
5381
24007
16273
22952
15577
25865
184
12731
29504
4766
26504
12815
24658
16621
29018
2730
1092
20960
24418
26941
11132
17044
2984
23696
8611
5548
8075
12805
7792
10894
15758
13173
4902
8383
12477
26831
4249
12661
9562
3753
23780
6066
22920
24790
29040
21938
3872
132
12899
4642
3425
24031
21687
6409
17727
6650
11957
2155
19455
26101
19401
11566
9274
24303
19949
28103
27486
550
17117
13401
10655
17249
19467
3575
18391
24859
25514
22263
1343
14765
3257
4769
15148
24944
11178
2875
7946
29488
11382
3754
1941
784
15320
11216
1439
11621
15671
5278
18524
2788
18679
29179
20037
14498
2755
14780
9358
4621
7043
10701
19386
10301
15470
10886
11597
3001
20113
25896
8841
1496
29650
10782
8632
14970
28350
16423
2943
14022
21701
21467
23162
10380
20647
19552
24879
29754
4332
10589
4375
11376
21290
113
28029
6761
17351
15978
16114
7464
11874
24955
8960
17876
5737
23944
9198
4088
10368
12142
18110
2069
9961
11272
18802
6960
7176
13681
6714
11509
24270
17441
29237
21912
23906
27266
5025
11257
19596
21139
18722
7823
16094
4034
25699
28184
4331
4898
2272
14699
23392
26734
23120
3353
14358
11922
16666
21535
1955
23380
3044
2577
17174
2281
24490
17432
5899
29515
28690
25495
27007
23764
9670
13101
4150
11722
11285
14833
16620
19909
29532
16364
16643
29005
26069
1002
17279
12735
28889
19235
12468
1933
28164
29642
10566
29006
23426
22817
28522
28468
18312
25529
22232
4335
14982
2735
16057
26268
17568
9029
16177
23453
25393
9173
28810
27814
16527
16089
10550
15416
11676
29370
23701
9841
5364
10619
8847
28790
3436
13721
27259
28100
15602
25843
2435
585
28578
24844
3205
22499
3873
25734
22304
5618
4907
21114
3433
27786
7203
20335
19554
18880
19705
13255
28721
25069
226
13920
211
3662
27642
27470
1763
13244
29666
10550
20181
28244
5395
29738
27095
15620
25473
19399
21239
6732
16865
1024
4519
24069
27711
425
19301
23768
13681
24374
25189
20259
8294
25400
23922
12288
29223
2037
25533
28889
12587
22066
3485
17982
21805
581
9955
23630
26332
1194
362
13198
8570
11233
13619
6281
11659
2920
49
1692
27294
25238
21951
11940
26990
22225
24229
26213
24262
26114
25102
6850
18180
28588
1184
16337
5521
11139
9967
1853
18685
10330
21403
27255
27915
11374
9888
15926
14294
9937
17618
17940
11527
15922
6233
8518
8147
462
4731
2410
26576
29834
15612
21108
4774
16796
13798
10295
4288
23765
18500
22973
10447
9904
20229
8363
21278
117
641
11925
16407
18260
6217
27934
10534
12450
12804
18681
19264
23888
27443
22192
23722
13055
19653
4848
6204
3451
15143
10492
27216
3643
3465
14016
19899
46
28731
11178
6516
29372
29455
22923
17632
12024
27209
4518
827
10014
23200
26443
3902
26995
18636
3976
16403
14641
8824
22607
18092
319
9451
21660
3962
12916
5676
23862
19315
10759
11392
25831
10132
17199
18754
4116
29223
15963
8635
6402
2329
8187
2846
12583
5182
27834
16559
27937
12475
1735
20544
6919
2054
29995
28579
12369
19264
10608
6231
8579
21367
23975
4410
7851
11174
29516
11968
16749
21831
26955
29504
24161
5142
2350
6744
16676
184
29656
14614
19011
7743
5158
25930
9798
11506
24509
22167
7122
11469
4750
22053
9189
5077
26463
17040
22603
2331
29008
15704
24162
25963
15208
24675
7457
23910
7772
24134
24094
7428
15100
19457
15171
20258
15387
1321
8116
16249
29840
21590
27718
10942
13643
6907
22371
16458
300
14974
18789
5660
679
12952
7976
22239
7627
15433
16150
15399
15919
10244
29179
1019
6054
20703
27630
21441
28376
12098
7690
4569
3689
11761
15511
17332
25020
7883
3791
25320
29209
22580
981
6240
11884
15309
28480
25864
742
14630
17615
23014
1226
16795
24033
7280
13850
21663
28722
12226
3762
12764
16795
13803
24525
8659
1135
25898
22894
11278
21218
28455
10211
28551
4696
22095
13860
3176
17959
20955
24158
5575
13969
25384
28722
8002
9017
18924
6018
14091
1150
16132
26855
24298
29935
27733
9309
7422
23631
8555
18701
21201
7010
28912
19753
18058
27359
9965
27586
21671
920
21744
3598
21241
23481
2320
5596
2498
21244
17966
16589
28746
4098
19796
29396
10385
17529
15057
17807
11160
29964
6508
2362
6975
11772
28467
1385
9132
8432
28972
803
15705
20716
4401
13298
20549
13073
25246
23047
10669
13212
15988
15767
17310
5785
21516
4047
29666
6573
21855
10827
6538
4715
19541
19865
22840
24360
21250
1972
9144
26574
9127
1201
23643
19880
14500
14192
9305
9746
13592
26326
29311
29580
12093
22973
11717
9961
27021
11384
16535
25228
28563
29425
29943
24456
25642
22783
18816
23244
1107
4312
19819
16586
5514
13462
12818
26366
4006
22123
12464
17598
24801
11775
23531
6895
11101
11600
16856
8122
22984
9743
3350
27899
15520
9645
22355
11162
2429
17523
4407
9888
21836
578
2827
3702
20392
15645
6420
24398
14121
25236
18349
8922
7012
18232
22169
18113
29832
15378
2587
29169
1473
5937
27068
16994
15582
19424
28156
24363
13299
8915
10604
11487
15845
13431
15189
6237
5428
27961
636
25901
23198
25337
11176
6562
13569
3345
1027
13401
25075
3614
12570
26549
15903
15991
13543
7837
5415
18051
2201
25066
3319
19157
6554
19164
8940
28095
25402
14368
26057
2390
16622
19255
27727
27798
2169
11296
7495
3196
1049
2571
6810
19972
29120
22713
5963
19015
550
17730
7066
9103
12796
10385
28260
19350
5902
13552
23798
1304
27921
19855
10046
20895
15462
7773
18693
17631
25421
26188
20827
2822
28759
3989
29146
4231
3054
5109
23246
9956
29191
313
19060
11988
17050
23672
7690
29304
13577
1488
6960
17850
27695
17006
8745
19509
1131
27438
13492
26552
29978
4319
5727
5090
14660
4873
9321
24066
16335
2568
4023
15526
9233
29435
3866
2635
29459
11557
1940
13036
19397
8900
886
23445
2259
9631
12954
3390
13421
26447
6295
13400
7118
12022
24842
28131
23247
4163
22197
9582
13083
26220
1461
22316
2007
5327
1304
1467
23236
3244
14503
12634
18496
15390
6079
20755
1373
25385
498
14795
28184
6793
4547
5303
25167
29389
3434
18414
9904
1983
4349
22988
28204
5810
21656
211
11137
22960
8030
4374
2556
22534
23360
27405
14276
5791
24512
15649
1176
25010
6796
29361
8155
17695
11016
3322
23436
20802
21737
3341
22785
26086
2681
27341
8248
24337
3905
19385
23650
11935
111
2558
4469
23471
29963
25097
29262
828
17099
6791
25838
23895
6152
3994
17943
23520
13668
11379
14322
5405
14720
13459
7843
23753
10801
22443
18091
14706
11829
18093
26641
11940
20651
7463
11764
26967
2560
11026
27795
19659
17817
29985
19907
321
3979
14202
193
24000
25581
20867
29405
16654
4327
13601
10407
21480
6044
4850
12538
24225
22943
15531
12518
19947
22994
24282
16914
1907
11660
14709
27918
5830
14694
24177
12503
25026
8379
12697
19026
10313
9916
24783
26967
20595
14736
13726
12075
27133
24929
24613
21358
24224
16497
10228
14171
9491
4510
1085
17750
22523
22146
15669
28353
6841
16198
17208
8219
24578
6257
3597
11243
16174
28380
14562
6769
19469
28288
18845
16602
29569
19810
14312
23794
6307
24541
7965
22151
5403
15403
16253
27926
7549
1922
2631
20742
24473
19840
28961
25403
2449
2558
6646
18623
7291
21208
25393
26760
25848
20590
19714
25418
16752
4026
25564
29412
4919
3529
21563
10323
18932
7816
14601
26482
16091
23585
17224
16916
19777
22538
12319
22226
25096
18965
10850
8739
16525
12595
5499
18725
3185
1565
14143
26289
5592
9707
25701
16863
19589
17264
27186
14873
1433
18140
11355
23876
11725
4932
10792
7854
3822
23111
80
5270
18428
17282
14010
4953
29877
25861
23678
9414
27427
14174
5704
9371
233
1405
26234
26174
25022
29773
11048
2807
17913
28755
26683
5990
10039
7475
13844
13861
6938
20276
19132
25366
7559
3142
6671
7436
29003
6701
23203
2782
27227
28907
12153
3813
6664
14740
29987
1686
14513
11035
4493
8778
9791
7528
21120
26182
15003
11316
10044
28293
1592
29176
23659
9151
8670
6682
22940
7673
13384
16143
16808
16963
15050
5313
20776
21714
20053
20764
29753
10918
8151
10598
26048
24294
18127
17168
20477
9482
28484
521
14128
77
6049
7787
9228
14719
20822
2168
28744
10558
18311
15552
27521
9713
20866
24650
7780
10919
15414
13885
28190
23565
835
24238
17860
25314
11407
14689
4797
16243
15210
25277
16320
21259
9416
1901
5978
238
10421
4722
10796
5085
26627
14670
21150
17493
9320
28930
4764
1086
19167
2954
1003
20003
3545
25215
15317
21304
9904
26466
7547
1466
21743
23868
22725
1160
2121
5055
7750
12542
16130
18547
23979
19109
9569
15130
6602
25241
20412
17718
26327
9580
27025
3682
29583
570
28898
21252
21874
8802
17719
5773
16621
9462
5993
15698
16974
8114
20754
24725
27009
13236
19624
20988
2345
5545
12470
15299
786
2883
3017
3465
12463
6394
7147
18398
6964
6045
9650
5190
21200
27369
17316
7821
13184
23309
29871
158
1424
20625
1235
4785
10213
20859
2125
18910
26404
14596
4209
3542
23831
13579
7007
6294
19973
20507
1044
3290
2904
10694
14832
456
14416
2148
14629
27600
25458
14501
4110
3234
11478
11698
8019
21692
8909
16496
16954
5314
7444
21164
15208
1275
11095
22216
13921
7420
12723
14965
10710
21979
2012
1895
22436
16428
4043
7065
20380
5853
21566
842
15439
3045
12540
29810
1089
21450
16307
18043
3116
23751
15559
18324
1379
26654
16892
15300
4075
5967
6618
21137
27947
8630
23032
20383
1410
3428
27448
21790
9281
19015
28984
1073
28412
11525
883
29501
9327
17190
17544
12443
17294
3104
7119
18673
6110
24012
10325
10185
29979
16943
1323
27926
1925
707
18309
3335
4135
22110
1477
19769
17477
462
20842
15889
18339
28077
21742
27666
15268
15638
16461
2562
18742
23580
27587
1205
17592
7912
11390
17572
1208
19065
21850
9485
26125
16512
19173
6612
8622
20650
2733
26099
27464
29927
18340
22155
28005
16434
19821
13273
2072
12634
22187
27167
6215
26126
28372
23807
4038
9762
17731
11598
5180
15934
21084
1305
2446
16609
14269
11068
7259
17003
13519
11076
16930
8211
3231
14935
24645
29405
4560
26717
12039
26747
23884
18254
29225
22256
18414
9616
8371
12497
21214
13551
28431
18650
21208
877
5259
5477
18297
18871
28832
1816
6299
15763
16379
9530
698
11024
15287
11611
7742
27327
14710
7978
21933
13936
235
16699
23552
8606
29197
21118
28509
3980
9769
26069
11210
21380
7898
29507
10251
6731
7676
16550
22494
24055
2433
29544
5080
17720
17507
19174
21399
2218
27152
13333
16154
3739
32
16058
18697
29229
7176
23558
9562
16945
19627
20772
14678
3878
20279
1281
10609
27955
24184
9455
28363
26617
15351
9795
20689
2859
5321
12089
11429
8825
25422
27583
12565
25454
19993
7614
1036
27169
1173
10598
20467
27152
7722
5145
1030
28001
6426
17991
2309
610
3798
7024
3579
25502
16819
24269
4713
28492
12710
16142
7317
8132
20077
26234
9938
10070
3849
17326
13591
11374
4276
4058
8526
11998
9203
15909
16352
21982
10252
25013
28944
20403
2037
8876
15905
25208
9497
26970
23700
22207
13112
7369
6691
9541
3604
22981
25963
13805
10308
9554
25179
20936
13613
10057
2935
29168
25966
25639
21150
12571
20652
26447
2974
29041
11675
25231
601
21172
22201
24301
13379
11665
8022
26422
27558
11626
19403
23521
25431
6063
3075
26962
27000
16688
7020
6287
15857
9338
8278
13359
28261
5282
16158
7587
4323
27833
2818
4924
19005
1371
5577
8736
19388
13599
11510
16946
1578
914
10467
3361
13329
13543
6676
10329
6583
13696
22968
28792
29386
1246
18504
27648
6528
4662
5235
17203
8848
14406
28479
27853
22129
4056
12942
11518
24008
24452
28464
1938
1718
15284
11651
21400
5179
18327
1729
11762
8375
1050
16907
7762
8648
5411
5410
21529
10073
16997
8732
25273
1403
7212
23127
23533
17620
12421
11403
17980
13225
16219
19918
21296
1503
7922
12696
6682
26249
20777
24797
4625
21827
18056
18739
6828
23467
501
28357
9892
17498
7089
5166
18902
20653
4645
18787
14626
17066
190
2606
6643
16409
28877
27939
24265
6799
16987
7299
9400
7765
8448
20377
5944
26504
9116
12772
19971
9617
11129
29864
3468
24571
11382
28722
21576
16027
17509
6202
9445
24051
8809
22440
10460
14038
26732
11077
20837
13719
18377
6589
21484
26825
26967
3781
23330
12435
16553
19653
22053
4035
25869
25521
4958
7251
595
2886
29630
18104
9089
9075
12155
24250
7868
28967
8288
4600
16397
5477
18319
4774
12066
16156
1599
15385
19937
1281
27821
6490
20935
26226
16877
16804
28099
28187
408
28694
1074
38
16798
10163
15466
5305
10765
23334
10624
25405
4286
27021
7234
22605
8147
19300
8761
16099
11038
28698
17380
8859
11541
14667
5085
28418
7824
3184
26606
8232
8230
4032
8270
25028
14195
88
6685
1312
29774
23661
26717
4060
27035
3951
26666
5182
29603
11779
21281
10641
10478
8662
25852
28371
29681
7289
3141
7505
10473
6099
15737
25055
10131
360
26435
24326
448
3120
25638
6575
3134
28707
10635
169
2658
7301
11703
8614
25433
2985
19255
5911
17999
15108
10634
17680
22397
13775
25186
9223
19875
17275
4278
6
17635
714
685
24436
10186
26323
1011
19672
1383
17998
19841
4041
1652
1545
12655
27085
10882
8263
9348
5233
29723
19982
22913
28472
3757
24451
14047
23632
18079
18326
29991
12066
25392
676
12854
11930
3351
13865
1603
4734
8216
27796
15128
9868
5693
4135
6953
16575
12398
16301
28160
12121
6283
27426
16946
16392
21877
993
10025
16308
25671
10016
28375
27415
17044
11229
9346
20395
1447
17301
25130
9663
15097
10258
19531
20791
14393
2836
13718
3144
19137
18231
21617
1772
15657
8563
18164
13886
15909
4541
195
11580
20909
4922
8996
7953
16151
18342
28349
23950
11995
29831
9965
27092
10089
29496
24235
834
8684
14306
10330
4173
2537
1948
5945
18194
16863
462
8432
2772
11355
8627
14353
8617
13549
29701
16570
6053
18043
21271
6355
6390
21102
16321
3482
7543
22169
4070
14730
854
24728
25060
5027
27265
3360
17325
21811
20224
24139
243
22996
5494
15223
13701
20463
5124
13402
7034
17529
7797
4657
23885
14187
2112
16558
24022
9655
8727
28092
737
15933
22820
25798
27313
26437
5510
14638
24600
25734
15129
24843
25083
26975
16418
8784
17439
27895
28539
825
15424
6336
5482
15661
26876
7594
2219
20898
23602
17299
18990
24339
3232
18162
26489
545
14599
2000
15183
9199
27734
6664
10394
29169
3640
3165
14306
21079
1060
12845
21904
22836
25533
3738
8498
22409
17685
17069
13307
11287
4368
8649
5626
7601
3163
8468
8146
24114
10468
29682
9665
14554
6346
20060
13724
16338
29577
4382
13769
637
17227
12025
29825
12760
15764
14675
11522
3449
1745
1181
14736
6113
16183
26714
20066
19346
11534
28213
13461
22002
4247
23126
12909
16945
19538
2985
3284
25467
7367
23405
2456
24594
5431
2282
13706
21195
16957
1580
996
18702
2762
22084
1168
25297
25150
21234
14643
6685
25799
4456
5039
46
3935
17948
23344
29825
20933
2980
25293
28300
26385
27749
29246
1816
31
19305
29363
23341
27237
6711
12043
29999
28795
19563
1648
23946
10798
16292
6983
6597
27100
12022
12996
7387
29971
12692
13565
20904
15672
8858
25557
12057
12959
1155
20226
19343
26812
25941
12684
24050
2653
1079
401
1448
20643
2050
1746
7793
24694
8729
20742
28146
20752
3738
5534
27075
16430
25451
24331
8454
4309
19888
26864
23620
27396
23442
19315
24208
19383
1999
24610
22036
9431
25012
29837
6426
3414
7935
14219
4460
16665
4961
2606
13769
15052
14492
10844
7834
9943
11527
16289
20604
1416
13153
20577
5164
12947
9892
5724
2330
18244
335
719
27675
1699
556
4101
11465
8491
18320
15925
1508
29633
24883
21629
14685
15728
8825
22520
25671
20353
8809
22628
28121
28314
13205
3285
11261
23097
15361
19943
11341
22048
20662
15368
23747
27570
19469
11564
6062
14141
3841
13922
13775
28725
5552
28460
20805
14377
20980
16476
4730
6141
15456
2851
10807
5013
12488
28420
28111
27850
18364
15804
19898
9026
7525
19998
12949
3346
7914
25363
17488
11756
9285
7615
16833
21189
6075
7638
11919
3408
466
16649
15901
22275
25853
26709
27288
14693
25129
1751
18895
19845
17556
8794
5224
1433
5144
18173
4779
13058
13536
22267
1166
22821
29882
17999
14011
12310
1989
2282
22070
8808
18931
14323
1083
21136
11032
28371
12182
12514
123
1077
2359
24031
16223
7583
25464
21367
25756
243
10778
15644
22511
11944
8466
28745
6296
28829
17407
8285
1111
15829
23445
26394
153
24528
23883
17537
22900
6065
6403
29375
13494
15115
23406
29718
29050
18870
21085
1159
25465
1863
16803
24328
13808
25269
23074
26456
450
16833
4741
7913
2663
4539
4308
9168
29067
4543
3057
28319
16960
9461
27694
454
24576
21100
172
23626
16322
27610
24785
11788
29473
11589
6116
19633
13210
5542
16089
13661
22376
27183
21574
1391
8074
2234
16911
7141
6777
19968
5461
23737
29429
9507
24192
357
608
716
23984
23282
28326
25121
5070
4152
6710
17539
137
19921
23081
16227
9934
21809
19762
7860
29552
27836
10095
16463
11329
23224
12784
23142
16962
18565
2650
17506
18923
3258
18222
19259
2892
22901
14380
7963
27053
21091
25502
27190
17364
24935
19769
3650
16745
15883
11510
22649
20071
21605
15465
1401
14830
28249
24543
8144
23166
27193
25650
12089
6803
20224
1348
9696
13125
15729
24011
16530
13172
25865
13721
6888
20800
9842
10538
13897
25726
22048
12899
15797
20006
28364
23550
11188
2965
18094
19332
26131
21639
21334
8221
4795
17910
15921
20843
7388
8002
14854
23918
27526
17071
13991
4414
14223
23834
21304
28121
19560
19705
17372
11709
9711
22088
5260
27251
25053
29706
22935
21184
27697
20621
5757
2492
8531
28031
23335
22271
6033
8189
16190
9912
25260
6533
14326
15836
367
11983
20309
26279
1688
7681
7989
17751
29769
19601
15002
24822
19307
7937
22358
23356
4910
4468
25849
13441
8851
19184
5713
21236
3726
28255
1148
5338
4788
21827
21174
11508
3810
11483
7787
5498
25516
22128
23249
25285
11729
8251
26459
7388
22540
25170
745
27450
5990
2946
17243
14841
28482
29308
6077
8560
3915
13578
13899
8704
5405
11425
26564
9215
29261
4351
14713
24777
2832
7962
26415
20913
22565
29226
28302
21457
24396
5399
18907
6738
8345
12502
27931
13179
11811
10361
21740
15726
23939
11991
782
29344
23416
27346
14911
29029
8050
29624
159
10882
13938
26574
1795
12855
25800
6449
4312
26549
18200
29571
9639
2897
12073
7571
16077
23884
17932
7817
15963
18223
19808
16745
17567
19576
20444
8830
18606
28494
8454
18765
15728
28744
21691
23875
17951
23843
325
22263
26744
18525
28186
6384
27775
10259
20307
13852
10496
8239
21669
2811
26462
17829
19556
20381
13757
16352
29211
2363
21198
14017
27480
6926
19113
25523
802
7064
19367
7479
5679
22463
26004
3865
28847
23779
14124
25506
13983
972
3745
12004
3783
6559
29833
29692
26940
13591
22396
26151
22306
13595
16520
26139
20521
5633
21662
21323
12697
17381
28802
18376
9845
1159
22241
15044
1290
12718
10551
15274
20042
20648
3630
178
27208
9816
6222
500
29759
28618
3004
22065
12213
19524
24556
2735
25158
16219
410
14207
9952
5565
8936
26149
13076
1177
17546
20718
20247
28097
12344
16642
25097
15975
16820
28657
25791
23042
29158
25550
21660
2162
23967
3874
28038
18524
12961
23196
11095
19723
13756
21047
1640
22692
17197
21068
221
4743
11787
26821
9192
24131
13463
10641
16458
283
9299
12249
23325
8457
14151
21337
16971
8119
1563
15009
2995
14524
14558
14090
10600
28314
5137
12240
21006
28686
3309
27579
3429
21448
24400
18973
15579
7863
29615
2038
8146
15266
20639
7823
23723
11143
5513
10694
25614
7076
25703
28609
27953
10261
12699
8553
14927
24188
27145
5933
22875
6806
3513
2656
28254
27913
27982
20186
12129
3949
28576
20275
19215
19215
4451
12938
358
9964
29984
2324
17040
2039
933
14993
18653
19984
29898
3580
14173
27044
15866
13400
3850
25731
22408
8457
29996
20390
28643
12125
24339
27219
8753
13554
22786
19556
2844
29497
29520
9180
1821
22912
17572
2755
14258
6225
22739
14156
16157
13264
17552
8375
26664
27755
10458
25425
6212
16807
15815
4855
28932
16507
8426
14037
6413
1212
9945
15610
709
9465
24790
2531
8730
12362
11638
22988
24939
10729
13496
17449
23994
1049
25824
27010
5156
6283
22435
11368
23090
14603
22575
28374
7462
1001
18764
13875
8565
28709
29485
9275
14527
628
18158
23257
19342
29796
22597
14282
10525
6093
8083
10871
13494
3907
7882
18650
16542
6669
6370
15984
21272
5297
20711
28734
12650
9475
18962
21216
14536
24799
6843
29063
25427
25001
28672
14770
24797
21269
5404
11674
3715
13487
22546
23561
23746
6780
12212
10289
13449
18582
2625
11074
232
23336
16160
12882
2811
5122
4098
23700
29922
10941
29115
1701
5942
27788
22823
7091
25409
28227
18766
5476
18066
17664
29038
11813
24444
11250
28454
7893
6184
1079
25319
6416
24416
11480
19299
3579
22954
29749
27279
22876
10691
2747
930
22985
535
23753
6429
2296
21981
1547
7773
10047
19211
13163
28212
13655
765
26666
27900
6949
4098
23220
19718
4866
4700
15369
8445
27654
15118
12077
26883
2161
14824
27813
1499
21711
21566
7928
24007
19899
15827
8132
6299
5038
21295
10863
25045
22060
7530
22945
5362
17980
22517
1432
22846
27217
23153
7643
1224
14623
26072
4459
16785
10896
2272
24636
8959
190
8916
9319
26442
24743
23803
2741
29781
21451
13604
1178
13511
27486
24123
25225
21818
16641
3009
14664
20210
26162
28660
27786
10786
24732
2245
3923
11981
10869
28559
20940
17412
7475
6611
13854
2218
415
22947
8351
21866
6551
9529
11729
10390
10004
13307
2208
2997
16316
23225
23208
12479
21885
20994
23265
16617
29592
27188
4950
10461
2099
25891
27873
9574
8854
18079
18144
9269
11026
2847
1135
23930
18728
19217
4320
28732
2524
12880
1730
18840
6105
1290
1319
27990
28636
936
20960
28228
4476
25910
15042
6575
28153
19267
22501
7008
7347
10645
22629
24725
19844
117
18655
8572
19334
29327
13657
28210
12208
15387
17050
18313
23029
24722
22656
21665
25658
19968
26246
6487
22230
11288
13062
26736
6907
5564
3744
20606
22561
2725
15332
12406
2842
10339
27330
28528
9667
10987
26738
21875
2726
13789
16540
25755
14863
9196
23773
16873
29164
20019
23360
27747
7659
6423
24483
20918
18339
4579
11525
10900
7304
3209
29658
10147
13548
26989
8675
23215
14328
11766
21442
17055
25555
7983
19162
16770
17179
19287
3643
22696
9306
27004
20443
23317
9779
21278
14236
28118
25857
2113
9018
3161
5322
15029
19660
18870
12018
4688
18438
2698
16454
9880
26105
18361
17863
15268
5131
11395
10907
8774
10443
20214
12130
7238
19883
21909
28516
10471
20027
24373
12584
5398
27534
17906
20427
23547
13129
8797
28235
1567
11495
14689
17799
13953
9402
12015
5573
14533
23410
16480
23307
3853
6694
5438
11091
2930
3699
9607
13401
23727
10332
25986
29125
14218
20244
25904
7765
3373
4701
12352
11292
22548
3393
5444
6501
12795
17459
12074
27328
10869
28555
26988
21074
11601
8778
8517
20883
12477
24476
4285
6204
4808
6623
11681
25378
26867
13937
3144
6593
24990
15496
17885
23891
25242
23329
392
8037
17140
18819
5366
4361
23726
2354
25435
11679
11132
3952
8915
23609
4780
13200
6166
9588
19823
24199
11319
23042
8137
14463
29635
9479
6311
17521
3370
1553
17202
10115
9591
4343
28934
21309
8704
29012
15
10492
17043
11147
20796
25958
11108
25577
15510
23626
11517
5333
17826
22836
28376
2315
13651
28011
11794
26315
21884
15165
4220
15439
1632
20163
19782
6918
11472
4838
5930
11487
21682
29325
28986
18831
1636
16447
20760
17146
10073
2277
28832
4251
1466
3560
12918
21469
7923
24713
17784
29808
16230
22005
15247
24214
18520
11381
1132
29993
22571
13414
17832
20606
12739
16819
9437
14375
3266
197
7874
19691
8826
6706
23943
10292
10266
6861
8114
18189
7926
2250
24349
508
607
15948
24722
19128
3681
25854
19121
2605
9268
13305
23211
28360
124
9000
19087
9742
9197
26961
29434
18023
3667
29729
4668
20285
12942
19134
14827
20869
21384
9176
27729
21992
1477
28804
11120
5158
1010
6593
7763
16631
19898
7326
14991
26375
16326
10430
6117
1875
7392
11903
19899
17411
11632
919
14049
24575
26405
28876
21796
17789
14404
25877
9781
15881
24681
20901
27392
25692
3846
5155
12323
23745
18834
3666
20120
5160
14096
2589
13388
27840
14493
9639
15252
2477
10558
5653
3404
6963
4529
1552
1104
18933
27430
10886
11167
28463
8139
8559
507
11986
20066
19182
12083
8900
22848
8555
20413
13297
11144
3801
17489
1989
13440
9093
10819
350
14746
20575
13665
19275
22128
21121
14561
25910
2007
2080
24373
16499
10639
1233
4837
7057
20415
23272
22310
19616
1827
12723
2913
19323
22876
20402
21313
12668
29496
8484
19370
20594
29059
9387
9870
21187
508
783
23449
8868
2863
24175
1719
13502
25408
12908
26911
15823
6180
19221
5439
8007
8296
14704
27330
1172
5107
24995
20192
10955
3479
15914
1549
8891
25301
17771
6430
2162
18554
29880
17382
27769
24055
19101
17623
19463
2009
14535
5286
8189
3756
17078
22548
12053
1782
26230
19577
13241
27578
16122
548
7409
2036
2098
16300
3690
26221
22731
12204
21128
22611
29586
18897
23018
25039
12873
12481
27048
27408
24119
11589
1164
11197
10489
19569
12980
6719
9147
2573
10649
25269
3122
18059
3657
11572
10711
7347
7793
3442
19551
5273
2405
25489
523
25423
20528
13396
14256
17576
10804
8376
5517
18320
25925
16006
7890
8905
29078
23389
17831
16079
18658
20953
4138
22315
2525
14850
6015
16670
24644
25566
21944
27050
21056
22467
28825
11584
12215
13082
5513
29371
27810
17382
17691
23735
9741
1933
8993
8819
25322
26824
24898
20332
24129
5389
19000
26654
26591
25015
13324
21235
26933
11620
24637
24341
10439
29815
12278
22654
19249
17791
22025
17059
11525
16069
17146
21266
18002
2491
85
19677
5667
1336
16361
29796
13077
5361
2802
16020
376
16127
13607
3662
4099
8245
28003
14539
14412
10281
7193
3661
4424
5571
27072
15950
21640
20570
7216
9642
23062
13654
5671
5081
21342
22033
4878
10771
27394
7680
26791
4123
159
10398
7785
10611
24995
12140
25150
9407
28774
8695
13068
9550
14266
16492
1852
5906
7063
15421
21901
6477
29075
27572
11558
26769
25957
22788
7540
23352
6821
10683
3827
6980
21081
17964
23943
22429
104
19093
1836
5230
4141
21257
14781
18407
7749
22985
24314
14812
8406
22567
21289
13833
26491
9200
10602
22449
1988
24494
15801
8809
11529
25980
22142
2611
13944
16085
25040
20400
11531
3228
25631
15672
24485
16764
4079
2235
9749
4745
23399
18156
27312
21041
8341
23804
241
18944
16253
8581
19790
8406
17391
1320
4386
9533
10283
24682
1970
11675
15082
13501
14903
17065
29173
15741
3829
9605
17976
19931
14350
17727
14439
18015
15120
22780
18171
21713
18076
10776
295
7867
25534
17686
15539
6272
3571
25822
954
5541
7497
16036
19043
28752
3102
24568
14493
13283
4173
8821
3214
24876
26549
24005
19243
18021
16786
13766
9735
4862
894
10030
19081
2780
4068
4620
9052
7639
6794
10006
19532
14291
2394
14927
19396
5496
9496
3889
25132
20021
12711
28346
21249
15612
28704
16844
9985
15490
6962
19720
26704
7856
6102
15786
10636
10170
26758
26040
17809
3553
6046
13694
24196
14793
28621
13592
20289
8117
23834
21773
4491
12897
26472
2092
28509
25176
18937
14846
10666
2251
4567
7370
10108
10669
29508
27096
20840
2619
29489
15001
6172
11887
28695
6720
26680
3669
20313
23322
18138
20499
15095
22629
3396
11567
24722
8257
6743
20011
23103
23761
22262
4022
1132
8722
14692
6992
12171
11884
9611
11660
3237
22135
23547
8285
28856
20228
11954
25521
13550
92
16020
4997
29074
25768
16565
23796
10377
23308
20159
3480
17070
18773
7503
24554
27496
28547
7898
16019
16783
17510
27679
20020
9645
27578
28305
14853
24158
16611
10374
7708
16704
2746
12706
15778
28514
5623
15926
8891
28931
12437
18724
22353
1210
2579
23259
5058
1126
1158
21077
17909
25020
25108
14281
11017
22687
12587
25871
23197
5550
6245
7258
22254
15344
19964
14384
13858
1939
6662
29102
7222
19099
17826
29576
26662
20405
29187
1720
27883
345
29150
15792
25365
24258
6425
12735
23297
19012
8606
22847
24563
21203
105
23169
6547
26421
13906
26758
28360
26920
25860
5582
16020
20038
11510
19034
16795
10698
20754
14678
11043
26256
6822
12761
26867
13247
25496
26516
8612
10454
19363
9527
1657
19468
9048
14557
15889
22954
11315
14249
19875
13527
26184
12247
3565
7694
1281
20360
18392
28387
11390
5788
24644
18212
24901
27863
1459
26749
24379
16423
13555
20095
25950
15212
9563
4999
6121
1805
27953
23788
16054
24180
7315
12238
6427
17232
26285
14060
13944
21029
12448
25334
26817
13444
13546
28070
17659
21358
1171
12038
14133
14726
8485
10084
6291
18049
15083
12412
19854
19388
6201
12260
13569
19868
851
26348
7101
27136
10409
27397
18165
29209
22732
21335
19005
12630
25757
6664
10340
26929
25054
24474
18007
3540
4558
24298
27941
25993
6711
17795
15381
19264
6407
5302
15484
7258
8003
22585
10746
24764
19983
28912
23973
19067
26599
19330
1697
28708
25994
18390
25637
27400
12864
19997
940
23774
14295
28881
19767
27358
23028
11500
16622
29436
23155
2107
6694
1158
1044
23793
2274
27379
29057
2599
22798
25656
21929
848
24364
24275
19238
26354
21675
2102
16351
22616
2228
6998
27849
21995
4357
20878
9847
27331
26666
3002
29438
9712
10512
6835
3505
12786
10566
2562
15385
3365
4570
7314
4213
5287
7941
23451
1641
29617
1905
24344
28585
10485
7694
2786
2480
12051
23664
18679
9383
26682
21682
15173
6395
2194
28360
9900
21333
8927
18815
6718
18644
23385
20385
22857
28672
28326
22660
6665
4295
917
7361
2880
11402
15056
5667
20234
27107
5683
8913
12842
2366
595
28016
15113
9142
26376
1365
475
11655
20180
13545
299
19918
3930
29508
18590
8609
22168
1608
12904
29437
8969
22137
10839
377
4156
7425
27485
16191
16339
16679
18557
23286
14695
10022
8780
17424
11388
9255
5431
7920
29153
12083
27838
9435
11591
16429
18044
10112
24389
7301
9549
3358
5790
26741
3736
9946
4166
7573
26137
26857
24252
21047
20144
15300
7421
28924
9076
18809
14532
20859
26730
13685
2942
920
29472
14534
23701
17517
24646
18090
1170
10547
27801
6960
7288
1537
23258
17807
15462
25747
14664
16066
16794
11160
7718
24216
16437
16794
19377
969
14006
22459
21006
16948
23380
20478
1482
23433
14347
2480
11524
21869
13028
9325
28829
26668
17214
28439
20827
9028
24187
11844
25094
17333
23004
2813
17901
9441
25959
7279
16762
9965
6090
14120
3266
5822
10951
4748
29256
25298
13581
10780
23520
2961
26457
22349
5981
20023
27141
26809
29051
21328
8653
497
8661
8009
9662
26563
23803
5622
10194
10565
21939
16284
1038
25205
22107
11989
6306
27715
13639
26239
14847
13511
29200
11304
5861
5181
1327
3002
1990
6730
682
16995
7227
9343
25005
16890
12258
18808
28864
22452
5725
20803
15089
6763
22361
13548
25104
5019
11263
15096
1258
26110
28607
458
13766
10820
5639
21445
20174
13982
28175
20856
977
11754
6552
25982
28644
25162
21142
3860
17615
26868
24664
9056
9983
23377
22604
5088
28396
3867
26536
29654
6329
1495
6464
20095
12316
12103
11540
8842
2437
16067
6051
9767
27821
12603
12101
2818
7765
3244
6678
1732
112
7694
10788
10095
7423
9744
21535
5819
13611
18071
11825
26292
19567
18289
16387
8235
6745
4279
17077
9182
26698
23128
18949
872
12083
7403
3690
26201
10647
16720
4285
10759
767
21426
27206
8190
1170
18742
20362
21134
13165
2187
17426
9084
20477
10166
17319
27222
20797
10749
12756
17496
10229
8058
24720
28665
15461
4762
24866
26108
21482
5503
13219
28601
26929
10425
6792
4452
5519
27154
25586
18685
5693
19364
27769
26170
29530
21441
29744
20328
2190
12501
14176
12419
20559
8896
11084
12372
13658
12302
8480
11492
17806
28051
10094
21087
14828
23238
25539
20348
26744
27477
15385
2437
16842
19506
4960
16372
10947
4704
13052
19489
23557
3580
8261
20468
12476
19345
2840
2486
8000
17672
13979
2158
22075
425
23245
6904
15
25137
3604
26759
22614
25341
5548
15808
14847
16860
8533
2147
21565
21585
21636
21474
25166
29897
11943
13994
25595
21135
16481
3595
8808
6812
12105
883
13589
5350
14139
13604
6839
17743
16715
5806
13084
28615
21614
4284
15476
147
12783
13393
28085
10771
4867
29603
10669
23162
13597
12616
14298
6430
22563
29458
19594
4668
341
3183
16370
20833
23139
23210
8576
16206
5368
28013
14822
3334
8649
6650
9834
21432
20043
7919
8555
1262
7522
19224
24425
27471
8192
15075
10254
755
14533
29848
11775
21226
3032
28146
12059
2523
27708
26988
18730
3076
1353
9904
6410
10002
16554
16244
7786
12949
515
16341
14211
14389
11918
14988
18213
26462
63
28467
27218
14596
28315
15345
5823
7699
13491
24234
10223
17551
21222
5305
20627
22575
21561
3390
8929
14467
25986
16715
27416
2854
9409
17979
17243
27679
9320
5456
24141
15735
3923
27711
6684
2239
13057
12507
16290
2900
13093
2865
20452
4316
8170
11079
26891
6083
20821
5821
20550
23160
28888
24318
26014
8297
18650
13257
12328
4322
25066
6470
20057
28989
4181
26741
7580
17238
15600
223
20139
28694
3088
16943
3010
17611
28022
6253
23694
25196
18426
14245
18356
17315
14915
20722
1964
3565
3979
14293
7887
5397
27115
4297
10739
1296
1038
18319
24887
16639
24894
21378
15333
27983
8321
24695
15594
12695
7300
9288
14243
25727
29885
2599
19394
21153
23321
21358
24718
3653
12003
8958
9050
15470
13255
19789
16767
20645
14461
18006
7284
15707
9384
28969
13690
24057
16
5636
6752
7317
14925
20996
3044
21162
29947
22438
12315
29621
20148
13386
9626
8504
28696
25028
23974
18303
21170
17093
8948
5631
11451
22585
27690
27187
27906
11381
21244
27923
17017
4349
11592
8294
1697
14636
5809
1644
13426
18124
7617
9926
7862
17243
24782
12910
12272
18757
1213
3442
12202
16514
15425
6
15451
13115
27193
13357
848
18438
17632
17866
29139
29224
2512
836
20212
8321
8832
3638
2798
16450
13565
10660
10045
8347
23571
22317
3456
1136
2111
22011
17650
23888
22017
9453
7004
25562
22811
14204
14000
10443
2070
19491
9668
10935
26679
29880
19256
5512
9871
28406
28314
29788
15419
8359
14487
8990
7029
24296
16478
15492
16307
10481
9381
14676
19934
22737
10238
12745
6941
591
29541
15364
26434
15561
26299
23114
21793
21907
28626
1664
20314
3292
7804
5733
18003
22292
21075
25032
22940
13905
16877
15599
24386
26258
275
20673
18995
16865
9770
2288
23808
9311
17652
20243
1224
13951
13357
23018
12211
18335
1034
8877
21627
15191
14610
9630
7483
12037
11015
423
2294
27892
16022
26681
502
22649
23706
19497
15866
3476
21785
9675
19140
15790
29918
20364
29741
13275
19734
18304
7962
27121
27181
29589
12312
18143
9219
26147
6532
26586
2922
8827
24478
25296
11860
24980
17945
5566
20829
3811
9042
18967
19838
4534
4757
19756
1251
10850
9383
20985
29155
17345
24458
2688
16934
13122
20832
2506
9269
3716
29092
18543
12543
23571
13839
24403
24903
8136
6321
15733
11948
21716
4700
1786
26250
9457
27895
27501
26659
7278
24839
25814
976
25649
28503
17910
8772
25687
26768
24393
29403
25861
12937
11947
25784
26776
12702
27039
4913
19024
19124
23213
10740
176
1351
13342
15985
29246
10844
12645
12877
12035
8459
13853
7684
13314
8115
16456
9001
4884
10850
14757
7097
139
26704
9233
26915
15758
12624
8180
11134
1749
1393
28226
1925
2745
11569
17911
8343
28765
556
21220
17152
15367
11425
24836
28682
19541
17645
14035
777
4847
28792
14226
4986
1848
29811
8253
23959
12435
16434
5093
14184
24179
3320
22462
26924
21241
10373
11620
20006
17281
9192
7158
2648
20618
8346
7682
10159
2343
28070
17288
7190
3214
1514
18528
11415
1325
3134
5374
13760
19568
10467
4297
13747
20139
26759
17024
11380
13484
4996
7738
7117
14188
21248
16117
4806
5947
23800
21317
8290
28222
8605
21833
1436
10119
10361
12851
17796
19847
24577
7909
9415
11397
12206
29515
1536
15317
22891
19269
5153
27887
3359
12270
12075
24608
28387
16882
555
28539
8199
15197
3113
23157
7030
4550
9628
23744
23753
27425
13591
18331
5334
29359
29728
23892
5226
7616
15561
28117
3237
20714
2356
6597
9336
14431
7557
14075
7665
14464
12615
22217
29661
15728
15374
6692
26630
1354
6788
26736
28779
20379
15067
10465
26090
21147
10709
1316
28763
26270
29433
2001
23336
1789
14950
2672
22573
22507
16748
6590
6971
5715
28807
12984
27795
20533
26028
778
21888
2816
27514
27019
29548
18933
13837
25638
10080
24546
26955
8843
20817
2740
17196
14153
4530
2146
23178
3455
24653
16278
16397
7976
28345
21557
20961
2492
12090
16989
3270
10330
19806
7136
13702
25706
26069
27539
21344
6149
22085
18299
21345
19254
21040
8541
3408
1922
10688
2938
11729
5341
19216
28126
19670
23913
19683
10631
26405
8126
3972
29676
24808
130
6812
8510
25836
2882
12401
17181
15383
4487
5480
6728
23741
2872
15270
3501
11146
25958
12791
22875
7651
8359
21002
3673
2272
10685
14304
28678
25163
24629
4706
19972
24759
11518
28482
20596
20752
17236
14129
12488
21723
25961
19216
21816
28834
10838
1670
9980
13148
20813
9208
20800
29173
210
825
1445
17247
21482
123
12411
16111
4829
2383
10870
22700
7217
7818
19804
24453
21947
2292
22528
17909
27861
20697
23095
8699
28719
9427
21848
19532
18635
19000
18705
18845
19825
26503
12445
11307
26626
24856
27418
7808
3591
14641
6860
17160
22459
26664
11614
20759
5309
10494
15020
3170
1191
14467
11869
6262
23894
3717
25795
12530
29069
14500
7727
18895
11003
26524
202
13982
21380
3973
28142
1323
18614
5002
18484
17425
8018
6450
8184
19679
23296
29556
22849
840
14023
11071
7102
7918
21140
2897
26800
20210
23750
10879
9105
11105
7404
15659
1439
5136
25984
5933
6460
20950
10935
1296
8376
25306
14098
22912
14985
13746
28821
14187
14586
12844
25258
28041
27114
16398
938
23914
12960
1040
4794
22065
18498
18550
14077
19937
23686
16413
25871
6498
7364
13158
14146
22092
14816
4596
21356
29802
18343
20177
20341
2929
3022
15599
970
6488
8349
8261
403
21310
15653
11549
19727
4151
99
10156
24089
137
26570
26312
6636
10286
15822
20782
2378
639
25379
23734
6793
20074
20264
27134
29355
29638
12733
6678
6126
27434
14939
6529
18744
6944
24430
8472
11096
881
18628
11537
1019
21550
7849
14007
1836
23671
11141
4214
662
12872
4301
7455
2946
24565
4589
2302
24203
23674
8980
329
21109
271
13211
9853
7215
13993
24677
18311
21227
19658
6200
28598
11208
20401
12605
13045
20425
98
23611
21087
12971
27912
28543
22269
28829
9484
24571
29384
3159
9903
29714
620
10174
19277
16825
23742
9622
11503
12053
849
7513
24606
29447
18721
15007
18404
8118
5432
18503
1730
26520
1474
5994
1415
23743
11176
10899
24667
10560
20410
4570
16626
27382
21097
12255
14208
14839
21878
2063
3244
22727
9576
27850
22175
4649
12858
10579
12768
18290
29082
20850
21162
6908
3196
22577
7004
14372
9829
8023
1285
239
12593
24263
3974
10042
6519
18182
24881
28397
20245
28126
21124
29821
25976
13299
10822
15186
231
23590
9829
5665
20792
991
18926
23989
29921
25930
14713
9750
3953
15998
16341
22898
16614
20315
2941
23133
8497
4174
21530
5094
8652
12654
11267
4629
2306
22090
26167
2537
15680
5996
14554
6473
6988
3480
6814
6909
29410
21527
23011
9715
13878
9352
8966
492
6020
18259
29977
14517
22433
21507
25964
1086
10513
7231
12067
12819
29321
14586
21708
21354
20583
6263
4179
3923
9743
17345
17184
15506
15224
10195
1573
29102
25899
10539
5946
1919
5150
5923
22789
3936
3782
18753
5022
14296
25984
23441
27115
1658
8027
25176
29364
4962
7791
9895
8885
23886
3592
26069
9392
18816
12616
17318
24271
8516
4209
217
10435
9360
12493
3224
13296
16275
28329
24670
6923
666
24463
10391
2324
2490
5567
8040
7453
13358
24287
22690
13596
27879
25112
22989
16695
7728
16659
10966
16244
20868
17536
3032
6580
6381
12608
26228
29008
17290
20898
5932
17956
15361
16323
26632
24204
28242
4672
8009
17952
5311
699
1548
3190
25811
889
26237
3540
17548
13556
26136
14769
1092
5520
21349
7473
24481
17578
12833
11771
14828
18765
29727
190
5088
26359
746
9682
7383
8755
27634
19046
9454
5535
28588
11618
6424
24825
21510
325
14733
23998
15094
15825
5871
6443
29650
352
373
12484
18475
15202
7601
24554
21744
19042
27265
22490
28724
11000
7597
2711
46
23403
8246
28634
5021
14670
29811
26531
14995
14545
26882
6441
6722
2753
19237
12725
9457
19610
1561
27932
11164
9162
28838
2908
28204
26103
1750
26929
7103
9347
29640
7149
2751
7886
12135
14124
28908
11946
17008
20256
26491
13890
26697
9566
22995
15934
22291
2452
11897
23852
6736
23061
3014
5574
2322
7571
1677
10424
4500
15132
19772
10492
22281
28875
24730
4416
19351
29990
22714
6359
20246
25558
26601
16944
5124
25948
9230
27415
28400
21127
27619
11488
14189
6985
23414
22863
14556
25091
3287
25408
16575
29411
5900
8856
4638
6982
19624
23990
6973
18691
6701
27219
14249
9655
20515
19373
5603
29746
23140
4004
20873
27111
21844
11414
4096
15259
4277
18653
16702
13917
14061
3278
13328
26314
18486
17967
9648
8111
11957
16621
26802
25010
20193
17403
4665
10708
13128
10269
16806
12620
20625
14032
9731
12469
1798
13827
27728
12428
8832
20783
26345
29246
24061
9673
1912
12547
3992
11560
27010
22301
28182
164
17312
24727
17567
21977
11787
695
8598
28594
13315
29223
18978
29398
18045
20776
19578
22125
3204
28410
12908
5901
4008
6969
15575
5920
25869
25919
23833
22879
18221
28367
23044
5533
23094
10611
3862
4881
17659
12461
9827
974
18036
5157
6725
12433
25934
26303
4559
5490
1065
23819
11392
5074
789
3319
17346
3010
29238
11179
25889
17459
9546
18933
29344
8992
5897
3207
13874
23556
22020
53
882
16408
5211
13959
28842
7497
10262
9753
12987
11328
3572
731
22754
10713
4050
10100
13723
9641
21280
9613
3452
7178
4898
2797
16171
17147
12356
6397
17055
10728
6450
24290
27136
18013
8249
2330
25510
18512
18435
14850
29840
22008
15581
22594
9073
25984
9046
22797
5625
6678
8762
15429
13857
20012
18226
28
7160
582
12777
24215
11310
19227
18505
14799
13593
26755
23481
9103
21619
11917
23953
27811
10277
9535
26757
19350
11871
5803
18499
23848
12482
27261
9277
2691
23626
27504
2719
786
4438
21848
1353
22101
17427
26211
6900
1020
29318
6733
10124
20937
18650
4077
18748
28927
19964
15505
24630
8187
27660
13129
2035
10142
16743
11313
12833
10369
15169
21904
17507
19607
20104
25212
11708
7532
21423
24960
8552
20741
1694
18676
18030
26696
29106
13130
25624
25422
4987
26606
3610
2648
9735
5645
19142
2830
23310
8328
19551
8479
6584
13410
4439
26689
8623
16147
4221
46
17460
12773
27140
25506
1450
21522
22202
6908
4653
24178
2330
9640
20784
12292
18640
6872
24290
7783
16054
17600
22463
5606
2432
29047
19016
6871
25736
27639
29370
29957
4038
16830
19083
7530
12336
26885
29052
10891
3793
3705
5069
12475
19698
2206
24768
14690
9078
25410
22473
25132
13010
21288
7090
15442
20336
26107
22313
22424
98
28036
28734
4136
14866
17817
18018
3555
14702
17071
20798
24847
27128
25867
13674
23178
28073
14794
7869
13503
10204
342
8636
23215
27983
22078
15009
18319
18185
13675
10743
24636
11711
9477
5124
2929
3646
23143
12836
18348
10214
3634
19547
13694
29502
3222
6873
3927
18016
14742
17431
4573
21436
2419
27788
19419
849
19149
7738
19035
2824
24834
20023
20887
10663
25147
169
14310
18290
13005
9010
4856
22992
28558
18551
28846
8132
1776
2773
2500
16518
26556
7073
7954
5327
11213
3726
6177
363
11464
1564
9539
12650
21587
427
23314
16734
6948
7624
11377
19953
16634
16233
12945
21544
11136
11791
29676
19264
20917
2177
5782
23825
9250
20089
29153
20464
23815
11682
20827
11631
13246
6718
24282
4833
13497
17596
27919
20445
1572
9296
16751
24558
1882
6048
16103
19370
24192
15779
8635
15109
24308
20769
8934
3559
10858
14439
375
4673
26121
27554
16305
9367
4272
16939
20552
17770
10887
24824
14567
12459
10472
1318
13369
12354
7367
29472
8077
7911
21604
23064
23020
15912
13833
8306
25823
1044
29098
26198
5717
25219
104
28374
10939
4377
15313
7843
28499
26200
2667
19418
15011
13140
20737
28381
1846
4456
27853
16275
12367
25809
9339
11739
18074
29525
26397
13897
569
25495
16448
12638
27067
22904
11013
8006
27281
26326
15849
2132
28879
24869
21551
13890
8009
18640
12271
16207
29448
16477
2483
18167
12286
18174
29906
6712
17699
2655
20610
18268
28151
13410
907
25218
6314
18272
9576
9948
20950
1777
18432
19829
26646
9983
10072
11007
4975
28695
27215
4423
15172
6050
28942
3811
24224
28848
10523
11924
7856
7485
6544
6007
27247
13803
7577
9914
2075
17153
26214
23026
18930
14646
19207
21929
982
29279
2936
5957
27975
6503
16733
19499
12553
15675
23310
6778
20876
10186
25054
28732
24023
1598
11091
27623
21754
18668
7537
181
12173
3751
29559
1103
18397
18767
23032
25731
24398
2321
8041
28725
8824
24774
18225
21378
16801
17887
4508
14029
4425
29562
12761
28449
7512
204
26072
29266
18872
9961
5800
1045
13712
5359
8501
8461
478
7885
4193
24877
10206
18586
23602
25383
19712
18179
23113
6513
12419
27621
26895
16844
27183
16008
21645
11047
16213
24069
10314
11437
4030
16114
18835
24094
27825
27336
8908
28304
11573
19453
29533
28132
8039
29487
23515
27751
17667
16628
10616
86
20601
7511
23282
17784
23520
14928
5183
9733
8997
15497
21170
19380
7963
10005
19826
12141
13693
28734
10445
25267
18187
9978
23399
2578
9465
23266
329
3484
16246
10946
9922
6847
24809
3205
983
18329
18133
6166
4414
3482
28016
25585
29214
12331
11942
19041
24472
1988
24127
11269
3607
12315
27599
3358
14893
13417
26624
21575
16901
19222
8873
3176
26069
3682
6381
3404
22012
866
15922
26426
10700
13938
28363
9915
2622
16658
5308
3446
18646
29435
14716
28605
18102
18667
1963
9348
2084
4939
923
25338
24161
9796
28514
26582
13478
11247
29986
11842
12113
15908
8269
22813
6199
12984
9080
8821
5994
14388
12267
992
20176
3335
29597
8278
22003
1560
17626
439
6499
24901
2129
660
4697
643
27242
24528
11890
3580
6370
355
25841
20991
23169
8392
10328
8601
23565
16322
22990
12184
17315
19518
15520
16912
27796
13875
24825
21775
20666
1324
16676
22796
8337
27726
29791
11931
22254
11682
15512
4976
12037
17705
2320
11558
26097
12648
20160
19662
28970
19502
1846
22637
9020
23718
15902
13168
7593
10727
4943
4612
12051
27972
27408
20388
25698
27199
2320
24304
15233
24184
5632
3623
11889
7952
15181
14338
20600
11693
10352
25923
7547
12198
24912
16567
12269
10814
6088
19862
27893
17383
826
9945
15355
28234
6685
17405
25434
15357
18061
17019
9541
23694
20642
27782
7998
12176
18472
4951
23869
28824
7226
1417
17375
2138
24336
29644
19305
424
25858
17198
17808
26685
3495
9515
24919
10181
3273
26705
1890
21334
13725
17784
21380
10719
21918
29379
22895
10391
10682
16765
9215
17908
24534
26590
20046
25222
26234
15703
25647
22093
2902
19807
18778
6397
5674
20049
22930
8947
16755
1173
