64409
73803
93333
98478
1055
76864
84329
60479
60580
61949
57105
14022
10495
90997
6630
71647
15372
55707
87876
7249
12193
23668
87093
2533
42206
33621
48834
91300
58529
62991
45125
39291
53147
54810
37769
70554
31674
38451
31034
8606
16752
4491
38980
27247
95488
45610
98894
10860
1318
3122
34461
29863
43142
37907
32396
85349
71528
81230
93001
30057
60574
54478
69348
30073
9288
23470
627
57314
78273
48013
65921
95025
52504
4901
38625
47992
66864
37519
58853
68182
56994
93314
14397
136
47573
63145
1837
19101
44376
94839
65511
21302
65669
51211
51375
74958
74681
52002
32272
69306
16368
98193
64332
68872
19447
2957
16865
86311
56828
92070
70845
30174
1736
1594
30311
49310
64739
48500
68411
9115
59691
33922
46769
25361
85134
98144
319
76167
66499
48943
45474
99219
63489
26158
68091
82936
45467
1308
85599
18647
93378
72796
48822
11467
74390
95485
77129
39129
60337
45540
64597
20029
95815
11366
61742
97301
25863
62061
89820
8714
27356
51646
7933
90845
77804
92376
73781
39623
93685
75732
58271
3415
48528
7093
14882
22918
18930
92011
62048
79267
53904
42997
99296
66071
54363
77390
63372
96578
55803
69544
21644
83160
21191
29577
74005
98995
38306
64139
54971
31991
39871
13242
35406
4752
36687
66641
27670
55617
75004
6070
51236
28908
49067
66885
94979
19783
44275
74703
32713
79
44248
54358
83239
65439
287
73596
80786
38593
37735
35757
70584
93959
65351
22343
98711
18390
88984
42733
90359
63988
65156
41596
9249
14223
8481
20580
50358
69108
11636
83072
69187
55884
37430
68778
37675
37717
42375
34813
76311
80110
86923
63247
90421
68626
85590
89132
87017
90926
48218
77376
71267
13374
35324
96868
43949
60157
17448
94308
29266
29084
77380
98453
1320
14810
67232
55347
68879
25959
90161
45190
6069
93436
8438
12843
62062
10380
18327
49079
1307
66545
42808
88926
79919
78132
85794
40221
38290
3242
34529
67556
48679
11909
82361
66351
43071
49593
21699
11950
75552
28212
73493
97974
21648
98283
10817
83710
8663
29144
32790
26322
12042
75598
15248
8313
53730
17394
48534
92020
20637
83063
75928
85668
11324
58290
52019
54395
24235
90070
82698
16140
18282
56191
30466
39930
70826
41283
23641
95841
86779
72783
38516
98821
48381
70116
23487
18463
87511
72021
26836
24500
55085
19116
10168
82761
77406
78539
37157
1642
68610
36207
34134
86892
8750
64600
26823
79576
22235
66816
91769
9014
39599
30285
24188
4332
402
47675
39147
87913
36048
82335
12413
91133
1452
22581
90247
78858
17472
27404
96852
86082
79963
30986
72975
88713
95586
16150
84641
17821
99318
76410
43188
55269
6696
83728
75953
7098
47755
15100
95011
83803
97436
23776
91289
98888
62709
81536
94098
80181
8940
90951
66264
5255
38289
55591
93968
50228
88093
78609
84401
87411
55019
43941
59032
61715
27669
34985
85165
75424
50085
96528
59228
63873
20304
50517
62761
83013
32053
56860
63195
57345
64163
29459
62600
18804
1402
72920
69032
89495
51529
69786
93258
22900
13727
52290
84616
41397
87275
86133
33173
53712
82662
8753
17586
2966
59270
96699
85980
7675
69911
65527
81372
50426
11338
60324
69231
12740
33244
54615
18587
1125
24401
28197
24026
54481
80487
24994
12230
84114
11127
45403
54178
93789
54157
71764
13108
29779
84816
15440
53807
54727
80967
35179
5154
8657
95504
90737
21397
45100
45352
56336
46226
86106
84533
70252
40587
81372
11598
52817
81838
22725
14572
36016
32867
85081
24133
45975
14861
8949
61415
68668
80028
58734
20199
1534
67391
32055
92271
88788
77156
53976
61476
39734
40082
46009
26338
97021
43733
37936
66190
25571
60661
80762
77939
93528
65844
2072
55855
97057
27373
17270
65725
7402
76004
85924
25288
43395
17980
17560
48535
11488
71536
10011
51222
11618
72372
77560
24991
32457
15496
91181
58028
92509
71943
52320
2390
54139
54392
58245
51196
98118
91868
16921
21872
67872
19198
47160
27620
53530
64720
92507
65018
52608
18871
32592
80578
91243
10152
5569
40053
42000
96750
14433
50861
68694
66753
69603
39185
37498
27849
90382
35616
36069
7303
57488
20293
42853
21000
47913
96383
2073
40421
77753
54681
59292
26697
35260
66887
36849
57181
23292
95201
53932
37726
62415
38978
4479
32018
78163
41977
76219
68545
77593
12288
92201
51433
32582
51406
72434
80495
64142
74507
37268
58247
45540
12912
84945
97152
96152
38146
54334
19444
49700
24618
57170
12115
63596
78002
44133
58111
19979
20353
43009
13925
32641
51562
65358
81575
2968
54144
62071
83462
45003
15691
41710
90544
44956
26655
4048
57460
81153
58382
76904
30853
83000
50427
42968
62948
28429
87102
37412
64760
23807
80421
78685
56448
48335
60396
38024
67655
14540
16447
51118
75896
48490
92828
82792
9798
35835
86840
67258
16988
61575
60515
47842
44575
10942
7162
23876
55723
94264
77640
20483
34423
74413
99169
7224
22748
59565
61600
90403
90457
94399
57873
66353
42889
67053
49145
69040
2888
52338
36298
36229
13913
96813
423
74840
24107
7585
15068
96182
18202
92708
16666
52625
67121
32187
59849
89869
8104
21449
96625
14913
15848
54498
81267
75090
21552
46764
44130
40792
15454
80428
77021
29367
93594
77444
20560
34053
1382
35628
30236
19584
28337
46902
72209
95458
95441
48411
1680
3545
69860
14657
18458
85709
69155
16077
77151
7059
79194
21281
47852
11000
18061
41225
40368
28007
18670
77280
62061
36404
12908
92297
55988
41245
55551
44549
53056
67344
92960
71088
87241
62821
85745
22051
64882
71252
38129
42033
78312
33675
79666
42516
44675
14079
83741
1395
42087
18763
78675
20500
55167
7936
29149
11155
65533
1052
55705
34941
68396
65017
6029
55637
27838
8126
77688
9072
95731
32169
67457
90395
82196
63475
32911
26872
77555
16652
44619
35994
35416
39647
56494
6935
47583
85643
34443
13116
86695
90148
48058
55091
71517
70439
27080
99356
94918
4768
24780
90649
53290
92238
81044
35486
72065
13955
78710
49620
46959
23330
85614
98727
79329
58460
5663
43264
44103
40106
56380
47150
46606
20790
18593
18123
7582
45673
33831
2500
66794
74964
93149
20084
83554
90545
55570
55619
20852
34281
5240
67811
73963
7206
82891
69644
65667
88554
12908
26122
45012
85640
89625
91618
6431
8218
26093
30365
70244
59925
32865
53390
34889
42366
73474
34795
32911
45396
90414
70115
96029
12006
37926
86344
19213
20817
55988
1232
25723
68896
43706
70735
54537
33331
78705
77320
41550
4799
7685
28146
81076
56902
81536
32317
99268
71362
67112
48531
16758
57526
18646
29140
69533
72924
15484
5098
93742
71473
6330
35817
40369
66388
6553
11258
99720
85258
88578
57622
6409
12615
85768
87485
69517
83656
19802
68785
55018
86914
17316
88128
60793
52314
17268
30326
25239
32753
51776
18981
4226
74458
71150
60947
40846
77703
72206
40566
79314
77136
14540
2075
89752
16660
89561
59269
316
25715
44407
71686
28982
78075
59815
89775
30390
77083
36453
55629
26188
88229
74610
30414
62687
62112
91362
3533
39816
79920
60452
35482
57056
74992
37557
46808
8005
43470
22430
8321
69186
66837
96360
98168
44912
56175
4295
75302
49610
40748
30931
75799
28977
21893
6213
91664
84006
13927
11549
40174
93847
72001
92008
50904
63346
29565
14064
71351
89388
36494
96024
58574
19683
92384
73094
64596
48559
77389
39898
98170
18137
87182
90321
47114
9075
12886
55130
9433
26814
66679
49607
37013
55033
41615
4269
34731
87533
18334
6082
76921
71180
2106
51847
90864
94491
24941
71812
59402
18682
28062
73924
36819
15244
64245
285
40672
77132
71767
50105
20298
54798
16065
57311
26183
74032
77933
60914
61565
96267
66996
54838
83799
85455
6685
74663
96298
47978
62827
55700
66660
90890
45977
19831
6134
26574
36468
63158
3706
8235
29616
40356
63034
45681
14020
89217
36065
91953
50132
97631
4572
33480
68821
88371
18935
91859
79387
15233
39837
42214
87286
22850
33104
33263
42681
55591
59837
79150
35101
79896
3737
64717
36604
66771
26750
50624
72341
62816
42577
38825
76799
47149
88657
45620
35521
7593
37479
14908
39178
93669
73474
26464
16519
6579
76079
75552
78522
52269
54702
13623
32165
58440
78341
68769
41563
21443
19394
30256
84259
78323
85433
77410
25473
74091
39383
77346
98036
76862
8606
53566
86883
82080
96383
19754
5011
72462
95307
99885
24731
50009
13509
73248
24801
8202
58370
82717
29645
77764
12973
13905
72439
98407
7667
14264
88850
47050
7962
86886
40265
16568
40452
27148
15001
36835
46903
36364
25650
42210
36250
66733
8571
66111
39982
49725
74313
98352
32442
3958
92468
45415
34215
64907
60174
41883
95524
65376
88933
3486
52262
29198
36407
9067
72699
51408
62254
35954
4124
87904
94516
56726
54638
3087
22837
10972
69164
97150
9324
1606
17461
1792
63374
51676
83051
39900
9911
78575
5277
98845
82062
73891
44395
34821
82958
33446
2581
45213
69400
6705
49469
63916
63432
4107
83356
2621
31431
52520
99772
40755
70479
17233
58899
50205
85261
41951
90105
95173
36878
95382
10370
35292
85626
71117
70113
68584
4564
72694
30149
90316
95752
79619
54233
75536
78
53941
78157
31510
22813
94281
88617
93292
27866
47517
43497
13128
5820
49955
24653
42698
61689
35023
94343
47315
6140
64456
15900
27056
53503
62401
17373
49255
58372
71606
41143
58451
41899
19300
6313
64712
29934
94930
74357
57800
42447
34206
87280
64619
84161
11933
7318
62203
46956
1661
9518
69449
82469
41770
96505
35972
4172
13878
1579
62544
1836
42722
37347
60087
78375
60012
24800
24661
54943
15509
82461
13742
49715
86094
78362
50229
98027
2032
12432
61336
20045
21950
47137
2514
80073
59994
54839
597
90225
72770
79493
92061
31845
16841
68501
10220
93205
9653
51233
48148
25162
50046
78243
74877
36140
72957
41458
34168
74989
53890
11856
95034
92193
58993
13900
72266
35339
68739
72863
25564
41510
68708
33978
73355
1901
2479
99927
95107
12132
51160
59607
37294
1206
37850
28523
53699
27159
69982
4219
2148
23872
16075
13534
32417
91420
27435
4683
26759
12526
93898
52324
70388
62607
2654
60095
80860
5133
76374
75967
17265
43886
35575
70911
61445
89777
99434
15144
16937
85768
19363
35437
25993
51790
48972
58410
43210
92759
79446
86321
21637
73344
54997
92026
52303
57651
68473
33164
79136
44848
25483
96401
88734
77410
83664
50179
67188
99451
65323
84125
85219
1038
35914
27564
52828
84886
85975
96038
93997
65421
98712
15635
55117
70061
24013
7421
27713
92486
56937
6849
53686
98772
19603
42421
76183
3267
8952
43371
19070
90628
43848
4290
91666
79762
48206
44495
81001
34181
56885
74998
99602
55597
6985
54720
25659
47350
78493
69724
56189
51782
92925
9875
50554
12528
52296
43089
32148
77601
2812
67570
68229
46660
88212
59895
42775
36419
4390
23776
70600
61276
15126
86555
33225
38464
41275
75236
85814
36120
44960
58355
4254
54238
68231
71160
66766
36879
14250
15266
14480
17062
82837
82709
80075
71049
58957
22850
7468
63347
62978
94421
40975
94456
80976
90553
49272
38603
65789
51439
74723
27102
9794
95329
81340
78025
66489
64458
14905
97091
79725
45737
14154
78914
28447
10581
66315
87404
49783
73784
67103
12761
68205
24431
23569
49181
14984
72842
4136
80773
24281
95211
7875
34075
90540
89215
12101
57029
53674
43358
70473
49751
89095
979
28665
33894
11560
94980
37650
61343
85116
21106
90456
69673
45537
14025
35206
60521
3219
39342
57646
27500
34553
65522
77928
25093
71089
6381
98475
41115
66091
85300
90866
55186
86279
35883
5433
97839
30864
59435
75534
32332
80541
65990
2006
26078
96367
53564
2951
99587
92907
60598
43439
43812
42472
37719
85258
13561
44100
85
54677
26543
85385
61895
81730
71664
97779
3515
85855
44995
62950
61389
77327
43492
43731
95685
85922
40098
49250
5226
56037
58509
82176
15829
2321
24648
53548
3931
54561
14001
4016
25590
40544
89401
87486
38626
77417
85265
58493
63272
30260
21444
24661
23939
81288
84744
19625
83562
24843
85227
88788
97232
43736
70964
29413
62409
11964
99314
82693
66526
29667
86709
92116
70211
92463
79602
25190
69880
81219
35
33153
11479
21479
74166
35419
19119
58911
71396
2682
106
56623
7822
97338
16711
95139
26752
95472
7103
42418
78165
89981
72085
81227
82098
58648
73690
78052
83838
43570
59272
83874
76723
87103
21705
67242
38874
57177
26153
10270
59859
26259
83245
84033
39949
16308
79172
83053
11781
2628
25471
6298
92609
97556
87525
91059
56205
61215
69112
56395
21138
44736
56621
14213
31839
94679
81455
87066
51856
23960
97336
28067
66571
96934
28452
6521
13242
7625
5926
25023
26605
47750
31322
19214
61658
35199
26626
34215
12767
12090
6963
33905
56826
79936
48118
5017
74615
45926
92083
42823
69886
5772
87242
36458
2706
15695
59331
15948
39672
81609
40972
66277
29359
88646
1843
7370
40197
44821
41585
52964
56911
48548
86869
13737
44837
51340
18755
19452
97266
27190
78628
67152
32962
65870
3610
35668
97917
79293
51617
37589
60903
8941
20218
90262
13939
38414
13984
54136
83235
55570
23453
40147
20470
26674
70236
65307
78014
88991
1112
75280
32534
79740
58785
65496
61962
78747
17517
76232
58041
69134
30173
18944
94427
50392
25558
24718
5158
39543
95206
88393
11465
18659
44892
31935
61686
15129
13595
39700
20472
14707
31333
53006
10799
90118
34855
89113
68865
52372
65345
43258
37858
95519
78554
48637
62263
20465
73355
67421
76360
84913
72166
87825
19925
33411
36112
81611
48540
49707
21311
85364
80766
52644
38371
91565
59114
89578
97031
44332
41950
62376
3942
79808
74247
82497
44797
36510
2962
18152
20283
95674
19417
8802
99851
39342
42213
35963
20953
90753
2023
42265
76117
82789
11261
30840
90707
86728
20418
87738
31060
78720
66466
35002
74880
40714
33851
19677
93576
53165
54181
30212
48839
73599
39014
48690
12941
81227
1006
33895
88332
19381
92512
80801
18522
20125
27994
9229
6853
48412
13319
54265
27133
96138
5620
18365
53204
39471
38043
63132
8989
92224
93344
74180
65823
48710
39223
95117
29937
40229
29012
34621
59610
21524
15423
94484
41649
43417
20066
64855
8181
49737
19120
51666
45875
24740
70032
15431
80564
24427
78564
5905
16651
88260
80085
98827
36971
19308
93944
83260
75889
39308
17882
35499
77184
49657
46336
18833
9426
66402
40
33959
16139
19161
85626
62015
60253
72010
93798
57169
96437
72362
63074
29440
60623
43160
28267
97594
62468
38563
80854
38358
77871
15088
90209
55055
64745
36545
90241
74171
2947
90281
24483
35439
25794
10109
13806
2400
98471
7604
59569
94908
79967
22644
24348
56942
65804
68968
54536
44624
23883
51742
99334
18107
66831
5896
89514
47928
42441
96107
38452
61741
2741
62935
13532
28535
73044
27338
30935
71515
34942
90505
82775
14909
29501
23475
71851
11657
8795
42739
72633
32679
94482
71968
67138
77665
77864
56652
25593
36657
52760
64045
14750
55501
26980
28282
388
16376
55620
47676
4243
90563
54533
3370
21824
84034
26846
10028
95691
51993
52767
68324
84672
63601
56644
68162
57618
34508
24815
83212
87518
93927
63609
2268
65780
6942
30551
66168
23318
86171
13844
43914
93086
68377
47284
14911
52411
90482
41291
64454
42476
94058
49131
43500
74012
5775
11663
47982
56636
52830
47546
44154
46757
11156
62774
12537
34450
93325
78705
74120
95849
8902
18034
5287
77279
81671
20198
46043
72153
61489
26849
14629
71900
75980
58130
62264
98108
69793
26598
71096
22623
74145
31602
69380
1653
94376
98269
36103
4054
76974
10223
16255
85876
44610
21542
79508
26281
58093
25551
98434
35934
52400
13064
24186
44733
71194
2802
59193
57339
29401
30289
96314
3546
78243
65694
5199
88971
80315
57654
93025
73641
84229
25632
59518
28839
47175
55378
71472
21620
80929
69907
57554
49681
99323
98093
10766
86869
895
69959
44208
30296
248
40522
50194
94843
22568
71745
83815
2883
29399
76840
76524
29981
18825
52394
58820
66000
24124
30293
3972
21405
16552
77878
71087
15875
75971
81853
2744
76867
51813
63304
23515
68413
20178
73710
63257
42746
61807
63424
61981
91207
40264
54857
37540
75441
23604
96360
41441
47728
43005
61765
69134
75909
39644
56573
91784
15615
38426
10880
8834
6591
90536
48702
91357
10714
38764
70966
69812
571
34390
48145
8130
91006
3003
45670
66448
26607
58383
24241
90687
1388
86007
59821
93650
42003
16394
1786
73970
71173
12667
99157
77764
19555
47859
85473
46622
86623
72791
16434
87194
7181
64580
11677
14540
83935
57347
80988
26894
15730
21581
17581
33471
23940
93755
27121
65943
10149
28907
56266
81322
57926
55423
75439
77482
3282
77264
24104
6257
50056
56890
9803
73589
37822
21480
88129
21757
78828
85469
65003
10910
23403
82585
44381
47343
76340
71502
29639
2841
16762
85905
516
74688
41328
92307
52170
44610
85923
92626
67219
35979
49517
77022
25921
3691
98503
14050
25449
93683
15872
6804
4593
39275
89389
65327
86618
82081
53181
16257
1275
69943
18514
1791
44632
59842
10450
13154
20804
96373
22133
88023
32353
88002
65046
58274
91693
79901
88676
33494
89936
4548
40299
94529
60175
46040
76208
46794
28122
29390
79403
29397
15685
14270
47540
60317
74112
57990
89824
11269
54363
28309
99292
3068
16311
80690
77694
24356
76943
66371
74203
66879
87271
14502
77761
47447
76894
53969
10593
21368
99711
6348
50765
15397
20618
14657
92066
11083
88999
81890
22352
43363
26551
37996
62783
59214
18687
40478
83571
95630
23201
57774
62510
10472
88628
56623
74271
65522
10592
84864
86891
10304
7565
54008
25701
44535
85018
34119
55618
74017
16010
94322
17380
58913
32319
96516
18128
51006
36994
18051
62988
60195
75825
41850
87019
80805
98473
61291
62679
25418
62507
49570
35722
86424
19931
77775
30960
4949
11894
2930
95318
44256
97253
12699
19522
29572
25567
37650
96930
62561
55701
59918
39108
47878
18121
26127
28683
16594
87418
91362
42012
66278
57285
94086
52702
93568
88213
83662
14869
16460
86593
10187
77068
198
39238
96590
29770
64805
50592
26700
27366
6293
2970
66474
70523
21091
8954
15558
54038
12724
6921
12402
79002
80558
6489
48057
90478
11054
31719
5347
43866
34664
15534
37287
34862
54773
33877
80984
19578
822
7684
63297
23467
10655
46123
93991
48098
55077
9549
2136
67802
32822
14539
46804
29732
37380
94861
20210
64786
42933
25557
8653
93949
41092
45940
45164
95865
96169
26148
31795
13343
50185
95092
36811
77192
57568
30802
25290
12645
56703
27427
80447
89526
58318
43604
35610
95698
54817
55821
60484
14102
81378
85489
8052
38822
47781
69568
34687
43951
12068
82835
73646
78605
94279
10457
55797
51847
57611
97440
64493
14315
41219
61292
20193
99537
4896
55803
11587
76066
11624
72071
90168
9355
73913
14572
48177
21694
84140
99217
81997
12561
82052
55644
91166
76331
66101
46964
44531
40065
60756
9024
54380
1975
70316
90925
1512
91565
63080
13099
83983
74705
1522
74151
412
75435
5076
48589
13482
5568
64158
95479
18129
46210
51123
9296
38894
33577
72612
83425
73642
49720
8801
44374
51695
95469
51651
69559
87034
14731
99010
87369
5788
532
61521
6200
92320
66597
71142
5802
72165
35300
17633
6647
81511
85109
32295
36757
18686
21259
36534
8680
70979
45335
69406
22674
40804
21057
92233
44191
35788
91243
31560
41577
8127
9433
64129
16799
92382
35271
38953
64548
86924
56587
87547
84787
41696
19842
21544
76734
41101
58078
1766
12080
19765
71172
51106
60569
8581
59691
21112
60721
50934
52673
18650
75413
78458
82780
92213
70841
34403
31166
51741
21327
4105
39288
6114
45801
75482
44010
38887
16583
2088
40653
45015
38205
28177
96121
98775
36758
72164
36239
13832
39450
88912
32482
14863
67371
31614
23428
54564
66018
70947
6305
3697
75052
61945
9812
20854
37427
53822
59741
54010
72263
16747
15377
10468
44924
27850
25595
98035
14
61835
11867
39464
67099
60701
70679
50822
92316
94108
5386
58334
65055
28043
62031
40107
89988
88195
77313
27415
58370
53407
97777
46985
86506
29506
57453
47782
57356
99401
45817
73722
77588
74036
29538
44687
34738
218
11862
43406
94326
17248
1740
75733
45292
80123
32192
51632
84671
25858
79048
43041
79265
76825
6378
65771
6332
80183
13553
80040
79584
75723
53763
57172
66111
83301
18212
17201
99871
30074
60607
10549
63674
78699
86282
25318
75175
34827
76951
59846
60685
55999
19239
39950
49176
25617
22073
71860
5800
51978
51901
1737
44053
22016
58909
10165
21669
93473
27366
21541
23547
4326
32090
87222
83025
34725
12540
58200
69552
89491
18046
46589
61842
53637
2891
11019
79254
24964
99231
1407
93294
67484
3144
37348
5852
62053
63865
27522
55527
7583
65415
95426
11909
13857
82648
11287
64934
11541
69487
50838
17384
3886
97427
79227
73875
318
6598
53130
41634
22181
54537
51281
89666
74033
4981
95518
36086
68846
39392
7965
92781
21159
19744
21043
35017
18744
32330
16303
30285
18169
67142
47670
38407
64569
43249
12283
81240
66199
65413
22874
88380
36302
90507
78046
10335
95488
89917
62773
64334
45661
87091
73468
66821
6835
94511
18190
41931
43193
34493
72217
61362
1635
36239
99770
82557
95840
12053
63797
62039
93818
3023
50419
46472
93531
44818
73159
5371
34735
35932
86058
80396
39375
59526
47217
62562
70389
65407
4494
13582
16253
93063
74944
17888
45654
91066
16797
41494
3119
80594
3533
13289
99970
70304
59761
9853
15122
32920
15224
49857
85205
1282
46606
24580
60808
10175
87143
31197
91935
7989
61131
8188
1052
36076
42428
46706
27142
59226
4552
46614
56172
8085
59903
56142
78389
19665
65995
93512
68937
97572
59721
54142
98854
6327
78723
76015
32855
82218
23564
24790
6559
84696
32978
23963
37124
75406
87021
80618
50984
91573
27232
7157
99658
3488
63299
94399
23153
45647
4263
92090
43219
80337
62585
58425
86664
57660
50792
35871
39878
74357
60661
62789
75405
9991
86752
12529
85398
73773
93147
52734
65346
36732
59891
81356
40220
23191
75755
79725
85190
96371
88167
44761
76708
50752
3186
79724
8412
70331
15596
64642
61040
76257
27431
36445
86249
14183
65326
87999
4308
74825
40733
69654
27909
625
67362
68129
40168
59470
47854
41710
55841
52374
86471
32549
3126
6009
28625
27891
76340
44221
92533
37380
36831
36317
90177
23080
50500
71855
27431
54809
63033
84516
40815
90942
1493
8178
75424
41661
67648
39630
99723
39841
92004
86194
72390
11483
92204
17367
39374
84896
61589
48259
38629
98420
84576
45158
37852
51429
33366
65283
6238
96399
49799
63405
3693
67645
87935
95469
9306
71935
35100
25382
11776
43456
11576
518
54939
20132
17886
10665
5029
79475
58925
60010
94247
43501
5168
32099
94930
38534
97382
17520
51285
63533
97278
54979
31178
85213
50448
56837
73501
1900
82219
85277
45357
10147
85796
16648
30280
20034
27314
51661
15861
2591
11671
10108
62444
16839
42207
73727
71726
55941
7599
23011
35826
4877
77990
83357
6443
44791
56546
79944
63043
38765
65221
8400
65264
67369
41401
95544
87403
85067
63557
19616
87658
75228
29724
50102
92068
71931
40181
63794
27872
47781
3157
80051
52658
81148
63408
75453
42291
19954
55397
5334
75071
36971
30087
40335
20692
87840
52232
8096
72907
15789
27712
76917
91018
73789
43371
99438
45720
83553
79584
89945
31334
82741
69996
344
80241
49756
75798
22532
69710
47547
44219
44781
84518
90658
1468
5211
94850
53700
29659
67757
69490
73723
44674
76860
47512
88045
92650
9585
87950
72234
99530
19284
54975
85878
19629
51569
51986
11779
90453
21696
59326
51024
82829
43845
41682
84297
65408
36532
54350
95067
20641
40192
85142
65315
17052
32655
69713
26054
42240
57663
98288
58122
93300
69615
60352
29281
21184
12338
41060
11638
50386
16738
62662
49567
76935
20697
33864
42343
73581
4566
53762
94223
44758
38905
75890
78162
71560
45603
4216
30152
19619
18856
4626
12919
88472
81330
42200
9656
10020
99612
37646
60406
16350
309
9973
93286
37358
60189
51981
10939
64756
5744
5162
9514
61001
81053
4029
48913
43008
8245
79065
78979
27102
43
91898
31926
81373
50450
57934
91393
50062
95581
68151
82765
12242
78124
92403
49600
54665
44384
76891
19421
66480
82054
45288
27481
79459
49317
92746
38819
73914
71811
17799
17368
88206
26049
49294
85931
76500
7229
77324
26562
2810
61827
25679
31404
39951
18082
81004
10969
62467
74247
30390
45299
56301
92030
89133
52112
57699
81879
7284
31614
70043
41435
48982
58249
67484
98277
44181
43984
21858
37857
86899
24668
99685
12578
72424
55988
47013
53428
66957
25832
27675
13700
71131
329
5730
76616
68793
63430
58496
92429
11396
28539
33864
60378
3140
17701
75007
63673
61685
96865
1531
64936
37885
17568
93867
10309
73556
40880
80089
56866
83064
24117
70566
54195
40798
92648
30812
25943
56078
5660
34725
67474
34199
68589
44205
53691
86290
35564
17365
64328
32430
18896
45616
86667
36464
55835
13329
26372
13067
9770
83238
96131
33887
53804
50327
91037
46453
97491
33333
18883
3151
68058
2710
53702
52999
63267
7393
39290
98831
24758
19970
47613
60006
81938
34281
96470
37774
63962
39195
50841
73732
22433
46973
23972
92590
13652
31361
39043
27495
64694
74278
46998
32752
93340
700
85752
56607
24445
41394
55439
49204
77716
3052
25562
59654
53685
38385
97428
17647
77580
64622
91380
13
11595
15352
92603
41599
63065
47998
69094
27760
22277
16092
76864
15617
16792
78968
72225
57589
20362
44016
23145
14430
47068
48708
74085
754
87093
87865
18401
64673
68839
26133
64686
96786
57837
73642
38385
20903
21640
7479
48663
60269
23571
41879
75887
56715
20848
64464
14305
57562
8480
53802
71993
71900
2510
62430
72654
89603
66647
7408
70628
35487
33541
35315
32273
7731
25309
70659
28634
46949
94490
93649
7219
18062
35528
99458
91129
56376
63922
21786
30291
88754
75589
2284
77006
94451
64714
49661
407
47713
73421
71035
83200
23314
22702
15474
31045
48011
2485
76031
94961
96975
86032
18532
31389
21561
17990
38871
94289
81912
60657
24580
87018
52598
43216
64024
47050
24282
30037
47457
71996
19810
34844
55196
43125
57547
87022
90522
21910
5859
66554
33223
2835
52586
51755
50576
90499
69745
89447
1141
68009
66457
25721
55027
19055
68938
35404
82457
93220
65441
46266
65216
85252
81111
36765
44729
55010
40139
35251
93272
45999
18157
26496
48834
70744
78251
99410
77595
64349
5210
78736
32358
71667
20810
3738
90722
6100
39142
89532
99320
20935
35798
80889
22539
33261
34006
67268
4623
74145
18872
97896
20144
37029
24392
85330
24125
18995
1093
18073
83344
6303
96809
15703
77970
17619
19441
85044
23719
74935
90928
39392
95870
26727
36633
34762
76340
86991
18382
80964
61136
37254
78860
97633
90636
19604
82963
31113
38599
84056
49186
38296
6711
45996
70351
1033
79967
6144
2430
20039
81079
93358
59431
93301
20085
12416
28063
96426
99407
46446
93742
76895
52
72602
74528
90688
8558
57492
21802
63509
57900
87340
1805
64612
49688
72156
65645
29656
78300
84427
66047
75731
77786
41830
69033
14223
54246
97096
27001
70005
59894
20743
46900
59947
93345
21429
66987
18255
95273
5141
81765
69525
92482
83570
34137
42170
72079
16135
88178
66731
562
54225
42463
94700
96055
11496
8924
66653
24944
35925
36658
1191
56669
83559
61138
66366
21340
44477
84622
16613
49619
66387
86138
42101
66309
36628
623
38388
69115
88802
5120
86029
59379
63935
80730
71787
91783
89654
38440
33079
25579
75099
34270
98600
75010
11760
64967
96350
56238
65941
29315
5857
32328
31805
64310
98637
84785
81285
53378
70252
86439
74850
56282
45819
38785
53364
17606
30568
43018
72398
63647
84949
47497
14270
99902
38859
26030
64869
35209
98620
47162
80876
20829
79490
29034
1491
94479
30171
82777
47857
424
69216
39059
56706
15035
77844
10070
48993
24764
69440
21392
4764
70741
85241
19034
70643
24101
61416
51864
75662
60037
99026
72891
97218
94868
1925
98710
5700
32096
81487
53557
48872
50703
8969
5578
82091
86813
32000
47436
27930
17792
85180
49046
4886
70422
84432
91881
10875
45848
60098
2889
22237
59124
75780
19456
70345
94057
34518
76045
42506
16005
45954
91378
83060
54923
13309
81503
58089
61661
28940
2371
95806
30472
51417
692
894
35849
92573
28121
98049
52671
47363
36639
28148
39495
72447
14845
33553
6965
90890
92411
22970
53196
141
22382
8120
29802
3886
82561
91464
32826
84932
3622
63298
52701
4314
80545
4902
13239
25018
2951
82263
72381
55942
26763
11877
28389
57960
61782
35354
48850
70545
74676
18398
70686
97059
42870
489
17297
25431
8305
66475
26715
11927
46125
95768
32593
43022
670
62184
68041
19974
60799
56774
75916
3914
85003
4306
61874
63137
56012
27076
33682
47041
45475
4369
60452
88345
21210
77749
30129
29515
44224
56844
57794
90349
52613
6739
33372
69635
68923
17765
89609
46075
90891
65526
49989
75895
69832
11864
39032
42196
38940
89067
89237
767
93436
49689
89113
30998
27438
19242
76865
88014
92438
34659
94716
61403
57750
44440
31039
26673
62205
20648
89100
69448
86174
55442
45343
72358
67306
728
30907
22598
89795
20144
39718
99583
86186
28831
30581
29976
64425
7446
17991
73215
58457
12707
34619
16207
73499
65658
59232
52056
2658
48333
21504
5185
3775
83200
93895
87433
83928
24802
26383
90075
61299
66101
6010
47485
11284
52943
77461
75709
60389
95452
65277
35198
24511
99896
51405
98010
81906
10637
50066
916
75322
87923
6101
95449
71123
99997
82882
71403
41151
25618
77830
2450
91719
83840
49935
3004
36783
27397
95065
13524
39201
60342
48722
80065
76590
127
94427
58496
27116
60846
59413
2439
48769
81866
97888
19892
98215
97123
91295
39367
22741
85477
58169
30812
69317
8105
50168
22452
51854
45234
35976
7407
21928
84698
87472
14871
1177
98252
89719
28293
59098
49132
47084
7867
47351
44973
44111
45566
42096
51758
1285
81189
37235
59455
12001
22904
83912
62170
45356
35766
23756
81332
59525
62036
82382
63350
76907
83559
61602
66627
28204
20700
32111
75289
44919
79462
20262
89030
41381
78710
57140
59018
76251
94375
34825
88252
33631
18737
50422
78987
70855
90530
76671
30381
52567
75405
93731
29474
58964
55333
96101
3520
92385
44565
78809
37304
24027
15423
42686
81760
10485
16178
40779
86736
26905
91956
74989
60536
10694
41763
39523
81549
32294
32546
28282
1213
7951
38365
30687
83267
10050
43141
86787
2435
87706
65597
56091
28085
97372
15129
26198
7858
31307
83329
94594
58212
75285
69583
35100
85979
27699
90975
83881
76345
23521
28515
77558
47824
66881
24597
31091
76931
84090
17879
95719
71796
99828
68162
16234
97200
99644
42432
21410
47303
25761
16005
21868
1046
1940
56968
3378
29639
47944
87259
5984
87817
32126
99894
35642
99007
24492
66733
92291
8582
964
4362
96731
17144
88876
29317
30697
88520
88101
52107
35824
13862
68112
74044
31260
86405
31012
50990
16044
95308
54601
38381
83126
86728
38275
35120
2087
79119
18205
94378
4054
35522
15092
17137
52666
3969
46454
99715
8841
34555
68175
61017
64769
52639
35061
12381
39044
82426
63372
55089
77734
17973
93470
60860
21053
48097
12332
23141
43569
30538
17519
47623
66060
48964
81112
18726
69285
27566
34794
78126
78473
2969
55496
59594
55608
90557
88327
94653
72983
51699
66094
67070
86025
75916
44282
7078
24013
56615
30219
67582
87153
64091
31557
53213
29407
12669
88291
98692
56587
23085
76818
51412
42406
48666
11006
14367
39224
99334
9020
28559
67385
75114
95629
69762
51030
39912
76841
91395
96527
23412
75330
32
3855
23239
53245
33262
35909
57888
31954
8848
80974
25125
60261
39732
73791
87619
54099
29367
3305
63119
74279
87043
54585
69908
56805
21967
26172
49998
29715
39051
89763
21397
39083
93618
44636
8680
43233
96897
66569
75187
5746
63895
16664
82359
3627
6808
69978
57727
36175
89636
37198
10454
76679
8136
96715
49836
46455
22887
99835
76170
78291
89598
13919
17374
99568
58556
42407
42801
71805
8976
34341
77551
72871
51005
76262
92850
57813
62593
50577
10341
52229
4128
37147
28908
28616
33862
95096
75071
73102
94931
67594
67745
881
81513
85119
16802
56421
43878
59603
28227
52854
10296
22130
42077
61302
98393
34928
35467
60986
85505
62160
29567
5985
99308
74827
34601
49522
69923
9673
38976
81207
93619
6721
82088
75132
8193
98890
47906
52071
74846
76133
4926
85142
98263
47003
62796
13008
81931
14616
90346
83789
76776
19913
89774
92436
11092
40728
41959
81016
66753
80935
62223
60372
4009
60663
51856
12202
75906
99762
64273
67104
92247
69199
52246
6863
32555
31395
36223
30838
46011
26570
14627
39139
62835
20754
31576
73928
77834
89887
71296
44587
70822
49871
21311
74831
10534
89519
3385
2792
89282
67659
69896
97881
53210
38495
4744
2117
69890
40968
32956
32253
83890
63935
71392
46725
84689
19320
37005
78875
9207
24653
23462
96382
74524
61125
71213
1411
50645
90951
4203
56279
58610
90452
54160
11820
28947
75257
13938
15189
32577
63246
63794
16467
27181
51538
79544
28223
70859
32902
7098
80066
57555
30561
76448
48432
8038
64014
49843
58683
54965
70398
14962
29927
60850
85475
58099
6149
60732
88389
21338
93309
51635
1484
26128
78817
53023
5672
7040
23882
38574
14138
20300
12482
61051
13101
77266
69090
77115
27109
44125
48432
13859
59088
94711
91062
44563
52810
97211
21647
41200
34902
14956
92835
36386
41084
88004
89409
63108
95044
13291
18035
25535
49944
30517
2938
63045
24135
88380
56512
51244
32506
21296
81455
91594
16007
72517
52509
68817
69729
90508
10017
20983
21816
19205
57369
79252
7209
46779
42360
18606
76422
60395
44141
26366
7264
47079
5763
31399
35460
62275
98995
67966
83571
96803
75912
99578
69320
44773
84748
55401
51633
11117
76384
73449
30322
50106
52701
37532
13237
95061
56138
89659
71809
16631
32378
95425
80062
38141
43177
15522
16769
58524
99840
16692
55327
92104
16271
24648
53229
17371
96401
4862
28488
89138
78311
75163
39244
31012
12695
52481
42426
85185
58492
14235
18168
7222
26012
98230
61716
69189
30105
94837
27714
46297
11529
83041
38402
44152
24041
7983
61523
36795
12846
90012
25933
7509
65175
81529
54874
94222
50362
97300
95759
25206
27887
30279
48781
70251
28509
10497
39441
58614
5334
83507
21264
16863
82900
59666
61016
23294
84001
38891
60089
96847
45255
2374
20709
26782
255
75583
21004
50617
89235
33115
92175
33474
79746
40956
3725
8256
67805
59518
83222
73139
43025
4486
6355
42278
80504
83723
65572
64506
22614
25661
77705
84222
44387
14766
11004
44642
90349
48361
11611
95936
81476
20138
45762
61223
61095
49488
85831
28900
25358
85405
18392
84736
6244
41099
27014
86748
41174
8938
67606
80140
34599
45312
64362
95338
76430
75367
39980
83132
23728
67943
79068
21556
88081
41183
99131
49176
7023
1314
94429
32381
86720
29173
33469
92964
86624
60483
96064
27798
85773
63671
7938
20372
25335
72301
32062
1765
64020
72042
1249
87748
56337
80318
25656
44419
21501
24788
9947
28524
26102
20728
77257
29174
66253
10727
38490
52877
87562
34555
97027
73336
14578
4966
10060
56265
93619
42123
74382
57639
30517
75632
61739
86855
72302
87395
47626
10155
12183
57573
55031
54638
94654
32288
83812
60907
59367
22303
30137
46930
73210
27164
20266
87788
32130
46678
60405
42101
88801
34787
16092
35671
26771
77831
22526
99073
81579
86504
25580
93762
44077
80611
64752
55083
12900
64917
15991
72267
87220
46128
35549
76782
73292
55815
80922
21775
2494
41327
80228
7647
92466
96321
43318
35590
90504
82196
51015
72083
68700
76596
82198
29130
57207
46950
84213
86459
11867
16556
58727
15439
79036
94276
92221
68681
66444
73143
6808
85290
30822
87036
92937
39641
83357
52608
75231
73862
51156
26246
45945
19857
2842
28143
65339
60050
91446
65904
62861
3313
98813
21588
35105
77849
32217
43678
62882
15013
33174
69690
303
63996
56727
9592
19989
56436
78552
95220
46650
29709
21467
8948
65918
40661
53443
47609
17063
44889
13513
79925
64555
28678
17865
99660
6528
66434
59690
85762
81447
92864
55453
98102
73213
28532
24047
93202
84968
2599
88423
31619
48660
26242
56919
14578
83255
10362
62187
319
55252
92053
96596
36159
20731
14461
52171
43611
80896
11861
29374
62343
4726
1179
76798
77939
29711
845
87493
14679
3444
75916
62650
68457
18510
19569
83035
1766
29932
61575
18437
1536
69980
15033
37695
7063
29494
6218
67027
26742
18079
96401
5438
39157
13932
82236
33448
43643
83081
20942
74674
2877
13210
37325
71334
31721
73246
70722
49839
3178
48649
68276
21066
18629
83309
75113
42044
29155
81331
9071
72250
15763
21824
77688
54920
35756
76276
4721
79399
75709
25663
54074
94938
38873
7751
82625
86946
80997
53347
53137
528
18348
21413
21594
36977
21074
13060
95373
66582
94391
4445
38832
26506
26269
32872
81427
62026
25500
86148
57777
1209
28163
11851
12499
83388
35954
95124
86687
16952
64823
39824
17480
83171
61238
55426
36500
98664
84838
31874
65246
95582
36319
20430
22088
78940
69654
19867
40966
95154
22367
15096
12715
50530
43299
25215
50271
79254
36691
36958
96206
1515
93134
30038
84686
54372
1816
37539
69389
86655
69413
50987
82237
22084
71418
4325
1024
57424
40545
58343
52579
62912
73439
81646
13443
16738
23213
80066
95992
59905
17024
8550
61420
26510
38588
62458
97235
56757
16349
66624
43412
2114
17611
42001
24198
5381
62678
41575
62806
3223
99918
31737
66136
73357
13383
95931
6447
36597
75997
2440
12854
9373
27342
90626
35883
65931
69436
33118
39040
85786
16094
82452
87900
33706
40805
12099
39087
3483
53674
1893
6707
69944
33630
72843
43301
63366
85126
66100
99963
61123
68540
29169
86848
95883
19795
39083
78166
89231
72202
17206
75017
88296
16010
62918
38354
56815
91369
77442
60298
61395
95687
83357
31339
45670
72552
90992
9036
57678
57092
25351
35153
41985
54520
22001
54220
74315
61085
48738
63546
49639
65944
54916
54287
98306
34186
92642
71473
25555
86436
48123
3302
98475
31481
34641
44145
4033
41985
69533
78064
99077
11236
13217
57414
65756
51571
11634
56423
29008
60372
36322
94999
42668
91238
65638
40974
41776
74632
28799
67331
61068
76923
70633
75896
8404
21626
36393
28789
63611
22279
23205
79040
33515
52775
36455
15624
4346
48089
72047
49706
24814
24721
44705
67482
15959
26695
24809
57735
1328
53608
41418
78748
30531
28403
54644
55287
50029
7390
429
13640
29669
23634
9033
63184
76409
45488
78808
97107
9929
67208
46813
34743
91929
7870
18578
24241
34566
43387
98328
52246
13347
39747
30994
43879
68150
1991
15518
34532
9381
15947
64524
39050
39582
73557
18586
32343
19045
13747
45803
28975
80955
92616
80070
72884
16839
98648
13477
67757
42035
11806
20003
71735
51553
67349
15614
36055
69340
47484
86939
78721
63432
51464
34123
19366
25021
52710
68061
60419
66457
13864
5746
63764
22833
85816
53000
39672
84465
66478
23781
42852
78284
60136
14587
46189
43837
46553
82244
13178
94038
69184
8251
73822
37000
42375
93188
62021
95085
61249
38792
77894
75114
44538
58010
97947
30355
11010
53971
31172
77488
94104
90376
55772
70592
21316
1961
14429
67869
558
43959
78259
86094
52211
52081
23094
94586
45269
1467
6023
22871
40260
269
14337
1150
58279
28636
47857
69289
98959
79029
46778
9415
85758
18902
80007
7074
37216
10788
74943
37774
54748
69555
23868
6959
21636
63314
1545
83258
64781
23920
22481
21393
24189
36818
22544
82468
81806
70401
51757
80765
65783
14887
90180
51541
33790
86539
74967
71006
97327
66262
25132
68427
35817
65352
75386
57454
28666
93283
40712
93447
17203
63193
31193
41392
16363
53737
23860
98169
40490
91970
95286
22625
6857
85466
74166
56999
88357
65485
44357
2036
31748
69489
70464
67565
34841
45850
25019
63507
39134
82083
73307
56337
61628
4500
14082
77991
74589
37942
92512
15079
29912
87798
37705
53122
89616
28223
10121
77973
10061
54479
80010
41809
40320
50474
9374
75162
12676
50746
55021
51810
49181
44680
24500
10810
49180
38582
5153
40121
92876
97666
71553
39141
85464
25610
92263
75081
70185
18736
69406
80246
73215
65768
22055
13536
16242
47782
5050
28919
14880
76423
97081
64061
21104
37933
91223
86636
76515
12729
26758
85744
10395
98311
24885
12211
40273
17148
3644
10458
52236
73051
90705
25452
55171
29112
55340
71414
76894
76742
16685
91774
53165
30118
72188
74269
68052
79763
77258
60919
92492
4016
46663
2887
18679
71548
31451
75304
5048
35095
85762
73637
24498
76467
15441
79670
5580
70781
67436
98826
63875
473
6953
17040
30591
79141
7662
14995
75256
84920
75915
67749
5288
22578
86988
40319
10479
18439
15623
31879
69887
17737
5516
94385
94205
20957
90407
16137
8090
57843
14963
88317
74668
21916
21710
5260
17409
29372
20255
92666
30644
96170
76767
52284
35101
63755
8955
61932
82195
40930
10163
68434
58667
32032
62819
69224
69341
69579
85361
93784
43774
16677
82101
18443
38593
3811
23703
72355
49535
60310
81373
96531
72833
58140
48815
24286
21895
74122
86218
20442
15052
12733
88876
73720
44765
68048
59296
30459
37627
44658
24243
81401
61335
6344
99844
16280
26508
39899
88635
76043
210
70008
72575
89395
44500
37742
13681
66396
11865
99899
86838
43269
28984
92067
33341
90102
60115
92638
20561
14094
53648
44804
95495
14983
67500
11692
47615
94008
67943
36251
70052
84505
22611
58979
73900
67112
96721
87581
49860
24938
3832
53050
84560
32817
45117
17901
22919
21584
26891
59832
35678
80539
4636
31174
11874
72136
59218
59490
82497
43513
12093
52549
28019
51056
11528
18271
34520
24601
22205
84380
65892
26037
37431
50452
75206
98900
84705
14477
20485
11597
90661
56163
8488
95297
3689
20363
83786
62907
96205
66283
22773
8298
35184
50792
59354
63064
85415
93875
4017
7620
94607
69909
50010
32038
20361
41568
47291
21419
72398
67776
49368
63059
23939
57856
74709
27629
94571
74847
6888
90776
41130
46013
99074
92666
13157
74781
55730
98573
85008
59747
22545
79615
46009
72555
28006
82722
30476
75297
4141
2874
43073
53509
82285
83364
11366
56994
27345
5937
31841
50586
13066
89323
96599
12140
81989
9757
3273
54071
24682
88281
30171
47227
84249
76180
19783
12255
58902
66611
3904
79396
69485
63329
32905
51770
46693
60623
25117
90391
82913
56958
40977
95979
62634
53928
24471
44623
80037
27745
15047
4719
32378
45218
51947
32979
37750
88082
45234
96652
54693
65490
76048
40530
28819
25306
8652
91865
85929
33769
82256
68842
90728
23233
64821
69714
93513
5645
14337
73551
49742
29384
78270
82120
90954
46569
15100
28704
34651
76686
41709
5696
42177
34109
46226
87348
59415
54879
79213
61697
5000
61469
30539
12080
1054
11713
81794
94568
33710
96132
84471
83452
41868
62741
65572
32823
25663
97024
77879
76666
90063
19588
82363
48592
53698
44941
35940
29465
16172
15154
91162
21173
92975
38054
33253
94030
49767
15048
4950
83477
27532
89421
83281
85752
68514
65205
18575
94177
62230
12807
70844
68645
48747
69559
33589
2445
30852
69529
48263
47025
1035
39425
84550
94011
77479
17803
4393
43598
49203
9343
43427
76735
98764
26708
62488
67278
91914
97415
77808
70496
26574
65004
55493
75322
50915
89082
94119
81767
58611
42382
45144
75999
81808
29694
70010
75639
63850
74403
19238
13053
98
79017
6141
98862
5726
84981
82492
13992
82396
76652
840
25323
58008
56333
645
8923
45415
94764
90691
20378
37147
52187
12729
35307
81882
99091
10946
45732
89846
46536
75137
89944
25554
81278
5158
47632
66259
4003
77976
65008
80655
78816
90331
38664
51501
90976
63939
13268
2092
54630
49998
39239
6818
62728
74546
5052
61819
1845
50784
68018
48381
25921
57962
90287
23552
79473
54271
89811
83476
32247
71171
80483
27415
61502
19147
78916
68830
83087
8536
70923
54069
58535
10162
77239
37615
1061
98643
15786
2906
49427
83804
67639
91701
58119
74279
15253
37592
28550
21416
21068
77150
92588
1551
4565
70442
37051
99834
39273
36490
8370
10196
6911
83257
36710
503
37224
37771
99146
69363
57029
64926
53167
41021
56627
27638
15300
88232
65230
43850
26000
2650
21000
34940
20554
41918
5383
57605
41752
61008
10447
66474
71204
17358
66084
24266
34213
19660
78390
33360
89023
35419
98286
58543
92792
71265
86181
8092
75849
67764
68295
1849
70414
89295
36790
90968
47565
58525
64925
89317
19533
75372
72144
7089
9083
54580
31355
43296
74240
9745
93008
63264
61517
91294
21807
54309
62559
24340
62402
38408
92104
30697
56610
62519
36344
9752
69839
262
68277
34765
89579
4162
26489
78075
11251
35572
49007
42606
95221
23248
52352
88229
2864
13869
95876
41023
84530
74787
65363
46932
29548
57468
93981
86158
36339
46678
95910
6178
46940
80539
40943
52871
84701
83785
47299
95952
35709
96306
54910
30930
19554
7262
35512
38770
37483
47740
79793
22014
22527
45157
85298
52075
18977
95632
54585
55316
42310
50495
61494
5602
47386
18790
74825
32087
2575
22124
44391
38284
18431
99302
85567
54337
22916
37431
93108
60400
85171
72901
98766
7698
34410
416
76126
53387
96048
30711
8703
54710
97559
86550
60312
44945
5340
35138
93385
24267
73614
37776
62551
8397
37078
64470
62735
76347
1901
72195
53099
87072
61448
51865
11123
95859
52281
3601
65598
48330
34312
90654
19392
48223
77204
79705
93169
98896
31195
2906
23163
21161
40682
2066
29559
94113
66537
8646
70460
68438
80841
23559
71863
42289
91776
99338
54500
44057
2939
20099
8739
53603
27105
44484
1827
4309
40541
11348
3205
71736
14254
42720
9249
54936
44786
38808
65401
27675
63806
52213
96114
44647
92124
84329
3289
83900
83667
57789
44310
86606
94240
69401
40209
21345
13885
42036
42006
54426
53384
61563
42514
83990
4283
51764
38927
65422
6924
20680
93097
70731
72894
5563
15378
65018
89892
35019
65271
89911
9161
9581
76517
19753
78982
33079
41099
9220
91467
99457
63646
61204
61021
6161
45194
81656
74277
473
63430
81201
21154
72880
51932
10400
78443
83663
75418
84688
35034
40689
74599
44195
66622
67469
63949
61957
16900
21400
71177
8367
20857
34823
69571
98230
57336
14766
96239
31613
15239
59669
12815
52745
48901
81099
63145
43697
81114
38564
28385
32501
95605
19336
76696
78580
3157
56997
40537
20057
94749
11714
44777
15607
62889
14348
30189
20226
45466
42780
68191
60706
18802
81006
29803
67703
78458
92949
11400
75924
47865
56137
24777
59822
91826
1474
38402
11335
74823
95291
47745
69573
7005
92522
1532
86247
6870
48073
6473
52337
90854
74664
29395
9656
72023
59198
93711
66833
68499
5112
59109
16364
77601
83887
92539
85779
1713
30941
97115
92888
26233
44860
62461
49590
37382
80345
35837
60604
28419
58662
29293
19273
49679
75040
45281
38054
50591
38992
4887
19090
60456
80348
51807
38058
64235
44346
40189
82300
91639
37304
75189
17872
98516
54002
83815
52250
34348
19652
12855
62767
94667
58500
98392
44346
33541
43673
82400
84132
99017
3639
19574
59474
83987
71381
13884
64575
15727
54073
63227
7367
7730
38416
41591
6246
8771
25406
58497
43119
61411
87704
22238
72430
46204
20630
16776
96097
80655
15528
80229
96024
35519
99804
71850
35858
87537
85734
433
19617
56160
63661
43336
80242
18429
84927
2840
27200
26686
77689
86671
4449
65393
8909
76879
27950
29539
10007
24047
26546
41887
20629
22571
77406
20433
94421
13264
24322
96508
30050
43939
69020
10063
87275
49262
28492
88555
52102
72045
31593
29792
58716
36042
11537
83978
29273
39487
13517
55632
79887
56416
97519
516
78987
91277
37301
73408
20893
61623
86268
50943
5563
55288
61006
9190
20902
5851
97745
89357
94248
29338
19149
69316
81732
47038
53294
27357
2878
83164
82989
82765
39580
96860
83281
34919
88137
20582
24679
25383
82205
10948
76326
4120
82588
53685
13311
3491
75888
27408
92848
70136
73099
28349
39452
71183
75387
9099
98541
94617
92263
97882
77382
48195
94743
60663
99466
99232
97597
24145
24615
79803
51445
17294
275
34034
70979
13586
37525
46867
57347
46725
33355
30446
75074
72807
1629
66813
98258
16522
61431
6873
14405
38813
71420
25500
15829
70886
24732
29778
11384
65700
25933
62829
82994
26209
13215
70325
56147
67092
33544
13494
13817
66899
60292
88891
56058
61922
72057
54317
78444
33488
77542
92849
88653
48963
34701
20834
19849
75786
50613
47585
41486
92898
10415
40832
19107
39982
27509
75255
7075
61053
5101
20892
27952
65394
26136
84010
43668
98193
54679
22112
48033
32222
31314
53038
81185
66015
90225
17386
41801
57190
64972
99639
50088
91739
56823
85548
31721
84332
77155
55148
45385
82256
76041
89689
64002
18529
73700
7670
33074
44731
29783
97459
76953
77449
66849
74490
59816
57074
91877
17970
30616
73201
17609
97057
81292
90785
82605
29365
75117
76112
84514
20503
58368
76907
26544
38723
95436
244
46393
28510
61328
92528
25969
38281
86329
92818
29124
46146
66245
21001
64116
13213
10554
98077
10270
8198
88862
9227
37563
80332
85339
22077
17187
60060
98984
43731
98783
94420
60328
61528
39282
21656
54057
81603
59937
40386
90774
89061
2884
57019
26414
83352
86584
53320
81430
13207
61518
86644
22434
15434
66976
24126
37511
515
538
52848
44247
15673
63620
4575
77201
2903
26231
31258
858
2520
87997
91632
7934
90881
65003
50700
74234
51588
20373
72016
64795
81891
75012
3581
13677
58341
44059
51189
58856
44597
20389
3103
60270
84009
7678
53824
3264
50261
85082
20475
52782
73079
12107
77068
80313
77111
27768
54547
45051
48141
26563
26198
46385
1575
46131
60062
59916
90191
27603
18773
51140
64344
38228
27763
64706
45907
81587
67970
96168
83021
4797
65302
72453
16905
42370
52766
10368
70139
23665
55419
34632
50228
97969
97369
68155
44100
57432
44424
50643
1387
79549
18136
65732
17777
62251
30438
80036
60190
14760
76205
43211
19558
57859
32016
36463
230
1134
63183
86721
24799
34954
37705
91379
32923
35075
59535
93375
8859
20311
60371
10246
99860
78507
92330
17637
57110
22768
97674
17300
37529
90231
76863
73439
64442
8880
26254
81024
10014
89437
67745
34814
24391
21803
42545
73666
56878
2080
83393
82089
22391
43764
92335
38603
38623
84666
56241
95733
23786
70267
13033
77667
76850
89897
51106
41292
15129
77360
22317
25143
83149
6414
76309
23892
28217
18855
97558
1447
37287
97304
83536
76031
41068
92224
14634
79692
93242
87227
91777
17028
73846
4811
94696
50696
11060
62154
8341
26189
39515
30658
67684
39016
53424
60346
62909
97994
95553
60467
15793
49192
74123
15682
25223
15192
7906
56210
11236
17500
43437
3013
50880
17284
24176
45576
84332
35236
24083
92673
77777
79950
39683
45462
18966
93108
22160
81875
91102
17713
58695
23247
66905
32818
38929
8481
64362
63187
64691
75598
80687
24480
94964
31568
58116
19140
93496
42449
70729
17579
35122
48506
97529
74806
10320
32848
84266
32480
14723
91720
50193
73418
14967
33451
6237
53897
41932
70599
33436
22975
62550
14124
47455
57514
62044
5572
93006
55540
64373
63735
89472
99495
12242
3353
90653
22562
36201
74919
55043
67277
66639
21588
40695
97959
71391
63284
51856
13323
50236
1644
52650
12786
15768
16458
86652
77812
38382
79658
49705
2755
43394
55529
2250
71988
75234
92904
94550
27788
84175
65945
95065
67167
3886
52112
65126
75277
15397
33334
4953
65633
34978
73955
94771
50747
90413
97775
44911
28795
77433
10968
31550
37179
82849
50153
9167
58084
43057
20070
2224
43584
2367
97289
10751
6253
49401
75877
97883
81150
25563
2836
63135
60542
76791
57906
27641
83557
55681
88904
12352
49467
99873
43903
86646
99074
94056
12166
57158
53465
32236
59382
13401
34603
73023
24153
57209
22425
16382
55092
19927
41946
74280
83063
2488
67423
57321
30129
50980
29355
35385
63333
78822
35258
23588
81820
34333
33996
93986
7843
3813
26222
83578
17214
77178
56601
57719
50739
95378
74102
5831
31658
32400
96463
14721
51240
80238
72042
97721
31219
1397
33106
10904
96571
68365
50844
78392
19050
84840
72378
43245
5005
14953
26823
22219
92131
99777
96291
42870
11507
70393
65053
43165
19145
77868
57886
70385
58106
46281
68106
89325
64030
1212
16581
60602
69577
67425
38994
4979
68617
27724
48225
73622
42677
91400
12194
34808
7529
8485
94030
19037
95230
75435
78554
14375
53303
52793
84760
11410
99074
52866
17087
79456
54078
33669
40058
40008
17446
95404
61339
86064
23129
9564
76038
82158
17317
88232
16967
24846
13069
27349
43883
8299
2785
22438
39026
56088
91583
23786
83850
90657
76652
938
86465
47083
34607
26524
87091
52053
38280
48430
54469
77761
74347
30508
59920
91664
35092
93239
32862
64514
20588
93098
72813
39725
31888
11840
95814
23471
51978
79664
30480
44983
96954
16945
92066
31561
43469
95509
99967
98102
60291
54436
75863
50990
1296
35783
42654
52741
29022
91869
17255
49611
84967
6420
89336
16855
18260
1502
40326
86591
97519
70806
31574
94473
87751
23640
42387
47573
19149
42354
45675
95792
13142
21538
46783
14439
57322
5789
83532
2696
97658
787
52307
82625
7207
57996
99480
41820
75850
56158
28411
73369
26964
59985
84195
14716
83625
26582
78641
19126
85288
24316
14918
98430
62206
78053
29221
19528
83843
12753
22225
81501
29892
90884
80479
37100
65232
96311
95272
41083
52470
23683
30804
79434
83668
14999
10502
83645
57933
89143
19123
59573
29811
50393
58004
92018
28447
3577
27898
12290
32683
66475
10143
62575
73712
90622
16027
38944
3286
11299
80027
55756
34982
10832
35190
35002
42183
62045
34999
16469
51188
54122
76042
81000
4516
50398
89370
49315
70328
17268
77957
3011
83744
88100
81938
57456
95075
14318
12752
98361
25617
92780
54117
76952
19964
5659
28306
78499
67704
63306
94968
35245
33780
87363
16245
54648
37761
21967
3963
8089
39235
81920
27452
39331
86373
9391
13139
81448
40061
25892
96161
65678
35024
66630
58982
54988
88641
87289
49839
56346
66947
61160
91591
727
48523
24188
55376
2636
62507
75691
10726
1742
57612
54530
41074
43985
80273
70565
41785
20334
96457
54298
2365
31481
37280
61347
2821
25921
64988
52661
98619
48287
13821
6562
49015
78696
47102
20743
81332
9609
96434
8410
11352
70398
62941
68778
30735
59566
39343
72520
79901
35801
43170
98618
83634
80450
59965
86456
6372
41306
39117
21343
89593
69290
27906
54960
47986
75008
75703
45670
84618
88490
54081
12322
75240
33374
81100
5976
92940
36795
94848
89193
88948
38019
87811
72583
34821
64129
59039
57545
5435
14508
78889
11380
83798
6795
66341
48136
98155
58396
93806
82773
63238
64239
11447
38479
97613
92547
44455
6906
45695
39303
96099
34643
93674
263
23578
28496
64392
98969
86041
86179
13477
81282
97559
13627
4429
63900
78115
2585
38649
71922
1710
1887
52513
13158
40366
50127
22057
84821
73385
67752
40477
85836
18748
34151
86099
42326
62647
66843
41296
65041
53022
71125
46323
50582
84753
50753
30834
62868
69690
85835
51142
71400
87723
3656
84558
28089
70135
6616
29263
59872
74368
69740
45708
9468
3891
48160
51795
82891
15003
9443
47932
68026
80568
10607
34960
81673
77712
82146
60894
47402
67982
28388
18803
55705
48396
3361
146
18531
26329
45761
94755
17050
15501
40464
26518
35745
88624
94665
18636
3627
4108
82920
88005
1029
93527
39317
82702
71240
21464
59948
18642
89446
88337
37445
61503
36733
57159
78001
71617
83488
23763
66372
538
39264
23188
43409
91361
28164
38074
9997
48144
42183
92917
36149
59564
2797
75467
42266
74037
13283
18567
9031
19081
23256
62829
96936
59989
36340
74937
47958
19828
15052
30683
36719
70669
70223
80128
62030
98388
18202
72028
46532
76737
81297
82681
36301
84094
74500
94920
74483
87783
29839
99867
23216
53095
79048
20152
13084
15388
95090
77395
51568
10142
24430
88287
80811
94653
84767
59194
93041
19322
31222
39573
12411
28871
38607
65065
29318
29459
59985
3801
33595
89824
20020
56811
42919
99068
93316
72355
14456
88406
66102
82377
14900
90532
87016
12064
1538
71784
71258
94579
7458
18832
50505
19869
47703
5464
1286
93373
51275
61271
97175
84870
67447
33547
58034
26718
32616
51350
15426
63424
56108
97880
62153
87360
88413
49170
99424
6303
37306
87034
882
61116
22218
67739
80985
86274
89555
98624
79647
40831
59895
93174
42053
43695
26722
87
86765
75690
67789
2191
55466
23897
72
17620
11258
4837
83142
27034
11140
20448
30421
28374
81564
52639
12466
78901
55265
2021
77525
34913
59204
53773
44439
1258
13820
71161
17697
585
63203
85487
19129
35022
9384
35553
68994
36994
40390
52136
64029
67882
88936
10802
96256
86852
79793
25074
82105
35059
27096
75983
86324
2652
46108
30763
3910
59928
18277
21608
60513
97832
7095
95994
32854
32831
31547
1848
86178
71937
70336
50207
56171
75624
77361
68780
78828
57154
93854
60934
92213
37302
36917
78537
39955
83025
9301
60217
59305
43930
81825
36170
41762
5272
32165
74617
54456
63712
92817
40634
52002
79506
7193
8173
55130
84554
76953
50311
41708
70808
11245
50274
8110
64514
28811
64417
63891
54464
24635
23196
98394
22812
59366
40157
28085
7883
31126
98893
71596
23943
39527
23598
19801
63072
31771
91284
47626
8725
41595
5686
95885
52840
55960
20347
33706
1124
84765
97597
55588
9400
37145
70335
48564
12863
26844
93001
20747
57970
91894
8695
98265
47773
32293
18067
10845
80416
9351
74823
5493
67298
96862
1378
20138
52822
21726
70196
53946
22843
84145
25887
48595
21290
12574
97159
50505
39418
90161
87604
13740
98407
96299
12005
46181
44944
46424
73378
25361
72127
48202
30854
39425
61416
32233
75915
14238
70311
62463
84537
9506
46608
26776
58101
84250
55702
55260
34756
95120
61773
38712
25212
60181
35012
53569
6362
79956
99994
96092
21669
88473
60646
52524
44251
22062
1109
20166
52653
87772
98982
37190
97278
45590
80318
55379
29841
36020
26991
80949
47492
5117
19661
72704
65298
71025
26273
88012
67334
42619
84104
89003
31093
61103
57879
75344
83165
58988
11862
35818
63112
10844
89360
60390
72787
69678
32121
2628
22050
75465
99929
69542
80582
35942
42246
45880
6968
84872
50244
74302
27491
50700
79657
58584
11803
37537
50280
11321
12877
78495
63491
75990
5691
52852
36380
78478
38882
84854
97458
60933
60319
97387
46827
40901
49682
89074
3133
56650
73946
69729
47304
17789
36781
43313
92726
48585
80850
43006
76258
10080
37853
39749
86070
59897
8953
38802
38375
64188
23656
52186
41473
327
65925
88300
57580
15607
93726
60713
88609
84024
46794
52265
1814
83576
95579
94540
48513
92781
53898
24771
2861
91752
80872
5283
68001
6178
44086
6376
70366
84094
74914
11839
84422
40840
139
42002
72799
93866
19068
61409
77890
65862
13674
96056
49438
25605
90596
14303
34739
44495
55426
37600
52599
36299
42884
20600
42477
3322
43328
29195
87416
34595
41034
71838
75435
57525
13841
48234
51391
32909
25995
45634
15123
56022
41690
80914
81627
32287
95217
16366
93134
50644
70319
62085
3295
29555
99037
62124
32877
58717
91319
36645
93312
48705
24836
68747
6230
38677
33334
73974
87938
75681
19608
3061
31703
77650
327
29683
26289
95545
62401
19423
62541
32720
97860
82188
78627
96897
44312
27856
55615
51983
64502
48927
688
89338
34027
6918
44367
83713
80892
48657
59394
16852
51718
7450
94503
68398
37133
20792
80295
99534
56568
42836
48607
70780
41376
27234
67678
85688
55091
39645
54023
35945
4924
71063
41635
55303
77981
86002
55368
75226
34659
14763
8430
2729
38565
19285
87479
75698
56430
67774
91584
12998
10610
40191
130
68338
83778
84160
70378
38869
23805
24401
91166
45082
95464
32801
16737
89798
35155
72106
81376
86166
3221
89806
5247
41786
25444
92727
17484
81874
60501
9068
11224
87464
65612
11354
55802
49390
95515
42533
4611
35672
66934
95777
80754
78751
44930
97492
84901
96437
85950
66277
82603
89171
72435
4202
30957
97879
13281
64793
79753
73783
90213
7329
77599
55825
18684
49753
5215
14199
92286
26178
49871
75573
21955
46978
54324
83237
60822
39225
79674
46772
21854
78629
52295
94289
99184
83252
8521
12465
64397
4626
2600
54610
11956
80199
26788
46992
46305
32003
61191
38591
58182
27414
14164
96489
74392
84840
96079
51566
40417
75753
98338
62271
70735
50633
72913
69919
50237
97786
98736
14634
2412
1337
85597
30720
81536
12385
77712
27841
60740
55255
82785
18922
82670
13301
31764
73414
98142
27843
24981
38559
19948
39671
17183
7035
6657
90096
93306
56894
4234
92043
87881
6646
93380
73478
53719
91268
85863
47783
19110
46603
3039
18247
81878
2061
31548
29994
91827
29690
57837
33160
84602
94137
72832
1785
17525
79489
8233
10831
52735
12467
2874
40616
35465
12606
14094
5536
3875
16309
53320
22985
62913
72711
57584
61143
91124
89132
91137
99303
35175
65326
32464
19777
75815
21648
37914
93340
17489
46147
4172
70224
74966
23398
10841
26783
36005
41287
32320
39880
57597
85640
79217
36862
74703
36801
98005
82179
25933
89142
81482
61108
70820
13946
97237
46635
51946
35151
39976
69435
97650
44148
39660
72616
67546
66853
15752
3551
24492
48072
43431
82089
50064
22648
18951
24767
75801
33308
6946
1735
22450
4780
79195
93270
18727
76433
39906
70673
11584
96234
40109
25587
40382
96121
14555
7928
79326
30307
27832
3818
78379
87615
85908
28443
26616
21211
69562
2417
54520
92860
20504
93322
97641
99700
2945
32720
76133
59203
19745
4069
55437
59854
29656
12171
72327
60564
36451
51653
90871
80635
55472
69251
68251
57732
14046
94867
95295
99961
97284
66167
92821
34141
75842
90462
33841
95139
39534
26326
70694
59280
30395
42483
19134
76404
54654
7814
53320
7457
75819
44191
88093
47643
29794
56344
21727
60193
51211
17023
60154
64847
99542
52975
98988
75384
59790
49181
70523
99324
75507
41217
58604
22255
83700
94091
15011
54706
18257
68331
62164
94076
28874
50257
58072
58669
22953
79799
35214
90516
96822
95368
55363
96365
64695
70704
88101
40837
19885
58625
56514
11745
16194
31470
34000
16247
25561
65363
70953
60170
33694
49469
70599
62568
16078
28671
37589
39031
8470
89155
29547
5293
84523
1263
18010
65571
88319
6111
22760
8204
81088
79274
36301
97283
10745
70301
29882
52658
35664
17187
12829
85710
66657
83428
64631
99087
12099
18572
38119
36921
7728
84018
58566
8603
1633
76576
90526
89952
99040
13287
14509
80128
92561
50810
93763
3306
37464
23645
72317
89480
40833
1498
75191
7490
84926
56174
22929
13377
74746
77400
66650
98826
61419
25217
7430
63052
1793
97956
69357
833
27595
83866
97314
20157
34676
91077
39815
88492
14723
12132
77973
55556
13630
53164
79398
14908
25690
2327
44637
16788
79728
27640
15615
57499
52857
39397
36903
71002
53705
6260
88188
81301
90126
85502
1458
41155
76579
57625
29647
7654
86110
7620
79562
16092
77136
58960
47353
19178
77640
91990
35967
73720
19630
67934
31219
88839
7331
84474
59842
77388
90735
48030
58689
97213
33532
76499
54720
26463
50477
720
34118
36587
24692
13680
52679
18181
88993
32
37359
