9
34252
66275
55275
14921
2061
69392
374
13581
74485
20593
61010
17237
56232
94001
63122
38406
75093
6750
283
16191
79587
72268
43418
19135
7960
77066
10861
2272
43551
95792
18633
94156
78419
90261
9077
96833
59653
9451
10414
50490
30044
71425
84079
2629
81778
47201
57387
56871
70304
57670
73063
49891
46290
32833
85378
54251
26251
96239
72875
69802
8384
91509
80310
86803
98122
5739
99988
57775
15191
26755
24617
61587
14532
8697
80568
96310
72250
37956
53182
58906
11978
42597
25149
58269
75430
10528
28872
1681
23119
1747
87835
31503
9608
84498
34659
7730
90237
50999
81857
21780
77754
22827
99720
92286
47876
80288
88597
20126
34596
58131
95385
46575
17080
36886
21196
92510
63766
50068
10543
86886
68167
14730
34741
94128
99228
85752
18210
89466
36752
68
27598
30858
39247
27318
23145
87123
7607
28094
23601
42203
2577
18986
5130
19657
72225
42678
28519
35991
9098
55414
39229
77266
70144
90323
71394
85725
76075
5956
91543
29179
22376
19141
60038
61623
46460
99535
48746
54067
43981
72348
12622
62910
7686
34105
98919
79911
76783
27438
32255
85882
99204
71484
79500
69348
61807
67246
71425
54235
73202
62968
83414
95579
82110
59804
57202
28570
59339
5949
98989
19672
94649
27963
82582
2335
62068
81501
98599
38852
25291
30854
41086
24495
18690
20586
10196
96850
87832
81621
51085
61034
44590
50851
56613
26700
10656
30168
55270
86347
36117
70611
6020
47118
98574
88602
49453
60643
86456
64404
15847
11747
11610
73285
36243
30301
93871
46439
43503
98055
28060
10940
59089
89002
61791
32055
15702
88799
62223
87324
75147
14692
57935
97519
78162
56510
86121
27615
33505
88929
8372
65704
677
19982
38989
53272
50283
32860
16063
10138
30915
44123
21078
6356
49478
82870
54763
65180
71669
33338
68857
63168
64382
26792
60687
42544
99654
63161
86512
49511
52090
94884
15215
52767
14866
70556
6039
81502
19768
22102
91640
67035
82578
12719
73392
48408
11941
44507
13588
99962
77846
98797
63131
42228
25590
40170
1125
41596
3331
87637
91108
55422
98873
22675
24541
13739
93232
46933
11593
13000
85387
19586
80036
84317
48657
69780
32725
60598
14287
62666
76912
8485
61463
56395
50714
3405
96566
51839
45002
99897
55828
52462
71671
54701
75137
12565
84792
84721
59498
12738
14074
61237
32324
10462
45555
97333
80242
78280
74283
10881
40946
51195
19367
2410
7591
86433
22167
20509
54624
67169
36758
10452
19631
8430
81505
11121
37347
66297
95842
96845
79035
26268
58082
27711
36730
19989
25044
16972
98270
99327
44206
55568
66875
63573
74330
74466
50006
96498
94975
4630
80019
48085
31434
99651
56515
12939
27124
10214
79236
39318
23411
74624
65587
97846
18687
2317
17835
43732
35642
32457
59411
79848
88026
26286
59773
78708
17104
9779
91558
28431
30761
71578
76517
62195
87581
49384
75134
14705
59599
70722
54023
83010
45346
35962
80856
64034
54632
98692
24118
90274
47501
83529
86474
35527
26168
46247
30588
59624
72378
22146
88056
3139
93724
80925
65334
81305
30309
56820
12362
6260
27542
82738
89271
89241
18700
86479
69627
73332
1523
93745
79958
49025
93626
66432
904
36146
29031
31492
95771
1409
69991
83827
4548
80067
81104
86234
77725
11413
43054
90087
17674
86949
72825
23297
76190
7878
9776
45817
97562
11300
55914
77521
76677
49540
60305
77581
2039
89337
25426
97810
90746
95417
97989
11647
75484
79093
97881
53209
6858
57288
59649
24532
60589
48826
47829
36779
56704
73958
98948
70619
1610
71214
48140
78287
37106
24797
55868
39145
30486
81294
36955
37585
93063
51296
49232
84900
30389
63465
38109
53600
37105
14110
78132
97694
62937
42314
50825
19641
16272
49773
90260
17882
37339
54752
12521
74446
95902
68389
13591
26388
66036
66899
63973
75451
18195
13205
60351
64937
93023
14813
18537
30128
28923
13021
27823
91860
71687
78648
27854
4311
44774
34466
38545
82113
89219
51066
72911
85121
35808
86503
27861
1844
53402
91835
93647
87949
21392
53999
69238
14415
68812
4127
60896
14087
17149
88719
5948
5188
83719
50154
9500
44845
84620
48045
43311
73839
15464
16222
75312
51272
19077
19526
69468
88831
11361
63115
93133
49105
17114
62371
79873
2278
66499
40769
32718
0
45840
38666
5188
45911
88820
14688
7109
89792
79086
50420
79984
94550
82994
71648
45822
18424
91174
31642
7255
18887
94757
388
67993
28224
79112
47866
46854
45611
4987
79572
61963
50827
18238
67151
96738
23410
98192
3847
29555
93630
70619
9539
88180
69966
81187
50354
4742
72362
81996
28349
7601
76753
45090
75594
21329
24202
39812
68184
86165
44799
47756
48128
11978
82347
15279
25069
22109
29823
45268
51664
23453
15888
61203
27985
2206
42391
78339
23300
31105
76687
51649
38706
69793
96739
30653
91122
20941
70465
59306
7106
31617
7063
55234
43595
89410
86866
68664
11519
33041
13933
79536
56495
46173
40739
84480
64731
99482
79172
88031
46939
55859
56032
1998
25652
52772
32651
16775
73713
19468
92433
97172
67437
99496
68758
11033
5258
71976
96049
33130
5018
26334
12666
77865
88859
69757
78697
69942
85592
57869
74325
32531
30081
30358
50881
55733
83130
83532
88860
73195
19353
81294
70367
86790
97142
55478
14175
18753
27454
26577
51883
48824
52911
80901
26689
58123
50658
21739
28065
52602
79608
18743
1486
26041
49101
52367
81775
32231
35900
86987
5426
71605
84633
92146
58395
81776
47624
72571
529
91430
99148
68764
40255
68411
49665
83296
42886
16675
5035
87304
69278
996
6047
70764
27037
55148
23131
25164
3731
75383
28504
25509
46988
13137
17655
5384
11265
81631
94307
28146
89414
9807
96910
29669
94570
62927
29317
53809
79603
50705
41113
65233
68053
63512
35997
11442
35012
75480
52959
38743
50864
81463
64252
14204
10952
98260
35940
22218
79891
46599
66716
69305
56406
63627
15326
67329
42906
60996
21138
22509
28053
78603
4094
96106
42115
40091
23900
77127
31924
76859
32222
99140
58322
96474
13344
85627
94734
49285
7845
90978
12236
90913
76635
68643
54540
8314
35972
13799
69310
73462
52660
97363
52065
56755
9821
94180
96846
33721
87659
45122
26933
19881
44262
85255
32707
73959
70882
43794
39596
95079
34772
51832
85993
27759
20475
56885
36073
72799
70684
5383
46261
23345
19098
14678
96452
45271
25210
93298
95345
12869
54773
22278
49102
99035
23885
81810
72994
11120
25604
12590
22551
76728
64423
8544
4487
1250
81782
56913
74050
68818
78648
36663
8515
97747
51342
4967
59370
92904
14618
54715
22126
69391
93345
71228
84778
17231
69390
57773
28351
11346
86715
67254
4426
67490
92151
8914
68741
73933
82179
59143
59103
60827
95806
83971
58574
63500
88938
34297
56405
19908
5364
78531
5651
98710
66111
90430
15941
51854
64555
60644
63200
67622
27898
67627
35113
20049
92893
3854
10334
75072
62997
85790
35899
75155
69761
10826
38656
75051
61475
11413
94960
66839
6296
16963
65549
88759
23745
97842
40613
88300
58486
3814
72275
2737
87793
7388
39138
97038
11242
49473
72110
90591
35263
24361
65746
21376
51539
20754
96427
13014
48519
91387
79854
71167
24703
45403
59927
48448
59598
540
53101
18084
20706
25376
37173
24851
32764
76312
21889
60358
42137
10351
50949
77400
34713
33047
15128
86252
70154
11555
15619
18673
19295
95473
89841
43998
57228
66120
92446
16826
66660
45547
51263
3719
70923
88436
28570
20039
64748
50460
80397
23237
60811
47698
16989
11876
80746
32117
14481
50900
43673
30100
85925
62968
41925
75766
23318
15505
58238
15764
32332
24899
77664
99947
44970
64939
4735
73540
84979
85836
40352
65376
9073
17516
13075
26063
45744
10173
58180
60225
61073
1853
6677
63350
64821
64954
55469
88139
80460
13707
20256
29144
54958
97920
29091
99928
62859
50178
89821
64190
36014
46525
29567
45088
64041
42642
71151
26138
69167
29331
2715
30240
31185
9393
9942
12358
90699
65411
16850
71159
79119
53458
16655
34077
67730
62098
50358
46941
12277
40179
11132
48291
86704
40699
93379
67098
99693
64530
93236
85212
10214
95951
15452
57751
21696
41746
86461
12396
7158
19663
99907
2629
73121
16563
53058
57203
78661
3416
4145
7290
43595
31629
55582
30300
88680
48961
13750
88373
29844
6986
73585
56410
19289
5389
14161
57338
63487
622
86086
70645
20286
85993
89626
9759
18908
42685
66963
13922
46101
71108
21212
6049
2737
76794
52701
91417
42108
66451
96142
88304
89789
86079
44714
25430
7820
75227
82768
87659
75849
85206
58305
12487
71200
64283
22247
6460
6968
5562
20382
53070
93022
57947
75471
95759
51093
28172
3528
9553
94623
16022
97857
84412
18453
58923
26194
42625
34150
8963
30284
26352
94169
4941
55191
81721
69225
93790
4534
92545
99352
41268
61967
92374
99215
37438
4485
50309
65610
24365
59862
60233
56739
74072
60997
75192
49347
87192
34169
99850
12507
80806
42554
23028
85747
97745
21102
71324
91536
25636
63870
7240
83256
25837
99615
82472
63276
20452
49133
28886
44818
25347
89120
17909
15771
66469
93102
65119
53661
43623
64969
66168
24429
7523
5549
10177
21620
26651
97853
29508
68639
61723
36749
51895
87561
52716
34367
50837
73168
99852
96075
34338
41552
85195
52248
57323
68017
61702
38794
21678
21677
20115
4199
46107
27638
26100
72636
65611
52751
70489
95119
21390
32213
48220
73285
36126
936
24005
3315
90457
40209
99390
41147
81761
938
9747
39085
68955
71449
94231
6985
9479
14347
27536
55586
58337
53636
44574
23948
6387
15063
19068
44129
63628
67288
17415
16106
84577
57772
19421
75034
97981
35164
32533
79743
36102
42281
35180
5057
13730
29411
28394
39561
60110
55931
95147
18448
25919
39721
42396
48659
71137
77816
92788
51117
45105
26555
83576
29682
84327
2997
21068
98661
38161
53601
94756
90615
95882
46288
12024
25965
75699
40419
65526
52162
12702
77026
70610
38621
33099
13006
87280
20588
90823
96421
88058
52280
22976
71634
98314
23656
74631
35734
38669
29145
89335
33425
36112
1570
79713
48137
43887
71764
88556
25765
23926
17610
19143
94536
72583
52243
23895
76216
72831
14718
72637
60889
66998
11965
32523
81664
51973
23507
17398
90642
69004
23085
24067
5116
24655
3780
53253
84894
75545
58161
10660
15823
92123
29803
10360
64707
98398
34255
40923
87582
65325
29912
64823
48675
41877
13699
30339
93851
37206
47737
84493
22562
87174
24913
44030
11830
28693
13636
13076
20590
88149
40088
36414
80273
86244
63126
44980
84642
13733
85903
72224
95410
15815
53400
44085
74044
67099
90776
67895
20657
54865
68741
43219
42039
93654
3601
70221
38699
17237
83298
75642
5387
23386
28408
85660
9630
91534
30640
10625
21619
32895
99201
17029
65062
52601
77466
55458
19700
68242
39706
40357
39459
8447
99928
81498
18453
3530
51720
73504
20767
35018
49146
42506
74756
77554
28166
84387
85440
75158
11364
7059
24405
10565
40440
5819
63167
34258
61278
99219
2500
17336
39577
41959
42135
39505
39810
60588
59387
91530
34092
96507
42900
83239
39013
34008
77145
83532
34747
62586
75042
46111
85997
99448
56677
26438
21619
36196
60696
99249
35415
79549
16585
91344
37860
58720
47202
77670
35660
6589
85552
86105
3096
44804
85696
58462
78813
62841
41994
29912
25427
17036
76024
11425
32836
49053
54215
70808
1601
31263
70057
37016
27164
2995
44713
65025
61715
91915
59047
13728
98504
60952
99833
17953
22108
85529
76415
17273
48370
34761
47186
90150
68149
39562
17927
986
88615
88494
71794
6568
19757
58203
59936
46922
61198
4649
28299
39266
96564
3698
69346
11421
64650
69179
29374
86759
71060
22141
4032
35782
56902
51218
25932
41403
7132
60211
42389
95747
48705
30535
18667
84815
5091
78604
48089
82641
83253
76388
21907
79818
80086
91253
91239
61089
76784
36965
47848
47844
75458
68232
83627
48712
19451
25911
90115
26583
86123
48857
38683
51180
95744
57350
35995
835
35954
84084
83477
35560
76824
21736
15378
56911
29342
22969
18000
6126
76286
82200
70323
51744
50432
70302
456
86235
12565
6923
29171
15040
55780
84206
66221
51525
41556
2216
68712
93863
2653
68541
45775
79477
90278
77505
52740
35972
474
70740
58450
93112
69292
28773
61208
19725
15427
78016
22312
27993
84939
51483
43033
57072
35689
25606
24949
93598
44175
93661
3813
46828
78555
49588
42657
85185
27093
95398
21157
43919
82490
79607
37031
51783
24733
14591
87860
40160
92607
10172
84505
77546
61656
43891
34618
13697
69497
75919
7295
30024
69581
27460
93204
64488
77048
35862
49673
20493
31260
70830
64412
30102
66789
17795
98237
91522
32386
86097
48035
24993
12622
32540
18892
90630
92783
69862
4327
78633
45782
27975
8657
31715
55435
1862
96203
48836
54076
45876
69329
1688
16706
50094
31790
83495
67889
30028
91370
16628
32477
39405
41621
45099
88297
60513
35729
81081
46728
56409
59714
92510
84384
84723
24225
56171
2937
20428
5007
57013
66304
90689
58701
99362
40783
90492
99209
25024
36872
90579
41652
69349
46336
83274
30801
34634
60139
66530
15715
6867
22939
91781
15729
23675
76504
39954
79847
79442
76734
1206
36455
59390
91895
11509
75104
49030
2001
74314
74055
55225
81245
32059
40926
27582
31685
71727
62216
8177
38258
77931
31396
77549
86064
47126
1225
62568
87080
97424
58362
80167
98630
11170
39557
6878
22679
14662
72260
41032
5328
62667
96257
86573
94727
37183
14155
26412
8911
92723
34589
63521
87006
65986
41070
73070
13112
58647
35639
16544
56071
10353
13063
71054
21523
52621
77932
44202
83635
50192
85234
88963
12860
81491
91888
23939
35027
22396
50351
60290
15119
1293
23811
2126
83631
64881
75196
13095
23529
27187
45991
95952
37541
59055
67006
59064
28028
61290
3267
28015
11483
88501
16978
40695
86345
25218
80986
21372
47614
47689
98014
62734
48982
21825
64860
48965
3058
40056
62060
26587
83596
24404
38892
21137
83459
5898
80201
27839
67189
83468
55854
95024
88322
89184
52071
91019
14402
33057
12391
62017
80746
26757
41103
46081
48582
5963
11398
51640
62371
89811
94580
45967
14215
33472
67104
14026
55722
63658
58217
22911
63478
14071
34287
51800
3255
86358
42819
34009
35767
71562
12378
32866
98319
53481
95299
46901
59444
6697
14894
38168
12860
9474
84135
27075
59298
67592
57453
15020
47602
15670
54284
11080
46093
88571
62881
65700
91282
22052
99710
43401
93615
12088
92619
8286
65570
87918
71540
41366
10968
86434
79534
23828
95908
80022
67256
71558
63966
24709
86578
11568
56732
40862
22648
2825
45786
1881
68526
53420
23934
68236
13173
33901
96676
5793
42187
62246
10063
13727
19965
21031
16513
99499
44860
28773
95873
28468
331
59839
53177
86910
71407
9909
44124
10408
29087
6262
12289
97613
76034
36223
82201
5560
86476
95229
11353
28664
73828
21416
58743
93793
58800
75257
9644
20012
4030
5518
48480
4362
65357
18009
7624
53117
44271
68100
63525
73358
90715
92166
87323
83101
44742
85876
88661
31218
81105
14
59882
54933
37783
18626
48726
12935
10235
58371
32947
30617
63889
97779
51331
45598
15788
58955
98715
76411
43408
78592
49769
50475
70759
53444
33576
15501
39320
22238
46719
20426
38604
22954
75359
92739
57932
24086
5674
84519
98809
54973
15136
62698
69104
66468
24648
1245
41775
39716
77656
85183
18308
27426
35658
5419
97222
85587
37272
36543
7825
344
56969
62781
23298
48680
55521
97582
89118
77547
82101
87927
48873
97237
66977
17977
63705
91626
19222
5481
31342
96879
7016
66002
40657
59027
87774
37879
60966
25046
74422
68791
25390
47743
31572
65040
96424
3445
62622
85542
80993
61075
89822
29866
58313
56799
64195
38370
64777
83418
60203
96119
80297
83572
78474
20954
58951
66248
75185
19917
7646
65960
88708
33037
13703
36632
14429
26479
56430
93404
28374
53775
54479
18196
99993
29144
74995
64188
83867
39773
47606
44070
52244
44255
27642
47070
65209
86593
13318
56747
22862
20965
22707
11570
70354
36410
64555
1135
79242
37337
94539
7616
91112
65371
25812
91105
10867
17159
71645
94734
56932
19252
38805
25529
63507
82799
72599
45069
85745
85918
1816
8607
23235
24523
36530
9941
77285
17437
11076
72879
54774
21968
80495
62238
3691
6307
53343
14558
23467
24988
9293
96751
60592
64450
22280
40452
63601
94880
85521
49346
97150
3689
57954
36737
44564
10836
46678
38201
28273
74106
11081
99399
12426
91576
61637
16117
97884
31332
47028
37703
72672
56321
50806
33265
37123
73087
73717
724
84319
75590
50071
97821
95631
24377
50910
40195
51565
97588
78396
96190
88046
89477
95589
473
81054
57226
32942
95290
88558
79970
49345
61230
52643
151
10847
89766
89590
916
6843
73909
92858
73266
88082
88489
13995
38992
28684
65560
52932
7081
61750
40979
12910
57339
57804
10316
30917
90746
5606
35827
87069
71303
13409
39712
71455
24257
45831
61045
41525
52674
51307
34384
42292
39389
22873
56287
94734
67910
21847
47666
91343
99949
88645
4253
73640
62801
30922
4557
53548
52880
40384
56969
24184
53793
96681
11991
94402
58864
73036
35928
27890
40695
86664
70182
96437
25889
26469
91171
93799
64668
38837
1494
64617
43835
22100
38257
6636
53022
59166
76536
5902
15902
33505
30086
86048
46539
42077
80450
5403
31466
32730
33294
88513
19394
19828
84950
61636
62650
92473
71787
27318
31311
73282
8288
91498
95382
62897
98134
64756
22064
91023
70658
37966
24528
17097
24014
87419
75526
20817
9175
23344
53547
58821
11858
89294
78649
13160
67282
41299
5634
39069
68618
53297
28703
93258
44795
24085
56155
59281
5193
78219
66656
75852
32538
7537
9301
72904
94956
84827
93721
4131
8172
63621
62952
36382
69267
57954
49542
36549
99253
55176
91970
84223
24825
20674
77481
85972
61111
33637
45254
66305
28208
11910
58509
60746
19447
67810
33651
30756
52637
43724
34887
60809
23697
14192
97191
92964
72146
63086
45865
87751
34614
37836
71975
59440
74862
65808
45412
35973
15797
7018
2278
44006
35281
60787
21104
71080
28597
71107
1836
97587
31184
53076
74748
54881
67268
71940
64198
39414
51378
10063
43517
85992
64251
31844
61784
39113
97653
23549
75087
29802
30567
93717
90160
82200
70857
11265
53281
15806
98724
55117
13393
29908
8193
88142
1142
75461
76434
65340
31227
27812
75403
91097
30156
56007
22941
91941
95120
20594
15490
86559
50397
62409
96629
40557
44610
67486
68174
97891
99644
83251
69360
13038
29511
77554
17532
30653
69367
10318
12345
16947
54482
87749
8044
84638
43756
30985
92931
55228
67932
24773
41788
34681
87183
38417
91590
48145
22255
76117
62388
21899
59368
31748
51289
5231
25654
85173
35885
11374
11843
64582
44673
66325
52331
69069
67316
12439
16406
76599
84020
690
1373
42160
35371
4908
96929
43314
69405
19184
19431
31793
57435
95151
79893
25077
382
21900
26602
52619
33274
38446
17202
94299
4771
85885
79720
88439
14677
96126
65039
98697
13169
66412
40857
48540
87672
54138
8206
57077
89674
27637
5222
47109
22788
85115
88538
39523
7015
15141
92142
56641
53587
9344
67292
74710
11582
47012
63150
26259
59491
44541
41308
72660
10953
82165
37552
14977
52655
45759
72054
42329
89748
77276
89438
12537
78743
94329
68412
2111
9470
60554
58752
79409
86251
42397
70471
97833
89409
49973
40444
65252
94514
81752
54264
21819
80269
91817
36796
32924
53928
25202
75253
43676
2478
81043
72565
97574
75372
40977
99685
1194
1532
74789
96955
4135
17186
67427
1968
22948
17400
58764
4552
28267
40516
58817
50086
20785
66986
86883
70061
20914
12085
45314
64590
30916
26357
37156
28490
18082
78133
44527
19276
96017
19316
32584
152
52855
11
18472
92155
33763
77236
96707
62030
34104
55524
28469
71241
22510
15352
41302
59776
43789
86616
24367
74705
29326
77875
19547
47408
56008
64074
83036
68378
99743
15620
68530
68950
15631
3355
61105
65747
80591
57812
44129
31048
29689
72598
2289
68551
87950
43592
28328
31740
30208
69047
22797
75886
46922
42345
23294
19282
22771
6331
87660
38866
21951
56191
7816
53935
75898
68921
36034
56489
43086
80163
87537
72775
69114
89827
57678
57064
49771
86006
5156
79979
55053
44306
55866
18327
86651
95512
37610
25774
18195
25270
64641
40147
97813
72457
10434
73711
41379
62820
46553
84465
42983
50442
73592
12097
56621
31270
85514
6392
17277
7022
2724
88682
51328
74942
7010
54331
70454
60972
80106
88650
2594
61099
45149
16760
33556
71935
90471
91287
34755
53376
92104
94090
3819
65696
22540
76792
13319
8054
83185
46948
31428
85909
35630
82757
77203
58992
53440
47657
36316
49898
52659
38911
10997
14160
55671
60906
86095
62494
68545
37202
15871
60650
31293
36042
42698
70185
29186
56017
78239
12371
2965
26019
14632
54948
8776
91835
30292
78569
55845
66609
28467
24856
21872
55817
39017
77543
16723
41464
56389
85268
95019
88612
62270
42664
24654
4969
12849
53841
77338
7440
82564
96656
33459
13549
67956
58588
21736
98248
37157
93933
81209
65624
18790
3081
21441
74159
96976
54516
15623
53366
56137
26994
58330
18407
69658
82985
39728
82507
53178
17067
89947
52094
13723
23407
81995
81679
81995
3732
96279
35504
97665
93841
17480
32807
96922
55274
6966
10251
9790
38942
79969
65927
65936
38299
687
35595
37636
40415
34454
7166
73834
24402
75613
3909
64161
57608
1940
62508
77692
98220
98012
75358
92061
15492
8165
5335
70766
31484
31938
96909
70426
28259
79188
52714
66559
79875
88309
20547
36643
39116
44066
10477
63518
19679
14387
44031
93639
16327
6539
71332
30899
20903
63042
39312
36395
87559
44648
23514
19043
92938
36775
5821
21198
15963
58536
4109
95839
63197
24656
32482
2313
85074
59311
82183
21105
73698
26214
14745
6378
49105
86077
37277
70008
65471
76590
22756
53030
37590
46270
88426
30528
83045
94247
68078
15360
69135
72187
11199
48685
13196
60033
50998
98270
35697
49534
19376
9395
75748
50473
32125
24854
52902
69403
11214
18373
62345
33970
87755
16287
80240
76181
46815
79637
70429
14894
94998
55916
3433
22549
4601
16629
98935
71952
31252
50984
21486
66980
60379
13586
17453
8857
54792
70355
94612
66007
5080
56957
99977
92835
73244
96570
69017
36411
92559
55798
67657
3909
11714
71091
42811
32668
4072
58098
4620
35324
9082
42458
2304
85813
56044
36109
94670
10837
6464
89282
93196
27896
62591
9525
20732
52187
6095
6101
88599
15007
61899
56256
18916
89965
43699
61727
22633
47772
36177
43605
83096
45259
86063
1753
31073
42108
37862
25743
69297
60679
15026
78845
88575
93969
88370
25659
46157
10818
31760
34756
25825
93659
7364
61093
99977
51064
39173
22610
15188
75350
66216
14636
20610
52279
16389
51683
10739
70604
93778
96388
31283
8804
75233
36210
2774
63604
61870
48931
90774
93630
39
16599
87290
7403
94044
87267
74819
49569
26229
90007
24920
8797
20996
61882
77429
37385
13565
4520
24341
7343
909
55624
32500
76142
91835
51626
56098
53705
16909
46872
63687
16948
79823
50977
40703
73868
54596
31875
23437
97178
38234
64709
22327
59230
26591
99756
12968
56508
4277
37309
80204
5186
9286
12704
97680
17473
80682
53779
87530
97591
651
51217
30891
80475
18547
87946
70695
89495
19821
10484
86673
58056
75194
9001
33638
1785
25109
46606
74646
45738
268
54850
50924
9554
83906
64957
43379
64588
18736
30909
62179
35739
82126
9422
32566
673
97368
3261
90169
33542
30098
93194
91598
5292
18547
41588
23429
43657
4547
98075
5747
4815
69277
56672
30721
53183
37981
74100
17771
56717
21361
96302
8808
3487
22076
41375
20513
19445
44636
27034
52987
91086
20228
60937
96378
55128
18877
36160
98785
23424
50587
20884
44591
19865
77556
75312
73048
31889
65764
7172
88606
87125
3474
97415
6965
41903
55142
43830
61348
16130
70864
30687
7217
7444
7976
3595
62572
26853
56107
77709
50278
6695
98594
94869
42912
92502
86534
15960
24392
68650
39484
29350
72128
59311
43117
79093
1214
98259
22923
62562
14390
10139
9601
21607
17583
17577
41554
80156
60782
97662
57865
27412
20709
56459
22282
63621
48962
25168
79581
89706
93818
35418
19056
82298
94729
62174
61391
95943
60433
666
74857
91175
27157
84458
12782
44741
18387
54337
41249
79169
68351
99114
6582
89060
71926
45216
52681
37240
86736
48614
26946
96906
84032
46002
79205
95113
24528
56948
91056
1314
73967
65913
92489
1124
66723
21624
62217
85110
75961
3466
80632
60664
2581
3566
49724
90859
65134
18757
28099
51870
67371
71397
65128
67756
33751
44333
62869
58280
1282
70278
75946
91601
36191
68435
92725
19267
90059
54943
20729
82372
58409
1361
43036
77342
21279
9112
84553
86413
44221
29004
54635
27945
401
19764
95701
50505
80449
74922
25137
98083
45200
1083
89684
97744
85870
98762
17011
75930
70057
54092
74654
44818
71806
34043
22161
93085
59507
23066
95851
3729
52071
66838
31674
52472
2954
43727
19329
83404
18649
44466
97839
80202
45549
3876
77946
31420
2638
11309
23702
89047
81753
14708
33865
53559
48751
56026
62997
8259
95445
58848
11988
47516
42038
60014
16340
44993
3741
35670
44749
22390
80136
58940
18944
42038
62816
13242
89810
81806
40903
13512
70853
22657
28220
4719
76216
93324
77097
55565
17935
72542
30765
29923
20058
72804
6289
52751
34149
10030
88421
78898
48772
84909
37838
67717
26947
17007
97311
16757
15165
38215
46621
86019
60872
91194
90738
53440
84518
84187
9006
18805
56730
56123
48728
93140
28927
71369
45891
63076
81399
34312
58326
46523
35574
12517
14240
62521
29524
11552
95631
44689
66119
42252
47060
43343
49798
54150
96783
50668
38338
22141
69473
11420
78265
34553
4560
23544
5922
66804
86621
87321
17468
44947
33845
53042
73816
64437
15564
3340
92341
27547
64382
74812
69799
11442
18155
19598
65593
14939
70266
20283
53432
56092
31703
48049
90645
52615
71594
96568
19419
74567
241
53240
35866
50438
6282
9683
31228
38198
13023
39921
65745
93757
14734
35545
5200
32889
71495
87145
47828
58113
23780
17613
14205
55483
65662
21203
24450
53608
17771
43870
28175
18012
97110
64042
84803
19744
73725
16031
57943
3100
55952
23688
96858
70686
75585
18410
3576
63432
21907
67756
37898
45687
85369
52103
17522
67384
73306
41972
20992
7429
2194
49168
41794
15656
29562
26597
35401
3287
58980
9696
22739
14932
33384
19597
1971
25322
54359
21899
88754
76266
89655
43004
38305
91377
95108
55827
75113
84766
97800
96105
8548
99994
61625
50342
15651
91187
93291
67404
10826
52271
77100
33566
83555
10484
69515
85526
52158
23875
7425
57265
16493
13433
269
54799
4810
11729
10626
79923
12848
24778
92380
21396
24773
70358
71738
56776
77897
65029
24180
88724
33652
1280
38642
17207
28116
8157
19086
80275
48384
26511
37540
64878
56296
54161
36029
61106
65891
63007
57381
78739
87786
66114
135
12559
36472
88225
69335
30721
69606
9867
19445
3258
11147
58087
36817
39263
82597
55903
35890
30981
98767
89782
12211
55063
43944
48240
32522
26187
11248
6255
4926
15386
88721
21413
27945
41545
9638
13632
72267
95596
23499
91712
98854
50998
66152
52023
6613
48749
7927
42504
96082
23046
32286
8294
78109
92582
72886
26983
18769
486
33239
23695
15872
21960
45108
60169
79858
71098
90153
52125
66694
30004
43837
81900
81002
26341
50276
87616
91442
74555
46472
87525
97601
78758
12171
92062
71341
1409
19046
6462
1896
68637
30158
34120
6949
91618
94290
86807
79069
84443
38932
62115
14448
99122
60368
11802
25463
10644
99418
33258
85199
45890
37135
99152
41001
49306
91214
28694
67067
26612
35156
68963
95249
81666
3084
18551
89637
13726
21710
85058
98169
60643
47173
28969
76117
23893
40772
17932
34537
56542
51190
36088
2433
88325
35240
59786
53983
42807
88480
21051
69419
39988
6366
81021
38007
25802
99572
27644
39528
21282
29054
54050
98277
76227
99371
74394
121
40143
8679
51010
13038
59869
87099
15471
64547
38691
91609
18530
81498
96441
55933
50918
36429
62300
48291
90788
88102
64215
18432
43983
1849
47486
14385
127
40066
13756
90873
56539
70252
99552
7549
83290
75774
11000
15113
40321
49692
6722
75203
47542
3163
31137
14812
55944
93437
63103
46733
97891
27318
81517
58226
29168
45356
72611
45647
1774
86368
52872
58313
72972
68777
82214
56262
60903
9567
71375
1224
75611
94449
92779
23153
97612
23916
37966
69908
33705
17421
32993
31597
44740
14511
89823
90260
76219
78787
35907
77993
65155
5131
52658
38127
73908
34872
10741
34811
60791
82116
52387
36402
76565
45167
59556
90529
85435
13874
76789
19141
31295
9783
67090
92387
40646
73265
82647
33217
52052
34906
11210
33559
40038
63868
88038
30298
15092
98779
81462
75884
97247
50201
28638
90164
11720
4546
80693
97156
18420
73835
16297
66068
99970
99739
58455
40616
73004
57455
73833
25057
92361
1395
58616
48751
81615
46655
95402
96707
61786
76864
88943
59034
43417
17582
49198
55138
38480
46244
68646
73253
20079
1295
39321
36401
1034
97776
77017
74038
71583
67202
15447
63945
84949
74064
29048
66564
37071
24450
79623
98857
17666
68567
57891
61084
2501
23442
32574
57333
69686
1220
30586
6117
2515
69907
42518
19901
84036
35887
93939
55619
19441
9387
35916
4390
99803
64965
70954
36874
89415
50577
52083
7082
35496
26327
84518
54349
49769
17092
11683
35807
34664
42269
58276
53531
28529
794
73432
12565
53033
67371
84536
72474
93110
20453
76864
92913
1770
64170
46139
91185
14747
14575
14619
66596
40902
99137
37297
7023
32581
48980
59182
67245
7602
17458
20776
52483
34604
10560
81400
87637
77932
65936
60111
87394
2741
53327
96660
4511
17497
59151
12049
48596
73726
26668
15192
30980
25806
52490
38003
74739
17822
97185
58337
41776
14643
95465
94259
49247
6026
75659
53236
310
57948
13347
87704
77041
83026
84364
81553
523
59868
9954
49120
33594
36622
80664
64575
78780
49506
18930
53520
83681
16116
11857
25457
47111
23674
36069
12711
29700
28080
65947
30010
2380
95647
34067
79422
78673
34783
77327
95549
94651
87281
61021
28246
23903
41685
9173
19036
7544
28103
72556
91225
44219
765
33034
7683
40791
85455
20394
70492
13536
2693
16854
32268
98340
50921
11690
93366
85705
89017
88915
80356
92650
49936
24954
16554
7973
34127
51942
31869
62231
24498
39446
22802
41615
72481
46837
82406
74288
83583
69250
4176
86277
86105
36445
969
53378
48135
94335
39083
53505
99602
35792
46155
65890
77098
79061
73864
11226
31003
5733
89809
71853
45180
28963
29820
34013
75801
28579
24653
59384
97829
28830
62013
286
65275
62983
53665
29762
73670
9100
99619
73273
61244
62127
39163
38343
57540
29379
65921
4896
51465
72082
76749
12997
1045
22922
63362
93198
51501
88015
68935
65682
33197
30948
82321
14824
10283
52338
60939
306
61438
60558
73579
39035
39037
29094
77378
96578
74826
59651
1474
26291
31733
94575
55640
32778
17497
19002
42329
85350
23369
11264
67385
56567
58564
49706
71391
85200
2044
32330
85506
79834
9241
75437
18869
48278
20883
12599
44856
95709
72250
62682
38352
20335
57258
93992
69466
91107
29346
11795
92810
52716
39411
76547
25635
97975
42605
97026
99527
61001
45709
85033
57187
54950
60470
76057
19580
81354
5008
64437
93415
93611
43471
31768
13946
17081
42112
83412
24541
71459
11559
17351
40527
50970
10250
66162
65298
52855
63188
81177
13856
25249
66211
71043
80199
43033
63452
16132
40739
84813
96921
34155
78424
40392
82275
8722
57474
24387
8487
82015
12198
20046
15718
52725
87369
42320
18887
69019
95175
98428
50196
25383
23677
32759
12778
20229
75793
92583
36361
16532
77396
33282
67039
72172
90026
49314
80894
63852
90054
5733
45867
2252
25780
77937
54978
29501
20257
90217
14872
31784
88645
65068
57167
28675
14180
86298
65256
89973
78881
1617
22857
72629
51251
89897
61153
57629
55563
58399
21482
45617
64133
83701
47870
6265
61639
19200
52118
98248
9417
66990
46385
98063
48410
3552
43090
62590
6202
8346
52563
1435
26315
91773
90416
93918
81670
51569
51547
53585
9969
73029
99203
90454
56731
63425
96719
34722
82625
48837
49322
92042
15827
95707
6457
64237
15612
49547
43180
21814
57893
95743
39602
560
87516
30018
94478
85538
97940
46026
55476
24261
19055
71031
14715
92138
34456
11434
43212
17081
76623
92535
25475
8802
88242
31933
89391
3854
97832
32571
42021
72078
28315
97975
72638
32183
27993
67117
34074
25933
13143
89550
50194
48550
60581
81261
40689
11389
92695
83901
44822
85670
92788
70297
94472
81031
18582
83864
1237
32767
16435
59610
4845
61102
57585
77483
93286
1931
60952
43712
44216
74095
49614
10763
38998
26547
92024
96039
37936
1072
96292
99110
86742
89081
69407
81215
86464
4342
81431
4053
37109
97866
63664
58306
58969
37601
35789
68607
39532
13094
12319
101
3541
78285
10864
42539
4832
2888
38578
59120
3960
51223
58230
90703
40304
43989
88270
43120
48331
69701
47173
1792
67567
27189
60098
42888
64791
12240
11495
20675
41686
40166
20776
45227
18451
47992
87767
39635
50881
42697
98755
71193
10272
56985
78248
50576
17327
66518
10048
82010
52571
57222
155
36491
84411
76605
95731
65554
88845
7227
2582
46883
63745
39710
92111
98549
87703
96230
38184
54936
55279
36940
26129
65552
10277
20730
32480
27604
87248
42529
25967
56172
99751
26122
9015
514
2727
4746
82421
7925
28325
1355
54808
92071
41065
46919
90620
45120
59501
28804
56
14781
82096
42538
80333
8726
63268
12813
52682
66868
71694
78649
23040
87797
4771
32055
4664
7499
36802
87085
31776
65127
88440
86584
73550
45857
49856
64170
90978
9357
9327
91034
24138
7775
33572
20823
16501
96840
49989
69184
80061
21683
64185
3101
9481
68957
51509
14145
92808
4663
17582
24584
86142
22374
27520
59693
84583
77376
40215
75561
86734
65894
82948
27224
73670
32872
64400
6523
46065
14389
92059
26126
36072
56245
29227
61905
41554
97088
92402
50714
1751
26336
91650
87894
65062
19170
63939
49646
12899
4154
25207
15985
86401
24507
43209
60071
57380
7609
82946
3445
38350
75006
29571
90775
31251
75150
52680
89157
72239
61435
56223
73990
87771
47873
78236
52834
83395
42175
18832
96294
62682
44039
12279
49083
68547
71841
25506
42279
95802
8452
45724
34153
83458
91647
24928
31061
66797
93960
36570
39036
55395
92793
29379
59519
40666
7615
28705
24062
66143
47537
36708
45177
7928
48988
94260
92827
37181
36118
35106
32983
44570
80830
83488
44381
88829
8416
91794
55627
2377
44717
11015
74124
37510
40394
49995
94529
64362
78700
34943
46857
26237
71651
92034
50518
36991
2646
43345
74172
38764
94804
23508
99686
91986
6996
44067
80816
15413
52214
36443
34142
96931
47458
24618
50793
4205
74614
45322
68567
53314
80265
15424
95904
68269
23810
62774
21612
26456
6119
95785
81572
17275
35645
81258
9262
42641
41678
90078
74406
10244
26521
24900
7175
90331
49519
57968
94536
40485
19643
63103
10151
16260
94879
22407
84529
35041
85181
6142
61497
7653
18279
59421
24928
53924
40680
34190
12917
82358
24268
3676
92602
67141
28576
16129
57473
94447
90449
52009
34932
10092
31465
61436
26353
42696
83843
27234
77738
69025
49728
55587
93030
68007
15009
17958
38283
55689
68501
67553
54399
9121
71229
63353
76263
99805
95834
33736
10605
86283
2097
45537
96376
33562
23325
39081
76259
7169
66315
53997
92546
16044
25936
85576
403
40945
19886
38687
96634
4739
22592
67385
13861
93821
30738
6476
9978
26572
40212
20583
29208
58661
82473
25584
92224
5798
64665
84835
12967
47332
55184
21865
63376
81120
23793
63780
22066
60032
18819
35052
64771
41411
2438
78632
51584
49528
85108
61562
76101
41672
82146
21661
16686
80971
47245
25262
86769
28262
10097
16089
75594
81633
54306
55323
62753
78100
19103
1171
38132
54274
36224
2903
95685
55014
97888
47269
4542
99348
25183
96995
57373
23681
18656
74059
4652
65901
99321
7774
10515
25770
40215
2462
7403
94521
57785
86508
88973
76888
87680
27105
47514
40256
46361
43199
95270
60601
6820
99812
76301
48355
13160
33674
72037
31816
24085
93041
14070
39758
17167
24585
81880
57382
27047
89283
68256
1184
92144
73581
78072
96176
687
41938
36432
63400
1489
48054
24001
8309
64218
302
73017
77378
50329
61406
9195
90766
54447
23265
30525
87967
64202
12405
45349
7602
18041
29957
8786
26537
3539
3211
22713
20578
45149
75497
83978
46639
39903
24331
71300
4121
40985
44317
81500
7666
22075
7047
98433
76523
46664
45310
80842
27218
57715
26191
34820
92108
72501
59959
18645
92392
63170
57710
12970
24671
49559
13300
71310
89462
53983
58963
93584
11320
19632
91436
18987
41708
98483
17420
34583
61499
79082
15425
88717
36797
57968
23538
45258
46821
83497
80255
39213
63019
37966
52183
87690
87525
81835
75353
76988
52170
34316
86924
63491
53948
78360
82478
12008
93195
16250
46591
54694
95332
78368
43411
48481
36337
83301
10091
83158
66798
90347
38724
46169
44665
7259
33860
48542
89095
9213
41882
41265
59881
28806
4756
30181
23518
3586
42190
16713
36188
5133
71407
47872
83502
31171
96354
36191
14472
6445
35701
97623
13144
74425
43792
57809
81685
94004
22704
87132
3217
64586
28397
79450
93393
49506
9632
33263
69444
51822
49977
5633
56955
37736
53505
56809
68907
66211
9352
99732
89009
45054
97355
2153
19479
57499
76315
17516
51504
15371
4648
71073
79957
49398
50524
89702
15256
76508
22966
84700
28330
89295
6685
1637
27031
76543
74799
12291
42754
84151
12023
31763
29205
25730
50269
65037
83229
42936
98905
51085
74659
19906
38511
54616
69304
5387
60671
912
81895
83637
85612
26577
72932
8650
44566
16315
85193
19365
28606
27947
3517
56981
76063
49074
82711
42684
30463
82293
1972
45721
49730
76631
65627
88241
47599
51283
93628
8270
52195
91875
8259
54159
18452
97543
62809
63019
30211
64354
82384
58817
8654
2253
32151
1069
67680
31214
43753
14495
29859
62077
60216
79590
55060
42195
84183
2659
93478
94164
27282
62025
86039
51893
16185
20844
49437
95346
83863
96000
59701
82599
54817
68355
1205
3320
69424
85237
34535
29529
99732
80746
7958
76301
60336
63018
34848
60872
82029
28327
71388
9311
90352
73779
77557
22889
94623
43346
18236
78486
39346
94289
77438
10515
78996
78643
13836
48420
80232
64723
94301
96316
45469
2259
88969
22158
65277
23818
99382
63658
68497
70770
72970
75201
44549
66879
98091
39173
10225
32679
34011
49571
26968
27801
60086
5964
22796
90274
70736
3028
54997
65037
99345
16819
83648
88314
55329
65277
28484
54711
28935
96981
25481
1905
72183
86382
85136
70274
41907
95361
19305
92271
61284
46273
20072
21371
68589
42869
27997
55677
62249
99347
37066
61594
16166
20714
66261
87847
85991
94745
42558
14926
91727
84391
33184
80262
70773
18320
66888
12681
30034
86193
21304
91318
48818
41376
12689
17407
597
57039
89436
62847
56386
26502
40793
88904
47216
23406
76751
33207
34504
35661
64485
26231
20052
14021
22845
90825
32342
89733
19858
62376
75926
41162
53694
24744
98891
82736
58503
99488
56127
47939
78687
28865
90793
35833
34121
38009
75591
10872
87568
10095
62885
68405
52678
82937
82427
75523
73762
31121
65256
9973
93497
57534
67487
63543
82278
66378
62631
57133
82219
35110
21424
77258
63975
12217
13091
98096
66578
88683
25320
54146
15130
88205
22552
67809
71142
21331
43332
61257
52452
24941
87582
62301
82475
55069
42196
81106
21448
4828
54591
20019
56290
76016
97277
20266
4585
26721
34714
71164
31756
60035
41662
46886
48240
64214
14695
35735
85545
74380
13344
54349
15673
926
16650
98148
55995
58847
95606
77443
63675
50198
97462
36317
26214
11092
56583
47151
37813
91298
18315
69569
67685
59978
16455
32277
40544
47503
68012
42442
38235
81356
96791
53908
82282
13442
52056
54630
72289
47663
32073
52316
14213
45888
88633
56779
73332
61569
3930
11145
69219
38598
97066
36904
98576
13521
85533
55472
77376
69898
14266
15611
51254
11058
69519
49889
40852
37928
4519
13141
1943
52944
81809
32508
15184
86794
89287
88516
48363
93217
16013
33934
48167
13079
87190
46743
42953
72724
18568
36681
42622
32834
52293
10228
60244
38164
76469
1096
92444
97340
14237
10739
50285
12398
43247
81821
99193
48886
70338
63908
42104
2703
14195
90271
15783
1385
53367
75088
74109
88287
11769
33083
21121
80414
43312
81366
18579
36133
82462
27375
33474
13052
54467
111
41802
97714
81932
57347
46601
68622
21256
5057
71326
35451
11680
3461
53188
81399
78549
43650
69686
90318
76733
7160
70733
36397
4878
5664
72531
87340
49391
22357
16744
3858
22468
74899
17925
4400
32246
64526
73023
69854
85935
60701
21657
97615
64162
74846
95367
59063
18496
65053
65733
11581
88565
36466
47979
93443
58482
36862
97136
24226
59219
30232
28084
81687
5131
46009
2439
37378
26887
75462
23584
12822
52515
45242
26790
16677
20088
22157
92092
54936
3562
57826
66517
8480
10644
30848
1923
69127
67710
15411
93353
43281
45644
37789
41320
50775
83799
43760
4505
27038
35574
44442
39861
88090
89684
83003
21119
26124
21512
13212
97412
41426
87390
63929
49906
98034
11130
68182
83513
78840
83593
93218
38474
29237
31008
79794
96365
31159
23554
17222
58197
59129
61664
14410
63571
67700
97413
1042
10176
35277
14254
7588
76704
17996
87870
42962
16031
99000
11144
99544
94192
94738
92763
32666
40327
40123
28813
53044
71282
52367
70267
45831
27848
48283
76594
7771
32336
74007
8814
42512
25637
39420
50101
2341
57417
54323
61655
73448
53323
72800
89344
47515
83890
82107
96534
24217
38582
25347
93614
9864
94066
63881
72048
21915
28516
48642
29686
60852
39001
54852
19717
64638
94273
86170
83331
51690
40493
44987
41490
93816
34139
30834
57683
18029
29294
70569
58598
67876
95916
52212
94093
89983
32445
66141
28250
77314
31135
74288
54518
70136
29141
74235
51127
39766
60405
34458
7808
17250
95797
49298
27418
29936
96484
85102
64317
25778
55671
22916
10007
67940
91480
4100
74275
23926
86593
2525
1240
17728
93165
55758
4216
38658
29994
55343
78424
6751
6154
2584
24002
18303
68234
51420
64592
64719
52874
28909
6849
24898
68177
16856
9190
59658
20956
83465
83584
23901
2342
1176
41629
11859
56934
45846
50518
3280
1189
45294
26384
23695
47879
66738
41999
32465
34510
6591
97184
3737
51852
20386
28635
20030
37242
37825
96040
74551
37642
95976
98452
39984
97152
56434
51843
70438
2280
18713
90071
19821
64008
16455
59869
28239
99545
1868
60704
34055
24811
74241
37792
76663
94627
82779
13045
48221
36956
9085
39124
74598
5061
37577
30934
2213
94011
99130
89004
12643
17843
79075
48816
98203
11882
8685
26442
11427
10553
3499
61834
51716
94092
15979
28380
5071
98758
41425
53292
52067
50511
92417
26665
71924
46346
57600
74138
56709
56730
63142
69352
90925
42217
18168
89129
70451
43206
31923
81878
53759
35422
43712
21828
45866
59691
50208
50937
74802
7985
20582
26869
74848
29351
69886
46773
75697
43838
37263
32406
16920
405
18110
7846
58974
52630
96975
29425
95836
28898
27655
65948
80673
71367
87776
26539
47411
54336
93829
38565
62321
14411
65434
53522
43762
35320
295
35811
79159
37558
84569
96079
54315
2679
20277
29641
71661
17252
75418
67498
62503
3073
49798
59528
90792
37574
86067
54555
8262
96248
93120
70583
10659
74906
24105
70773
26579
40752
6584
5738
94662
91153
18169
48977
10184
38447
94970
81846
72051
70388
65696
50906
89813
15494
10434
80606
69420
12854
51513
77682
9102
60986
64617
19762
35892
5075
6887
62471
45827
13472
84561
40490
20977
2731
5819
47514
57530
790
45712
45933
71178
11408
96840
77344
43254
7274
74302
12674
20128
25815
90356
29231
86801
54973
65345
22694
76400
72232
1517
22228
2056
86079
79070
23034
5162
84889
70548
79044
85679
16260
24977
73210
44020
38169
50554
87274
45444
24856
16300
81924
67023
23008
27507
53825
77981
9204
92871
54382
81437
94388
92962
83493
80467
72032
22879
85629
56921
9779
64673
58953
42391
6003
48515
2763
44172
15421
90037
5968
40277
6337
87893
7300
29345
31752
77477
23679
40957
70348
94413
38746
81089
3727
38591
61556
75759
77823
63538
49032
87602
44563
24337
46346
50566
72852
49109
94739
88273
55499
707
44902
78188
4952
68555
23886
53057
62384
47565
10366
32733
58330
49112
30174
78409
87703
91730
70520
65526
71620
35904
69481
16184
60242
15827
66750
49446
81288
77841
54072
36787
94901
98974
14976
16205
83881
38862
69262
46266
2779
79628
95351
77461
45092
25525
55870
32796
33607
42742
14674
5228
78646
507
21412
38888
32686
4514
4687
13975
98708
58759
50762
93609
74085
82090
9814
57967
37304
95429
20585
40083
75057
15936
33896
20150
57813
6118
69298
91420
48860
324
96648
27507
832
34412
82747
33518
55279
87434
47493
53987
62545
14608
47596
36631
13050
73762
10950
50355
69191
31535
6790
60601
47471
57039
97103
21636
63157
82753
13056
28370
83077
26057
55877
261
60469
54976
33780
15748
42411
97625
69735
4956
28585
33683
57939
41636
7446
68889
8343
92989
424
15133
53590
64247
72172
67045
85883
51682
49798
15292
80052
49228
41349
52281
49489
1818
7257
99621
33919
66020
97247
20006
87329
25832
70042
45268
83820
93840
30510
92163
86829
30934
23649
56772
11534
12173
23817
13769
63855
89968
29061
60259
39196
70410
12540
5037
88581
36150
4659
38852
2170
1906
58858
89499
44090
28900
51120
44263
22740
81630
52778
25922
28916
76427
82694
56802
4953
22863
70572
85160
29183
15985
45420
68379
2748
74312
89769
91329
10462
94428
30181
12633
96334
5391
18484
56776
50644
85956
1039
89736
67586
53818
15658
12855
46597
14704
86009
51550
37568
56581
36711
66751
88919
98483
51483
91667
72795
41252
99348
83258
52032
45881
12243
48366
51272
47079
21494
1916
33036
22534
91653
16974
92704
23663
46181
39301
38368
32191
7204
75936
88772
60267
59039
94043
58750
26874
85710
47897
84478
85058
47507
36510
30939
59750
1228
98564
23182
22723
16832
56218
61609
24837
89544
54313
48501
35726
9966
86869
67917
33522
79157
73041
93789
54548
67085
68891
81423
69147
16789
82253
54206
64296
18764
1497
40399
36344
16413
63581
59067
33246
19799
37028
58083
9343
7693
22936
61421
34012
9805
29338
67534
88962
2380
77676
59863
69465
46567
41286
38612
63356
39891
9170
44005
58655
27020
84404
11352
43433
47985
86771
93031
84136
23800
67467
9831
31493
90403
71253
65505
16561
591
49392
21875
2971
27068
81738
88788
73635
39376
43753
53344
79268
52923
97349
54275
96295
98105
65627
56081
62442
52399
49112
46578
92551
32931
56409
24044
39687
44014
5902
56248
44606
55294
94475
63929
98714
76214
69070
72349
31942
12823
42045
11210
82098
55746
65486
78394
53851
47465
34475
16293
16216
83587
79223
8767
32871
51985
49164
72558
95999
71418
45158
56957
26712
39633
37239
25426
32199
6309
14127
64142
19132
56173
91704
1230
28271
73542
95976
82123
21008
30451
14768
53576
30391
93992
62344
63262
45977
11508
52172
58328
82926
97330
15286
25990
53315
52525
67768
1867
75186
81895
82361
94318
54420
90417
11900
82692
63960
7877
81167
1320
54680
12287
54896
85071
6279
17240
64685
68608
45100
16857
26937
44378
30539
42223
86720
207
11100
54488
18426
86286
52736
17139
96956
23508
7556
25208
22552
71516
49437
20071
72836
4118
32359
27733
5541
54990
61325
70227
23599
22778
3436
50536
67156
33976
9111
70229
50535
20211
24717
68961
22849
93805
86100
19805
33666
93656
61365
56218
81525
10803
76290
70713
31273
25001
14798
36814
79991
76124
23393
3590
15254
26830
70478
82410
77158
79589
52639
27693
16152
93709
13006
55353
3866
15458
75158
37532
25466
52876
10103
6991
80031
2745
77705
11304
27746
8855
64470
7737
84979
87864
27680
233
31046
98158
98996
8204
94100
67987
52249
26604
78048
65255
81958
81915
80713
73468
35799
6179
26344
45902
29523
6375
48647
23580
17679
92745
32435
98502
483
33767
2718
44515
50352
33764
59025
65700
41968
53125
33688
10569
79730
28088
75824
61688
26355
72889
35156
62155
95420
77853
24409
41295
84228
73057
64875
18260
65802
13663
16762
82637
47430
35832
43504
14134
69596
2530
79835
27916
55655
29875
38485
51737
57963
30661
29777
671
19902
64934
62826
15322
42787
87235
56618
43367
76644
37845
61627
58799
51508
94741
57788
15290
30573
1293
29425
16521
3823
9260
44437
75830
55487
99274
27568
29802
29935
57345
30473
49837
38631
9651
81512
97770
13239
54482
57490
89883
92327
35469
65034
60188
46563
22823
75478
77136
40468
4903
10010
60643
30515
54447
36473
86002
70074
80393
15805
9
54091
62630
66199
9074
72282
47711
23197
85521
18545
80687
91756
10872
16156
56791
71060
62719
95966
62891
56208
36434
84146
82570
97077
14662
37017
33550
17016
23443
30296
49173
23453
84387
11804
6004
93461
84086
70067
16658
69607
88612
13697
61363
15836
46206
34506
3249
25277
30472
66140
81485
66906
50286
80407
80335
81300
33777
30238
98317
57220
60534
47490
97025
61273
75646
3029
71086
59732
73096
4097
45691
78060
17794
23407
10249
64000
57913
13498
89278
4738
95990
87115
87996
62628
83875
68332
43929
17652
98570
42246
74872
75456
6088
71898
36729
81735
74927
7815
57819
64376
11912
19863
58788
46059
59622
69037
26411
17535
98887
32041
38625
94877
35509
26622
57506
19384
94954
1435
37036
9876
60033
11908
85332
82473
158
38413
80560
75086
62580
54732
55814
90845
74595
30954
36904
34217
99992
79667
68104
98879
11709
6730
10109
47218
49704
67615
82954
44658
85402
19990
70886
45435
48250
72570
44260
48409
10983
24821
39847
73563
79553
12013
64408
70500
42967
17664
4717
59311
97332
89173
74543
25393
12255
84652
72611
61959
52267
71917
6617
54021
91907
93855
15808
56509
66425
60068
4918
77408
1241
61117
67324
97146
73130
48084
67646
32450
65749
88715
91761
79433
77889
82656
4826
90144
67308
93789
68456
35927
65706
75073
89948
73965
68929
22108
30474
51706
82177
51745
45467
99770
29214
12791
96917
18697
77227
80915
51147
59328
69631
59260
38761
63872
41917
59939
70368
25577
70080
38824
61505
35786
30250
67805
26103
15531
89914
72930
67237
88443
41027
12704
88213
70241
41847
1482
88938
19075
82398
56437
78403
68381
32050
33517
48605
90319
93456
35325
15896
63537
90502
93753
15675
37104
77911
41779
52635
67825
31061
36224
72620
72088
65281
77185
58681
23480
78668
63972
42555
77418
36761
37311
62151
68811
70828
27108
59130
80636
62433
91379
60525
69287
85132
76201
6391
63043
34332
59026
47220
65393
11603
36192
53833
93236
13378
12514
16716
8398
76486
75624
85816
13248
29287
64319
98411
16467
91427
73894
97103
70212
65273
57629
39500
66757
33830
45891
46153
84514
21270
9725
49907
32873
45918
20092
42461
59296
32606
75529
67694
25445
51153
69862
55045
96792
34181
53456
13259
25608
43702
10363
12172
8975
67992
51672
92085
18174
97564
38238
19040
18834
47963
68947
68059
93881
89039
10520
69529
37997
2401
37223
79794
53555
7085
34839
66699
57618
4648
79959
99578
48350
90322
11751
73678
74666
63423
65763
9192
77339
20353
28232
96173
68316
13531
80584
78550
18922
7456
48079
56919
9858
1655
36714
79765
25092
87905
46464
82711
92553
26423
98641
40904
33097
10392
30934
7763
90168
96697
33307
67507
17050
61539
80033
1718
91422
60617
96620
10344
84426
61052
83616
94284
62707
20330
90401
4151
8235
36865
86862
17141
79641
1856
74397
12738
12248
5331
36854
18768
18380
86513
86276
51782
48053
66309
53500
55827
43278
66473
66172
27704
27525
49788
38340
90232
86470
45093
10735
11057
98311
13950
28198
77952
15806
18947
7042
28054
24278
60248
63175
59010
46762
49451
10792
11167
32112
80645
66994
75390
47118
49518
19447
74643
99306
74139
81227
2128
19233
91962
13186
33896
5912
57736
11848
21718
93036
35242
66125
33666
95491
29300
92677
58605
95103
3469
86124
27215
84114
53118
18957
31232
2637
54756
22227
18295
28896
19806
36776
64481
11769
66314
98377
34033
24050
26577
72104
33438
78171
38229
67105
73662
83881
59782
48619
95336
63251
34743
22551
63718
4214
57860
11302
23203
12617
33530
41498
57865
53336
94626
38698
81457
60940
53427
15491
84991
80004
3947
18429
74527
58528
1886
64542
42409
61668
13161
54097
41272
47905
76648
4990
68471
50860
32644
91674
79829
82526
49524
37694
52215
44151
92744
33672
5091
46171
65515
6434
42527
69462
41216
17055
27990
43102
81597
86751
4771
11110
40848
62395
75367
33848
67385
43838
1061
16381
35512
80890
98908
85037
34937
51123
29188
27681
1147
50631
90205
83015
57066
49084
52477
98282
82491
96820
41384
80440
99923
62507
91551
57124
24902
83270
90972
8639
27109
92033
25021
78973
72924
40281
80362
24213
91404
25902
51894
92551
76534
58451
75566
33600
23888
44396
48234
6379
57568
5970
3172
57491
68478
94723
14615
9732
94345
21940
18372
21454
30325
59745
16780
19601
26
97142
43814
7782
23045
12061
16685
15931
70512
8604
65883
10752
53000
14117
17132
26920
20087
20304
763
4917
31379
31731
14650
25724
53671
49374
63531
83996
25471
96663
19950
25497
93805
63764
33279
33202
75825
49964
65485
62690
58568
31368
73442
27920
45485
6926
54840
81925
43582
71956
3194
74961
3687
34196
17038
73710
83570
96921
74058
9041
93584
94008
50890
3741
57773
84169
36944
49950
50486
18781
28992
25406
50150
18787
53327
11987
25713
24519
10264
85648
12827
13459
60609
16514
47655
93999
90224
47578
90920
64283
56619
84504
58291
23862
4598
32416
8031
57894
98719
74869
76675
44063
276
26825
62850
69955
55165
4916
10826
65429
90564
40006
95240
67525
56520
59248
61525
63097
6826
68797
27380
79797
69654
2023
3659
74252
50792
28043
32146
49511
2912
25173
93574
19540
68351
72777
5847
23516
77693
33026
5297
84609
73032
16890
68486
45904
76138
46363
9001
82964
15161
52733
62761
1167
54757
82773
91771
5549
10816
23917
71412
30080
49090
81338
65973
33793
54115
88172
57309
48160
21198
78959
49121
10582
95849
17608
72839
71987
63971
81840
54951
95484
34574
34064
96651
5683
16837
88422
27584
44005
28691
98996
74086
94134
96686
56411
27927
67154
44583
1589
15314
82134
80548
80788
9068
76397
14748
81907
64736
78719
63748
36039
90556
14674
86455
3559
20357
3293
8334
47941
63650
53377
63289
54088
63863
76327
10499
91791
43481
71435
9732
75148
53569
6632
55936
62637
99381
70684
44545
64117
65755
24645
156
72663
39319
86611
76223
76028
6256
909
40321
86259
54286
19962
40347
18150
96289
67199
26293
39771
38634
36025
14919
8555
42657
87207
87544
58390
57891
48441
22507
39998
73086
39015
12662
28757
25626
88885
21137
48235
89794
61458
34494
60432
81420
91193
78582
94062
58392
4875
33833
13378
57252
65104
38285
16261
52311
25830
74651
26554
74271
13510
82904
63710
52525
95566
8819
94504
803
29957
59091
6949
91415
93585
67382
89188
1130
45964
83250
75875
67192
33435
89253
40796
14891
43891
57058
83554
69721
48061
10108
60344
61572
93012
40406
30449
4931
49226
24953
5734
79183
84044
12684
86950
93981
80066
92490
95112
42382
75740
87339
25926
25527
92944
66723
40418
36835
40133
23972
22908
4546
50432
99605
82470
59797
40011
12920
81080
5589
37873
86814
1124
38270
15850
88075
32251
12268
80565
43715
54651
72658
31054
96929
14537
23999
80004
71308
77186
20137
11632
95
41036
62065
99700
23506
38214
56063
36426
19294
61653
90652
22460
62777
28922
38311
67204
77525
50579
64122
21241
21582
53132
68647
18512
67669
8998
98516
38977
86185
35006
50610
86280
76042
29027
85980
99548
83593
42043
35975
2887
20048
26627
41699
82826
71901
80010
66382
49426
46942
30504
87019
68524
83636
55667
87036
67658
81017
1905
22987
67202
36911
73597
53482
12953
18976
55814
28853
2569
14210
81180
21808
50610
24159
63508
49788
96060
59870
16171
45487
6812
63027
48858
75337
63016
20877
78725
30674
1895
80630
53661
69097
17541
43611
38932
46846
62587
11098
92052
81509
25308
73232
19669
75919
97392
83177
42059
93452
59400
58230
55291
66212
21258
4150
57901
626
25027
36627
31300
43274
33609
1313
12372
67503
61276
67656
30701
23864
78754
22753
21725
20415
95986
41394
12686
9730
40924
54745
3182
324
12976
74826
82888
50586
95328
57142
51212
36707
10121
98864
79982
43730
177
8706
27585
61454
76362
58287
1670
55116
97392
39747
75531
93378
81141
88217
19460
38417
42963
22643
55093
72291
13821
54334
39229
9149
11476
90441
45856
37949
89305
25838
98031
5834
34544
25617
83640
10906
256
1662
82375
97648
41409
57906
7379
22551
62476
26839
77320
21791
65834
32414
94082
79655
86748
33311
88804
14576
40104
51013
52525
45761
76851
66908
51595
27748
92525
51588
55006
9133
53250
37381
6782
94660
11640
30513
33563
74116
73704
10883
95907
39539
59649
6341
19194
62749
56004
24351
77325
12460
75364
46202
58221
68567
13111
26168
96315
21988
77756
67674
31122
47359
5055
54256
42019
16695
84769
91934
7163
58473
19169
3070
14364
78819
25763
49911
41568
81767
90614
35246
94227
65978
97800
68800
50897
10911
94969
63565
49252
89077
31239
80374
36436
36294
50982
94807
69342
52103
86741
76505
26928
5911
95928
41293
1082
21691
91204
42650
19811
81818
94248
30390
64148
92049
15543
15045
19312
10512
78610
68564
15941
26201
65290
52378
62496
16272
47185
31838
68375
50279
24695
11656
56190
20623
52949
73624
58667
60505
16274
94830
58675
26875
41572
39175
35276
57115
70572
54588
67627
65535
39505
99921
91736
4795
52299
54232
37420
15836
2422
22147
82467
43470
33803
55009
64093
86752
28633
39112
63609
61260
33942
22284
88135
75515
77811
23411
32630
48384
94351
16610
13919
33856
16531
5655
55004
85182
59888
92424
17370
78662
14571
99838
22132
64727
54847
2578
67831
99833
58042
31441
61093
91985
70077
49228
83852
47889
88991
32834
96273
83342
65796
10192
17199
98679
15847
72203
83861
92087
64627
17584
87102
95550
33774
25586
76629
4973
28164
44461
4806
86207
92254
65899
94544
62331
15127
94748
26572
20470
27582
22845
3813
93379
49389
21012
92058
81589
93215
92272
90028
74194
26208
77130
86096
59982
2717
62726
64955
47233
23539
86114
49792
15793
52013
60688
78124
83493
55436
4697
3963
83019
43894
7776
92750
9636
45140
1160
91225
54707
93432
81253
45253
19640
74736
47702
95974
93805
10428
77282
41038
50319
63396
7183
66112
31761
67871
60588
31606
23308
81637
51922
22679
25532
76050
15429
35168
21191
16589
42745
75898
26374
40350
37504
46014
15086
85206
41989
8891
11986
35623
66282
62305
99019
73465
28417
47132
41336
89005
78739
64644
86995
30661
87323
12527
6711
19104
64047
44254
35694
23144
20153
62068
63494
74009
24434
78581
59215
82775
87472
71201
18398
53754
33506
33769
43571
78275
80902
84908
83632
59641
65904
70627
6654
69580
99506
13365
88684
79905
57620
40730
3049
94125
2798
66544
68134
43585
61477
43701
26360
48949
14902
61111
19056
64760
94880
62627
59387
92134
63887
43019
51775
29792
29999
74781
99372
29505
88147
88056
25763
62119
28787
28812
72596
47937
11708
57082
91522
73185
783
34235
38487
32037
11698
73895
96797
6578
36522
72536
98713
16762
15555
66840
46554
45554
41622
45926
91412
46121
50334
17175
24592
95473
62339
97188
59763
90400
54270
67637
63585
71405
1872
2072
19794
13570
92319
16591
36501
45194
5479
51566
61956
21034
18406
8510
82941
60028
70788
90705
22501
37474
24232
47093
32948
2923
44281
92711
93323
14903
60348
56909
2660
78573
75333
22454
8495
67653
55397
44996
12847
60876
96562
74803
98263
31321
99665
81204
7701
86805
88261
30203
24279
12493
77296
57227
15416
37930
66290
8740
69185
42991
82001
71846
21564
73686
10652
46411
57691
66050
91408
70538
43278
4322
61693
41541
51995
77710
39097
59697
64515
27358
89900
88795
56203
83548
62374
71620
37830
28665
96712
7016
88008
95065
95214
9572
68751
22218
55983
26443
88268
63743
13333
47899
84418
91379
89440
36413
85441
44890
96110
49957
72248
2362
55104
28452
2263
17478
16424
40093
62495
29488
63461
50503
40905
58675
76427
26008
80894
48763
52451
85514
28858
82137
49765
29628
89868
39206
66042
75309
84096
78504
25266
72696
97219
96722
17500
99482
30553
50276
55927
93048
79764
19389
59904
37021
94416
52683
63030
75310
17798
31833
77177
46657
13970
26942
76285
3838
82500
58679
79148
82948
53536
20766
55645
50755
17489
73145
66589
64394
23422
22516
57442
19538
58257
33698
56560
52674
2734
19590
27984
20532
51423
21513
83541
81746
64808
76179
1936
47308
34858
97436
46609
4746
34555
2254
71853
68396
91751
54794
32790
31525
77311
6584
67416
35568
40283
40328
88242
59369
76270
32579
79901
44045
70444
79795
25791
35252
55974
44080
98913
7184
41516
45522
11931
76071
64128
136
44467
72231
54931
77257
3757
32242
194
87525
84162
40477
27853
88757
16198
4123
37688
96099
48168
8132
92246
90312
59737
48220
34392
58650
55405
92260
20524
83688
68332
84652
83824
29151
56883
38755
22761
76992
87349
22955
64517
87864
79784
8722
76621
95982
29197
30661
8433
93718
38793
680
84030
14882
65252
34774
89884
20657
27034
10408
4345
11718
11412
4522
57222
84648
43277
79983
61640
30627
19290
42510
18491
15426
67584
11464
27760
96782
42125
52545
90500
97270
53225
90882
12153
18478
25656
18389
55487
52690
28798
76185
64409
56562
80707
21631
41210
23984
17966
19203
70963
53608
78065
5806
69034
45649
17270
96794
42431
75747
49339
49283
73018
18917
40165
1523
53747
65821
19912
25586
34864
65062
1771
99273
21625
82478
37256
79187
22815
71574
98390
93778
25182
76455
15937
10568
22105
33207
7362
80888
8955
73053
46524
98325
8322
86689
16200
78421
68863
52464
4008
20079
17527
5779
35704
55504
4610
72960
51043
43777
60886
49434
53907
86068
25889
69844
96636
64346
19404
20350
61587
44711
9755
8111
43036
18078
11152
75588
12851
96367
28052
16859
16446
61931
38991
52150
33787
59953
41462
84831
3730
2348
34265
73989
4768
76506
43834
1404
57205
79590
38106
35144
24301
47862
59607
83689
82292
70759
59277
95143
83479
87329
28355
16277
49261
83698
84780
99400
43651
42594
84231
63733
61295
18496
37722
66063
11355
97908
67468
68560
77498
21926
3704
18151
69788
79663
1840
68432
50422
61117
63576
50253
64799
8283
82883
30412
91981
67663
29812
51984
26609
14044
15717
87904
48892
69791
53968
60247
84052
37788
45159
77902
59714
65215
96054
45855
44878
97894
14287
11653
59012
94215
78258
40163
2498
61141
70575
10831
45156
387
62815
71766
14431
78532
59670
79676
64676
29990
39923
48728
67778
1435
26630
43845
66650
39036
89700
27881
36931
3987
39534
12295
14555
34144
52458
17053
95286
23033
27885
56794
39772
7052
28560
54204
1937
4583
50232
66613
34573
90155
31693
18704
91590
74675
62549
74593
13712
52249
18826
66995
72588
58360
79290
87143
8856
31748
20549
4142
71133
64786
60937
10905
71838
5849
81461
73775
26784
31693
40388
77710
38201
88433
96414
46143
63109
75315
20736
93173
43916
39562
60168
16504
14274
39458
20000
39483
87558
40549
43625
58691
5335
20914
85948
93525
43116
67410
67301
69900
99103
24041
63962
37304
12475
60376
99800
91936
52043
20536
1461
95959
76451
61629
28816
7077
17439
48816
46560
21349
5717
6538
80040
27404
43804
82340
20929
3272
49750
4582
89525
65206
44976
53487
18862
73803
30216
18662
65739
82259
55551
83552
78219
48354
61533
23387
55431
78972
88555
18344
321
94272
41234
96713
38028
85038
79053
75309
4663
45156
79892
94188
10362
24868
47675
29224
98671
77891
64239
80762
76503
19790
80666
54722
68144
42199
94461
39927
21171
83016
74623
37844
77288
15857
50909
31668
17248
29962
6977
21911
75118
3221
16099
1832
44441
80126
31057
59464
58018
11648
40226
50873
31438
20892
21947
15934
79443
16408
55861
614
99424
30485
54810
93064
46342
5719
24732
79942
52034
48061
18205
27152
51283
34304
28985
95724
30783
76394
55189
5153
88042
11767
56026
35832
49012
77973
51766
28455
94381
7627
45422
10157
54464
232
3221
17159
22304
44305
97101
74338
92366
15307
1490
60001
65963
46827
72078
96746
39573
43619
18251
43967
55386
74277
96151
20750
52250
47917
65558
62983
71897
10980
73140
42713
27564
92713
59872
49868
37018
73326
24206
45737
4985
42049
5738
70948
5228
77816
84047
61154
37787
18650
5121
9526
92928
1273
30276
61530
65542
95834
24514
53791
23166
14006
96505
50731
6720
56377
16951
43738
29703
57510
5827
51040
15911
11566
21989
21139
5734
22388
98645
43522
41038
3767
53048
50318
21392
99676
11849
3286
95511
52715
57078
35029
66721
53583
2112
73441
26312
19064
33532
72368
92926
39359
23408
8837
50925
61749
46328
73012
84137
44974
32886
41528
65093
85934
8198
2837
1962
20047
6123
13825
72762
79553
48855
39484
33136
50967
29277
75801
86383
62809
48169
79309
2169
71577
88146
69446
33327
34475
58810
33816
95801
91696
91696
60894
93982
99895
80083
95945
36294
86206
9770
9057
65760
74977
64893
15248
42297
94170
91049
28680
73332
39218
7990
91853
10796
12488
61299
60475
63315
36462
10643
59116
28158
2340
36362
38493
18587
16445
34438
54881
19004
60560
63938
84764
51890
45183
16364
94187
55706
7414
22867
29038
62984
47209
20891
90132
59698
98542
50607
23013
35004
61251
98482
79515
79943
51196
18008
98530
83994
68798
53411
2998
29358
33702
4114
97600
78885
20478
91787
34591
44244
14655
79981
7229
78216
872
97361
37914
99415
64321
77280
50771
25572
92114
30286
21867
43310
48294
20397
27304
17092
90160
30302
62803
40214
50768
60403
35452
71247
68543
86395
15491
99550
66377
39072
77766
83601
36434
15681
99368
755
9313
50140
42679
1427
80426
64546
44737
45073
1295
88394
78517
7807
18696
57672
48022
69465
18076
99826
57064
2971
86221
88907
2521
52598
27980
80287
36200
64414
95968
51920
81521
21633
2060
24200
23060
98839
5098
67798
60264
22745
56192
38781
46904
91240
96454
11278
77057
30882
11104
34121
33853
97326
39381
36374
49924
67361
16661
2476
48127
28982
54397
29648
50615
72809
70200
90028
88000
75298
74178
48264
14395
46722
3398
61299
37962
99852
72578
31372
47086
83682
81845
80939
81008
21226
33665
47285
88587
66678
66113
36714
95660
36862
82714
62628
26024
52914
52656
14024
28212
43186
62289
42607
89908
65687
20259
27870
81891
92837
75594
28977
92871
57440
26268
73880
78666
59933
37517
83606
26611
19982
36672
38624
73197
19387
1252
99221
72301
70260
13245
16866
13446
91886
75825
19706
73925
96084
63928
72168
5273
39523
17497
98145
96963
43765
88377
91981
3698
25894
91939
46662
62228
28612
85286
35425
47999
2890
34646
36652
89502
64244
53518
19300
72482
29344
39006
62760
41780
2934
34928
47054
42457
52426
45199
55772
12543
33576
64106
32594
75822
56045
79256
38050
84657
64542
89828
49008
83784
40826
85661
73286
21422
39179
8938
93905
84875
47944
73017
26656
67230
24297
73710
26040
76723
35261
81812
5619
68837
45918
38213
61011
18316
17469
15413
2973
98363
5241
51982
82147
46068
37643
71785
67490
93174
97075
77747
94402
61371
50764
37410
28601
75062
11120
54641
68137
62733
52806
90108
31570
15076
28321
8933
33392
45790
24346
36366
60505
29588
4700
59004
92008
58695
47141
75850
68221
44216
69950
62623
5587
20714
33
34189
12128
27505
5182
96618
90238
57988
86726
38160
89417
31400
47093
22809
93542
87792
75527
54048
17380
80227
13052
25740
55274
76546
1590
23496
20762
71540
86119
42702
8607
2505
93243
37087
30010
14777
50057
36601
89118
36784
91113
78535
68184
38207
1344
61726
42351
93224
32126
76083
73451
61531
1823
28726
38077
19765
52222
75191
7658
54693
34245
32617
73550
27488
69704
3561
42266
36114
56514
31384
72898
47627
9919
57434
2186
27615
35512
44537
20839
83991
20620
10643
45522
38795
55721
99951
58561
24295
75142
82571
95340
9388
15188
68891
53228
1244
88804
95494
37358
45318
43230
26608
92945
69501
394
11484
97117
35907
56021
34308
36250
92994
61303
81772
31789
17024
98075
90350
57671
89569
89273
53012
15309
4461
21903
68538
22058
10707
80384
59416
56025
23615
86025
65322
9468
2771
76806
22937
38678
49180
57246
91280
42174
34901
73052
73963
68278
71127
80666
25949
60697
69939
78961
76006
90753
17216
60896
12811
27923
41281
88579
300
81248
74604
81975
90716
93728
58781
13654
32406
24313
87252
23687
66487
38505
13091
40451
6783
571
21117
49085
77620
7408
28046
69978
98161
61615
30875
27324
5890
88508
15904
6191
86108
90508
4518
76824
84236
79651
6830
32995
3965
10434
73034
70452
65292
2477
10903
72075
19400
48372
21160
97020
72133
65559
66999
70294
27174
14226
97619
33064
2734
13523
55607
88842
20383
76477
82018
20972
56129
5201
70319
60094
31987
59705
46898
97279
78534
57802
85707
97935
22526
23219
94955
94659
88778
78306
81306
32304
8884
78925
81721
11618
8800
53680
16812
45535
30158
15183
66507
86287
36736
53178
62733
85075
12883
9631
98707
91418
83785
84414
89353
6312
7633
660
17323
12764
95319
14981
61420
4203
93906
43141
32174
19058
13174
65338
64594
43332
96873
47453
29619
33609
632
8704
18685
29867
18335
33744
37637
2121
18158
26990
24785
42143
44003
58460
71259
39322
73442
32680
43525
83700
92173
75699
2759
5347
57390
83705
65031
54263
47510
11002
87873
48142
19706
22910
94362
54394
56654
31999
56515
91164
75342
97652
49659
19345
56112
20919
58667
45906
69951
18544
29607
78476
10596
48718
176
67986
48775
65207
38601
96285
76210
26474
60780
12268
65736
55142
66662
38742
87141
39529
29906
62483
37181
79566
98180
9646
16837
73199
71904
86788
91744
1511
81616
18692
66581
81792
3030
15356
47000
41631
27994
39562
84458
88774
51830
50194
60268
34845
5289
47409
74374
51547
26245
27908
47465
24425
37554
64302
97625
9458
67442
5721
27322
49059
24413
10255
30851
43795
41964
94203
85426
69958
50117
69884
75084
18300
36431
35352
53145
58072
82761
27519
9619
25358
71779
57085
49784
9333
21387
63761
35144
5182
69482
78818
54241
10247
89073
1444
54042
31037
12000
39468
17347
62117
25705
92431
80417
78488
27783
33562
36560
26897
77434
46179
52255
49213
3264
18391
74899
41004
82152
26395
46186
67986
5213
16779
78233
10638
18223
32275
58028
30223
88096
75375
8693
30153
84159
89110
24993
28294
39025
61553
55191
32811
24084
23799
98376
43701
58542
73275
84705
40695
16022
47243
25033
37587
64022
3267
48226
98597
51894
22606
45173
56342
14333
53866
86495
98492
42976
11488
26787
98353
89393
81978
31164
13478
22129
29541
57179
80672
19168
58236
37719
51543
21831
62752
89130
85853
82371
53708
802
50618
76314
45975
6960
90648
16193
93456
89140
59170
21296
32279
73875
10690
30610
5040
40520
52739
50933
14051
49763
86453
72287
3834
37996
94118
82939
43479
96323
65310
13539
13477
15928
89854
59453
39241
96854
75646
32697
2346
51168
70345
34626
25044
97387
65236
46436
54259
34327
13721
68310
443
16526
56949
4277
70875
51067
87216
14354
63742
68879
27893
77220
1159
34099
53025
40400
30953
45023
89449
49652
12544
59795
84278
53940
73534
65866
16728
27794
16545
46801
96104
16988
63327
53054
21266
34202
20473
24834
64908
568
10065
9154
94140
11225
43253
63517
51625
90559
24892
41075
40211
37436
17222
40841
7728
7108
23059
40808
34902
39604
87609
47359
72945
50937
16765
10563
1491
37238
35397
66400
54158
45463
75554
48298
73040
35159
11815
24665
25718
36708
82092
82281
90496
15666
39474
14577
22775
62533
55385
74029
18490
42995
21388
91435
93932
38153
1998
95423
91744
53747
78175
45902
15562
53729
94201
88602
5241
22368
13268
30959
59076
11712
29593
65925
27379
69067
80502
50154
31601
35887
24183
50091
78882
61924
57878
89166
77
59876
942
8173
13623
79117
54076
29186
49199
64629
17788
54440
86997
47408
85399
62426
59121
31344
28351
2852
412
25205
53006
48365
61092
93541
14808
56327
71817
72686
45493
88247
48914
62787
96420
62537
41905
50496
8075
91104
15125
42216
45544
18475
5976
47295
80901
81449
78640
9252
84301
95404
50809
53659
60121
11901
63553
74929
84580
35370
63967
46426
23617
12881
9213
20038
91770
51118
86886
99846
58574
2012
58414
4118
20487
64390
67766
17740
62192
62758
43344
46493
58162
94153
153
18283
6054
63706
9564
6987
15428
73531
53413
39046
2764
78978
59084
94534
46449
45970
10732
5023
64334
85498
25494
1173
66241
93260
18913
28433
56018
78609
74926
30532
72762
91431
65167
95169
71489
74731
2156
86918
64614
71921
25964
83730
50899
1400
78264
97348
63722
5349
2372
28057
90847
44218
45582
57088
37478
80848
85521
9848
59457
76800
40380
32220
68231
5547
43741
56073
96630
45897
42991
61244
34170
85307
44974
85069
86707
39590
98770
66781
44939
1142
11190
52139
45360
56773
9227
99190
53973
11101
9038
29782
87901
49418
62002
72484
71317
22095
44909
67947
67992
87900
29191
2162
89559
90517
3584
92618
30107
2354
59400
91399
19848
70590
43538
81560
43715
69117
80750
97688
96570
6140
27471
823
71910
5825
89660
43227
27921
34569
11174
12265
22470
56717
30780
28381
47234
50716
21000
93693
53070
80400
1444
72918
50990
61334
70830
11058
46804
51580
8746
43374
74072
52569
44198
45982
74747
50210
89209
2668
84779
16735
31285
23601
73452
78417
51983
20686
29133
72983
30731
82203
53383
32176
71473
20725
93510
42303
48135
56666
10235
56882
41
84307
25803
60591
46641
550
10801
35850
19570
95580
68937
67208
19182
42389
45625
71165
79427
74759
44148
10159
56962
13883
58687
44788
50960
68549
87091
99096
25216
13679
72330
25257
14338
98133
2200
60980
15036
13001
13182
50958
24933
82120
18166
44115
24509
63792
31632
3937
54903
92132
30448
11865
22367
89135
73005
73328
57684
76449
88776
82900
90128
61106
24509
4466
75591
26709
81798
6979
56062
94981
57938
80996
93453
92456
41463
34314
72600
73096
54603
27503
81580
85051
55721
3948
74186
28726
93628
48223
5175
82404
31123
95303
59862
71985
16122
35453
98694
97920
42433
54757
9253
16723
52105
19058
9179
93568
53373
81780
83016
7976
9283
64597
9380
81356
84897
99918
10083
78525
48141
15258
77281
95617
26914
37143
67602
43036
88948
82648
57308
47733
37405
82914
64456
5862
18324
89988
99431
71697
88120
82447
96026
13755
63396
21758
95112
48293
21676
5195
43170
69818
36805
20451
65435
63719
73946
33037
23107
62895
15685
96768
10628
69443
96034
91437
75305
14358
97777
91088
2408
2249
89888
98434
16004
53284
20192
27468
17930
41868
49015
77452
28038
85821
14256
93473
65892
88202
42862
89000
67449
58548
2120
94430
44343
98154
2219
36000
12512
99996
27089
31272
2245
16977
46058
34601
86613
82602
62070
20895
24471
11085
98348
68861
13258
12604
62335
79151
17158
5197
84503
960
80097
86623
95390
40792
1129
97609
76793
29993
13957
3882
61266
32554
37211
7324
83507
23824
89927
45577
44720
30750
73015
59420
99611
86273
88376
78298
81776
5534
99848
66279
6494
96297
69254
18236
37090
86735
32197
13883
16729
46154
34117
94347
95060
71328
1671
78568
95152
7950
40497
56224
55052
29864
31996
71016
16138
20372
49314
14266
42259
65514
80546
65105
61812
66152
83342
15254
52888
15539
29137
69617
78046
63254
80316
89458
50934
98339
84378
46086
6290
24876
18663
61342
54740
50659
32358
87230
71032
98025
1497
29643
63539
98395
94748
41703
64547
78090
56957
33787
9982
2446
19756
4380
65700
72
93838
16634
98412
78217
79073
4702
19445
14088
82396
90537
81099
31107
77768
68483
29132
95617
98126
9023
10364
92875
67079
91263
87317
24036
25051
97299
26483
44807
1679
8535
44880
11870
41522
59644
6439
20595
80698
25884
51035
63094
16421
32134
10553
10541
618
56037
22510
98744
81413
32874
91619
48492
24138
95289
72528
49189
92588
15363
10348
10620
23899
55228
38842
65421
31224
45281
2368
11922
71165
53403
91369
3938
1889
1922
30832
2507
74312
53342
17604
55725
86217
25575
4217
10355
20864
93097
75896
29805
24813
86244
40425
48712
57825
95619
30485
89049
40900
49205
972
28417
2608
8693
32355
20849
26967
79539
23357
1279
32882
57313
73356
19099
82888
93925
45806
20105
87023
21702
49910
28188
24298
6687
76900
82123
2306
23737
87525
43206
72942
88497
71623
91902
13542
20330
12751
40509
99870
52460
58141
49104
9773
31497
84555
9014
25423
30361
29119
28798
68415
79029
56986
92713
85716
50238
91189
88022
73975
78714
47580
46917
83563
19203
55171
97105
55885
67922
53966
72107
36735
12107
37563
46508
43605
22118
71874
69028
52479
993
14178
37246
80022
71164
46312
82090
37754
53853
86464
11729
32567
34044
74998
32482
69599
46521
45939
25485
14443
99905
13944
51178
28365
51508
14039
71970
73626
85913
57350
42458
86907
71528
96056
83281
59044
42368
81724
96798
96221
68188
24879
45140
2233
16229
77622
71832
62750
39913
13669
93545
39819
43966
61076
68184
11826
75115
56506
1804
77380
30208
44262
80639
18088
40319
80273
77132
99039
61997
90282
95261
30185
31513
56753
48770
64094
34376
36955
26844
74289
50624
20389
30460
10942
97817
14996
22768
72932
87854
24573
66665
18062
85187
47304
36150
41858
27577
29634
57250
5926
36268
68863
52464
67781
25616
1234
31875
76344
54541
75071
66986
21518
11813
97446
32460
9630
28795
71581
98915
16649
12506
65580
34712
14045
29236
87214
55904
73166
16849
29506
95444
53117
98369
47908
37251
23985
65495
85478
16682
20036
60550
83668
41554
88715
97466
90367
14697
26261
61948
13612
59263
74454
95544
10327
4851
41133
97541
60755
30651
14390
6613
26095
83860
4982
90356
21111
45320
55851
22941
62002
92239
99843
45670
50146
88558
59488
40513
19608
85750
18813
49572
61365
9619
61469
71692
14470
2602
85585
91578
49605
16328
98191
75700
188
3174
66056
37651
48494
38259
60592
26848
30499
76788
72518
96997
65346
32006
37510
1306
34108
72675
50879
11825
82294
12348
83517
13116
31302
85455
4694
80907
1783
2886
72959
1971
22412
39016
55974
87258
93627
16566
14106
40478
93354
2976
37475
75053
51334
91337
76359
1795
64012
27238
13620
62658
55938
13490
75775
87240
98945
96821
84499
728
16059
57459
19051
54823
12827
75025
42081
6454
7943
72539
46933
1298
75515
760
92703
43202
92098
85414
44997
72462
29005
74969
51473
84943
4811
43600
88536
3756
56773
73035
20836
72833
30494
39887
27656
43321
14912
86090
66128
22856
58629
29413
40506
50497
30173
49561
93699
38623
34975
55048
27438
63980
46369
78911
65276
51181
38863
70164
71289
95636
43199
8478
84821
90046
48365
12478
49719
79630
98568
15847
18838
73549
45260
75696
24046
91786
25257
34097
30409
76584
89145
57847
56917
51867
53110
38545
19400
8325
8709
90689
3962
68260
99167
5135
58306
63885
17613
8026
43515
32533
40225
78705
6083
1838
54401
30129
93624
96010
64227
40385
88946
69724
14585
62215
21591
67695
760
40991
92373
9469
48033
12687
77730
63552
17822
52388
27437
51788
60414
87304
84321
16992
66009
90404
18830
36762
36886
12454
49124
17465
52839
38071
87189
67424
286
25133
51472
17399
82476
43845
43220
46861
56532
20950
10414
90706
89691
37851
42494
66457
25156
26816
83449
7517
33572
2279
60632
86810
14733
9756
4275
83925
64179
7817
51349
80818
49302
19173
98217
48130
63018
41437
94992
35902
78740
5406
42961
84783
43257
85455
51240
84765
28623
34690
92283
62196
36969
52915
65358
68055
79023
69634
51980
43203
93803
19681
40373
43105
38855
54942
91235
18225
12731
2579
70480
91471
7985
13441
76254
67595
15248
43847
52360
43872
78537
60995
22420
31858
30262
87778
99913
25638
73764
68245
85193
67567
4279
25566
27024
59486
80508
34612
77711
93239
37191
64543
1063
45177
94336
93669
29124
25937
53868
97836
69809
32405
58832
8581
64264
5446
12711
80529
31084
86476
48775
32629
70395
53054
58195
13772
12540
55055
48384
6603
64647
1927
87499
82062
63456
98187
92083
92580
24124
45952
90417
10285
78357
65601
18866
58973
87399
31578
39503
34836
34406
4630
67465
4801
57684
25661
18573
86576
97068
83309
9531
78067
85237
97030
60129
48693
11570
68565
57626
35694
14517
48043
45980
9226
13644
81198
84552
1043
12776
24055
35879
47182
45037
19697
68336
2721
61710
3261
5649
58778
86571
15180
36846
88160
28563
13327
36853
40133
81892
94479
92179
12761
58874
38159
38340
88870
19358
39244
6266
48486
63299
58497
12021
24688
78194
96709
43761
39904
99970
49410
98683
2893
80942
51881
91053
9505
81560
44259
65990
79805
55090
58170
92566
13965
96329
47258
2835
32039
86502
25453
96878
66153
83951
8899
90841
62145
5608
34602
2050
21930
364
17085
24824
81307
68966
15877
7164
66878
60136
73155
46683
31579
31325
55602
45544
44006
2860
64731
92398
5715
90185
89276
88220
74136
14527
79062
36281
36487
30016
54683
58417
30381
71768
99593
28040
57086
15471
35204
23965
91959
24711
70648
23538
56036
26250
85434
16395
45463
50166
8793
67530
56703
14421
55750
47191
45300
51164
83472
98139
81181
54508
72908
27914
26276
72502
72306
99715
4325
7510
23680
96284
32222
10680
36175
4610
36931
21609
21005
98746
88127
46150
66276
44830
76923
22026
92021
22223
73191
91846
36714
70724
62706
9623
14990
5334
82125
87296
5049
86450
11158
28729
99086
59732
39410
35261
80695
92693
73223
18052
91439
77702
64203
74067
38885
57478
96093
47258
96054
85636
55456
32768
72712
18162
42391
4054
23497
40868
91350
28546
43670
18861
73628
42757
78593
13038
94370
75640
22083
83945
93693
13522
61648
74248
3941
16885
31726
16386
64143
27780
2023
19600
76901
91087
37762
35644
95142
77611
76513
2844
22510
20183
21705
96138
79292
16651
25528
90015
92291
47611
73960
85984
77485
51960
60232
81426
68845
8311
97812
32989
52443
16187
68941
29344
7275
23055
64989
2417
667
57854
5261
23177
94389
43319
19315
73682
76322
44843
63697
68613
8806
54009
70950
86291
5970
47534
67717
91167
55845
65529
40508
24641
98069
9449
53985
5344
32505
35326
24113
49524
93180
45726
89053
3922
89045
24720
77604
65367
85915
57653
50333
94721
11662
37635
81012
33984
85169
65081
41504
57367
46962
82012
82008
45031
91462
52345
50375
40319
87672
90840
6195
97204
36567
95248
1126
25612
19968
95082
7332
5883
52735
57665
16956
80750
11652
97968
31086
96821
79401
72590
70540
26363
54603
68900
71395
62417
21246
38122
19088
25270
28963
25283
22474
65530
20531
39953
7494
56851
35035
14826
79086
4123
88843
96042
1225
495
10362
32311
13669
89763
21254
84209
16126
92209
53110
3873
54626
90708
58348
90066
15978
87311
15349
38452
69193
52232
94757
76687
9083
29793
7866
88169
50268
96709
84211
51493
13557
10925
83804
27226
688
21410
27787
33166
13619
80897
53392
84597
87957
11740
74663
3935
15403
90012
58740
84596
42244
53497
77635
51327
99642
85501
55848
49910
98563
56411
1403
12120
67336
1560
55698
84376
22970
83485
17543
52942
80735
70935
37539
68692
99027
12203
72628
14430
18567
31368
15378
60812
1217
93013
28491
860
94867
692
67122
9782
57103
84878
21902
40792
86438
93952
25168
25760
77437
42711
78702
58172
29998
16242
26865
29025
44797
15845
59807
63364
47213
75185
24176
64782
68199
69020
65642
79418
69712
49117
89200
26815
33995
27454
67607
20433
21406
9128
62545
98843
68191
41248
73368
98190
73842
233
43567
18639
16078
3375
98355
79643
94912
22532
44425
63111
7904
26420
58881
77616
75537
48081
20783
25884
75535
4743
62669
96941
13871
25214
12137
82062
82814
85505
96604
56656
2090
56524
91647
34520
76251
90003
14163
71163
28887
74940
50627
53143
17712
9508
30759
9601
57590
67894
35485
49477
72637
98154
62771
2860
23369
74908
1275
22535
76765
14231
95544
78855
70755
87191
29727
47006
93546
43890
34522
38785
35182
85149
91928
52895
94657
39039
62496
52247
6934
97982
18077
95923
12488
80848
15136
52209
72108
16411
74745
48873
46994
70289
44080
17750
73832
73807
81108
83731
34049
15630
22516
69231
17131
14445
22126
11789
69836
975
80388
76770
15309
98465
89046
27797
79313
4182
80007
51421
36945
71104
16646
291
57745
77078
18041
31577
67237
15502
15308
1286
47484
37825
86870
64616
68622
25348
92757
38458
26323
73145
31581
41632
71611
20627
85782
67276
41161
82141
35050
94458
53245
68048
94749
10990
45127
29143
58919
12364
60997
74228
30003
24833
28405
16873
89449
13379
42221
82206
68189
68545
71704
99770
26529
59667
36749
28663
43295
94262
10804
78345
88720
80401
62746
99822
91391
24225
45317
50311
36589
6314
40891
82944
31147
85648
99817
36949
99027
42039
35507
67216
26936
7211
83339
69817
83230
20088
98481
26526
14351
25637
21223
19423
6039
83969
35597
13782
8194
80914
64093
61136
87228
21336
44080
34728
6984
60250
71677
22363
18641
7184
5932
45577
30748
89271
31746
13978
25711
46579
56856
40062
72217
78080
75838
78256
78401
11435
92038
86596
92350
72484
64084
95930
10172
24516
30658
33509
84766
2335
55872
3407
25872
78156
65336
56620
67427
97083
86950
93139
43662
43807
49553
32231
38239
25391
26839
16640
53179
18878
19588
45529
7714
83672
57811
17886
8189
88470
67747
9307
7157
23620
12715
33029
1776
78051
6001
85556
91486
9304
78695
51501
69463
44600
83732
7702
86344
10572
40694
39523
45802
60283
1404
69868
60307
59215
4106
68496
64037
71854
94156
71195
11826
6871
20576
29954
84922
26578
15510
92761
35882
10557
44262
21697
55158
44346
29399
57854
54918
70093
97377
17072
46728
15133
86940
7036
74348
7399
91884
54738
79253
86040
25933
7431
92911
46509
37385
94186
89439
69248
86947
41673
79805
47561
63370
51315
91907
92769
9169
63178
79215
22898
80250
25943
38031
83543
32979
28732
90942
24864
83470
86547
27256
25755
93978
20168
72264
31363
30706
78056
611
17653
19729
96769
81566
83100
64436
73473
92221
89958
36651
87788
12856
33254
30084
67240
33149
63063
12324
40443
4279
12146
26990
31536
37901
37320
68056
26517
85035
98762
4573
1999
32767
40655
98768
14333
40107
79556
4158
48680
69514
40810
36469
98723
90416
66553
65963
23565
45968
78287
64008
66600
90433
7350
14488
44686
61022
98896
71203
46057
97658
92129
48056
46777
32784
63176
77462
72891
42733
81620
21571
28599
38782
74392
27322
29198
40945
93285
69115
3266
87924
49475
86218
94709
56825
706
39395
34199
15954
10599
80257
29964
2728
44665
76741
51864
7842
54203
24755
66927
52175
62678
95526
90958
37071
22849
20156
94368
32486
5624
13986
20411
55099
204
31472
28277
17262
70868
62476
33216
97819
42733
63180
16899
3751
56273
68763
27945
26828
9870
94872
79004
72548
6750
69962
25971
29599
6470
20340
78438
28446
34326
15201
83546
50883
46673
11823
68145
33893
90651
17714
31712
33385
97246
48611
53488
53520
33726
81433
80348
59948
76305
75704
32497
83055
62018
74820
29007
84841
95160
23797
13287
45839
38998
96833
13074
85671
25008
97571
19565
15660
15285
67629
65397
12532
32593
18885
82404
66319
318
62752
26268
92975
54809
75117
92382
16827
49937
37741
1668
61450
61538
14956
23641
16888
28141
53067
2560
69502
50638
38477
85162
65924
22458
66911
94808
55051
85796
77212
37723
2466
56316
80343
95441
11125
71812
87823
27953
38101
41917
45973
15903
3455
77281
55896
20344
5423
8963
39256
91277
59602
94085
76439
41878
16543
43350
36686
87947
45498
30250
42022
47964
2918
22365
43405
14044
10529
47580
58349
48630
89497
4322
80886
9305
97956
36782
46001
19731
45746
1609
11008
5348
95694
87447
63578
28589
47149
16616
32888
8999
46866
74910
56963
49784
13627
16720
80180
24156
80652
38529
89139
86502
59204
70025
95807
57160
6807
58160
76891
68905
59769
4251
74253
55463
8050
54183
404
55199
70799
33293
64198
34017
24555
37513
154
54535
54233
80334
95043
51237
35216
84182
37739
10772
70559
49898
84284
93719
8058
61175
62624
67827
65426
53230
39642
89828
7413
56399
45027
94565
6044
25577
28582
30599
79442
28736
85134
50027
25423
96530
1264
76991
80712
39004
87763
67624
88902
72047
61343
96961
49574
40319
81140
31352
93549
20783
21180
17315
77182
82559
11880
83226
24488
56814
30177
3930
85551
31664
53957
27326
28194
55221
4317
25258
94225
92080
9234
99480
80479
70577
96441
30053
27249
77581
61405
37150
14716
98937
54465
8250
81496
82697
91476
5984
39512
38006
9914
41415
86022
63871
68741
14216
35444
89410
55826
46022
81490
65061
45502
78321
51990
58295
8374
79239
52228
86131
16390
66945
85068
70855
75195
66564
53553
83024
72548
9417
37382
98814
50832
23404
79037
19573
53972
14481
8983
9798
76855
6825
74859
22357
85146
26850
80652
9872
6089
49233
96003
38831
16178
97423
26039
7725
63987
95944
7101
52887
5361
44483
51701
56193
84239
47090
92118
38211
77923
17453
48010
54779
40630
22869
77136
42128
66071
74141
52000
88513
23374
64355
27344
55904
61778
53383
63629
42117
49327
70731
95004
71040
31566
63057
27233
15806
26499
35703
54017
4422
53156
18379
59201
93786
57601
52690
35914
23672
26831
4266
12185
50205
68621
55882
22461
46751
9265
86090
88868
74945
73173
224
45985
21092
79633
89571
53250
6132
25274
23619
26907
94783
41999
86108
4921
99600
38798
40836
39624
65629
61454
68162
32186
30076
24044
54647
93179
49661
57090
82048
24606
46615
98624
86944
67707
94610
92867
20957
742
34493
44577
44001
29276
2928
30110
34198
18880
85260
91386
58504
67242
52840
26666
99428
99268
50710
70428
92448
372
43870
90848
41330
90485
89472
44626
74545
84082
37493
11854
1177
71987
72783
45178
17615
75711
91640
51813
94591
76901
43199
69448
44143
12392
96114
59923
11660
63177
46703
4108
79901
6925
11308
37583
97411
781
82210
88308
1215
36055
162
18744
24394
72946
63923
42010
65009
71915
10175
59601
48816
69727
29049
9311
82119
41515
85587
10131
4692
32290
14240
84593
39216
25548
38529
52979
42681
20739
57639
60249
73146
57801
78993
97541
47099
59268
55903
12109
31184
66078
88062
96352
35805
33463
5664
34276
74978
7603
44408
96023
39893
75000
96968
95461
16900
35497
64792
59582
56236
22431
19831
45735
80233
98824
43276
43684
58093
15531
55793
5629
81609
43855
1981
33767
77318
23997
68043
52297
31600
12451
64672
87846
87451
61640
99659
4352
97138
64452
80286
69726
3235
16469
15461
99820
31645
75089
43505
89738
90620
99298
11719
88582
43154
13701
22349
36824
54050
90392
5473
85651
2844
70145
89849
6647
31786
89508
27351
45276
53960
7637
15002
73548
24106
46816
73368
55752
21905
16873
61842
28878
32524
73562
17460
75678
3615
39809
28854
57665
30201
34328
59668
49397
4473
49517
72397
52611
39026
99748
97887
9338
7386
29242
82886
47844
76058
56255
19948
14315
89480
98143
43193
22004
71705
60653
14034
91672
16814
42889
65689
63368
93569
25358
12765
98042
74875
85162
67006
30253
1263
81245
39592
8649
10487
38830
72845
86545
11437
92794
861
918
90937
60406
22922
78994
37412
36957
87018
54226
96198
52707
17594
89767
94417
46712
4161
85645
48226
71167
15898
49489
52413
71842
74490
62900
27025
47336
65798
38462
56482
83011
39380
63771
43417
78655
59117
80829
31964
46135
35056
28162
15194
69002
17929
9612
15714
22090
95257
63941
9610
27507
29782
78375
15702
4273
57627
42727
67961
23425
81189
24443
6436
36922
4566
66206
15577
63683
47035
47541
26170
98443
92055
41364
67446
9984
67328
99512
48426
78937
79805
74388
22797
9588
52763
38499
30213
10391
97578
98174
33816
78767
38969
56605
32041
43535
22811
63970
23570
86198
27863
49740
84642
19918
7456
68440
46254
91137
67952
94681
70074
64110
85421
92871
90050
38185
47722
20263
48576
45300
34789
98744
40420
73758
71701
72461
33645
94512
52784
73567
97063
80647
23307
81705
16918
47115
66497
63172
38252
50801
74205
24679
14911
59627
33902
4961
97812
97977
41576
62740
43277
76365
77836
49
66475
49538
88863
16472
60402
41647
90039
57465
38646
29698
55522
55564
93166
22019
18737
47770
89173
92942
72449
4084
68921
22704
25398
83085
20681
83326
45825
80310
76044
40014
80360
58871
5904
69223
75344
82658
27222
65383
40124
65868
11434
11998
21433
4600
50370
40170
52370
39543
49464
24820
59979
18386
63876
1729
1471
84557
85056
63649
81219
61100
20015
61579
19971
25919
47154
11667
8577
74376
93403
65053
40245
4837
93404
61678
9437
43774
18200
61807
99669
67664
2979
59648
2402
66855
61378
20226
67764
62786
227
65336
23886
20242
26915
60209
62513
90422
71877
87442
64798
65280
52496
21395
86469
62252
99425
95906
6026
17625
57713
22047
1642
77045
81695
4044
60252
59425
40622
28017
22211
40849
9705
62449
77443
36620
22659
39956
43394
10888
27399
8193
92520
96247
45940
78989
58499
45366
91247
80877
79343
65312
2924
80985
42357
84619
1382
2610
60397
42004
46979
82608
82854
56684
45058
76649
9656
84069
16606
53051
11309
60357
77596
20181
56604
39888
15522
15103
85254
6769
95980
64598
72081
15256
45583
30791
16227
63317
33401
76624
5322
80380
59233
4528
53416
20643
81177
63072
21064
14135
32475
32373
74492
26423
68906
31096
66312
84428
62551
51566
91197
74883
32516
79630
90139
94452
10421
6367
57769
60174
82991
63091
56906
58576
83971
10322
95571
65149
89747
16635
95636
38574
65360
70129
64998
34266
1225
31310
18694
80129
99228
26243
55012
48097
22226
61504
42549
32647
67871
318
9174
67214
79762
66080
42143
63733
76403
54066
45234
82502
70702
57223
21076
52414
27352
86074
3033
44929
33736
38079
25058
49317
64323
96423
97414
2901
57927
39963
51900
42150
56633
61074
9364
52747
27155
67859
32833
3558
21926
94419
2412
8980
51642
23488
61394
78994
25915
80779
23924
76003
18859
65334
25320
99534
61757
39086
2435
36036
95401
54335
78186
52035
15410
3903
21134
58917
71762
53967
78827
10040
48387
81239
19020
29
21079
96767
95376
46994
77546
35652
22998
96405
986
64670
12291
79096
20109
14726
15132
15510
85414
93319
83897
17176
13574
5032
76093
85336
58999
54920
11729
7386
36159
47101
23768
57238
60220
19144
20585
37767
54796
59935
50524
55782
40957
62816
51230
61066
93894
66363
76577
79308
76034
76826
96484
5960
81858
72577
7648
40858
43849
19377
64596
80008
66479
4716
53599
26699
23860
90536
80818
78656
50471
47695
50791
91428
26863
18373
52495
20757
1088
45424
16418
77122
22250
12902
83082
4109
1832
90731
61319
45681
26460
42267
42042
92939
46984
11993
35991
87196
2529
33161
65853
53000
80856
32996
44428
7719
51369
13275
44829
52458
58699
61247
