12804
11716
20166
11050
27106
21048
4178
10218
25913
18520
11234
17796
3687
8716
27785
29311
26715
4686
12976
11637
21369
13889
16906
9413
6277
559
29520
29550
16384
14498
16772
5540
26215
6938
22942
29673
27986
3472
9892
23900
21992
21126
18048
25679
6195
15833
24991
9262
26871
14319
27252
18241
4560
14158
4006
10837
21069
3526
16739
13805
18024
3512
19345
20591
10450
18639
20265
14789
22112
6509
15041
14104
3987
3089
9784
16534
25275
11127
25797
22146
25446
23049
16739
6358
13559
20745
23547
4628
24271
10287
18434
18648
20151
14131
15591
6953
2771
5856
28094
1235
18717
13135
15339
22705
22577
1475
9239
24204
12602
11388
16350
14400
10789
9442
20758
24348
187
14306
5329
811
945
115
19459
27448
14246
11402
10753
23369
17259
8848
24604
12328
21983
16296
11385
14560
17771
26977
8764
6726
8365
1467
21126
19155
10909
18237
19855
17448
8895
25184
18259
9840
25299
14070
13640
15898
25473
24393
15619
19084
3241
16576
7764
25225
2872
19150
16137
26995
16127
1254
3721
24492
2721
1200
19999
19982
19437
16207
13782
28332
17743
8394
14524
19395
22464
28164
5293
24289
22557
27264
19725
25799
13840
27490
27376
16712
22992
19865
20060
9119
21119
23781
9963
192
24981
29963
26526
14418
22522
10309
19102
10265
18703
3626
29660
17519
8142
4953
18161
700
2218
14238
2851
22410
18080
6579
9123
11072
26444
29183
20191
23916
29316
155
460
24298
6470
26987
15068
28992
13648
10523
9257
2351
20501
15270
26222
28644
20223
20735
29344
28793
4974
8547
21204
23054
15126
6679
4127
17922
12214
670
11838
17882
7177
12299
12180
13647
15638
3601
18991
29286
20476
4601
7989
10977
19871
10563
9621
16446
1299
15317
21592
6273
216
12796
5679
15342
25827
16158
9617
14393
16829
21455
2275
358
10106
20808
20358
25744
761
9349
1382
21237
13950
9371
8566
10173
26287
24540
26620
27586
9857
18212
10211
10074
7360
15890
1768
9539
8401
11385
23932
1582
9193
26207
1940
19299
23367
22298
21396
24128
1648
22778
21717
21950
8502
284
8476
4789
24824
5096
8727
11033
29660
18938
27459
7020
11180
5580
22911
19581
23317
16843
21163
2510
19402
23104
28162
12770
15402
25910
13250
23402
25040
4968
21705
3542
11604
181
14683
6428
11629
23410
23813
11289
18700
21273
24661
29881
3205
17572
25814
26522
10767
16978
29033
169
16434
3547
19291
1836
29457
8894
1591
24497
13862
23296
4392
25466
29829
25427
8246
11458
25190
8411
29099
13890
6036
112
20123
9241
24036
15938
5764
4803
9268
11149
11324
25702
21048
6968
27538
20505
15862
5481
21354
29724
5129
2098
1542
4958
27526
16140
22768
22716
24551
28219
12958
588
28331
3082
16181
22367
25372
21945
27170
4640
9446
14847
342
494
21815
4232
27351
7677
16066
18706
13753
21195
27156
21647
2506
24682
7787
25274
23750
8690
23494
6709
15630
28177
16143
1812
20545
17867
109
24067
22507
9556
8914
29201
16402
7081
9785
13754
14758
25851
8812
4863
23399
5968
26510
25905
7003
10649
27531
753
25692
27377
13814
11322
25555
29957
19486
22452
24176
19596
16519
23035
29152
1786
22236
21906
8867
8374
5660
29978
4225
14472
4841
27624
26793
7704
29881
3796
24705
27413
4549
26749
1142
18364
8072
26697
24673
3910
19149
25202
23506
12021
18237
29010
13807
16826
20917
22674
25200
26577
29004
5777
17402
10198
9754
20547
17902
9635
24343
18959
13400
5244
15709
14543
29960
133
17592
986
10395
6742
26188
3902
25115
14425
9264
8922
1251
181
7948
26451
3111
6953
8581
26865
17151
18335
17412
11405
27970
18107
6716
11371
23351
28777
2266
23312
5262
19858
24298
15658
2952
20486
19560
28067
11263
5176
13341
18867
5358
21290
15318
14821
4595
251
11686
28098
18586
5450
15855
16557
23557
22571
4280
16908
27701
12898
16572
2963
2756
10870
24973
5709
7708
14533
10128
25324
19710
23470
14191
1420
21112
5861
16241
25707
6113
4279
157
24699
9729
16012
17608
9638
14935
21888
26546
18988
4786
19471
21952
13895
6693
16925
25956
20754
7811
6084
16078
3873
5906
269
11645
3370
6130
4238
5429
12243
8517
5586
13295
24598
27950
903
4236
19238
29144
7134
8226
10282
26605
178
24177
9651
23456
26485
405
7619
8922
16483
17844
14828
23104
29489
24551
5586
3727
29980
24182
18596
5567
7477
13194
9869
8380
23782
29107
13876
916
7334
24159
3874
13864
24688
19877
7320
21174
20282
21291
96
13117
9135
14924
6221
8624
9475
11807
12351
15808
5989
7299
27727
19818
20493
7596
28199
14275
6704
18427
21544
14038
12586
1770
27902
7275
21647
11575
28449
18281
2866
28545
1398
12002
19821
13971
26978
5649
25778
9330
21457
8120
16629
19184
27938
13475
3132
2489
4102
9836
20917
1998
226
9855
3768
4481
17130
1767
16056
21931
20048
25274
26828
27798
13628
16650
11769
10607
28651
13900
26289
26460
22020
12918
21996
26310
2745
25128
28800
13200
11317
26069
15198
11543
5924
25319
16024
29407
27086
8432
21338
23487
3707
18167
21285
17335
11169
9407
27942
16172
23307
24231
18984
21679
13502
10980
24341
22599
12460
23141
5799
23777
25562
20998
5321
1487
16317
21345
7246
19755
29778
4936
13242
9837
23103
10880
27172
10624
26639
1467
3148
26298
25698
22132
17977
15552
9464
12318
8152
21925
11812
13951
15702
13726
11301
21023
21565
27618
18721
28811
17374
24851
3748
6968
4688
3203
24200
1860
20180
20839
3327
23328
17137
5378
15461
11466
27282
24925
137
5434
23202
18301
25738
8905
2027
7039
29928
23593
11010
25001
28756
4736
19852
2504
18056
24540
12060
12257
2753
2240
9448
12432
25568
2938
17810
17381
14404
15093
18659
20893
26879
11861
15546
22617
20766
23926
6009
27047
23871
17019
28400
22627
28107
18253
1484
16163
12793
13544
28420
15546
15784
7869
4331
17704
10807
28493
5086
1563
13586
97
28809
16818
11958
20707
15787
9077
14633
21796
12476
8504
15167
10876
1132
13274
29129
2616
29438
18275
16160
4210
10173
8296
18431
14504
26000
5590
12998
1086
13506
2936
7535
18667
26106
25846
9374
11894
4923
24008
10042
23751
2512
1562
10979
9996
21188
16461
18964
26978
4736
11476
1189
21261
19772
25972
12118
15773
1563
25116
23211
15069
4404
747
3736
6863
26593
13110
18757
7868
13470
5151
7971
15983
13065
18950
25979
4254
5411
14944
1232
16499
26420
8773
14113
22545
4746
26231
8318
6309
27699
7881
27730
2103
14980
7818
15318
17925
27280
4075
2145
10751
15579
10116
3086
28644
5419
29065
2898
17182
20361
10483
10034
23134
19256
24147
15679
24002
20378
349
6663
18077
14582
10745
26532
29563
18563
11851
23840
22196
22278
25986
2947
14209
12454
6033
12854
17873
11450
22104
11408
8164
8939
21442
7650
28196
15589
29681
28550
5967
6382
11566
396
20964
22311
26928
26879
17227
8779
20720
9423
7410
16706
18722
21619
29160
1107
10825
23386
18909
9282
4794
3425
18221
26236
11075
22769
11825
17108
21320
24144
23490
9238
24540
14455
1549
21468
11334
25128
6600
8406
10903
20362
25112
5977
11981
625
7084
22807
24011
2346
8441
28805
5771
26662
25041
23199
19432
13218
10307
17104
7362
3798
26342
1902
24605
4243
23370
12291
5724
6322
20698
16627
26684
15810
28957
8666
16435
6041
7825
10446
14739
22618
15603
20511
19280
10644
20062
15064
214
369
2168
7576
10519
4862
9478
5124
15458
9201
17416
21182
15523
8114
14161
12208
276
13118
27226
23064
25512
11403
9862
10251
4021
25466
7114
29653
12462
27176
14718
12677
3898
23238
20253
14417
4453
6084
25894
19911
15285
13310
17445
808
27776
1606
19368
28052
21077
22946
27468
22941
10701
7331
3192
21074
2797
16659
27080
15259
20187
11798
4288
24085
11388
24542
14855
15841
626
10749
12104
22263
411
5901
23071
28187
13860
18792
2591
4937
18090
60
27878
5144
7391
7422
26218
16540
24081
23298
1799
20621
11448
6088
21058
29189
6982
5913
21382
13960
16662
9839
6223
17073
15740
5646
21612
29600
24438
556
10889
18881
616
8767
24025
14359
22542
26595
899
22975
26246
9050
13596
14046
21490
4655
13235
28472
16920
4618
12432
3583
20809
25007
27008
6549
654
24973
6150
1444
25529
17039
20325
2497
2159
20702
16856
1053
23650
24107
24028
19896
3157
13977
3942
24648
24984
23530
29472
11904
4500
18257
21839
25309
13264
25200
8210
20270
20173
14360
21715
22054
7752
18392
24551
16263
15447
17759
23668
9097
11866
17696
5345
21375
8025
15639
22375
3009
9169
28200
14914
20021
16457
13105
21682
6073
8305
29893
2696
4830
14253
24411
26884
28357
19155
27787
20972
4602
15546
14640
20051
3764
8689
25396
25140
23066
11036
17515
26076
26557
15715
17342
22931
8524
447
14613
20950
15105
14506
29998
19935
28760
24409
16820
3469
19916
14607
794
24519
6506
15434
20922
10270
475
16319
5410
23542
3707
29278
19618
6616
21345
13312
29547
6222
20111
14161
3524
5216
28667
3522
1504
3779
4283
18324
7249
24199
9283
8043
25070
15789
29829
15993
2412
305
2312
7822
23847
12371
13452
19817
18987
4798
9481
18535
11020
29592
2696
14544
11161
1363
24418
12665
5143
28701
7341
18744
22900
22976
3139
17971
8766
2968
3964
11178
3273
12628
25352
3472
24999
8805
29641
13986
19955
9122
8873
7327
15067
11569
28223
26228
12933
22641
15245
24428
21342
22586
19524
20594
15562
22663
8565
680
25631
18881
18210
5257
7861
19915
15081
9212
28720
14723
23199
25027
23845
8424
2354
15264
19994
6929
11492
9279
29570
3089
10059
27264
25675
29583
17858
17590
22246
2776
24622
17877
28009
12833
29486
5871
2748
14568
21435
7820
29291
20986
9199
29488
29411
17905
21105
19405
24834
2597
5036
24404
12039
15095
28020
14066
14678
15878
1656
6924
25006
26279
1153
29368
15464
640
11591
24564
21560
3026
8736
27203
24013
17935
3043
23424
5840
24148
19181
674
3098
24217
1430
15137
9312
29450
29203
23990
21680
7212
7266
23039
9843
14771
22407
25307
21763
3998
26223
13323
7024
4959
16878
7389
29246
19922
813
5086
14070
19994
12112
23520
20563
19894
8657
29875
25696
14213
217
23728
21425
13835
16767
7620
28607
9174
9279
20370
19524
5502
10046
2901
16813
26924
10290
16059
16846
11104
27497
7269
7450
9609
7141
28014
5855
22151
4241
1551
6364
4459
25279
4141
24646
18399
11761
23253
3925
21040
19976
23450
26542
22
26351
19707
3298
12993
5766
26497
449
3263
10118
7900
19224
17259
12266
25079
9410
16507
26630
15774
27318
28261
26267
21965
16660
8028
21570
20586
29068
11546
14036
1962
17920
16739
21669
21219
29732
3787
17716
182
7050
27834
14434
26274
15093
3052
27705
856
19559
24335
16630
23230
22597
12898
15195
15609
27278
6765
6195
2699
24664
26583
11013
12584
13322
9035
10155
19407
12822
27871
25941
26225
2057
10375
22499
23503
13427
26557
24359
9338
20892
17341
2568
19841
6591
24115
11803
3870
881
17998
12921
1897
14582
23934
14481
4256
2969
24637
23663
15792
28860
25956
12017
7270
12683
10868
7125
2462
7425
7836
11801
4670
1529
20721
863
8121
14837
12666
18343
22070
665
1264
23967
21599
25198
14800
25855
4520
15789
25871
20312
21002
21827
8681
28272
10863
19549
11749
13325
3327
19585
1478
7997
21114
22200
15212
29235
13389
27879
23930
5459
4896
25194
5778
26495
26745
26930
28702
1265
12720
925
27929
3722
29105
12962
8346
9968
2511
20095
23293
12190
9680
24772
26539
7146
23324
11752
12734
6713
15983
6664
18524
20879
8211
654
23726
11308
27584
28780
18925
16656
29706
23206
26730
5163
6168
5076
15131
15031
1523
14776
27222
11203
15900
113
24702
9224
11865
7436
22289
4200
20452
10813
25079
5015
11467
25157
16323
15404
23938
11600
2060
29996
4806
28791
5159
10974
10219
26642
26006
11743
17770
29580
29298
3671
29693
24000
19247
17911
7788
11537
22111
28241
22350
23543
3256
10170
25052
19580
25574
25342
7532
3986
25338
12339
2777
6849
23313
12997
9843
25671
1092
27614
25251
390
1285
24945
24391
20532
12856
2179
8421
11319
6772
772
4862
10029
10942
29915
5961
12868
25257
13493
16854
26948
25832
25984
10149
25498
15333
19993
21169
16425
23959
16421
16815
1596
17718
17558
28480
6926
26090
6902
18245
2862
7674
29460
19243
24968
5727
25204
7836
7336
15050
1042
10636
17234
27026
20786
12732
18711
17131
10254
5136
11090
26675
28304
12686
20745
22214
11166
27671
18304
18068
22268
27519
2094
28080
16762
3414
3807
18319
17602
11144
9721
18645
21780
26955
22023
18918
16040
10735
6049
26294
22223
17139
29321
20527
6177
26418
19094
23696
24089
7398
11764
22709
11269
20211
20790
4384
23625
24597
29055
11228
12093
8776
6225
10226
12083
28248
29144
4475
15335
11546
769
7559
5037
6442
4438
11215
2860
23532
4911
3301
7283
23027
26011
18552
19590
23153
22936
13216
17750
28343
796
6196
7119
7021
22774
25555
11621
28270
30
26957
9816
7152
10868
14854
19946
15306
26069
22807
15191
7332
2460
22474
359
4823
17378
19950
27976
10315
9518
22079
15010
16666
28275
22130
23687
21049
24037
11660
25671
419
14969
5488
7571
25837
26694
27518
17496
29115
26677
2687
6447
29137
1513
13158
3961
18891
9460
1937
5558
25330
368
20569
11996
28643
19051
12035
26044
13088
23696
21716
13507
15017
3556
27431
10855
250
1301
4703
29365
27978
13742
12164
3467
15255
25322
13780
10498
11135
22070
16057
6465
22438
12978
18462
27434
2029
6849
23478
21469
545
21546
4976
15563
25102
8759
2770
1704
10060
13825
1069
14390
3919
19585
17858
25526
14908
1638
6024
26043
60
28433
8860
22499
11411
3674
19933
13440
10524
19763
4909
17421
11310
16238
9336
12764
24997
18458
20821
11410
2283
28242
25800
12554
17828
13658
8080
2736
21649
14105
5131
21709
12538
20343
20560
23950
24018
10493
13742
10894
6609
18652
28315
17919
11242
7652
7035
12591
2462
4208
24001
4746
2451
26154
23652
20279
9812
1733
29367
7813
15838
4498
5875
4728
1193
26435
5030
25211
13281
18773
6105
19890
13777
10773
14161
1371
18425
27548
13962
20887
1757
14316
1985
4208
10470
25638
24487
26634
3723
23854
4448
25913
4704
10323
641
5897
13110
12024
1109
26391
797
13566
16281
20926
24339
6794
22297
19116
4343
6259
16356
6100
26927
24693
10308
7397
26683
11147
4032
406
5001
8480
2671
9705
25155
3313
15602
14617
21689
23063
11009
28838
12982
3642
19764
13673
16789
18413
9142
21132
1024
25498
27232
27952
26543
13892
5349
29579
25039
9381
29985
40
24213
9009
16097
25720
12322
8051
10338
4011
7467
27699
9201
26801
7693
28965
10474
24482
17378
19616
21966
24754
21466
25550
22706
24362
9442
28056
23941
10833
13789
278
10873
14355
9287
3322
16427
27961
17726
26765
8324
25193
816
17525
28346
14862
16490
8820
15696
10220
4789
7663
4975
2607
3213
4033
26969
12656
8441
20910
23489
22231
21189
10715
12938
476
20389
29365
28438
8115
2483
6762
9660
9651
640
8006
24513
23482
23179
10210
3703
4320
24225
15030
6927
27438
19063
3897
16446
3857
24807
16288
26088
22348
3355
15378
29177
96
14743
3967
14564
23578
17081
576
3230
17721
14935
4095
11204
8114
20657
14907
12434
14882
6289
25713
18673
1704
29610
5119
5561
770
27759
8001
23118
7466
23379
22295
7563
14475
26262
22127
14405
13344
22703
17635
7417
13990
28083
18621
22104
18740
9880
10890
3623
16169
6604
22296
24226
12566
3767
29787
13336
7879
14141
12807
15345
13872
5102
22908
4699
7717
21387
19105
27413
20443
13092
4830
4433
11175
23452
2890
29916
3332
20132
9891
25854
26736
2187
26432
15655
12306
2571
28991
20185
16712
11798
5531
585
23253
4791
5284
970
26179
24389
4735
22974
13834
9565
27407
25009
9369
297
24925
19054
20430
4816
21260
23518
13355
17692
9173
2014
20263
14517
22199
6976
2667
4082
13913
25920
8874
25549
3242
11405
26291
7977
4379
10125
23895
8138
5134
3264
8436
6412
28670
5218
17580
19930
5088
7288
7622
20614
9302
27886
11483
1501
11214
14150
11936
1479
10071
20810
27028
19665
2215
23319
27643
12946
3444
27890
21084
14931
1154
5872
27695
6177
17442
15275
26107
22531
22563
10082
19497
8217
7968
980
16071
25534
15130
28007
27013
1553
18817
393
21219
27384
23713
25214
16682
3509
23104
7766
24792
610
13639
22487
6787
1081
14115
9247
29964
6678
19329
25813
14896
3649
26793
967
29183
18276
5326
2548
26181
24143
2941
17400
27879
3006
12614
14561
12868
12070
22327
14012
12681
12318
6500
25820
19752
20615
5067
19716
3645
24396
15530
24893
28045
18675
2212
3580
13303
7538
12480
9485
8033
15422
26885
5912
24780
15852
26825
14000
27922
25505
28013
16955
7823
10865
12776
3927
7832
17843
23644
11477
18592
15526
12723
16637
10553
14935
26570
23857
22474
9050
3342
507
824
6579
12772
25605
22431
9597
15957
26706
5102
20322
13661
19278
1187
2789
23205
15371
20633
23201
3201
9225
15079
15924
2214
25633
859
28784
19490
29685
7835
29184
193
8659
5763
12965
10616
4547
28914
2926
1253
10369
23248
21266
29647
788
24056
22852
16159
21041
22406
19360
6618
7485
11636
15184
3118
12496
13969
28960
18533
28156
28144
18726
13167
10260
8043
23784
14807
13310
26710
22412
23679
26310
13678
23326
27098
14086
22530
13258
5127
14936
8970
18097
28774
20607
3282
1892
9455
17251
7205
27988
21759
5349
23067
4926
21961
7462
5062
6768
20772
1772
29180
20803
4435
19211
20481
1533
3297
13012
21143
14777
4300
6466
2874
9426
27073
6156
11319
12880
29759
18524
17220
27870
225
10287
2797
22187
24102
7859
5307
21226
15984
10840
12030
20419
6403
2511
21952
16052
21875
19448
829
2528
25914
10056
11954
22987
22564
29625
12219
28676
24501
29439
26546
24727
16079
29343
23266
10181
13555
4925
1407
29539
15765
19789
19958
22168
22301
18262
8221
20528
7710
15402
23056
3624
25458
5011
2963
24375
10988
15182
23051
5490
20974
19597
217
7053
25293
29835
17234
8848
4760
24993
14739
26878
14783
4697
25398
13436
22959
9971
3964
7022
25374
3373
10646
27184
8384
19962
27911
19372
11496
20962
1214
2470
16912
7783
9523
18557
7618
3109
3757
18731
28103
18496
21961
19238
23193
17359
2674
22504
3683
6638
5878
5409
16363
16525
8945
1099
12839
6857
26824
24335
27819
28038
3158
21083
5822
12681
9640
19792
15791
13397
8523
20246
1893
6836
9484
1438
548
12158
295
4231
25148
6173
9640
