3949
406
8546
13098
11182
25855
10884
15507
19058
28114
3504
2088
18993
10401
19232
19272
21364
9273
8256
10276
15174
24425
1782
18996
10697
16564
12488
20853
6805
7071
9913
17106
7477
24811
204
25012
27019
17440
16871
16077
15555
26728
18165
10900
7129
7397
173
4845
16670
14781
21474
8196
9207
29608
27193
19904
16173
16033
17109
29330
29456
3374
16437
13286
28186
22993
8298
25205
10434
1521
17634
2341
4601
5800
19593
11731
19549
26118
22928
12572
10900
14402
20768
20107
14011
24313
16363
6536
16698
9824
12218
16155
19550
28655
29441
17736
28001
14091
19293
8435
21964
6928
17128
26566
19080
6721
14649
14981
2840
7577
3905
20092
28332
24674
16551
18695
25339
9266
1583
12038
19090
13801
28193
8640
18809
3986
2729
16810
18077
22022
1597
16393
5302
18725
12959
734
25446
27608
15716
4638
11538
19621
1082
16222
20647
17633
11269
15987
26899
12852
4377
22341
3005
8922
7334
21814
12908
10063
8624
7337
8437
10221
23730
20092
28946
13042
20826
745
17002
6542
11735
28540
26164
12818
21114
23163
6803
2383
9150
10055
21587
13527
2396
24593
28801
9730
16407
11709
19793
1384
25398
4583
11605
25481
24675
16904
8523
15501
24001
25525
28396
12088
418
912
1258
21532
24075
8062
268
3226
18117
28207
23105
20513
22800
21907
6596
15560
9968
2741
16944
5367
7324
4901
848
8351
21805
15723
23853
22158
11248
28601
4247
11666
29513
5505
9551
23588
13567
16171
26814
8036
14378
26272
4902
7179
18179
11498
29091
4499
14239
16035
16218
27916
20936
23418
6267
19094
9141
6472
11252
20390
5073
15499
8408
4586
27357
24311
4527
10924
10482
1341
25313
24861
3965
215
2040
28496
18065
1131
2996
8656
23518
19214
6572
20806
18985
19192
9900
28126
2016
27505
24868
13442
19356
3277
24380
16713
3940
28907
3990
14423
6601
29303
9284
10566
5870
17676
15415
287
25159
18411
8943
18677
13977
21868
15835
2962
17412
2088
7441
19428
29593
2309
9222
25301
11938
9955
18367
15879
8862
22357
302
21815
28012
9586
8734
10234
3614
24149
10521
28773
12560
25816
23802
2889
17684
9637
12204
5096
11725
19645
877
17670
21954
16451
19324
10245
26406
7691
26124
5269
48
26426
3436
4412
12364
12170
20998
22330
6319
1519
21103
18879
27335
21257
28121
21372
7246
10325
2820
18972
29970
3697
12994
28276
26501
2318
8521
22907
10009
4645
4528
16409
7423
7965
27173
26139
20135
18171
18469
2807
26042
15924
28038
23378
13533
26159
14750
20780
6484
23922
16104
12806
27620
29098
11083
24121
7769
19604
23380
24130
602
27909
16892
14377
12226
14065
10517
8713
8589
5338
11520
4631
27615
9559
4361
11148
5718
25463
8280
18555
19386
24384
7713
17006
29835
18796
17479
13956
14753
17211
8086
21707
21472
24978
6084
3698
15396
22953
12412
23985
4644
23932
4968
2259
9843
9330
19759
21914
4793
28040
10469
24179
28776
18182
17537
28611
13331
11368
18919
4436
28580
27006
26143
20052
28336
8579
103
20084
1533
12515
14069
6177
12799
25390
14788
28995
4720
4547
20909
9513
8939
7730
10045
7716
2264
3934
12679
15595
15303
1599
26383
20235
4957
28878
16639
9645
7458
16742
29730
8991
5609
20151
21520
24761
15541
12660
23756
20261
17207
14665
6127
2499
22395
16172
16567
24659
20106
5598
16607
11761
13549
19342
1996
18506
18221
24988
4504
25679
11730
4234
11022
23692
24385
2542
18453
9927
15202
12209
6540
8761
3226
12667
17612
25621
5191
4179
26632
1650
16130
19591
19763
29679
8934
28112
24538
27155
23100
29042
22834
11182
9628
3856
4874
4013
12750
23327
20292
4304
11888
3185
19417
15114
15852
7030
17087
27396
17561
13720
5398
10043
9663
25161
9723
18597
23273
10613
22104
16373
16007
21290
3908
25635
1498
8782
6000
14248
8462
26293
24904
20350
29478
20674
5465
21682
4056
22552
25430
27969
12624
828
8013
28640
25990
24088
23589
25615
4701
15694
18341
20708
6984
22249
22695
8483
1031
28695
29083
9493
1340
23988
29844
7170
21014
11661
28853
25070
10565
635
23039
29542
1464
7404
28182
3806
1492
21771
29421
12545
7465
17762
3253
20802
10011
2300
29285
17395
996
28368
26888
8688
28708
3084
15859
26074
14745
21064
21144
1663
21699
20536
1205
29515
27940
29387
3321
5785
27510
9095
18330
11328
26857
27936
2130
13221
236
1415
616
7584
6135
3856
16273
11196
6941
2132
7270
28038
29548
4767
6053
21247
25303
7258
20763
29595
12997
436
5380
10508
9531
63
21836
12741
27999
23966
25962
28235
1733
2930
5820
7868
6786
22093
25416
20079
577
2687
18118
125
7454
523
27724
9109
7782
18487
8704
27131
25276
20437
7639
4807
20500
5827
17548
18499
6145
19862
16734
7878
22792
28906
22099
29579
27351
17515
26010
27928
26554
20480
4405
4008
21004
2130
13117
28786
26969
28174
25917
22245
18611
9909
3405
9111
22088
27305
3962
28234
17168
27048
12464
16312
25955
10915
22243
23306
4783
18254
27587
1337
8734
1992
5346
29738
10474
24815
28524
7444
22989
794
6041
11600
17055
9446
27063
9143
6752
1025
13729
23920
28074
26194
16584
381
13461
8828
23687
18244
27082
27626
19582
5816
5971
1280
11907
16445
26095
16783
241
19085
17577
6283
7037
10984
15729
4101
26480
28833
5126
10209
29105
9552
12755
15690
9933
26217
24518
9973
20813
21600
7599
10395
3768
19922
18027
15675
12720
14123
2459
19313
9560
26388
25596
16597
7373
17678
20698
3853
16511
2177
20414
15617
11729
3170
1307
21663
5739
2177
1636
26552
129
15587
13300
3897
11862
1327
25925
24582
15450
4736
13895
25010
1124
15844
17960
14849
3522
8658
25054
26385
10835
15469
12002
28917
24991
19661
20580
7082
21838
28568
3634
21967
14155
23286
2217
26017
24614
28142
26951
16416
9230
17199
17779
16706
3043
5739
1556
12917
14397
2962
9302
1585
24783
21305
502
26126
10966
27434
3208
9157
26002
13195
1124
16509
6481
3341
12527
1095
7835
15830
23864
17065
3029
11643
3772
12424
17382
11680
25341
8131
14642
4644
16068
15778
25949
16570
11904
13267
20356
15113
22424
16358
28308
29901
2868
4789
3242
21747
12237
17430
13929
6101
10847
16959
24096
14619
29383
17830
2651
1077
25961
17294
5721
12030
9424
8022
4952
21328
27641
25309
12793
26418
18019
11101
26319
20887
22243
5913
18986
4480
23343
2916
16933
4191
26227
11029
25162
1962
28859
27814
3039
1172
21460
8760
19554
884
23134
859
28564
20776
26168
11358
17194
14187
22459
19865
11427
21054
25778
413
1886
25474
9681
18819
6017
5908
6200
1179
7871
11411
28993
10910
18936
26805
26023
8490
4041
19157
9349
2606
16285
11869
13964
9831
2409
12775
29696
13836
3830
1827
20601
5716
27301
283
888
3318
6191
13440
10849
14062
24852
16195
1325
20140
13000
27348
28630
17042
22857
7980
19648
9143
26201
9964
25326
28610
22739
25023
12446
2921
3202
3048
14990
503
9683
15878
10173
22226
5670
21022
6289
6874
7217
13966
27014
26570
11314
25645
13612
4171
9977
9612
19666
6178
19576
14993
4789
18667
16368
23587
21589
19570
2987
6579
26425
12670
28809
12950
4897
4479
10324
17538
11354
17542
1504
14720
20464
19170
16717
4076
23341
26694
20040
19360
9225
9616
4353
20366
4635
20721
13953
26224
16643
16941
9155
19420
5963
7964
2370
17212
18796
19046
11102
6502
12940
12606
21222
3404
8128
7940
13832
1470
10986
3872
27182
20211
19840
1535
10577
24476
28608
883
27052
21603
24176
6208
11023
139
20524
19745
17352
15672
8791
4806
22174
28084
17413
19749
1488
1893
4041
15321
9715
15027
25545
6897
11591
15386
8432
28520
16214
13392
5755
19618
4995
29931
25826
22370
71
22703
18467
23775
8375
3611
28581
6902
1695
22346
26651
3183
24240
7044
24856
3955
28423
20402
17205
16366
12140
25637
14887
4706
15382
26994
24324
26729
26926
26503
19100
3349
19206
13919
3476
3933
17530
2057
10835
19225
756
13838
28761
1348
20882
29969
11655
19306
20371
28860
5672
8863
850
26911
13569
16232
23906
7894
12961
27184
4397
8413
533
29955
22333
4009
3888
16215
12418
21076
5441
13174
4914
10554
20874
25797
10523
2530
15103
7247
1390
27127
22462
2240
24039
6032
24824
24297
20278
7786
21481
1027
22551
22014
982
14884
2375
11222
1100
14793
2298
12893
4320
7213
29799
25194
9362
16674
27724
817
273
29115
27944
22736
7707
28335
28768
2532
22632
25398
16670
14113
26425
9221
12479
3759
458
21206
21333
7910
6000
29984
27155
10320
13549
26954
11866
22911
13628
9591
23728
13902
15058
28024
12990
29117
26360
18110
8001
18992
13508
1023
9458
16285
10245
28289
26396
17055
19496
24081
24965
1848
24065
28472
18520
7614
25426
386
6877
15406
16329
605
5660
1387
4982
18650
6857
1342
6760
14858
26686
26620
15882
12496
12905
2479
10786
15653
19534
6634
9735
20851
8482
3800
19323
27002
17767
21101
3740
24644
12859
20070
1602
18520
21457
6584
13522
4666
14278
26635
19525
10964
23255
11759
29813
12513
14238
10599
28166
10124
23585
14253
7327
2067
24406
3002
5421
12173
24103
9161
6817
13314
29231
14771
1834
27041
21355
21709
8059
5633
18344
27584
22950
17951
9343
22763
6816
29933
9714
11335
16409
3299
25588
23736
11718
19994
26738
23491
8519
27193
9004
15337
16860
8236
6460
25046
11629
27816
16755
19688
9801
11451
23625
9103
29403
9320
1866
6219
15606
17932
23906
2015
27583
19495
25752
9301
15841
28842
2792
24361
2388
11797
16050
19248
26385
22510
14294
14366
26678
7402
10406
6480
18853
10383
15583
24608
19704
23802
7180
5310
18086
1086
13677
15670
20581
9429
24971
6423
14624
4116
784
23364
22265
16834
12612
25002
15696
3258
15720
12375
10660
26126
18855
29514
12862
10790
24122
2566
10944
1302
14228
29031
2389
4257
14701
29322
20039
16024
12097
4663
26492
12881
28027
18757
6067
16991
20111
28116
20249
5831
10491
910
8310
5698
6776
21172
16488
7250
90
3785
8553
20670
9168
17294
24927
221
22968
14966
16245
5066
25981
12738
24299
360
7847
6719
17351
27959
4835
13953
10142
15326
21215
18452
21024
27991
15976
13864
5241
16066
24001
20146
13088
3169
13792
8016
3390
6761
29334
19636
11827
25316
8726
6126
2028
16573
12845
19380
20884
17680
3333
1027
9358
900
25831
382
28891
11808
20599
10484
4226
14600
6983
17315
17770
20775
1683
27512
3888
7369
23500
15715
9037
2226
28194
11066
25152
11039
6798
22388
5072
16483
23415
14430
17383
25599
21165
22626
13759
11764
3110
17985
26364
16445
11652
20486
7221
19687
17999
17461
3409
11499
3177
12446
20078
7723
23512
15230
25114
310
7618
186
23145
7386
20969
10528
9337
18486
3154
23096
250
12617
17433
2966
29062
5438
29805
12635
25125
24156
97
28534
5655
9626
17333
2085
17349
17197
17315
12463
23860
1286
19002
17005
15024
9971
27534
24361
4809
688
17457
11411
13305
11242
14377
18720
16680
20534
1355
11806
14690
1452
16692
26698
17430
4025
28783
4779
21223
16099
17243
21435
23737
6245
8440
8761
22568
5974
9474
27377
6663
26931
8788
26320
8173
29517
15040
24854
20052
22748
13012
11094
24200
6056
7792
11631
16434
6576
22762
14009
29027
10005
5444
22764
22602
13884
7877
21522
19859
17351
18899
2874
20634
4039
5546
28807
9909
20587
13
29961
13335
19377
17407
13887
1786
25200
1870
18220
1776
24633
2229
803
10990
14025
29919
9945
27909
7796
1467
24120
25147
26719
26994
15781
7110
2541
20940
17019
29480
27306
23332
19167
16683
10740
3054
18469
5940
11277
13041
14068
5910
21622
14871
23252
5647
14790
3197
3557
28938
4665
27677
24085
7736
1024
16218
14846
9917
7158
1866
9397
10816
25198
4916
27500
12290
14322
22321
18230
25599
11715
2298
7861
3337
23521
1114
8985
14663
10663
18894
13601
21680
16571
14038
29416
23947
6608
14263
3864
20119
22481
19613
935
24031
24529
4787
6322
8852
27109
24552
10803
15176
3203
18665
18513
3076
26131
27498
17740
6794
16392
7693
28475
9316
28084
27891
3263
4692
18506
13480
24811
17339
9445
25747
11371
3975
534
17693
19179
3995
12245
29982
19171
21800
18647
14037
24877
14778
11535
18969
27925
4280
26662
26400
19948
24746
643
29563
5791
25502
13043
602
12841
22489
2701
24212
2816
9588
11905
21995
13583
503
28329
9107
28655
16977
23144
23532
8107
11031
12501
6032
21663
15516
8784
11611
10262
9428
17527
22405
11282
6922
23008
24123
29411
2061
24688
8579
11649
12945
6926
25233
19800
5256
10692
18456
28585
10188
11988
13044
21219
842
25429
19235
16358
4213
846
2972
19993
18373
25378
1275
1648
24738
1751
7411
3151
26439
15991
14801
9384
29269
16386
29185
4525
27078
23993
9462
7266
12333
22507
4837
13175
17936
24072
29533
28501
1271
8858
18495
25996
10588
19770
27644
5326
27873
5056
8477
24312
27399
29630
10049
26668
16016
15586
7546
19446
9579
17008
3064
21912
9515
7902
11440
3803
8326
10973
2305
9597
26183
27152
11946
6771
16922
15942
12097
14796
20998
26927
15460
18397
26557
1861
21418
18926
17447
28964
8372
3378
15972
11437
1643
1840
25691
13083
11995
4017
408
14300
19967
26592
17804
1913
3363
4727
17855
21813
25875
15206
25092
17687
9955
21649
19549
1373
16927
13348
337
25300
16727
22662
6737
24722
854
2428
7805
12849
12797
8213
3502
2764
4805
21306
11029
14521
2385
28885
6334
4612
20443
1426
22300
398
29427
18201
1772
16355
7901
8461
18007
980
1123
1096
25702
8329
3524
3507
21179
22673
18073
24681
25438
22878
15987
6467
13751
24725
11704
20085
29337
2147
27863
27989
8898
3643
22542
17022
26350
444
25483
14357
1424
2959
15453
3479
11288
25329
13338
2467
24354
1411
3500
19792
24290
25840
2612
14393
20565
20668
4479
26254
29168
8694
24244
8066
18689
23138
25088
15039
23582
26923
5748
1359
29882
27553
11190
17523
29234
24528
26342
23589
25940
6195
19733
26582
2035
28697
10975
28952
19366
21806
25206
18534
6853
25802
2952
25542
18941
28040
16934
18875
1315
29034
26586
1198
26588
7776
25073
2174
2305
21415
25763
4597
27610
21849
1179
5997
20546
12154
4949
16264
10313
6508
11150
17166
2310
14102
19060
27603
18494
5994
16479
19810
5029
19417
27360
7969
27194
22433
10143
5851
20200
12259
16800
24163
10460
17979
160
7358
6485
11462
23623
16798
17970
11125
10316
20280
25228
29377
24236
20074
11723
10715
9884
23104
6484
13596
1073
10030
12381
17569
15881
2582
6180
2681
3097
16640
27012
3257
350
3498
21071
23973
26648
9041
5099
13317
5674
6679
12694
29910
3105
769
16977
12990
23874
23461
2938
1299
3492
15320
18868
25725
24254
1400
4759
27351
24392
1771
6960
24743
11621
28032
25068
14622
7073
6519
27939
19099
13198
16985
19009
16304
17754
12338
5646
17980
12152
14936
19280
15644
256
8148
17721
862
15901
22480
28213
10293
24252
11526
5036
12225
9558
105
26847
22983
6624
1138
12083
26175
18123
7444
18831
12230
26135
24477
210
8287
9413
25842
23931
16022
3991
11652
16884
19892
10485
21450
6537
4737
2976
11574
23314
18886
18031
20162
11869
1007
27652
304
27182
22128
14101
16013
4358
10236
16842
10920
18523
2608
6763
12454
24982
17106
458
18218
13350
10943
9668
19887
22032
18996
7813
15347
7882
25844
11861
26104
26852
9513
26408
386
1641
10509
16400
12351
27097
9594
29624
15620
12202
6387
4426
7184
29845
11237
25403
13195
22180
11423
9434
20565
420
17248
12264
14654
19444
24125
10758
22648
9990
7167
23035
17984
24028
15787
335
21126
25381
6311
13098
13936
12698
17525
27472
18895
28762
22875
8442
27294
10651
17877
17859
17423
11477
6475
2077
921
600
12836
29922
16943
26355
22957
4927
26735
8744
11614
24213
4125
17926
7312
24413
6976
24837
21886
25872
29951
21113
10666
27245
1764
28543
21457
19187
16372
27932
27617
23646
4885
16805
23568
21828
19512
22877
3107
16247
1621
21073
16813
12098
8999
24125
6512
22328
25314
28398
24552
25265
19511
5218
28862
27628
10114
20319
16815
26486
24604
20784
26484
29489
7589
26404
27669
3453
19281
776
19701
20902
21849
12866
9353
7201
6991
15865
5881
8657
20615
433
10274
10126
12003
9136
7754
22117
5808
922
24956
6764
28058
21440
6253
5648
24197
10274
9101
13478
17402
5154
4381
9251
18020
13734
22804
1363
5951
28685
16372
26566
5470
26646
13044
17474
12135
20799
9591
24295
28073
10899
1059
26131
8692
13664
8131
2889
23938
23585
16367
11340
5091
27100
26943
29464
10834
26100
7179
23137
1137
23552
19703
6608
20198
9100
24082
8685
29899
10025
2980
4324
20925
10391
6807
29617
24055
14939
8858
24345
14876
25225
12037
19967
22326
15333
25783
9512
11433
2963
9002
18922
26515
5057
25530
23065
14157
25964
1751
20408
5990
11083
24732
3267
21475
1540
9236
21882
22831
18094
22580
14059
19671
10969
10378
18349
26302
6162
27862
14087
9125
6864
3010
11992
11921
4892
11409
26079
857
19512
22839
13199
596
17572
22818
28423
25464
8406
26657
24647
26500
25589
15058
22523
6559
25436
10873
2861
1598
8735
23301
17075
21951
26311
5419
10224
7555
16829
12655
14764
6341
5495
27963
13289
29419
27133
18064
24883
5539
21074
25882
8391
16663
10940
915
23222
6376
11788
26084
14327
26875
19385
7754
25178
22048
19526
5402
29603
12707
24410
14368
25400
29905
18683
8690
29324
22169
3106
559
27708
24180
2793
6100
10844
13733
13367
4066
26461
25155
6502
17140
28382
25887
1247
23560
24287
20773
5314
243
3480
6076
14611
28880
5981
9646
13922
11657
1815
17029
18568
5876
17561
21361
18328
28405
11446
1695
2472
7908
3202
8974
1400
7936
11214
8999
7848
5501
29772
19514
5744
9604
25591
26707
14837
1572
12706
28759
19582
20873
22140
8150
3101
9702
29512
21429
8107
10958
29476
16931
25218
2678
2258
2971
10614
13472
11970
24814
25325
18095
14329
7422
4051
9920
10481
18888
17844
23187
24000
7426
20413
16140
15577
23514
2194
21441
14944
16654
8751
14420
9937
10322
23451
12195
13293
10417
2019
1615
5232
27345
19710
25913
11119
23762
5833
21600
19002
23677
21140
13002
1104
11553
5495
23033
5067
14041
20826
26363
695
29577
17136
16985
9899
10587
29180
29544
27356
7552
1160
8940
11249
27222
4853
22368
27336
10686
13968
16339
10716
11460
5693
18172
23013
11188
11205
4433
1582
2031
796
2277
7960
24284
25614
17860
11223
24795
17404
8580
2347
24916
17520
19948
28491
22374
12316
25827
9412
2636
18518
20128
14097
564
8300
13462
18104
25857
17895
19686
4240
25044
28316
12201
25680
23930
6413
6904
25077
169
15484
27424
25086
9356
23724
29929
8082
6040
2108
17495
15029
26979
13975
29126
27543
22276
18940
15647
24485
6836
5334
28726
8232
10002
17279
3912
3932
23692
17168
29010
23861
2652
2786
25299
18361
26511
1580
26443
2551
3689
20290
17580
668
4266
23058
4563
2894
11999
20210
27379
25187
1896
2457
9771
11898
26088
20035
15831
19780
7204
21193
19994
16208
23979
21645
4569
20490
29578
7365
29394
3267
27655
23326
10287
1921
22737
14850
4815
4736
11412
8547
6275
13309
17356
22398
1559
13445
12433
17390
9577
25989
14935
29571
12198
8915
27569
23119
29405
27147
6836
5151
6766
10844
28478
17053
12765
21215
8255
23933
2303
19667
8832
14930
2976
26188
7328
10888
9633
26113
4630
19211
22103
19566
25134
10653
28481
29055
10124
4238
2554
16961
9390
9320
27805
7868
26373
16922
5435
4628
17207
7738
648
2391
22668
9976
28580
29996
20864
14565
2461
25495
10128
24564
15061
11615
11569
19894
10670
21694
24132
13225
15007
3522
28897
19164
17742
25271
12438
23177
6251
29646
915
13251
2037
29935
23228
6969
6283
14092
27887
8745
15939
8015
9661
7352
25982
21231
27246
13005
19277
21379
2582
10636
1253
1479
6152
25348
3102
18590
18525
15706
24588
25793
28957
2978
25728
22185
9947
2012
12630
7834
17109
4921
22202
26770
12274
18184
24353
9520
7541
19982
7251
10123
618
14857
11603
13122
10205
21057
1713
5082
6763
26301
875
5721
29279
2956
4258
15579
11320
23240
29765
28429
28162
21967
25199
16788
16504
25905
2660
24045
15887
9912
10521
22858
1121
28476
5980
17678
19533
7693
22760
26297
10347
29988
8370
15978
9296
18980
1557
20616
18573
1323
25397
16735
29642
26948
9875
16146
22853
12535
16544
8741
22447
3417
7951
29920
1893
13931
17598
21426
27977
16711
24075
14676
16699
8797
654
2347
4130
2212
22963
22703
9887
18360
15790
9529
15308
25665
2028
14514
8200
24924
23255
7000
28341
7558
13272
6586
21489
871
4364
25818
17582
4792
10494
10633
13589
11149
12980
17719
19713
12295
16774
29600
655
2564
15481
22315
4581
23861
6829
12782
18785
6436
26134
23478
13994
9406
6416
11836
16629
10781
7654
4211
15573
24501
21196
29162
5650
4176
23234
1715
16471
10008
7667
23478
18925
23148
22146
23506
23362
5327
12640
18499
18116
8774
11978
2110
24533
18394
20298
11162
5527
4305
15374
21100
28806
12922
26615
10808
17099
19849
12523
9922
6209
20190
9753
25134
19690
1899
24993
19404
13578
7633
7904
1694
22760
26234
10157
17293
14628
455
28455
26508
4760
20181
17608
9918
3104
14223
20726
26555
10424
9601
12829
22986
29791
22582
24472
25834
833
19465
15238
14412
27099
23142
16106
19859
19376
26263
13504
10357
26719
11959
13217
7831
8493
825
24102
17949
21401
14828
14504
8177
24430
27333
1163
573
19916
25636
2759
20749
15101
24350
11513
18552
17492
27620
14763
13221
23883
28267
29930
26954
16579
13147
4786
25072
20324
5240
13021
11725
20068
3877
19903
20850
1210
27418
27776
27478
23054
535
24580
14508
1237
6093
3060
25082
3713
17824
14655
27597
22443
14585
903
9022
4084
12041
10446
760
17281
23467
18838
13702
27344
15093
4552
4907
12511
8680
2385
5566
15568
3317
20074
16805
9411
29486
11887
19476
23662
26542
23425
16106
17479
24329
25128
27915
6370
11927
28676
4
5394
17514
13706
9091
2607
24610
20350
15118
3291
29087
27036
25211
2405
23462
18368
18168
22949
256
7644
22963
3150
1070
9069
26982
1751
10550
24897
14473
22477
29925
14477
4223
17439
28183
13314
26398
22794
10016
17869
2437
9104
21257
27648
11509
14720
16016
6029
14021
22624
13673
6984
2127
21095
22406
29109
29198
2956
24006
13672
25433
284
28149
6008
17723
2685
25675
20474
25479
5691
14695
4268
14795
5952
8268
2656
27024
636
8685
17397
23261
28711
734
1740
19806
23140
849
25357
26096
1207
9029
27881
1491
13530
3889
25567
16215
29564
22393
18046
11608
7088
22314
26403
19392
6934
29060
16417
7571
14097
10166
7184
12808
10900
8924
8967
4040
16125
4324
6488
17332
19705
10721
18824
3235
20963
20743
25803
20527
13136
13849
8487
20224
12516
4891
9616
19450
10303
2385
27021
24400
12552
10557
13561
23452
19481
28880
27493
5606
9556
10333
29291
29261
21055
18115
8848
12018
15210
4651
8897
28346
24853
17385
18570
7369
28628
4538
3171
8931
6924
6545
9683
19476
17102
23244
12928
12936
28476
16773
24894
8032
27107
24185
7293
24514
18652
22494
6532
3862
27145
15429
2208
21998
9166
27130
5719
7794
1669
8891
16725
8593
15436
2761
4421
8890
2357
17349
21826
834
10475
16721
8866
13934
17258
22512
8448
5911
15006
21332
16125
18503
13113
24686
16854
22280
21816
28925
6426
23485
7816
23152
8430
29604
2265
12851
8495
4622
6553
321
11808
17028
23394
27027
7314
10653
19539
15762
22916
10897
7094
9041
5752
20207
10079
28958
18839
1896
27884
25266
25381
12052
24770
3812
18009
27035
23015
26504
8009
29568
3177
19818
16596
26572
16845
23910
13577
12736
16024
6493
29985
29470
21886
12089
26030
1966
11048
14869
10214
15284
16487
11947
27336
11257
15759
15345
14644
8775
18201
29006
14695
21379
25176
1292
24303
12021
1554
7880
1109
23931
20725
7446
23401
18963
19535
25783
27281
583
17005
7495
22219
3492
19443
19556
21102
11554
11253
12098
26681
29455
11104
11377
27186
6280
19021
21489
24653
26927
5721
2114
27210
2798
9560
20612
28113
29096
22747
25395
6031
9752
9242
28251
13245
5037
24159
10699
22944
11764
22797
19625
11219
3902
7354
14757
16534
2727
12598
11188
6007
18319
19654
3217
27469
29215
181
25583
4663
22929
27330
10694
2681
6572
15297
22278
11610
9456
2977
4554
21221
2127
531
8792
12381
14238
23550
28915
16965
12500
16455
22972
7172
6110
26190
4641
5325
26371
224
9988
25652
3906
27034
28334
10479
12332
26964
28441
21788
6294
9347
19361
8421
16230
28154
20802
468
28056
26069
23786
10556
12525
23110
17728
18635
25652
28722
312
22024
5298
16652
24028
9205
20038
22362
19684
2370
25679
24477
511
1973
10176
26224
16746
2758
24378
7548
3227
28786
9969
3365
15695
22494
26475
3423
17481
22128
2145
24145
20504
7444
17149
14532
23001
7188
13247
19037
15910
8926
13514
22773
17251
42
18998
3997
2800
19728
17897
12379
24867
27866
15744
10562
26713
18572
13985
14194
17052
22483
8340
7556
6279
25489
28440
29280
9029
18039
18317
1292
26965
8183
24065
20568
14577
19415
917
17377
9144
18814
6109
4011
23033
28205
20925
19746
16777
4910
3940
3829
3745
18632
17737
16376
20474
22530
15656
29503
10569
10325
795
13887
24860
1213
4455
9437
20628
5373
3167
6124
24187
9276
16487
23572
7481
7412
13318
611
18675
17259
10792
22420
5891
28530
8797
2717
27412
805
8573
7981
17483
15720
21868
12343
16933
26324
28133
7562
8049
1300
20038
8588
16928
6526
2161
24409
13938
15479
25020
2613
2738
12165
1386
14982
17047
16535
24051
14459
23692
2624
22440
17527
18345
14309
6223
5278
16985
4356
19192
25034
12008
9231
9974
28936
22109
12135
29697
12399
27615
1070
21365
6705
13235
22751
28039
282
15638
22091
14741
9330
24715
7181
26858
13060
27842
3081
24691
21179
13789
13883
16213
25797
29466
26188
1085
27927
14675
782
10327
12290
1852
1692
25348
15087
795
23387
15369
22785
21830
6462
2115
16546
13644
5325
5958
17838
14758
7001
9018
4899
27237
1583
696
3055
4123
1781
983
18799
8916
11310
7441
10768
19354
2789
25856
26501
2529
17577
19286
24359
24040
27753
17257
14036
9431
29568
1874
24189
6569
17244
5441
3806
18828
6137
13214
22951
14271
14197
11750
29539
1859
19192
10307
27565
21981
12515
24066
862
6445
13352
25222
6837
17457
18831
20873
26888
18399
29099
27430
1321
16344
2871
11479
11524
15360
24693
4475
29631
8890
16226
5522
17101
11770
15830
14666
10103
4697
8732
10966
11142
28436
12540
17979
15894
1371
15204
12782
26123
14304
10212
27444
7000
13083
8923
18524
28444
3617
22999
4427
18859
15577
9950
5961
3699
2132
20627
13803
6829
5712
1121
24324
4148
20013
12303
26394
21384
27508
15529
17507
18164
25741
21303
25164
15177
227
20040
19973
10196
19391
752
29055
11321
17054
5016
15020
25538
1996
5175
2368
7708
12648
3044
11856
2661
15347
14603
24046
19207
132
17905
13723
2225
9209
15239
17402
15788
5279
13727
25984
1023
20832
25039
12344
7886
6408
3716
3425
8404
8892
12145
16112
21540
15189
4320
554
6888
18923
952
2448
19055
18857
22523
27633
4418
7763
15035
20206
19394
5115
22542
20417
25947
23934
9113
10185
342
12830
19962
8746
21722
2107
1210
19614
23648
11882
20168
6889
806
21120
15689
26213
16330
14564
23846
27100
22327
15234
23659
18074
26701
16201
14843
22648
10135
23957
2833
10477
13139
22796
25575
4861
1255
3137
827
1256
15020
27348
14497
22178
24820
186
24743
11150
14750
18590
14603
13430
10176
8262
7856
6877
24463
22699
5877
4599
23008
8710
21428
6147
7858
23356
17360
15466
26493
24540
16722
11513
21888
1219
3691
23060
7757
28435
4211
22507
23377
25166
12289
9905
3428
26497
16782
27891
25549
29011
8842
18557
14073
6623
1057
21932
29979
24769
7398
26472
19309
472
7986
17549
1691
18029
10610
9448
16464
21173
8307
16193
16339
26949
26098
19767
23446
19232
24010
18995
18243
2853
13905
2317
9476
14962
601
15807
16083
14351
12279
11745
14823
26617
29294
16514
14647
16256
2314
7463
7429
10621
23657
120
7570
26107
26239
1017
15340
20250
26364
9935
29455
10269
18604
15283
25231
19205
1090
17667
9908
13369
29412
24731
16339
28706
17597
986
21315
19911
14801
28744
6885
14810
5217
20807
10918
1456
28176
2610
28058
24541
12545
27513
4810
1150
12796
6394
26707
13886
24061
6616
3608
23473
1347
26299
28531
25297
27285
19846
21560
18438
24943
28445
3249
160
25605
20519
7968
23781
23129
6027
18322
12026
9892
29485
19528
29041
5879
16236
19279
6292
22852
22887
29765
551
19186
28296
25848
22823
24495
17409
17614
19438
22206
27215
25950
17811
17734
10270
17945
17215
16297
12619
29241
2542
12104
18770
1583
24335
11358
20862
627
10562
20102
6744
11113
15640
11393
13314
8464
5888
7075
2430
1678
5633
29645
27628
23445
17379
14250
17742
10946
548
361
16539
9442
18818
11661
11025
13153
23019
1887
20133
3581
21989
26877
21047
7630
8270
4361
22446
20510
17788
24876
22188
23421
873
26168
23218
24604
10419
10960
5550
17319
17674
28441
26761
6492
10103
14138
25997
3122
16025
16130
13056
14367
19360
4103
28349
27630
14816
27147
24493
2604
28375
23033
26025
29248
19202
19244
204
5973
6556
5754
29644
24230
4195
2757
7074
20650
16895
3072
23773
9272
19202
13181
29991
8562
17284
4692
12545
2100
1839
13390
4704
6566
6423
7081
5814
1977
2677
12370
14302
9234
18124
13946
9816
28672
16703
16891
19322
9950
19963
19447
25575
15517
2628
25566
432
26264
259
19329
28364
2098
2719
9420
15017
15494
22854
20831
17472
25531
3202
1774
11117
27678
22073
20934
2702
15128
14177
28377
25079
4140
24176
20654
26009
26805
22572
2793
23069
22831
22122
27786
1282
1193
13558
16299
16688
6412
13482
4160
1944
23036
12286
13061
27067
10711
10347
29769
25840
24524
4498
27271
5016
28675
24277
1026
1832
16849
10171
1253
16033
2294
5391
17315
9839
18950
9966
26527
25362
29800
7039
3658
22837
25678
16720
19904
6389
3419
26025
2229
27944
6876
5852
2960
11903
129
10338
13735
23331
26862
21340
15716
29156
26732
9383
15347
15682
19349
11875
11044
19149
25266
14703
18338
20944
7775
14594
27334
17546
16972
5915
15490
23848
18120
24803
5751
24601
11493
25838
24284
8355
17178
10000
13863
13910
19383
29211
5944
15084
17438
16989
4234
12704
8044
28924
10001
22171
13519
13687
9717
6843
25954
1560
691
14074
26363
12794
8676
14208
14984
9312
28916
8514
19313
12779
22425
8696
18342
28369
23781
12132
21710
4367
24837
6106
3291
11190
4629
23162
24877
20699
5
20831
22259
7048
4906
24974
19842
19934
9182
11178
29246
14450
19693
24911
27230
18470
3608
21924
16839
3741
4057
