25690
17273
5232
26402
8785
26286
27907
10403
14043
4671
27866
13094
7957
5082
2875
15795
9720
16342
18759
13483
9468
6602
17309
18407
10857
3857
17923
3680
18366
25127
21270
14057
18752
2854
16811
27537
29140
14718
14292
19536
25741
18511
8982
10051
23593
11858
25846
3314
4552
14605
23149
20372
27559
16810
15131
14769
27019
3055
18449
15385
4534
16072
5794
29638
18926
28957
27175
24419
20028
17819
20307
15769
6330
29289
25820
29924
17499
28018
9590
22052
18975
9091
18776
22887
25901
3908
7656
22920
6963
2457
14657
17849
24881
26804
17487
20160
2113
21014
14579
22141
8833
11238
14263
15164
10527
10083
21440
4379
14454
7382
2783
3429
16473
21559
2668
18726
25467
16676
11646
8782
19134
2655
26631
20367
29459
20470
10527
7925
17836
1458
66
3022
12696
14329
18186
29576
765
15978
10307
21571
29712
13090
1352
16185
4649
4021
11263
6469
20697
22909
15251
16183
1916
18235
6551
7728
15057
23430
15653
2894
24889
22071
5916
13937
12753
454
19865
13518
22784
172
11441
22496
13262
12793
15033
24264
23166
26296
733
13864
25557
22336
47
27473
10571
12950
11553
1981
6381
27206
4875
1270
19278
17143
21559
2031
23949
11425
21901
16733
11597
3342
9229
1212
22487
24262
25476
15654
26910
26209
5870
22467
24897
5917
26292
11821
18868
7846
13802
1601
5052
25029
9223
682
18524
782
2713
12473
18559
966
29206
157
10660
14787
1369
9500
15401
3197
25154
12311
5758
1024
11130
655
13293
7422
12476
8513
15268
26278
10114
20321
27659
19337
27355
16183
26472
6421
28656
15031
7387
4214
21540
24400
19001
29261
3900
10754
2458
29054
29417
8216
6430
10547
8872
26075
17970
27700
4589
9590
23979
21055
6263
27990
16745
3619
14174
19569
10040
12830
4600
17427
23397
2493
11827
12398
1754
22079
29505
10565
21133
28922
18781
3915
9470
4005
6343
3792
1706
17284
13382
2037
8339
19646
27
1436
23265
20553
27357
3305
3384
1958
27084
26781
10803
15264
15531
12557
7343
21388
23122
4829
20311
18256
15096
6133
28613
21439
9925
6671
8723
29659
8708
23415
19305
15088
24851
18922
5641
22209
28579
15377
519
2016
18510
17674
17280
10394
231
975
1782
29706
5804
28445
24314
20901
4578
22927
18692
20855
5951
27416
20515
21011
20831
16172
6099
22034
5095
18093
20595
10026
9822
21114
12042
4685
15140
29322
21431
15372
298
23213
21430
12454
28011
22096
9707
2589
21375
28400
23445
27326
2168
20312
18338
22999
6484
789
21385
17931
25234
11981
27958
5057
9447
10000
16094
24588
15675
7525
16312
22325
7090
7742
4779
5101
6190
20839
7691
27565
25591
7488
1244
27759
4152
19582
20758
10636
26723
12143
4920
21958
476
2878
3367
9924
19230
19461
4512
4905
26986
20824
27230
4076
4918
8362
9178
11108
29201
23221
15025
24792
7061
16269
28903
17565
12203
19661
4553
8927
8156
9473
7237
14985
18703
10604
24909
7934
65
29421
12839
27051
26597
10070
7479
1515
24784
23009
18975
23985
16230
4000
25129
29643
26622
24032
17208
15177
20045
21762
456
4553
7587
7693
19538
26291
18297
14447
4225
18362
20220
17064
21765
16817
3486
29245
24684
28270
22254
13659
28607
14837
24012
23736
20832
26986
24120
8041
12163
14165
6155
12620
25071
13742
20313
14609
16385
8611
5409
20610
3325
25629
14027
25091
18799
23865
24336
13483
22136
22942
3495
27095
7779
27507
27184
28612
24493
21304
13005
13008
11822
25512
25628
6893
15606
22294
27854
1992
905
9615
22602
10582
11597
12981
5673
396
6847
6361
20231
5335
29304
23726
2430
13435
27585
29614
18399
28430
27271
7756
11439
15445
3268
13419
28690
18875
5713
2896
27219
12970
12512
19821
23553
24109
2803
5578
857
16002
11940
27440
21337
17596
21167
23767
1031
25104
29734
25783
23535
3357
3539
4974
18802
13160
18393
23844
8387
24107
26740
5606
7077
15604
1779
6982
9713
10934
12561
16922
26936
24501
14363
18273
12097
11882
18393
19480
6986
18127
21615
521
27836
25155
5495
22990
14667
241
16834
23054
24348
19926
5012
7777
5531
6791
21112
21596
24078
3673
14871
21014
4526
29234
15640
22975
17468
4033
18807
24454
28512
10423
24976
26348
11930
6823
25690
26597
7064
12524
19651
7764
8802
1015
21894
20685
7806
13006
12282
8236
16679
27153
29251
27557
2739
21243
20532
20207
25276
9339
21013
140
19762
15989
2840
1692
29165
28530
4641
12581
17406
644
20346
26208
1659
18592
16894
15818
1598
5528
24054
24629
9033
29657
22186
18124
20900
19070
14683
22528
28409
5696
22668
24524
28038
25508
2568
27203
24038
7210
16136
17796
7854
6482
14005
15866
1426
7251
1684
3024
12779
2090
4005
28164
1748
26191
16288
22648
21613
971
21529
20023
13019
14197
20899
11057
16058
23467
14612
16448
7029
749
4245
21236
13583
18250
7102
15010
1853
15138
24386
20984
17228
28392
19148
18976
935
11788
17977
22549
19111
9506
12572
2130
55
3471
19540
16113
3290
4152
2562
10320
11253
6807
1556
24837
1409
15010
16199
3262
148
10585
24246
17376
8977
19746
12705
9913
1534
7034
2462
20645
22892
21386
22775
22947
1209
12315
15413
10851
22820
17975
21171
4073
1134
29079
5262
2543
20441
21461
5805
20589
2047
6403
14318
17376
26149
3375
27289
27683
10409
6103
24680
9653
3841
23807
2600
5050
12475
24365
15902
5295
12340
13425
15720
13474
18857
20983
22369
9298
18796
28174
29888
20843
10929
20558
8220
7078
23933
11861
11113
10694
17965
12145
26699
28158
5953
29299
3209
24780
23665
25463
6427
12357
8888
22147
2184
27745
19482
24553
13396
8279
29080
13284
5474
10009
10194
20046
23440
4127
1908
10905
21173
26225
23051
17872
24383
5356
23523
3944
6488
23540
29407
12915
12250
14648
11414
14434
18745
7249
8987
2141
15528
8067
21777
27354
24429
1971
17401
17869
12450
19309
5126
3623
21886
4529
27847
16269
9885
27723
26566
22725
27615
25973
5640
9865
10621
23407
24299
29367
656
9639
7860
16184
24058
29638
19890
18487
1609
7291
12708
14060
26600
17835
24035
24838
22364
28235
17460
8602
2310
14026
1327
29925
16351
13320
9791
26973
6727
10442
2692
7383
26433
16904
29919
20492
16542
19809
15331
18152
27101
28040
8564
53
15875
8951
24892
14591
13538
18704
23193
15848
2730
24521
15774
19081
14193
1917
22406
20920
18711
1450
28303
15145
18355
4574
11989
4897
24383
27320
29401
27836
25360
14317
27890
17587
29621
29134
2179
13159
17838
1724
29008
26920
2597
21134
16001
16790
23051
14760
7710
11762
16210
12365
26907
10917
16939
8896
15815
17675
12569
21568
15511
7929
12238
19753
1869
11859
25239
10400
25018
13077
12124
378
16349
14722
21512
2351
7864
14563
23463
21927
2678
9673
4292
5937
26943
27584
21186
12758
21611
3755
10678
13474
18036
22916
3228
19905
11127
28467
305
6146
17897
18782
6524
4246
9856
28037
12949
17720
18952
12764
9647
21630
22438
20292
3920
19381
24228
25106
8491
22191
28861
25521
5665
23249
24790
15245
13155
5917
13713
19812
12063
7962
14946
24940
18560
24802
29329
7862
18875
24633
20626
4874
22616
13064
25166
26536
8797
25746
21642
23640
17937
26855
25514
29955
20104
20304
15200
9611
2573
5265
5776
20989
13227
20722
15929
1788
21877
21610
9650
10752
16243
276
15626
8859
19693
17145
11747
4842
19243
9741
4835
13533
12948
6701
13488
3053
3357
28688
19016
5930
3954
1144
26919
23533
21867
12848
1673
20096
10810
17675
848
3406
24304
16474
18617
20349
9971
365
1543
29215
10106
6378
12748
23055
19431
2588
2460
22788
1276
27828
28719
11582
28973
25638
11468
27192
14839
13141
17288
25649
817
18136
29055
25121
10962
24025
15470
27286
24390
17013
2853
10848
29744
15601
10255
19175
24541
12715
18316
25817
16896
17035
13752
15869
12673
25220
19413
3864
8361
6701
5866
15530
1189
11273
17003
18503
5298
8825
15789
29688
2191
18642
16889
1935
10595
27144
27462
5136
16212
15778
7306
3108
9165
21058
25329
28191
22630
14742
2055
7343
21443
7921
29226
28984
25547
16229
17487
845
25055
9629
6886
27246
4623
23775
5533
15219
20919
9347
26707
7131
1478
4013
10239
10643
1423
5568
8834
405
26662
10890
7749
18105
25163
13327
23441
20710
29556
10929
27908
24611
26910
4794
28209
1533
28569
3742
23104
19488
19442
19812
26620
20920
177
13211
1563
7953
25132
10398
14710
21794
27640
28811
16252
29155
12138
9693
26218
11695
26974
24126
12658
23884
28920
10868
1770
27489
20962
24874
23329
10404
21038
19949
1324
27568
9513
2888
11873
4645
19638
26583
26439
23630
25395
12691
22785
7533
22385
25355
25580
19359
19481
8239
19596
24753
25459
27718
22242
22773
28944
15572
3178
26335
11873
10854
23903
27738
20094
12128
2383
16084
15063
28823
9714
10458
17866
8852
24344
10251
4207
26276
5963
23689
10867
1911
18442
6326
29629
17037
29100
28573
8961
8630
24908
27186
25836
25163
24925
15931
7291
3660
8367
22355
2483
18082
9165
26702
26934
9861
13305
1141
6138
25620
1182
23357
27531
25977
29684
3512
19366
5136
8438
4679
20118
3346
1865
22306
4862
3142
8237
18505
6803
22957
17212
15638
11039
2730
18692
14325
12591
1998
21818
25081
27618
29353
18439
25150
25330
24475
5014
21048
5963
13452
25727
2433
23151
3944
24739
28013
13439
9329
16518
26594
2286
10083
18584
13325
12813
7277
27650
25404
9275
25820
26838
6893
25173
21629
8395
20503
22456
13410
17903
28419
3214
13630
852
26365
23927
25591
730
7366
4920
17249
10312
7206
3684
28896
26883
16497
6173
885
18253
15448
26706
15091
28694
21879
13072
7089
18735
5528
26851
6638
10299
66
26621
17503
2783
20548
13095
3514
4266
24367
27115
14578
7926
799
19826
4809
17296
26000
5695
5549
11448
8753
26993
10142
632
16417
23584
19367
28298
20435
26006
8597
26853
28979
26101
29637
25879
15548
9503
145
16267
6618
21075
24193
7417
10901
5355
1065
6901
17402
12966
24702
26155
9959
11196
26787
2729
4780
22507
1027
1568
24865
9624
28421
23844
12077
4410
19723
3977
13913
26220
20245
26883
23647
20790
10652
10900
2497
11717
24154
19899
24684
18856
22406
10995
52
25546
13724
11185
18053
14751
12753
19270
728
11174
13114
19157
21937
9189
23135
12202
11761
19732
9086
5408
16874
19738
22660
19372
1456
16814
15623
2492
5670
8030
13487
12075
3576
3564
23260
27981
18315
6013
17251
25395
23539
6717
14553
21828
22258
14040
4031
4019
10124
13117
15779
26998
9207
8439
22722
17015
25254
8346
19507
7276
16376
9347
25703
26304
12911
18963
24285
7578
1328
11536
2974
1220
24605
23879
23048
16863
7919
3431
20882
18043
16548
13013
21393
2108
27804
14116
19123
29410
22462
8631
6687
15190
24330
2390
17846
7241
27706
12131
21171
29034
19
24145
6606
24624
18024
6007
11487
2295
9438
8721
20338
2339
28086
11732
4447
25890
2200
29922
25301
24662
14905
8340
16204
9235
17082
4050
22828
14788
22533
14000
20175
28904
14497
26781
23528
8874
9140
11367
11169
18579
26440
1508
27270
878
19592
8069
3120
21792
7991
28421
22806
22897
13113
15362
2132
196
25764
1313
14984
18297
15313
5159
17201
29810
8293
17081
8684
17433
4800
26206
12364
7592
4066
15986
8470
10
24055
11590
21802
8399
16364
20960
1296
29477
12674
9780
6025
8438
11093
27362
3087
26406
2521
26640
2569
17166
20073
17605
10952
24873
20163
29668
2465
24229
15655
10935
24239
16062
28877
22393
24461
15241
13353
25757
21071
2379
5538
27096
10817
22983
24458
20256
25742
3332
16896
4663
26850
6969
22268
14154
8194
18784
13823
17011
13013
5830
4298
7253
21892
3176
5998
16354
24769
19352
18463
15840
28083
353
19289
8901
23337
20099
29157
25431
29783
22406
94
2986
5727
28714
17140
13922
17498
7315
933
512
13145
5232
14117
11390
14760
20115
4096
9529
15819
22559
1722
13903
29265
27363
29156
28954
17462
4665
24385
23598
27071
24479
2936
9151
29545
20076
29425
17044
3744
358
17556
16889
11942
8025
4631
26702
28140
8727
12584
20312
7639
14306
4215
6904
11669
9723
12210
5483
14388
6595
5433
17812
7426
8369
26963
6971
4798
26388
24015
8542
3098
17923
1783
21393
2300
6415
24447
6793
21494
7031
27105
29133
27689
7672
12389
15710
17395
24599
21194
1783
7546
2979
25947
14972
11349
22910
28296
16147
25650
28663
24689
28749
22939
26472
20142
25239
9239
14589
2032
734
27973
29137
29867
25662
13161
18609
11373
556
13208
8919
8692
20755
11898
4639
12079
29599
3902
16727
15746
29552
15391
16787
28301
8330
13260
24795
9921
28851
9385
11954
29585
13710
17443
29453
9372
605
18062
27097
7513
7622
12368
16205
4729
24267
27197
23161
23866
1099
9888
15965
651
1631
2752
5305
9961
22364
100
19883
21216
15837
8189
20801
29547
25632
26606
15272
2589
21020
12369
16455
4995
24738
9012
9724
25357
6209
9237
25575
13660
19126
11540
14312
20757
20645
19617
7071
13009
26069
3306
10577
11907
11495
1379
11454
13479
4337
3078
22421
25358
15448
8876
353
16538
17888
16429
18247
450
25667
13822
14110
21145
1715
4774
11902
22360
24391
25325
11721
26813
28631
22299
8720
16478
23678
26526
29958
4367
29605
28731
6077
21405
7607
6430
14295
1847
29212
2542
2297
1231
22716
16408
22376
24431
21182
10630
23143
21926
5956
4865
25091
10939
27164
3811
27418
27194
6689
3728
1561
12646
2459
13991
10403
16418
26773
24698
18265
25985
3592
26915
27216
2661
19675
25944
3444
17209
6575
26588
9135
18883
7805
4226
29822
4969
14389
3592
8515
27431
7320
16428
10077
16131
419
20481
8901
27193
21531
27167
29530
1476
434
26747
4137
20109
22691
13933
7318
5618
10521
22806
24501
18326
3384
24324
29647
17774
4268
8162
15205
11589
943
1634
4072
1362
28467
12974
4907
19999
16493
4438
27827
16927
7537
1964
7036
6580
15897
14354
12199
2771
13512
6700
27449
16897
7376
27097
11023
11645
11611
2580
29586
12554
4214
3658
20269
2682
22984
25176
29033
9477
5966
26860
26404
13503
28824
9792
20084
21073
24147
2283
196
7659
15335
27646
908
29064
1095
11931
10709
19058
14511
10295
7965
18726
20305
28234
27760
13290
29762
26793
22767
5729
23653
25524
25584
28829
5316
22020
26254
5815
655
26451
19827
15991
449
20735
15055
7896
2667
2116
26954
23530
18763
4919
18608
9068
3153
16368
28710
9268
19513
21478
21349
13166
23354
23285
18347
28670
15306
14602
4486
15961
17405
665
1952
17854
21400
23359
25750
419
25475
29056
23950
14238
3976
18910
29659
13481
5279
28369
22749
1144
26199
20450
14311
19553
13736
9010
24576
29042
23612
29062
21355
11017
6079
23308
5223
27479
23019
7325
4251
24847
6382
4553
9085
16710
23463
15096
191
5094
13466
29293
6239
9665
26095
26902
5571
9831
5912
147
15225
29525
5561
6581
16894
11640
6241
28470
9119
5612
12147
19722
459
24881
24275
15897
11591
17739
993
18135
29185
20811
23780
5424
6829
19875
2326
12400
6059
8239
12547
21284
14116
18108
4217
7362
29748
16810
12184
15219
22423
24332
4942
29234
19213
29217
21483
7157
23308
22477
1644
22494
19640
25424
4270
26469
15299
6597
8869
21358
21188
21416
18995
5304
15876
29564
19018
21976
16375
1203
7196
15150
25535
18490
20736
21100
24059
12220
4609
17368
11049
6253
16214
689
1677
20484
27159
23329
3433
12380
14687
24621
10149
10034
6277
26025
9599
25296
18002
2326
26499
1550
23828
28386
20040
14564
25838
14099
26784
6800
1467
14185
13053
24033
14875
21083
14518
18386
14412
17951
766
5451
12573
17267
15486
25202
13293
25085
20498
7647
3763
23349
9197
27591
28087
29237
12155
278
13336
15292
7078
21156
5829
26483
15189
20704
17566
29707
15442
8330
24011
22561
13782
12936
9828
5620
8138
23121
7057
4989
7120
10820
4690
16317
14763
9130
15554
26918
9408
5243
18562
22838
26399
24392
19321
11588
21448
13240
17648
6891
27922
18011
5804
18056
947
15632
23676
15437
15106
7085
26778
22226
17905
7821
8544
2668
16951
450
5939
2711
5693
853
1901
2092
25245
27574
20033
16694
10814
14033
29937
8737
8396
5741
26793
15695
27725
26822
1132
12831
3907
4263
5058
28165
12084
19954
7185
5387
20404
19476
14450
26098
20330
16351
4542
21927
13925
927
14973
1092
14960
21262
16181
23356
27003
19326
9051
24729
16148
16536
13912
26408
20799
18970
925
9235
15276
14462
20974
5681
10291
5424
1779
621
28127
12673
28900
12052
13601
13874
19496
4913
5136
5677
4622
8492
25004
13673
9573
17504
6561
23485
20264
3712
18808
27541
19299
4084
12004
10273
16117
22295
15697
24248
29268
20176
6922
28168
2229
26875
18394
28077
1788
29883
3755
6410
14727
5111
26436
24300
28967
9349
24137
19232
13062
19297
16773
2361
29734
5129
18987
15851
3776
4684
10100
3044
1213
23374
7565
9794
20249
2311
7871
28389
2194
17978
4800
16921
29441
7588
17573
28409
16937
18063
23993
29999
13712
17118
8713
19798
22248
27700
5650
26024
8736
22102
5421
9949
21828
19338
19743
18429
21649
3967
16818
23844
21945
21618
17117
21387
5558
11043
26148
22496
5458
26493
28847
25522
13611
13912
15321
12211
17964
27323
14588
3053
19425
20009
19354
17605
15699
15450
6034
7348
19417
22852
7544
17714
20823
1014
15453
26381
18409
11601
18877
23867
8094
24077
25741
28058
7989
11062
10269
25954
8385
24857
29007
4162
21218
24713
21767
6917
10163
4153
20618
29580
27006
28162
17295
24181
29176
2748
20562
17585
20702
15792
17804
5148
16221
13546
3206
24210
960
13476
26516
9346
14685
1875
19860
12256
26589
17980
19173
6752
22133
16143
12685
19139
14306
29980
19672
19834
9080
10235
13772
6134
2379
1576
11283
18600
21474
20841
19162
22435
4317
15679
8133
25355
17554
27993
7611
20495
15973
3136
27248
14459
19280
9933
9950
9938
16265
29623
29772
1697
9858
13544
7832
18589
21473
25467
7189
12947
16308
26351
11734
26978
18382
26219
22333
12289
24213
6296
2784
16538
15784
6384
997
11416
16317
10948
27706
8934
16923
27479
10632
3133
17375
24816
21722
8848
20283
5263
28148
6591
1614
9882
9921
26349
12454
2254
8638
13019
14902
11422
29557
7039
17807
6907
24807
10476
24207
22514
19411
11130
19993
6395
20615
7368
7563
12337
22569
27846
17600
20717
10789
25566
6951
20711
21915
19405
29317
553
8776
20572
18328
14686
27611
12487
21593
22418
22963
22152
21284
18726
9634
11277
1473
249
24998
9036
18938
23919
13234
6538
20988
376
8456
27939
27439
372
23697
3108
7277
2473
23680
1957
17159
27643
14444
15104
26414
7408
13608
17698
26134
29594
5328
3960
29843
6678
12996
25133
597
26231
1671
21585
2959
10128
25876
398
16852
25925
3506
481
28399
3539
2439
21910
1182
23235
13367
3948
643
26975
21647
3130
26570
3327
7090
2765
16357
26438
27899
16954
22669
5922
14891
25628
22402
17119
2378
15606
13045
5885
16088
17796
9424
24879
9706
16958
18114
23073
20907
25110
26401
18906
28240
22971
28585
11682
2088
14942
8120
6339
1896
7142
12262
23139
9122
4664
10258
11501
20271
23303
23738
12711
11099
9514
7590
27158
26472
25704
26583
17379
27166
22984
12637
1758
22307
11222
13440
748
26164
27913
7087
4412
11407
19349
27551
20529
366
14162
8382
20637
13817
8472
9700
24917
17986
17290
28427
14459
19346
25010
8190
16513
24347
27180
18271
23006
8402
8064
23754
10919
5977
842
15331
23736
20191
19235
14265
26909
3397
29000
17546
17214
13824
27246
18483
1811
20888
16910
22622
16587
18273
7164
3100
18972
4344
27723
11978
19099
5787
5733
18
18116
12927
15349
11852
3118
4584
2470
28
7981
7822
23926
25196
21646
27525
20031
29809
24765
6942
22431
11352
1567
29596
20804
20539
10292
18528
8869
29391
667
14602
29409
25136
27529
14759
13340
7000
19343
22162
13380
3677
29984
13658
5225
27983
17535
25256
27792
12301
8550
20224
5
10117
26172
20810
7008
6464
15690
15878
5856
16357
6832
5265
17845
10714
26376
1186
24066
22072
23348
13798
25749
29685
3808
7326
27668
21344
2582
25460
9997
17485
22036
10002
27602
24560
812
10963
1025
16502
3193
13233
9212
16377
24850
27057
3443
21227
4595
3861
13299
27944
17659
15400
3981
21468
22726
1649
19164
1660
3461
29161
19145
1850
9163
23100
26410
16328
10415
3787
2830
13608
23372
12042
6337
18223
15452
9781
9450
20047
13642
29101
24343
7654
14501
28324
29122
13579
29973
18286
15239
9787
23799
10737
11637
2962
3837
14399
19290
14252
18187
28473
4212
11559
16867
10549
6134
2319
26682
15584
28719
16677
21037
23062
24331
5538
21387
29805
25469
27712
24443
10709
7499
18242
27798
25488
21204
1635
9888
16847
22239
4427
15320
2803
22338
8539
13352
28473
10859
16387
20409
9578
3064
11447
8992
3747
23337
379
3552
18807
28092
27995
5868
11943
16237
3666
7432
13793
11653
23672
6992
10244
28099
28664
13047
26789
7204
2751
1614
18063
19138
22024
3993
28554
9823
12985
2301
3160
19717
5853
28319
17809
10200
10539
6104
26437
20557
13536
16583
2210
13560
23575
12454
11659
22240
1853
14801
29444
4605
16415
23859
95
14791
4204
28650
24614
23541
7303
4127
13258
19509
8798
7419
29709
19338
13524
2499
9895
3412
19082
18458
16973
12657
7264
4984
11249
9118
19785
17045
13723
12553
10904
20170
27344
21460
18820
21959
15002
26124
26086
28260
15633
11236
12032
21694
574
25556
24193
10470
5320
19627
5280
22293
8637
12544
3630
19886
28014
23415
6932
18089
5968
24188
8260
9665
15649
27080
1624
651
29556
4062
5263
21541
15298
17295
19588
22225
19203
13781
2695
24524
9761
14327
23169
18398
26871
26799
14636
24886
20215
27920
12975
2535
22109
27587
12200
14110
1020
20176
21113
576
590
2728
28470
15889
20024
18058
8114
15579
8191
17161
10103
17952
7840
3273
12702
4711
72
27339
5949
26639
1611
25277
5527
72
22864
24079
14182
23884
14256
11647
813
21198
14376
5635
7087
10752
45
21553
26331
8236
15066
6435
2541
22906
9708
21595
3970
16132
18934
16271
12772
26898
17900
24651
26970
17117
18730
11153
17353
9338
22800
18166
537
13528
153
13976
24280
198
11882
20612
8435
26948
27047
17328
26207
13107
8923
6529
29239
4210
22800
18363
1108
10701
19366
28078
27818
8097
15583
15171
23787
14736
9690
676
28264
9843
14653
22545
10042
26535
13157
24829
29835
16556
18509
2394
29663
27432
8923
5254
7994
1724
29970
15454
18777
19336
19885
16595
3785
5468
8118
3925
26556
17808
4601
24821
4004
19254
23718
20398
22141
13227
21579
28329
29783
10088
723
5798
13872
9647
11052
28219
11371
17374
13673
148
13063
3558
23095
16848
15379
1213
27125
11935
25374
1727
13108
5730
27333
6826
26128
19475
20053
24059
24156
19836
10499
24879
1986
723
4526
19391
28942
22249
6765
12616
22397
19828
22526
21844
13029
7905
23058
10154
19841
24784
18233
9301
514
15567
16128
2994
11394
12533
3405
5550
8722
13904
6781
10708
14627
11308
99
13570
3557
6865
2538
2307
3045
25064
24151
22426
9322
23561
8933
5515
24697
27166
14816
1563
19085
7296
10909
479
19830
14314
12381
28552
4570
19163
9260
25550
6823
15712
15472
16732
22577
18010
19039
1974
19426
19543
24401
5100
19456
3334
10615
20506
6852
25432
22069
25938
2728
9331
2769
28910
29997
15151
27462
4568
10666
13075
6470
17489
28787
21942
4221
27716
16304
29613
29690
12082
25508
443
17183
21316
10129
27798
11822
16982
29582
10244
19272
8663
19575
22041
7573
19572
7192
11388
492
24210
24463
6962
11699
29602
5256
22273
27318
21560
21886
3360
3643
23746
10156
20826
15062
20285
24976
26885
13619
24559
13481
2891
3222
3056
24933
17147
28980
8477
28535
5825
2688
22998
19139
20739
28952
24396
13012
26270
22308
11250
5983
25951
4996
16139
23129
20059
12776
18106
23296
2748
12665
6777
5639
22239
16185
6924
9386
21517
21754
7922
27342
794
7272
22834
21533
6225
17230
4546
2495
9538
15796
14830
11842
20793
7321
4971
17204
20098
23077
10500
29198
12094
23629
11189
4333
9814
18114
13720
1331
16220
21642
5026
17014
5266
4212
8547
11491
27794
19445
20339
7332
11594
5169
25526
8739
12491
498
25943
8941
29927
12795
14491
12022
6424
25680
16355
16238
13794
6427
23921
6366
4421
5299
23380
9688
9511
8280
21179
7305
27725
11518
20990
9319
23040
16516
18058
11883
23366
20353
27176
23294
3148
11667
11668
9572
7347
28023
2162
27494
4451
2436
3860
8872
7735
27241
24912
17247
5521
16092
904
9598
3962
21894
25270
3354
14763
13328
15237
8129
10034
18765
7775
19534
432
19443
5459
14132
17467
7621
17978
28270
10057
21838
13494
17793
25431
8407
11392
7304
851
12296
16903
4813
10543
12173
8168
25306
1853
29757
3435
11887
24875
11211
7774
1659
654
13233
15791
24473
20854
3769
29095
7264
1960
12590
1409
27391
27349
12801
4696
28200
1449
27951
9365
11992
10124
23885
13650
18329
29995
23438
6569
24870
11001
14343
26529
18007
27576
18673
12481
24782
28794
17928
2046
754
518
9807
4498
4219
28960
15546
2419
410
13497
11785
18754
29973
12022
8757
18302
12017
2195
1223
6887
13196
15566
9769
1203
19494
28442
20036
20629
27236
7965
29027
4343
14835
8835
8841
19055
7795
24387
27826
14557
14236
15963
3312
14209
27986
12069
8863
10003
20616
10087
23243
3812
2005
3012
11367
27852
1454
1404
18481
5042
9369
17508
9385
556
2695
24578
19611
10491
25317
23790
25048
9553
9753
4712
114
14091
23133
8978
24095
13749
25417
23690
23913
3774
26702
5281
7978
4508
6685
26459
9550
22406
20320
25288
22962
29367
19866
18926
9858
15184
12716
11259
1089
22469
15971
1204
6561
9105
10182
7008
29206
11951
698
23120
15725
27400
28401
23704
1908
11438
26515
17810
3844
23187
13098
3158
22555
9317
22084
8765
853
4800
20024
1942
3622
5996
3146
16535
21453
19680
23543
20659
1631
593
20131
23709
4345
18532
23765
12605
6322
26632
415
16518
26172
19866
19677
18727
5535
11761
3844
6388
22914
23869
8330
26536
6217
17829
13071
27670
7509
12966
24681
15493
13559
14813
9202
17904
9697
9319
509
16020
5951
7276
2538
2123
27142
28567
27202
2677
10329
1047
15417
9595
24916
100
6131
7485
17929
19202
5155
1790
2168
29836
17283
22079
21001
2837
9983
7051
12156
16844
23071
24460
24120
1961
2935
27615
6881
138
6644
23562
7537
22062
3157
8805
28514
9288
16290
16443
4842
21445
24585
13362
27633
18221
5441
24987
21058
21776
2038
9567
8620
1461
4027
9092
9774
13314
6707
16655
13452
13352
10217
27341
5414
13374
6146
3928
29014
22436
26723
3856
20233
27660
23570
24219
15881
5363
19206
13292
27139
21244
29211
12111
29057
9590
21204
8831
22904
27911
25487
6357
11263
5704
3698
23029
25431
16197
3309
24445
8633
6384
4654
5219
10397
28224
29438
26278
9940
18644
15922
7079
16240
15133
25543
15297
24723
16747
24128
17628
21010
25967
337
8626
1672
10387
1655
3455
26584
11317
27900
11570
24053
2554
16789
4450
7131
16227
7081
17071
11223
23003
502
3815
14489
26045
25464
15564
19144
19592
3192
16507
21912
9881
25133
23584
20269
3140
27039
23205
14457
1291
4775
14863
10198
27916
19313
17329
20495
26394
10752
1718
25750
11254
11885
16591
13652
7349
2155
9148
3294
11700
25655
25206
21581
20788
25142
18202
23929
28533
11408
14738
29824
22535
5953
10022
26804
25267
3703
17299
28013
14455
25370
115
2062
7255
16706
22066
14605
18862
1214
24251
562
3222
19457
28495
24010
20951
16698
24291
19484
4458
15382
19308
3345
21335
5683
149
16602
15738
17449
20968
6546
12819
21083
8608
26426
7790
7026
11031
3004
8240
11634
9918
11462
1091
8413
11825
28394
25111
12468
17878
5921
27850
13539
9267
19186
25574
9416
12140
11312
3217
9460
17858
22388
544
2818
18815
14686
9844
6198
24042
24437
17833
3960
5899
25276
12373
24076
23671
13837
6545
11549
19758
4395
1440
5377
29933
27014
21146
18426
8327
24363
27886
26185
23104
4782
29004
11919
25820
15200
18117
26214
9637
5950
174
15537
1227
18900
15965
1250
9089
22510
12799
5199
3258
14240
10577
9543
11254
8075
4321
25933
8790
8560
28471
1894
13342
27475
13813
15515
12675
8283
11729
22313
14233
18256
14202
21812
13508
6519
23062
28949
5382
12214
4148
8640
2806
21077
24535
20412
29152
28857
16346
14295
7417
14817
16189
27111
18644
6355
18978
7671
14638
708
6336
5223
25316
26890
3388
15176
3410
26450
14125
8792
15016
24625
23784
17822
15703
24671
8235
21207
23528
933
11854
7297
15750
28044
4409
10746
10751
23387
24769
1741
447
7458
13316
2115
4348
16704
23643
14110
13155
7768
29254
28171
2394
29390
22346
24449
24062
581
22008
23942
1514
3863
1240
23616
8259
12001
10714
25362
11740
5483
27103
18540
12941
10419
20655
23642
27124
14299
7752
16631
28419
13359
21154
7165
12749
13500
7966
13163
20433
29975
13458
28299
10190
14698
28267
18449
3051
8981
13811
14791
20817
17266
3331
10110
27685
339
3752
1161
20990
17857
24144
25761
7568
15299
2927
26669
5151
17245
9833
1937
17220
23291
6588
3762
14341
4856
22211
23744
13837
12374
14887
11006
29640
24571
21117
3678
24910
24869
4839
22252
19078
28984
18013
26646
20635
27292
23316
2138
14538
9501
10427
8110
9144
17016
11873
23485
21872
10436
23581
12061
22811
8468
23068
22451
3039
20537
26129
4301
15406
7321
26553
10837
12657
20919
7483
9644
18211
7151
18134
9101
16652
28562
17212
25796
15578
29085
25633
13802
15873
25566
25863
8684
4035
25283
7488
13426
15820
9969
17728
7579
17290
20633
18416
6299
11552
2251
22295
6116
9403
10430
15217
2407
15344
2429
4556
7274
7866
189
21076
23740
25756
23291
8776
6143
24927
16264
19569
10747
26234
13649
24678
19876
10635
13094
2528
22187
21698
24823
4655
7453
11605
19873
9860
26949
28654
14416
4223
12873
20958
1651
12965
23066
1295
21741
29209
26222
8006
25130
6969
10592
15132
1648
6820
25767
21094
9348
24306
19144
4172
28962
26597
22129
18835
6458
19079
23841
27226
29654
6714
24536
7658
19679
17602
8953
11421
23163
5175
25779
18294
18496
6371
9778
26496
13191
5545
17591
28892
29851
6735
3064
28813
9685
1545
24000
22495
26976
17842
19721
26631
24556
14258
4289
20588
8212
19594
2009
1376
24769
4140
26022
13265
10511
5800
9762
54
11345
3705
28946
17548
16792
8362
16362
2829
9908
16714
25324
6884
4556
15046
9867
5465
5656
20508
26053
13868
10102
4414
21596
11223
8554
23970
841
25417
29770
16955
25471
17467
20660
770
5016
13804
9132
27730
16634
25392
14444
11958
8629
25353
3356
24848
818
15364
15357
3223
5585
1811
7637
27181
13035
16191
21152
13876
11608
27274
831
13431
21094
27843
14201
2462
17999
29686
192
10985
1430
20988
22944
10059
16341
2652
4908
23511
18017
26617
26734
29954
28428
4371
27135
17815
26914
24639
1691
8522
21914
8874
28306
19360
13069
12507
21822
1069
18545
22014
12054
19976
19354
11350
6387
12048
20355
17647
5559
8372
14264
2294
8326
19045
13017
11813
6860
9932
12805
14904
24806
11071
130
29464
431
13200
11972
22253
14269
6869
20619
2675
26845
9973
14026
9585
22021
10733
27232
3933
19105
17849
12579
3783
13246
25596
21948
20106
11880
4753
11362
13039
22176
11493
12503
22607
1045
827
14860
15314
7697
5479
24341
10894
21805
14719
26831
20178
25452
416
24111
20909
18265
6690
1044
1511
8639
22993
27969
26871
4098
15684
16262
26275
27177
5118
25234
28222
5945
10095
19888
19994
21926
20581
7241
20083
5301
10424
10262
753
10840
10725
21663
29105
17416
29059
6968
2407
28404
11290
5630
2503
26974
21893
5130
24151
27011
364
28725
9308
16811
24965
5655
15090
15546
19248
5173
20847
29672
15435
27953
10513
26161
25968
9618
19929
25027
22939
28688
23432
4229
4318
2287
1203
26211
7417
1706
29574
14133
431
15235
945
25396
20890
16035
10942
10138
21208
8142
9810
12996
6095
20323
15509
2063
6294
5438
3442
29233
4126
26874
9814
14796
29161
11017
11008
12930
12723
16934
27064
19506
2169
4361
21254
23059
26748
8548
9549
24308
16690
19360
7304
29137
16035
29165
7552
28681
4603
10995
27914
15081
7869
14080
29878
13383
25097
17238
26313
14172
4172
29729
10030
12694
4090
1284
5753
7190
9833
15303
1499
2875
11015
15155
8365
3402
14321
15917
2084
25276
3264
6350
16710
11134
20431
16588
869
15528
10178
3534
6053
20702
3264
16083
3396
13706
23720
15502
20897
9905
7157
28748
12780
18172
13903
27497
21574
28224
13415
23658
23501
16679
9
16563
4165
26792
3151
11386
18672
19681
14921
24725
10383
18185
17161
20132
8243
10881
5634
5492
20786
12791
4240
9918
7315
18144
7416
5241
22720
27183
5252
22573
13862
11613
9136
24380
8405
18639
5766
27077
8320
20687
28155
25056
15224
15316
15188
29820
2549
27174
5312
29687
16317
9553
9605
29984
27697
23373
5225
26769
20556
16829
19343
10771
4794
28479
5151
13199
17119
17269
16629
25439
14309
14784
26847
29533
6452
12035
29353
9001
15561
11018
8688
1878
20571
24645
8214
24620
24371
13440
21389
14927
6621
10732
2050
11416
15564
13553
967
2683
823
17596
4474
15132
8732
1322
21017
15184
19709
26723
537
11623
7741
15577
13501
28312
16575
21716
29284
10946
11508
27025
25873
24481
7758
27924
12249
23322
11477
13217
2357
18652
7165
13183
10136
15898
20857
1154
7434
10567
4229
7972
22190
11970
29901
12043
16634
16476
10111
22270
27422
27971
19295
29648
28805
27053
3924
11054
26727
21753
24271
5436
16758
1437
18620
26894
23687
9477
4400
1121
26396
8629
9093
24938
20599
15347
13334
13585
1823
29797
5855
5598
4121
25151
11598
2926
28556
21874
13980
1636
19979
14604
13424
6737
16041
8396
3632
9728
17874
8032
17201
20622
16662
26295
21913
13613
17994
5247
3551
19817
5044
9406
1767
15517
10909
19717
18443
15818
11591
2424
23806
1571
23380
7230
8308
15773
15627
18292
25501
9853
26325
19054
6827
19339
15349
28740
9304
3343
10339
12855
29513
21736
28614
7632
7253
15875
27350
25697
1693
15293
4473
1851
16864
27853
9082
1525
13626
1061
19817
15479
17266
22494
4533
24093
11833
26235
29186
21138
5930
9525
3993
11795
1261
8959
19428
8515
24835
16778
4212
26528
2071
8685
4732
25288
12890
20166
26813
26516
21227
22982
11995
14845
15477
22880
15290
27310
19115
14476
24800
25046
24002
5146
6841
25263
14105
2621
3778
8940
25751
14342
11821
27823
29379
16553
29463
12269
6719
2628
15137
4298
25610
27132
19143
11087
26365
10785
14750
15480
25262
9550
16878
19264
21048
72
20879
5154
2693
1010
14094
28445
15352
2267
2620
21084
18820
2083
3353
1891
11063
18491
6189
6673
21975
1684
24113
24692
18822
8863
10173
14084
24765
3403
9700
15814
3475
579
20968
12521
1589
11414
17318
23294
13682
19938
14378
8854
28373
24083
10746
9436
18926
23287
22461
17254
1324
16574
11946
20146
25437
22119
4230
26555
1875
13930
12369
11702
20861
9689
24223
28803
27455
17893
28449
11137
7831
12827
19992
12556
13262
7090
28344
2189
377
20806
19443
8053
7380
7741
28199
9170
6213
8781
5725
8088
29063
24446
19790
19925
4135
20366
25080
1590
14611
23529
19080
28795
12708
15424
11351
25970
28866
9696
4511
5595
6854
306
13649
14234
8048
18200
23404
14261
26982
5481
28701
2397
29927
24843
28674
10414
21561
23754
18357
6173
17283
7437
4968
6343
29213
22671
2314
28079
8719
13177
3674
15573
19836
17323
29808
27884
5524
29564
18497
8858
11398
23550
17607
11325
18393
16282
28092
9955
16388
16449
22480
10024
23886
27448
16367
23099
20119
25033
27530
28839
8211
1204
20764
28047
24880
26924
2283
6756
2841
27132
15614
14239
20682
9573
1916
9075
25855
8
25382
12244
16457
17862
22268
10343
21662
8635
9794
18134
3669
13676
23325
18232
14881
14089
22631
9761
11014
24914
16517
13855
22046
8483
28094
19080
24408
10
28155
20264
19
29890
8860
22828
17752
7480
9524
15767
22467
25670
3901
2488
9347
27226
20720
24228
17667
13351
10341
28681
14617
3210
12536
13015
18045
16982
2095
12453
23345
6603
2717
29716
6493
17929
22544
597
25409
2068
22716
17877
27739
26617
20365
7086
195
17438
1314
17863
7141
18007
22896
21759
21217
11785
11126
9262
28767
13222
21715
22112
26177
785
21828
9022
18714
20725
9619
14124
22793
8688
8353
20532
5305
28718
27618
11853
22508
5284
6068
29650
29643
5316
27761
20860
17101
8887
122
15869
28461
28190
14333
24638
28975
12514
3660
17689
3239
19632
8165
26032
28320
22870
22917
9977
27941
26887
28182
20449
2172
10602
20099
1815
15919
17860
29028
3020
26748
5502
25241
1561
3692
9575
26200
9019
22089
6212
26709
1680
25844
11226
4064
516
4097
26981
10494
2038
23869
15028
28839
2393
25631
18939
10560
11550
13151
9588
14570
16251
15091
9812
17813
25135
19387
14013
4155
17828
20225
