3798
17170
14104
6061
4902
9725
24510
275
22591
8986
3202
9553
1944
25301
12848
27465
22274
27050
25263
19241
366
6639
5742
26579
29731
11589
1039
8076
13412
8762
22238
23562
25932
12695
29624
834
28772
24134
7462
21363
9472
17016
7268
11417
12317
20116
8882
4591
17166
4145
185
23885
17136
5927
20464
16867
23868
27855
24944
13632
6617
23534
7195
2550
6229
6819
9736
5001
7305
17198
2717
16778
4214
9985
4547
22883
6454
19781
3827
29972
278
4012
23857
17415
9939
20673
10634
10159
18529
11930
23791
25146
5465
986
4048
18046
14157
13785
29400
27815
7335
8469
14593
17902
24806
25492
10785
7612
15273
14612
7585
15551
18624
7794
9318
4915
28468
19953
21426
16997
1883
15218
18495
13700
22556
22544
8099
6714
12681
13851
4529
26368
22320
25474
20622
23478
27318
1408
1091
18943
22372
8676
4494
17349
16470
13813
28616
21290
10118
20043
14639
12001
5261
3135
25702
4169
2031
10153
17235
21064
24004
28116
23784
22676
23590
14407
16154
27260
22167
23597
16203
20891
2273
27050
8240
25096
17215
6857
22738
27333
3252
7378
9334
14865
16865
11388
19034
25248
27893
6270
16312
21897
4386
16448
14573
4329
855
7080
1589
29374
677
24145
20266
9303
21195
4858
10751
8410
18067
3489
5743
21319
17219
21429
6184
4084
9170
1571
29332
7063
7841
21996
5313
12227
8445
19886
22908
15652
3318
850
15027
3996
24995
11645
19651
22542
22855
402
952
10923
10243
13047
8594
27463
10828
21131
7899
26350
22702
7232
3414
543
5580
15079
19122
14025
11317
18383
6030
14636
19233
27409
24984
20580
9054
14635
13122
8261
21389
20426
19184
1632
9825
4131
5447
20653
25262
13347
23356
17964
26931
3122
24859
2511
18201
20333
22889
29518
8716
28919
20506
27949
26328
15490
18529
11734
6477
8003
19995
27866
28429
15532
5851
8254
26015
17650
5260
21277
7349
28616
15593
4280
1738
10452
13144
19939
7137
6033
25809
15854
11304
16316
20155
13984
1806
15037
25718
14636
23040
22065
12502
21470
13949
24705
6076
9964
12356
11336
7593
19705
16304
23186
338
18042
9990
13482
14333
17128
25867
16495
2982
7171
2811
23137
21155
10969
14526
23225
25605
7567
15290
14460
5389
5592
9165
11465
15556
27873
29154
23150
17579
15458
22688
17917
9853
2679
7751
538
19807
3618
17033
29141
10789
19844
28630
8296
7166
13157
1521
2771
27076
23163
17231
2465
28755
2749
13930
14312
622
19436
13814
18201
4895
6502
12470
21100
15533
20221
21638
11692
191
15024
10833
17332
11220
15816
25628
18386
5325
3501
21158
2401
26665
14741
4866
25420
17490
25148
16084
18113
14585
6250
12666
25832
12753
1489
16932
28286
28062
14922
9979
28254
29946
27164
15586
11167
19332
17567
5905
24657
21068
27063
27058
24085
18157
1924
25858
11999
27073
18294
6464
18010
24545
25483
13842
13650
26972
774
18288
25034
22048
4619
23288
21995
1784
15227
9514
21116
2794
15419
22126
214
18835
19184
24300
6992
27461
20158
25343
886
8452
1808
18896
2997
27291
2738
22999
615
9864
11288
25649
8264
15907
18938
259
24043
10517
16125
21512
13311
1545
13638
13525
20380
2822
7825
3724
6635
4335
5419
7521
19140
7227
2769
22137
10870
11859
21489
11485
21723
2777
13487
6340
18684
2425
6599
19080
19294
29077
10592
2605
622
24230
22482
27354
3404
6660
7430
10040
10995
12849
23913
135
26429
26683
28625
13651
8542
20114
1489
6618
29243
14976
12958
24279
23753
25909
13359
13047
24986
23951
22004
1960
24533
14486
29314
4290
21146
13096
20682
8494
2298
14595
14981
5079
17630
19958
18730
2525
16424
20219
15495
15667
5195
28453
9947
28948
714
29658
18347
2053
23610
10351
4013
24495
24838
9680
5137
22336
22776
25819
7182
25074
16767
28516
153
4397
18474
25236
13274
4899
21807
28769
20566
27003
3574
6865
2303
4289
6524
20651
6342
6486
7354
16707
7333
8544
26387
12471
881
25516
8290
14415
20590
1409
12931
27096
12159
1406
28684
25433
12657
20491
24203
9575
23846
27777
16441
2502
8418
29317
29505
21112
12155
6859
7820
19488
15404
10559
1959
22637
6075
16602
7052
3018
18011
26336
6466
170
4094
5150
1956
16751
1993
26159
26326
25840
288
19119
28342
15059
24788
4199
6171
6943
11058
20343
26432
2814
903
4743
25451
6978
21345
8856
9996
9357
5192
16462
15879
9286
27964
17835
2389
29958
20346
5067
2150
20635
539
6844
5694
25327
11043
18217
2271
22101
8561
5055
1268
15816
9798
26719
22794
1144
5575
9143
16853
17119
1957
9084
2757
29922
26920
5146
6232
23618
10214
8382
20605
10753
15226
26299
12432
26269
20869
14703
24722
5782
26110
2342
21598
5909
29062
14392
13405
10989
29887
6610
4461
1845
15694
7218
8119
18966
18717
14351
12585
28931
22733
3190
16036
14311
5842
28468
16932
3063
19524
18006
8845
15634
20349
443
21543
25763
21187
11300
6752
27427
17910
17565
29272
9957
24784
7391
5275
13501
28094
17860
18784
20827
27403
4820
11490
9597
3288
28422
12660
22812
16428
27857
14799
13129
4652
12694
8892
2191
23995
21997
29618
18257
9562
5242
28214
4346
18985
3490
24199
17079
27702
12983
14258
1457
24155
25748
17406
3796
522
66
2960
23303
4275
17759
6432
15279
454
15325
17471
801
7322
23441
19058
23236
28684
23625
27583
24021
3467
28134
17453
7521
17470
1711
15331
11625
3812
2737
15421
4334
9156
18382
27637
13431
12493
10422
28711
12947
2099
22534
20100
9421
15975
15511
2657
21011
9136
6592
15033
18955
11079
2486
2828
28549
10549
18159
10174
14361
27249
1948
25048
6405
26682
29037
26188
9175
9459
1251
28475
11558
23785
18575
27331
16113
4086
6341
7124
19574
19285
28509
8529
364
7347
17710
28913
17897
5869
15440
8610
3118
23740
3658
15875
20422
9048
12064
29597
24859
13315
4424
12770
7101
23000
10101
23214
27086
22794
6690
16661
12080
5200
1542
12444
18899
19252
17710
6796
1474
9502
21759
10944
3242
1769
26820
16
10817
15236
5965
5677
28551
10390
18447
12004
3390
4900
11570
476
27695
24613
23489
16127
6165
25032
4923
25064
20636
22633
1861
22110
8487
29972
9407
18081
1741
12579
18097
12559
27815
24063
24588
2718
4453
13035
21075
14195
24287
8997
21023
28334
3610
14513
14461
9775
15897
19385
11192
6533
18370
19405
4996
26858
19377
20755
14939
21118
3334
9389
3677
1149
9804
4617
10219
14257
24004
1294
4804
18292
16644
25827
16626
20254
16692
1088
6382
8941
26825
17574
15475
15195
6979
26823
18405
2708
17578
9697
23826
20912
19086
3856
28413
28890
8473
14984
19499
2478
22631
24303
20770
9275
26482
13748
5881
19527
21188
12263
28468
18013
6189
20295
9561
19520
23470
27966
22228
17400
7663
22407
14664
3101
26263
13077
1991
4736
4414
27842
7214
27045
28497
4336
12672
24980
18085
18553
20859
9273
7169
25679
3639
19710
15975
13200
9231
15797
11166
7811
3198
25182
6570
17862
28283
2833
7292
275
7570
11706
28117
21136
15103
2967
1825
27775
27947
19910
16328
25158
5535
23497
20837
9174
13208
13164
22374
28791
28962
9893
12954
2160
5075
19525
20022
3358
22358
27314
9985
6280
15372
14455
3769
475
17422
5594
28250
21721
1856
14579
16879
7391
14428
14068
22918
3988
27233
15292
2779
26195
1537
22086
28355
6612
11611
24729
16323
10321
22044
2660
16602
13768
23467
26723
14244
10889
2317
12494
8962
10525
3425
2193
17916
17854
16262
17186
21842
13495
2479
974
9690
10368
23060
14397
23333
4671
9126
9656
21344
7522
18668
14298
21291
12136
11021
11887
29377
19690
24381
8340
215
4159
10533
24484
22013
26795
11670
20207
16642
20501
27533
2684
870
20593
17081
24203
1616
2560
10211
22961
16434
5231
7259
14077
17367
24633
25964
16745
14323
26698
25085
20891
857
11970
21727
29222
15118
3397
25781
1760
23899
23315
10797
1121
20260
4230
1676
21877
6790
18239
21190
29577
23470
4801
20006
10838
29434
15971
3935
20110
19021
5372
17353
26230
17342
9080
1804
8812
12477
3937
16925
12728
27252
27722
20201
23865
1952
21877
22094
15095
16468
13284
14672
9939
24437
4678
27129
23872
27001
7416
20334
22374
12788
7687
24956
6482
16767
26760
15295
5596
698
2220
24677
4302
6294
14878
28167
8246
13108
26613
23341
29576
16249
14365
15867
10687
19044
19348
10911
22397
3116
1245
21124
15904
15284
16080
28739
8403
19193
20386
13999
19891
28958
8676
545
5252
29907
5065
13498
13015
1678
6840
18943
17928
21205
11163
28615
16601
511
15878
15351
9980
17123
12827
25884
2407
28907
975
10810
18100
27713
1161
14343
26671
16190
14889
1923
16097
26306
21774
5464
27984
4966
24407
22264
2523
5570
27231
25477
12434
13109
10828
22414
6584
23655
24650
15343
28914
1978
2505
17015
29691
3667
7710
26363
19857
28951
4638
12306
25257
26412
17770
29594
7730
18529
28210
10254
24100
25442
5731
12886
14903
22911
11652
21488
16566
6302
6831
21832
14632
9337
15199
14324
19356
22910
17039
15565
21861
21677
4223
23471
24442
21993
23065
2172
10522
21275
12426
10974
23069
24509
212
7973
17420
11864
5813
10338
24519
18996
2171
9151
4685
23722
23475
24041
16632
16866
15958
14846
14896
20181
14669
9338
18526
7734
17862
5401
5361
6641
16375
4783
1150
16588
12756
18571
4804
24921
5261
29323
20269
13784
8475
24955
7507
8302
25348
491
1521
11307
15337
16417
7840
6
25755
26367
14092
19969
1768
19454
26610
24495
24237
4113
17435
13345
29036
22240
14618
4297
21563
4887
18082
6390
29842
25589
21045
1543
26080
22566
19202
17770
8983
27042
24128
11090
29761
8221
7411
1529
4027
4022
2377
4616
14487
19812
24313
13523
18404
15283
17820
9968
20170
12254
22710
26365
14195
20107
4260
16628
12673
23462
4398
28008
20504
28526
15450
20266
13099
29214
28147
23478
3236
6876
28094
24075
26689
28759
7598
15093
14042
1770
1413
10565
20377
476
13282
4572
20583
17542
21200
9609
11004
25598
13969
1508
477
5772
28126
13576
4986
2626
13407
14574
9502
11501
8649
12543
16613
16247
27637
655
24369
5402
17572
14746
5878
854
19319
2814
18396
10519
12423
29400
12470
2744
7261
19299
8516
5387
9227
13502
8013
22634
28076
23868
10488
13077
6411
27101
29324
10400
4108
46
15803
21681
14792
28033
22535
10463
7199
10932
27335
25974
10332
9805
28719
17593
29104
13587
29333
14683
27090
13698
7318
1518
7566
17806
14596
20330
14907
20272
730
19015
20318
22885
10696
11463
27271
3232
21926
4470
20516
19261
445
848
5418
5516
24794
10874
19103
24127
25558
22545
7825
2876
416
21744
27034
21364
12074
11941
11636
12804
7308
8307
5690
24357
26122
9313
27589
18048
13783
18105
13662
20580
25305
25432
26096
20099
6307
21552
14226
8217
14097
28404
17445
20865
20148
14479
12229
2222
2772
23866
21378
10080
8525
3420
4437
4647
12733
8378
29047
2869
2835
19061
23449
28141
14494
25898
24592
27153
17450
15171
5370
7899
19927
29167
28765
10075
19998
10994
18649
22770
11212
16379
9202
26089
19800
19992
736
8885
28370
6136
11754
7558
25197
11556
12051
9691
7454
6643
13196
1256
28166
24918
15507
18093
24085
20624
4520
14083
7971
23169
13205
19183
9549
22408
21625
5701
18752
22361
14586
17122
28497
2693
1032
47
14249
13083
16090
28055
26079
29287
5663
597
24205
21170
18691
24643
18147
23211
15078
26118
22733
28284
21653
8634
27044
13278
14335
15796
5640
5273
9270
10489
7966
10303
10536
22215
29738
26627
26622
2169
2266
2285
2767
26471
29808
21458
27466
17955
21021
12545
14073
13754
17181
5726
22388
14225
25357
13075
6373
997
18349
15643
17838
26315
2298
4727
24883
2037
7706
27857
4206
9972
143
6973
12795
6303
4783
10262
24258
25805
29159
14683
15911
16340
26761
8300
565
22118
21375
6938
29467
16076
28933
17306
12392
7584
28385
13627
15973
6091
11484
20179
22415
11627
3505
5210
24282
14640
21824
18540
16797
20983
9575
2709
7323
6337
17361
14240
4807
15088
27530
4275
1165
26464
27933
13557
10400
26318
27184
26373
8761
8668
22904
7528
26648
2761
12738
20930
17402
4563
15823
4199
1898
25398
13260
9222
8087
621
23462
12895
15710
27345
17170
16875
161
21455
432
10561
24125
3968
6934
2886
18988
29838
10414
15636
2600
29504
12919
26354
10419
28742
553
12318
492
13814
27892
8580
14435
27706
21475
6497
25051
14997
23372
25212
6452
156
5773
577
4124
12707
9815
29465
18898
26581
15101
21498
2437
4372
17852
12857
3114
24757
1527
9959
14923
5771
18539
5711
3477
16366
12208
4881
1363
5581
93
14167
12089
12219
21096
16214
1278
7263
15679
20176
3844
7132
18026
6281
17857
12230
25490
27323
13340
3369
7282
28263
9140
2173
3974
12618
18539
16183
23851
26254
28116
23944
16773
10205
12515
7869
2771
13794
15132
24802
10322
25328
8287
4701
7962
26144
16931
9804
23467
271
13174
750
4887
22314
9275
8861
11284
27815
1396
5135
24069
5864
5432
17195
22422
24299
25064
25193
8093
16549
26348
24768
11877
10987
29469
26191
7131
22752
5996
6950
29376
19170
14052
4263
17836
23328
13124
5473
21143
20873
16960
21564
26737
28744
8759
25511
23044
10176
27057
7489
26725
23405
2257
14954
4392
8078
11146
17875
831
23494
24825
207
19016
8878
10822
6852
2206
23946
18677
29701
21171
5638
27617
24261
10734
12729
19772
3778
22905
16829
11268
25982
10234
19877
10936
20978
27956
28434
8853
5139
21928
10031
11698
10944
18909
22520
24149
27467
22818
19178
27168
13990
1168
1137
14603
11903
13866
4375
22033
6771
21205
3301
2753
7791
23179
20042
5122
27487
18476
20327
2626
16757
358
20676
4053
25619
13196
4554
23086
6014
85
26606
26356
1253
27744
10959
19508
11610
21687
11542
24734
19244
14843
3839
3387
14374
23881
8509
18213
18710
5189
20839
11819
5547
11515
22224
1167
1063
26779
605
13430
26864
27212
16138
4469
1308
3450
23978
19270
25137
5520
14004
20733
26715
24196
24120
17442
24429
8982
5655
13139
14171
2847
1310
19718
20714
23535
27237
21778
20314
27843
5208
23530
25055
27698
4351
2715
1148
28329
21985
26285
10201
12342
17018
13269
6538
17491
711
967
26473
12718
20459
10644
15565
21769
6714
6280
15304
3952
4410
11970
1795
15970
11852
3202
13668
16204
12269
14817
20885
4254
17454
1087
22948
4473
20708
29486
21964
21419
6806
24789
10489
3617
5433
26055
25386
12147
8687
17043
22451
13097
5365
24246
5419
23570
3800
19087
9774
16069
3904
7011
26676
27711
14450
19624
2184
5158
25463
500
2929
2269
25289
13419
5886
7074
15826
7624
25573
24513
1019
18025
13962
6385
18623
19381
6307
22424
14820
16081
14845
25077
23092
11521
22788
13895
1146
1324
19053
26609
1824
21983
5230
3465
5402
17468
16891
27580
25092
12464
22093
26112
489
12407
8849
19113
8140
15156
17889
22960
7589
2734
18037
7033
20608
17177
20928
28106
18501
9982
1067
20325
8317
6297
142
20071
117
17033
17651
25209
29498
9744
27673
6339
28503
12874
25452
6643
4382
19693
29603
11971
28780
23993
25357
19388
11170
16285
17494
29672
2619
24913
26349
17288
7562
2844
7359
7679
19877
25010
2888
25727
11106
6914
2067
9609
19788
3871
16252
24171
23565
22208
12494
22345
22553
7851
11733
3723
489
5579
9747
9460
6844
12449
26749
14406
15293
4108
22085
5170
29119
1325
898
16577
14591
2965
26187
4380
13188
18791
4903
6753
17351
17397
29098
9904
1601
17183
19980
2090
29114
6079
17902
5958
18528
14651
20364
3821
18760
18801
15344
24231
20127
16242
10808
4718
25559
13347
15450
8747
8491
26705
21853
2194
20455
20951
18451
22056
8135
8431
498
13601
20862
18400
19560
9391
9404
9924
19564
28164
28726
4908
28747
25205
27502
15907
6275
29413
5607
28078
14513
14098
24783
6366
22644
15238
3669
11095
13646
18156
25878
14144
1758
16741
8897
21318
2484
18301
7594
22048
22817
12672
3309
27916
7877
811
13823
20505
6577
19430
18583
27442
9880
19718
3808
2525
4957
13829
13620
24955
1986
9499
9100
10096
2592
24349
7766
5076
19002
15360
3476
11819
28033
6785
9735
12262
13949
29910
2767
26878
25693
27702
24320
11925
17421
4480
20802
28730
18309
4423
23685
26647
20274
9137
13095
29218
9838
20861
4294
28840
6222
14122
17011
10607
20908
3098
22869
11209
3009
1989
8087
28702
6043
8759
16979
29816
13239
7782
28546
7900
18557
28584
10900
15183
14073
23995
14401
23912
14857
25047
29104
21079
9169
16116
1686
6429
19214
907
23990
28575
2896
8429
3629
15292
17188
20609
15108
427
28391
20007
14680
23300
24943
25580
8483
9016
19575
22884
9280
4432
24283
14737
25511
3452
853
3549
16234
26419
4457
10224
1347
13705
25006
4976
5349
12194
1937
20458
18974
6680
10465
3654
29980
11760
29234
8463
20776
25161
7699
6409
29594
1982
21146
1457
11787
28351
11359
28021
1122
15816
14597
2469
5873
9603
13798
11223
28150
15735
8033
17124
22416
24850
27130
22396
6610
26364
860
3738
27877
8559
10147
27471
16894
7645
5281
28681
5996
16640
3054
7119
8808
24003
15940
14681
3607
29738
2256
1757
15474
10289
25233
14242
5139
22363
6638
18101
25079
13850
21840
22956
28762
1987
26780
15656
9633
2061
14337
21981
18701
17391
5452
27509
11394
21393
18542
21353
27483
20799
29462
19309
7440
1047
3551
18932
23410
10190
7033
18489
392
28873
17798
29154
7213
14578
14810
23198
22991
5499
15179
11692
29242
20632
15553
16989
18377
4095
8342
15860
1246
14157
5170
15039
15204
8721
3971
14967
25263
17356
9808
25656
22582
27606
1162
29795
18536
15973
22993
11527
21472
8172
29571
27067
5156
15124
14056
23533
25572
22398
15746
3170
12907
20916
18209
4464
5989
28532
19431
7605
15889
5591
9613
8471
3198
10775
14618
28086
26748
7611
9614
24573
22135
9185
21640
27292
662
5696
27177
26234
4446
12923
29404
23706
10191
23966
28170
22533
22498
23953
138
8387
29544
9751
23210
9094
20526
7828
7181
23627
21791
23147
18200
13927
8684
16192
17571
9346
28240
21100
11932
2686
10376
17689
26392
20567
11655
914
19452
4153
24867
25942
18893
764
12045
18455
9858
8924
26284
23391
2551
18075
16538
27103
8354
25223
19647
25925
10921
17887
17026
22854
20573
27402
10543
23318
24321
28550
584
20126
9055
1804
16068
27948
2568
28114
22756
18778
7038
19040
12170
15941
13467
5060
13044
21822
283
2691
24099
17557
26930
17477
10411
23855
21231
27306
17173
21905
25856
24110
12031
4911
25914
4451
9212
4834
2565
1968
29964
15955
21008
18486
1896
10827
23547
21292
9001
182
335
9453
17739
27265
26930
4502
21121
24514
1808
14646
16419
27664
15108
28450
8928
17374
2901
18140
22208
11819
20108
28525
4126
17468
17011
6023
4647
16910
3667
13649
17093
10355
23102
11184
7620
26384
15687
5093
20898
17495
26092
7317
21512
11200
12119
440
28575
21373
24932
27135
9544
15040
25660
13670
8860
12672
26045
13507
5934
29713
3508
23027
16420
26610
10564
392
29347
26251
5486
20245
20098
7930
3915
17962
19130
22386
24754
24057
20111
19686
21193
29655
11078
16853
13326
19938
5877
9371
9798
11812
15436
13306
11191
8208
16269
21755
8601
15616
24358
20439
12213
14457
28369
16128
8771
17499
14867
3526
11557
4978
29564
9102
4634
10643
25955
24312
6933
8185
10035
16731
26349
1824
38
7540
10032
16307
5648
18633
1923
6
9072
14136
20815
13793
6617
29587
1293
27836
9465
19202
2814
9029
4656
13800
19672
6963
8112
2958
15148
24500
19689
11497
26324
26079
25390
6356
12386
1038
1342
20661
1044
16766
11150
28212
560
24119
27799
8205
21955
13616
3759
24769
22645
8415
14922
18670
15378
29386
21628
527
23886
17669
18376
26562
13749
13766
9271
2487
21156
10613
23149
28553
27379
10651
26765
4291
4770
916
12496
26725
14532
16255
27846
13529
1022
12768
8551
16401
18507
6531
23280
18745
24201
11656
15308
14302
1775
24579
16789
29283
11544
9938
27836
15275
20589
953
19567
1711
1869
8415
28436
22753
24671
2635
12635
2045
21755
21186
18446
10262
4070
11726
29008
28271
29735
14316
18925
7862
15247
5714
13497
26791
22005
11334
12066
18946
18639
7985
20658
20509
16401
25446
19614
17424
28081
2249
19469
19837
29788
14268
99
3858
2346
5459
8481
2081
26127
27406
16295
11374
9472
6145
14517
1477
17479
2936
20424
12470
10921
17434
2979
3674
12880
28946
21098
17314
1195
16920
7151
7335
1188
13602
11193
3534
25414
26026
11968
21541
29784
4615
9268
9257
10760
137
10734
4591
3073
7510
17062
20347
24944
26393
24021
14177
25339
21472
1491
2887
14744
14994
16574
15932
4948
4120
25818
362
146
7786
28256
29931
18754
7524
9188
29514
7661
26274
10458
17087
3785
27520
13786
5081
265
14159
25610
1957
5631
27101
4844
26727
18447
27770
12659
23396
1890
14830
23758
2037
28968
28366
8320
17722
5890
23860
23589
19904
20134
4047
13343
23919
7919
27129
5353
14536
11288
963
16493
23272
28065
27689
19999
22864
25460
9011
16260
27350
23841
16371
5739
22809
14737
20411
10532
26980
14271
10473
23236
4406
14520
6579
28325
28791
10060
3678
13327
21348
10994
6173
20972
15411
3862
10972
8275
29322
19983
888
3025
20176
17259
15116
12985
8348
5528
29869
11680
19799
10342
4916
24205
1214
17847
28883
6357
27907
8913
26037
25608
19907
2210
16580
5318
6072
3904
13594
11747
239
14482
21124
20415
8093
6240
9753
22793
11768
9622
4474
7920
26317
9390
2125
3883
27238
7360
10241
25145
16274
6278
27105
12533
8488
13686
17852
20912
23942
7798
2659
24182
28632
23783
20949
13077
24
702
5870
18144
16677
10344
26064
19346
19735
4542
23229
23325
11902
9822
24822
28176
22452
21928
10710
940
11966
4914
28205
5908
19064
864
6442
17696
1000
27392
773
7376
28094
6643
1872
21123
23340
27937
10469
13075
8831
3699
12752
20733
19873
7574
25262
12326
5854
12324
19618
17820
17238
17823
81
6302
25040
6523
350
26040
3915
7475
3416
2010
20470
5288
23133
13810
9577
9955
3237
18408
13654
15989
15494
9879
29916
10756
22205
5770
23080
11824
23591
16670
29647
24
29324
24687
6547
29674
27079
10463
13501
495
18825
3971
12136
18310
17782
28065
28265
27371
22826
11919
13361
8320
28151
19629
19076
20356
25399
18508
2180
25342
11530
8180
25366
10854
9219
1914
16880
6299
18729
381
13146
7554
10704
1634
25864
28486
29700
24130
25858
22526
12401
15571
846
10552
5200
26274
909
6951
21134
9441
2294
2664
23973
4012
13518
3193
5926
6750
9492
24655
7131
28990
2209
24187
625
4426
22674
6677
28556
24884
29203
17309
16807
6401
27862
28359
2675
5123
5310
23809
14564
7604
2825
14890
17969
16343
18083
23895
29445
3927
24903
12928
9269
3464
7115
9894
7890
29789
16571
12798
1025
22126
108
24184
28527
4322
22543
7554
9445
27854
7715
361
11810
10540
15251
29779
3235
9686
27
2680
13613
24930
15608
29235
4746
22724
9129
12637
28865
2053
1787
6243
24179
1895
427
29059
6217
22971
12965
22014
27177
27033
22376
8987
13925
13979
15119
23513
23666
15146
26193
13631
16428
18154
12866
21174
17230
28348
10163
16095
401
11951
28690
932
20198
29118
6343
2768
28441
19309
24782
25618
22694
17158
10957
6619
7490
2428
132
1156
17574
2678
14787
10354
27184
4006
7881
14414
2354
24396
6861
2755
12699
5552
3687
2898
11022
16383
12018
9463
12044
6800
11433
4738
311
28742
17709
7801
1171
24194
8957
25097
3224
96
5452
408
4102
19685
21174
6456
14081
28035
15563
26781
9939
25603
6031
27313
11986
18049
13128
24030
24849
913
5120
1512
29656
29181
9313
827
23375
24622
25924
2951
1071
7728
9711
11525
3765
885
24334
24199
5273
9897
20980
21564
5500
3363
18878
23838
21412
2006
24220
22613
2920
29340
24126
8928
28522
9791
9755
28249
10766
12031
1201
11837
26112
10912
23362
6229
18150
17696
428
23423
3946
21408
14987
9446
1123
10217
9637
22535
18576
3857
15149
27848
3198
15627
6776
8072
25418
22883
12673
6184
4914
20226
18021
7378
7491
17736
13608
25641
11784
20388
25416
15730
18149
16755
1529
19272
26973
11166
11808
15549
15023
3309
13397
24573
18936
26525
2645
14354
19408
21671
26891
674
11897
21264
8053
25740
9000
28013
21381
27137
18401
23149
12867
6550
9905
14396
25823
6878
25562
13983
28779
16938
17292
18528
11511
12580
15053
20509
3286
4461
12180
177
5135
429
27794
19540
26170
13146
23905
23903
10283
12307
17053
23151
25209
3310
13899
27384
16540
15814
11367
21671
2752
5011
10199
20615
17591
1604
11124
27230
6065
29656
27407
17552
86
25201
13445
2608
14700
7350
2863
24983
26009
26268
24486
21219
29578
8386
18603
22470
552
6323
14141
3304
17686
692
23919
5278
2296
11396
2508
14713
11052
6267
8618
17490
7821
22063
26450
22521
29413
29314
23856
1775
1934
18343
22994
1513
3081
17949
335
3633
624
14477
13289
18311
15169
13560
29941
23818
1308
8801
8531
12361
21420
17149
6203
29241
9212
2654
28114
14978
8320
21971
23105
10254
16666
22451
18119
26099
10400
18455
6084
17377
9284
19373
12040
805
9285
18333
24623
10594
27134
3155
29307
18554
26656
5510
24148
12221
14516
28614
3551
22836
26937
26656
9443
19955
19107
27562
16054
5859
22369
22138
23236
8005
17863
5276
8811
27149
23609
3434
7743
27095
12941
13402
22002
15950
18912
22502
28171
9781
21116
1722
8969
24406
28378
18412
14361
17485
22327
416
23344
14696
22554
22933
29054
10418
4561
7865
13919
4523
17651
28014
1618
6945
11416
29972
22895
6680
22474
21066
16461
19943
22788
25431
14349
27518
20195
28710
15003
12522
29126
14699
3571
28033
7632
2625
14803
12194
10490
28722
16717
4493
26736
24687
11438
8152
24660
4333
14832
17134
1751
7646
7077
24539
3077
21426
22057
29624
26489
13412
12147
25615
4464
22070
0
12096
24695
14803
642
11537
13525
17359
16030
10261
12047
3821
24765
13059
8154
9598
193
9906
17244
7271
10797
26673
5049
9207
2649
1538
28971
14796
3506
3435
13218
9858
15532
7913
24662
16174
25802
8187
9886
18185
24801
28285
22006
19566
11344
6512
5516
17889
22770
29112
1512
9920
2137
6562
19127
4787
14452
24450
25935
24310
27886
9154
4169
19770
17067
28831
12296
19222
13370
28534
7407
14523
26819
5765
4090
14515
18629
9606
2405
17752
15071
3917
27672
17208
16831
23151
21995
7636
17601
17931
1946
21839
27085
12467
17961
20504
17650
258
16078
1021
5144
29837
21896
8316
5602
25986
22831
584
11945
1588
18336
27016
11858
22360
14224
28689
15511
12572
6325
9464
6855
14624
7656
3940
27091
25617
796
14742
2227
16875
22115
7372
16712
14011
15688
28667
16350
14871
5603
4647
16460
23939
1663
28318
22651
22239
3359
8162
11163
16037
23978
18018
661
1634
21958
4104
3604
29107
25198
5831
15982
23665
19555
9046
14029
11595
14065
379
26467
19668
5026
12927
19959
13041
17597
12610
11632
20956
27124
22796
6993
21103
10814
14006
29089
9125
24463
9045
14584
19661
14877
566
19679
10784
15964
3708
22380
30
4087
18847
19698
15465
8126
16010
28506
2075
28620
10138
23031
25745
9286
6377
23200
26453
26735
28641
5578
27550
7687
20162
23564
22564
27080
13243
9700
13044
16951
2080
19426
27390
20927
15477
12855
5405
1487
17713
7480
107
4203
6864
2204
13490
19593
25404
9943
22680
398
21873
20231
8085
12035
13795
7001
15467
27038
16701
4863
20341
18782
24290
17731
16061
16119
586
27819
17606
24651
5299
24065
28854
18515
26270
12344
8108
28026
22287
789
28424
20512
27372
6509
2547
11167
19862
24366
14557
6564
29230
4898
1698
29872
28981
24111
15991
5919
21930
9949
570
3582
4014
29424
22097
284
11769
6558
28311
10408
13699
3087
921
11071
15949
9820
22238
5811
4187
13147
12375
9769
18045
20425
15993
17026
14537
8336
22945
12819
18285
23515
16401
22299
29291
14851
28936
17412
21409
27247
27821
5108
6686
5094
16179
22635
21266
14769
28447
1805
27916
17174
11574
22313
7600
3919
15691
28489
12255
14988
11308
540
8503
4062
22840
14146
18913
21776
1559
10322
25375
5732
21782
2061
10826
7961
24697
2092
29082
29496
10250
3350
16670
21824
25663
622
25744
11354
29111
14351
26342
10420
14892
11197
20834
14084
1695
9747
12212
3254
20069
13939
8986
11851
22352
26164
26164
23401
4609
1598
22897
14859
4948
9568
13035
611
10190
15131
18317
15654
29483
21011
2426
14375
8560
23260
4811
10255
3007
17023
13510
29428
7314
28848
17631
29666
1365
13795
23068
5974
15393
15965
27185
26693
1885
10220
3656
18428
1704
21973
4082
1187
19336
6508
21914
27896
29768
26725
14503
2775
20100
4365
8555
3766
3214
26186
3432
10931
9981
26500
16905
1726
18818
20442
4771
20703
7014
8427
9131
8718
400
19565
9905
26088
26073
8171
23984
25841
11248
14839
4968
7700
19205
13523
11466
28771
9709
14899
9702
26042
17751
2959
4120
6569
23401
8891
3625
415
17318
19108
9134
24070
8674
25391
20158
4747
3563
20494
6941
14811
5334
18261
22512
891
1785
10330
29662
17846
25229
9364
13889
12981
12323
24361
25902
5724
3253
5879
6139
26923
1340
21625
20994
10014
17017
17504
21113
26932
14351
4406
18095
26037
22668
16959
26928
805
27290
26590
18651
22519
12306
8892
11852
24629
3254
14107
6705
6507
26338
19196
3430
27678
10822
776
14044
4191
24633
5158
1123
8984
15916
19218
11373
8584
6178
8301
15741
9820
11243
4393
8691
23549
13285
20544
24530
16539
11003
1235
29398
7341
20431
9181
5020
7605
16309
19064
11796
10942
574
19271
26278
16491
8490
7651
1427
21020
22304
17169
840
3547
27914
9531
3448
17551
6427
27978
10443
23782
29213
9841
1124
25997
25374
12496
3602
11684
7912
21751
28978
14839
11022
1609
7682
25864
15612
9109
23236
7917
2630
428
11464
6896
16312
21265
24448
29091
19243
4891
22874
24809
21084
350
20806
16459
19198
760
4495
27110
22511
9825
11949
9886
11434
19631
5750
27047
5093
5339
11316
14075
5767
29132
20972
28431
20397
21772
27523
9641
26663
20397
4450
17747
27099
1608
10558
16297
2368
21405
13407
1232
1231
1709
11118
19017
27692
23220
22416
2785
28559
10084
23213
10679
9217
14185
9110
29614
12309
6633
15607
8972
3382
20057
3071
481
21665
19982
16778
386
11387
6538
1618
18970
14599
12736
14340
12291
5956
13108
21429
10868
23193
20994
21547
2410
11531
657
8376
23840
7291
23984
9164
10673
14041
12235
17507
12059
2217
10637
18797
19957
23527
20415
15279
8126
3151
29619
26770
15459
19080
24551
26327
12273
21897
17874
21035
3428
18532
29411
27268
2175
23395
6432
19200
13789
25019
6707
2200
3589
17345
20997
29898
10872
11412
15177
25351
20915
21149
28473
6374
10229
29376
9054
28854
21273
3280
19889
24701
21812
19300
28321
339
19048
11105
19540
2837
6124
26247
11389
16065
19944
2386
15963
7169
13798
1141
2520
11065
28642
7345
23791
15223
6721
2845
14077
4346
6126
10318
5399
4290
29618
3720
4630
25018
21177
24170
4207
27301
20417
15596
13367
16714
17982
5682
23883
8132
13175
26403
19197
11817
10100
12989
27040
23173
22186
17469
27519
28312
27787
2918
8955
3758
12990
13585
28776
4167
14107
2984
7820
10876
18580
27539
27590
12915
3222
21473
21047
16397
24228
16597
4567
4328
29586
7959
27501
28124
25429
1372
26437
29568
10642
11744
3326
23632
25329
8455
4151
9436
11439
11972
26664
6371
15863
24255
25638
19085
15728
16686
11835
16309
9635
16402
26989
15573
24361
24491
13697
26142
2215
10134
25711
12858
21878
29037
12842
23559
7492
16994
9347
25283
5318
6012
8007
21181
6619
3645
16619
28699
26683
28454
15008
6318
14856
11998
28243
15569
12841
11941
11712
21408
22075
13775
4266
20306
12812
23461
20217
26657
16807
5917
28292
28477
11929
6299
26010
24900
16297
12629
23599
19332
11083
14960
2003
2291
3310
246
24213
16151
12187
12277
13911
10615
26052
24530
7273
15216
17991
27490
11873
11150
3407
10166
9627
21688
22817
5637
22940
15466
18267
16540
4799
5702
7852
6802
14346
11162
13400
8559
3665
25588
27188
17576
12555
23240
12106
19828
8456
97
17318
20330
17599
27078
6848
27226
25118
6017
9216
18059
21484
3835
10951
2635
15889
25155
15789
235
6317
29189
15146
9982
1129
12334
3910
13684
5574
16017
3512
20383
22466
27183
17065
10066
613
23913
13644
2083
6282
22860
26494
4118
26695
7445
6753
12585
2600
28894
19172
15269
28084
4319
1603
5565
23005
5514
19250
4932
21531
29114
25315
20349
26297
12380
415
3262
12645
20412
5346
18927
13272
1840
29398
16320
15638
12503
5257
24590
11398
781
9860
15834
11452
11463
21399
4458
23329
10649
9390
21212
9764
4705
11562
12413
17085
18329
15676
29730
8741
21022
25009
28366
29214
24407
21038
14852
6911
26295
9443
24661
27076
19303
10495
14881
7118
1894
19339
448
18896
28729
21660
5012
9786
9574
23777
3223
27904
9453
9305
12997
6827
4314
11363
6042
5074
2401
20894
18337
5048
337
12998
8477
25992
23493
23358
3111
1739
19049
9911
26987
24130
7923
1999
3916
17498
25777
13491
15402
11582
22796
4751
24762
3462
16115
7156
14888
24868
4402
3225
6269
11092
22575
14746
7084
22420
14456
16547
24160
3505
2810
21147
27635
10734
29499
7903
28232
1628
21394
19986
19562
14190
24737
20676
24004
17204
27832
8893
12073
2235
18470
18342
19679
11046
9440
26763
3466
248
19663
27626
3753
22473
25126
7740
9559
977
15643
7791
2605
7037
4129
28519
27579
5219
19196
27935
22423
17028
6828
10848
25615
25299
5542
15294
6345
14982
18410
16163
15230
14425
13790
25335
6898
15268
3075
16458
16245
25070
601
25202
8459
4731
23721
6038
16302
12917
10326
8725
6298
17154
25926
8265
18805
1468
23560
1502
22803
18322
17666
8033
2747
1456
9721
15997
23076
12796
2455
15673
14219
9409
10875
22678
20492
4596
28717
6794
23866
15395
15519
164
2549
11445
8429
21355
19266
8341
22857
12069
3015
16875
26454
5762
24683
6175
21760
17759
25324
567
3432
9543
9976
14307
2221
468
25256
7290
13614
25474
22685
5486
25638
1587
23283
10419
29294
12549
25113
28503
24618
28128
15379
21073
10243
10062
3600
2003
27822
5276
8922
7606
14819
18899
28266
23393
25719
23522
7035
9334
18996
6073
14820
20986
7660
8103
7757
6954
27005
9222
11809
21623
13703
27188
19048
23946
13603
29001
2301
17777
4277
11223
25383
25449
6474
23649
25194
8546
23523
2229
24232
18871
14654
15404
16209
22314
29859
23967
5620
26864
9541
23782
24840
23244
20970
20240
17190
4573
19241
25843
22350
29871
13419
24086
25320
19893
24087
26866
4791
17611
5447
29023
12834
20102
14427
29044
18768
14287
29363
741
17503
8904
24523
12343
2149
15493
2584
25691
26419
21825
27887
25121
21696
11306
25559
23368
1199
19647
26586
5991
7258
2034
11366
20092
28488
25794
25488
17256
16433
24851
17997
3936
3756
12520
16280
12257
4366
25216
14300
7137
17041
12187
2258
15090
23493
4170
14810
1045
23817
17749
7036
7427
19783
24754
27519
18271
20548
29360
11879
13333
24211
29877
17270
4319
18749
9902
16576
23115
5118
877
6604
28511
19416
15215
19953
12910
19385
4764
13955
13202
22513
27343
20629
18648
22097
24500
13271
18998
23860
25150
2331
24424
1379
25953
28743
26481
12207
15320
25948
17325
22549
2553
22189
11965
17768
12142
24875
7153
23258
15182
26707
22123
12525
23688
10771
10975
18188
394
29973
18401
1897
8656
12825
9628
4610
11568
6109
16817
3240
8410
10495
25789
10963
2684
14107
5083
21178
15334
18588
14437
517
21647
6560
19394
15335
23684
369
9875
430
342
28276
2327
8999
17453
11956
19961
5374
24417
6778
8614
2827
23625
10756
20142
2661
1215
1577
23840
16549
20165
14629
23418
11812
27541
12813
3499
27577
13182
13375
28008
13525
18003
335
28876
5457
18643
18837
17183
13061
1967
2149
22240
25593
12905
12383
4606
20472
13960
4798
7022
10478
19427
440
22290
23321
13253
25790
20898
2788
9165
18906
22665
3520
25594
21541
8977
14237
16730
26160
3650
18697
28310
25891
20642
17567
8274
25249
8040
28586
6399
21414
9064
25827
21854
7707
25500
11460
3497
16398
14248
19014
11657
6913
22534
13603
4806
7864
4192
21536
10376
7843
16585
15038
3734
13580
2606
18360
15181
16998
16946
21580
8412
26011
23759
6618
3718
19259
24430
13567
5658
15030
8933
23667
28295
7819
7270
3101
15683
11462
989
26060
19305
23927
11098
29391
7507
20056
17751
22688
13406
11050
14268
28170
7061
8028
11141
17131
27287
5571
7050
9297
20602
15983
2964
18897
23802
16586
28351
15838
28049
29340
18250
23706
23267
5700
29450
774
25757
17201
29814
15515
28251
20435
13686
11664
4815
24827
5147
8454
6750
12197
17752
27352
4532
27068
22602
4687
13655
20953
20525
18056
26645
8775
18114
26265
14475
17564
27039
16584
11118
3206
2100
9369
23641
22138
27386
4808
16965
8885
13262
67
27435
1014
27420
1967
4435
26374
13006
24442
23679
3531
12498
20324
18658
6964
16589
9486
24529
19981
26070
5647
29539
4522
21368
23180
26660
25106
27988
19977
3992
11250
20045
7779
18617
23817
9746
23052
26543
22753
17494
20222
2636
6344
16898
21295
13308
3488
781
14189
29821
3203
19836
29360
7726
17557
28892
10738
12663
3232
7068
23007
20834
27113
786
9451
27282
16885
8855
23825
15990
2701
20399
18626
15397
7297
16273
28706
10785
23406
12895
16958
2962
9084
16318
17040
26641
15210
27778
9304
18442
11198
8664
9277
14663
9450
25080
11945
26335
10288
12122
12325
12989
2521
7304
28387
9819
29929
3445
26956
23336
22692
13915
2650
1776
233
19690
4769
21796
23820
20426
16590
5019
29090
2219
19682
8540
27300
1628
11228
7588
20102
23553
26929
22624
7209
1668
2443
7139
5113
5751
6827
4158
19666
9477
12286
26252
5519
17056
18048
29339
7482
4638
4358
6572
6858
24041
21464
10510
2021
2692
24450
22123
2598
21379
14747
16159
23048
23542
23298
4513
29294
6477
8671
25312
22306
27310
21564
27825
14366
9612
27165
28200
20603
7875
11124
3813
1916
2588
14323
10289
11633
15125
2413
20583
6504
23512
6742
5904
17055
41
16770
22701
12870
1793
18013
11529
29103
15930
9354
13469
1894
12871
18021
22497
20747
29145
2662
29015
8086
23337
9305
26071
8462
18070
16654
21319
11582
23396
27223
4989
29789
13993
4042
12660
22139
22056
24189
21242
14338
9895
11064
16232
29119
29085
15082
26218
4583
17744
25233
12669
17434
10890
15092
25896
28960
1746
17215
16895
25142
20791
21884
1284
11136
25927
13944
3275
24335
14485
870
8673
732
11934
1257
6203
17371
22691
2421
21954
10436
4007
10975
4222
21249
26067
6470
20210
27813
38
13457
29308
20829
5341
592
8317
7620
20888
17945
1955
11725
18815
16980
18809
7101
24590
25013
24472
17281
27434
16427
4069
7793
3754
8291
29043
29822
14762
25605
3987
14800
9062
9647
11981
14403
10239
20298
28376
7479
14595
6683
25556
3410
23664
14366
16863
24606
9379
11336
11887
13165
4115
15957
20959
7869
600
20002
14043
15362
15607
24383
6514
24669
4030
18495
15424
20622
15146
20152
4453
6093
26836
10
15856
26852
14376
2719
21458
107
14055
3345
13272
24522
25654
10583
8744
26255
585
29139
17969
22544
23522
24484
23565
3905
19331
8990
879
10829
5494
5332
16923
2330
11694
2779
29182
2422
11850
20640
2529
2258
338
22154
26780
25992
2737
11876
22247
9675
11016
10217
8571
10890
11053
2137
21147
6736
17479
22026
17566
22973
3711
10841
25304
15405
19972
24486
17828
1822
21479
26709
4080
21817
18863
7213
17809
27953
19089
16409
13980
105
2978
22551
10996
20383
24688
2143
27119
18519
522
21037
11493
4233
1878
13149
25990
28202
13987
13818
25
5466
10528
10457
27283
5743
17670
21445
3696
6760
7854
24028
6865
17184
16580
24213
7567
17620
2709
4686
6140
3231
2076
23985
13816
10306
13486
9806
8509
27473
29977
14886
2940
10505
25343
6575
22600
13014
4372
26297
26126
18578
20325
9343
5762
13257
9909
19681
878
12618
720
13370
22201
2796
13707
6017
13102
27193
22175
27963
24666
22152
12849
3958
2657
14545
16886
25258
27559
21258
27907
37
9837
24584
9380
21951
7842
19289
11633
15072
8259
12353
4794
460
21501
18501
6477
4603
22046
5005
8919
23064
27157
21768
27023
29815
6313
20261
1425
10224
11519
5684
10261
27708
6620
25994
19660
14462
15283
7645
5886
23543
26350
17032
355
17851
11885
6833
28806
3931
18190
7725
26996
15347
29494
371
21514
12159
20632
22939
28736
2151
4975
8997
6212
11596
4991
2224
2410
26627
9869
14649
26522
12571
1681
26877
422
13567
10062
29228
23850
28252
13306
27198
13600
19152
27569
5114
1311
18201
4406
47
26705
15733
15397
9269
27329
26740
11493
6092
23367
27714
20741
19889
16637
28774
16767
17059
18693
3181
22639
12544
1434
5945
9742
15034
25097
13664
26500
2761
8217
906
9160
11274
16640
24557
20543
20321
21298
8388
26413
21017
12454
17154
17259
29091
15929
10378
22502
4622
13559
15142
23518
14993
27439
9613
6379
28889
23277
2880
1650
1494
10138
17162
19121
26778
11720
16016
23452
9370
24405
19865
6739
13211
13372
23998
12303
29301
4376
4805
10275
24288
26299
10146
15633
23739
19759
22013
22628
13036
24893
630
20882
11383
17792
16355
8162
5864
2372
7966
15234
3129
27831
28326
16340
11203
22324
4995
16856
3053
9801
3484
27341
6100
13630
12974
6191
3389
11339
5171
22777
12584
5801
20011
23968
23594
6367
8482
5810
15091
16448
21045
18220
14279
25723
4560
1835
18047
9556
25043
27452
25709
28527
1145
8161
12157
20472
14353
21898
1811
19524
14675
14396
1678
11039
8364
1624
23758
23198
7434
8849
9646
4831
27069
277
554
1629
2112
18602
17537
27156
22406
13246
2035
23552
27760
14193
14024
12113
12443
15835
7989
27119
6583
9667
14510
21299
11291
8268
14497
18726
17117
24143
23557
14186
24421
464
22167
2885
25418
16057
6393
17824
5655
8429
11376
3415
28974
1752
21880
11417
17588
29870
14888
523
15889
29398
21823
27181
7666
6320
22259
1135
464
22168
15321
1237
22632
13841
10474
18050
29898
23220
5875
5553
1649
23603
15321
6975
25356
7201
18392
19296
7071
3281
19819
22961
9031
11642
26494
23050
17963
25105
24185
24779
17273
9507
2368
16258
29700
19194
4308
5950
12414
16535
17855
20415
10139
3176
27390
5495
10378
22135
1143
23801
1768
20962
23114
10799
8957
25960
3849
26920
21065
28035
28051
14691
13894
6771
949
19946
2317
5257
25896
14732
21793
13751
11499
8284
16928
15242
20131
3658
7377
21274
3811
9145
12236
26926
26296
21193
22886
146
24465
20304
4533
28868
4995
24779
11991
5944
14725
14309
17553
16973
5393
9346
724
23244
23982
24004
8486
14113
4014
15863
5387
7826
1360
23976
4752
27657
21521
3990
4155
22339
24294
8688
27559
5641
9819
15903
11585
896
6564
29139
17869
11957
14837
24945
5201
15172
18950
13688
29285
29316
5903
11025
7142
7264
11353
18246
11273
9226
28589
15428
1565
29235
468
5477
