6634
6832
18957
4366
17551
10875
3745
10447
21266
20779
3564
6834
8687
4450
3424
28734
29672
6011
20789
1671
4456
23691
21478
29586
6441
27153
19635
5723
12452
12742
6896
19086
19574
2205
23453
13478
13081
3550
277
10699
24330
3841
23885
3017
14643
3662
8103
14315
9673
28893
15987
14129
28936
13817
13715
11729
10970
9702
17453
29775
22445
701
18861
18371
2907
18666
1849
22340
22217
2126
9391
22899
12319
3277
2268
26962
6939
16724
17630
22964
15617
3617
7093
20905
17434
27160
2635
4757
13214
20088
4532
5659
27141
29745
24031
6400
18412
2232
28740
16981
4359
8132
16232
23030
17761
18500
26345
24700
5224
13975
17664
27193
17592
1109
18099
11378
4621
27086
22487
17835
23526
27019
23495
20667
3117
23878
27068
21529
26110
2160
14862
6821
16644
1094
6204
4405
25946
2549
29105
7523
16524
23121
4716
10468
582
29167
28198
5203
26253
20686
29391
19779
24057
29238
16799
27174
23116
13867
25055
25578
16027
16269
8752
9024
23715
21308
13429
19662
23857
18887
3537
16733
12008
8253
3553
18943
13773
1751
24146
16378
28789
23537
12510
29199
22775
29309
2725
22243
19528
27781
24174
11907
20402
2926
20931
14118
24234
4361
10132
24443
23248
13669
17528
11608
28274
21081
551
18399
29184
1050
4778
4326
939
17288
3525
67
22949
6250
22310
12477
10383
22836
24384
7138
2114
21668
27608
2700
2381
7740
27143
25629
27761
21023
13589
2387
18456
20493
20787
23993
27895
1917
28319
28834
19205
8196
5253
18506
20798
3916
983
7534
26752
1719
14672
28867
29739
18632
1567
2120
2724
5063
4101
485
26086
17691
9224
14543
14536
11
8536
12431
1928
13207
17617
27485
21403
22871
15991
18553
3139
23326
26087
29891
1398
17111
5110
1137
5743
6678
3258
8467
18093
7359
15304
14179
1402
24529
5074
15938
892
19962
4721
9173
3169
28691
13010
924
21562
5354
25830
1053
28680
28269
944
6430
21733
6055
7568
3828
19085
17178
18648
7178
889
3952
27709
2292
4833
2784
24582
5726
29098
5656
21251
8620
4347
4261
15896
2261
9615
11726
3314
14648
16348
10610
21078
8081
16665
4998
11909
12102
28528
557
19280
29418
10862
23342
8062
15695
26126
8996
27773
1576
14652
25376
10196
18999
29638
26093
27612
15605
14171
926
6605
519
11537
27684
14952
4554
9034
26862
16657
13915
3771
12289
13333
14633
5631
27747
329
8109
6743
4454
9686
21396
29831
26234
16747
5821
28679
14360
21426
19203
21638
28032
19722
9527
2068
11027
20434
17454
7889
13443
1369
11660
25732
21054
26294
7716
18801
2975
22177
25545
13781
8215
16941
13612
4450
10040
25785
9481
752
17212
28684
22391
21596
24759
8270
16
5786
28704
17470
20027
12147
25192
1687
14232
16246
4333
28300
5048
13660
20477
593
27442
5045
23886
17406
9495
3926
13192
25328
4679
404
365
3422
28352
25124
11692
28368
7262
16749
22190
27289
5248
17382
5328
25832
3629
9662
24132
8677
23322
20962
15622
27116
26007
9508
14523
11854
19786
27715
7182
817
4471
13899
4239
2823
9023
22284
1191
22637
9033
23381
26278
20633
17116
1607
16466
20745
17621
10598
29422
17295
7912
21396
14412
3919
904
28935
22125
20690
3002
5660
21508
7473
19559
2099
10296
28583
24383
17839
27572
9768
17572
23851
402
4688
25458
16868
25433
19431
3818
1207
6726
11731
22603
21138
22002
29859
26425
14128
20550
29427
19788
18410
6900
9347
26861
23548
14282
21245
11387
11855
7365
28960
12058
14119
3648
7516
987
5434
3299
11158
6641
10025
29241
5597
7516
21243
5456
3941
5371
2358
9721
1511
20768
22973
10859
17630
16522
1493
15227
4261
19700
28944
3221
1758
13064
13222
15626
20403
18656
18925
1561
1649
28951
802
7246
6467
22046
19055
16760
3769
21413
2833
5281
18534
2159
22492
12516
18681
23985
4095
29294
13686
3039
8868
21796
16103
22090
7423
6507
17098
26348
14420
25099
1651
15223
8698
14470
13621
27753
7583
23742
19166
10416
29023
14052
12575
27867
26568
7608
28205
663
6903
18243
3703
15771
10039
26158
14213
17462
9017
7663
20163
23438
2762
21814
15013
11460
6285
28634
9213
13868
22376
4732
636
27752
18784
19564
1971
15353
27172
176
16016
10427
18419
26071
2550
4811
28582
23115
28625
7599
778
18788
1037
3541
10603
16050
15001
23240
21036
24215
13460
19765
5299
14096
17517
24083
10012
19488
9436
13537
26017
1805
23964
20788
27876
2867
25599
26458
25982
577
10410
26761
19365
17799
6654
6320
3850
21655
5912
1238
22222
19372
21003
27521
9821
8520
21605
19833
4361
7393
3370
6730
9198
3687
3870
13427
12906
5822
16237
8888
6399
26647
12001
25764
14447
18655
8437
24649
16663
14349
25887
15237
3722
16891
12759
19895
1763
10716
9728
12476
18109
19451
19206
27308
29490
29429
17087
18748
5251
3324
27636
11650
6324
15990
7414
20771
10997
15851
21772
4012
201
24011
19250
10275
17254
2009
170
19018
19077
16250
7846
7186
12053
3405
10846
17895
2834
27933
6643
8085
7610
10632
19735
13934
2974
3501
11057
13971
25705
9181
17984
2258
3192
13586
12533
20447
15595
19055
15817
11024
5305
23663
18210
23711
3420
5409
11606
6254
9694
24602
20691
17304
5234
10426
7590
8208
20280
18647
28531
15985
27828
16515
18243
7373
101
7128
4172
22048
26183
19989
9424
7840
20004
27635
1551
23425
9396
19510
6031
19090
14112
26723
6395
25698
13501
13985
3906
10133
8985
2437
26118
13165
25305
20713
20538
1758
27841
24710
159
24024
21051
9583
8217
11056
13570
16120
10833
22966
11982
23216
12057
26094
19939
24804
28144
9793
8789
2050
19926
24126
10840
22397
7292
12497
13110
4182
14255
10952
5245
20766
11328
26296
350
25897
13704
20272
12018
24537
13239
24000
17754
1648
26447
14045
26452
24591
190
11593
2994
26469
12072
20186
18866
19364
2683
8328
29898
23290
19280
5143
14057
6961
7792
20759
2858
27848
11031
21228
22386
622
15229
16492
8622
11676
6889
5074
12619
13432
23020
21965
9901
5092
12151
5119
808
14834
13447
706
14477
9080
12202
28534
16041
26346
25645
25251
24194
6676
16480
22932
13651
8061
15776
22273
26089
29018
3700
8708
12450
26720
7026
28703
8164
19177
3822
8972
10364
17269
16030
24841
26349
4584
29727
18742
930
25372
20346
25125
2048
6826
18057
22051
21239
3834
14325
17328
2852
18025
2388
21654
21097
9414
20357
29261
4944
24179
14585
15308
11448
615
10149
14150
5200
16228
9244
12482
11600
29590
7607
13648
12768
25665
12052
4007
5851
26377
21335
15055
20754
76
6709
11851
9490
3418
17464
14434
27597
2049
6094
15397
9016
16243
5899
20568
2471
15144
3051
20423
14734
10658
4072
27503
12675
22476
7862
24878
18853
5550
16285
9607
5626
29346
27810
15116
2764
21626
5903
361
23675
11997
22111
9043
4593
28010
5964
13416
13154
9015
3840
4241
26025
14264
8096
15053
6740
15958
16283
1945
27860
2569
17904
3486
1915
15714
24955
4680
7340
858
11393
7367
19207
3504
22762
152
1515
28726
13569
21021
14093
23761
25262
16471
14377
9710
7876
21117
25669
24159
29414
23529
3080
17318
3368
11348
9384
28323
22380
16724
5533
3773
443
1092
13630
29557
1245
21497
28284
21166
12518
18729
14927
14133
11552
29304
195
19428
26773
25864
19940
26187
25746
29372
19857
5466
10720
29241
3789
3100
15965
15674
13226
22760
16766
3208
22317
24363
24705
26953
15529
13575
22035
6808
4060
3587
12464
4256
29368
15589
6472
19308
18128
8570
18680
7985
14036
29401
7226
24177
8853
29543
16203
28431
22303
9322
1639
20973
3685
2696
24278
25567
16272
16313
2375
26684
26253
21192
940
25621
6781
13765
14929
24910
22335
9961
2895
6372
15714
10122
6901
24568
16017
23105
29351
8321
2427
991
5646
12464
10039
29924
8031
26311
22590
16759
29348
18843
7951
288
14464
14732
14053
5745
15994
12741
15706
18890
25465
7773
5364
2366
8693
21381
1823
8044
6054
4250
15387
18052
16715
25427
24329
1098
28090
16919
17857
27438
12114
25808
4079
2930
16893
24484
15027
2887
7225
7085
28129
9042
14858
3493
11409
23551
1227
19584
1596
13633
187
16983
1686
16902
18762
26015
18000
23205
19286
12210
20643
7752
8018
1074
10682
24911
25559
2061
4151
9136
9146
2280
18179
24005
12126
5940
17556
19705
25524
19152
3338
25711
12488
11376
18965
7602
13743
13318
807
3029
25528
27803
17133
9898
28877
27815
11162
788
6228
15313
9925
15375
23945
4456
9380
6071
16748
26936
2128
12272
22441
5467
14336
11281
16843
9653
18883
587
29323
26043
9968
1203
23846
27102
11102
22723
1269
28616
29864
7498
13929
16141
22873
14226
20597
8605
26650
7345
11893
28778
25969
4334
10597
16657
21967
3793
2663
10851
4380
1986
13246
20700
3190
7092
24154
20644
6167
25424
19260
6031
9274
9541
22172
8499
119
19121
23456
26769
2818
5349
1900
5140
9684
12497
21797
8003
16290
24460
18854
27022
2799
8452
17723
12341
15544
18229
2985
21712
20005
28597
4095
29279
8138
2620
14130
8257
28093
7586
11379
912
12936
13279
6052
28972
25776
4201
6975
18419
5014
2182
15441
7813
10634
9516
26506
2531
4098
29491
24243
24103
4440
4690
23383
12578
13662
7513
27187
11756
21452
14918
12668
4388
4549
25072
9712
326
29273
16687
25097
4287
25221
16890
18452
5856
2759
14958
8387
6857
20801
8982
960
25241
20024
24343
14171
3687
8209
17711
15443
6013
8981
28111
10401
13531
29535
26465
20209
28808
13152
15306
9448
8374
2196
4252
20582
4955
25563
5321
18164
22716
14303
19125
17958
10679
19820
8481
14366
4381
2544
29809
10394
11526
4272
27147
25057
3807
23612
15266
8968
6765
6924
18416
21491
15472
29020
18425
26780
24583
23746
14944
17300
14401
4069
11610
25080
23890
20091
15799
28271
28988
21960
8666
10514
26233
5813
11923
6392
5778
3541
15360
12543
10465
10128
10386
2289
15501
5163
29069
10084
28909
14014
3736
19662
24435
15346
21094
18325
11790
6893
22949
17130
28854
7967
27644
1439
20132
15919
14183
25910
19460
5896
14805
6277
16024
25191
8566
7877
6706
7636
17962
5615
28002
28050
1629
22437
19749
22724
10763
7891
5969
10064
25021
4823
18031
29017
12614
8163
14936
26798
10426
10748
2694
25231
17025
25070
26775
25591
2948
3481
9579
27262
15449
7581
25312
17078
19
21413
16154
17134
29304
22124
3550
677
3299
21581
29694
15914
6096
20982
19064
22874
1730
21758
18106
25107
16828
14881
27051
26128
24714
6630
23390
10163
20564
25055
3594
20583
22820
19748
14069
22125
11872
17619
22802
15172
15552
28849
7438
28000
26183
26502
20875
4266
18260
8981
29373
11440
214
26424
13921
24928
9407
13663
11444
29971
15070
15038
26906
7891
4786
17327
16
23011
4946
29170
14535
26850
4371
21973
24850
555
18475
15725
4821
13087
1058
10546
879
1272
13323
21152
2553
22730
4816
20349
29053
19886
5387
25959
27777
16525
13286
4145
9536
24584
9668
24071
21434
14039
22396
16284
20946
10871
8362
2119
310
9420
12666
7542
17045
25989
28694
25950
25071
3510
16299
24124
29749
28038
26435
27526
20915
16073
8024
452
17009
17692
875
8443
1731
23272
1079
29030
10495
9441
1149
17158
25214
20167
24700
18611
22508
23394
14561
17579
3257
7212
18055
3006
11602
20842
532
2517
13267
14908
9321
276
2600
16549
8719
10684
9821
16151
9714
26668
1944
17215
13826
3510
7383
14878
22121
29891
8273
13034
23823
11530
26598
18230
20888
8200
15425
27772
17070
28692
12681
26391
28969
15281
12940
14040
2317
29113
6543
12031
25782
8488
5599
15960
18350
12982
839
10472
19225
15464
29858
19400
3346
26457
13983
24234
4657
29408
22006
21727
28100
4687
24471
3421
26321
7411
23814
28638
12877
357
17022
8659
15197
22621
971
3548
11955
8162
20372
7532
23626
20230
3285
26972
16687
17268
27558
21345
23028
19565
19424
27480
604
13895
902
3277
27659
1068
1916
10536
1425
25290
25547
22975
24263
26518
26523
6218
11033
16895
20102
4659
7125
23387
7984
23813
17007
11894
21510
10035
1459
17286
7516
8416
1182
14770
11693
5193
15838
19961
15729
23615
15251
11276
16590
9514
14146
19465
22084
25179
12712
12187
6191
19838
11926
20527
20003
5286
2421
17865
21673
10233
5151
5541
18649
12685
20311
6694
17878
12501
26656
3607
12469
11907
21235
29059
27774
5382
24877
19858
561
7589
8397
6752
3779
20324
27279
23782
1962
6053
17999
23635
16286
23151
29177
4935
5836
25840
17981
67
8342
14637
3674
20811
2897
24910
26222
671
6644
27451
20529
7205
5041
28927
20310
8820
25603
23941
8955
27565
29994
26954
21200
16280
26457
20377
27567
2294
22570
15549
8713
912
186
18739
28075
3083
20001
649
3754
26645
28101
636
3851
9494
29563
513
24666
25166
24454
3621
29083
24449
576
20283
17081
27033
17013
14649
5679
9583
6550
20744
16847
6736
9484
21274
16172
29485
21923
26278
26131
26376
3266
6334
5870
2829
6847
537
4347
7653
10510
3430
8454
17438
66
25536
20824
23431
16537
26503
9366
23087
17248
26213
6175
3084
17487
28699
2569
15762
1330
5052
12139
4596
11386
24361
13778
24585
1250
24477
8591
11761
4260
17045
29199
10678
18933
20023
4109
11822
22879
13475
4909
16479
16040
17437
19563
9879
22488
28484
25641
23818
3537
14132
4767
14923
14846
18545
15861
16096
19374
24452
27857
23634
17849
3409
4312
6783
29784
14773
24957
22663
4600
29867
9142
20640
23656
5057
6871
16144
3542
8865
16315
7079
22997
21082
28354
7843
15979
20567
292
11705
21371
4501
11692
9221
7910
22356
22356
14047
7130
17313
6710
11730
23532
22205
8723
23540
27262
21946
16037
7156
811
2352
20587
23809
29786
25294
8004
22117
22213
14648
3822
13585
19150
15514
22806
3412
7871
21514
17459
21353
15179
522
9435
8712
22727
24510
2252
26341
16457
18289
9850
17268
26993
437
17429
3131
2083
1786
25248
24297
16434
5423
7882
5584
27289
7040
15349
5160
4906
9160
2865
20085
9682
12301
28797
2409
6811
7402
5103
23268
2043
14953
16889
29037
21742
4318
2168
23826
6104
3769
24475
22539
9192
8709
4475
6481
15749
19824
17994
20655
5337
20859
10740
15019
9512
15890
23781
22676
29644
28884
22296
1687
20189
9185
7076
11931
13504
15597
12109
19608
25718
12936
12147
4910
21645
22975
17743
7394
19151
12089
4401
24488
9301
21494
9508
18813
13736
3289
11489
13380
8525
3786
21419
28714
12971
28496
16997
2827
20445
5459
22436
16163
18395
10935
27425
10041
10262
15168
23787
29414
27258
28189
23902
6559
19683
9762
1724
9771
19403
19566
23151
27928
29704
14570
2994
19027
19418
26344
21855
16215
1803
20643
2378
20198
7930
29803
6591
18193
21324
379
17607
24934
28568
17861
7845
24603
3976
9569
4374
23379
5487
27525
27660
5191
18447
7006
24219
14218
3350
22426
433
5153
13069
9164
1704
27351
8967
8295
15544
6643
8674
9503
1577
7242
3717
9422
8197
7693
25344
12571
7424
831
16448
11436
6023
11248
18443
6594
25466
21793
5372
25899
3299
24793
5063
5003
22144
20383
13298
14041
3378
28325
23544
4956
11919
27261
20730
20117
11306
16074
9040
25083
23258
25489
6519
5633
6737
24962
12227
8555
23108
23951
10806
26407
18744
22222
7762
17240
18957
21060
1281
22335
25737
24826
3643
7657
28439
24374
27774
16098
10448
13166
11181
10058
8655
24052
15691
21744
19015
4270
6651
18475
28221
17458
14882
23317
9680
28996
10558
28637
20056
11839
27324
22146
13017
968
29803
17809
25342
3929
3907
12142
17095
21440
22201
2103
15492
7892
199
10859
12163
6851
29334
16736
24309
20568
10054
10341
19564
20612
15330
15973
2451
12654
8119
21821
13622
14274
9630
8964
18203
13537
27459
11650
4977
19660
13753
26821
3904
13953
7681
22419
27156
7015
9156
21465
3936
19210
1806
29852
9822
17136
15825
18625
29790
296
16798
19765
14570
26428
28729
9125
9965
2540
20776
21294
22200
10881
18116
2457
1186
25797
24876
28342
9164
4032
19807
19452
29594
27965
19305
15768
21453
11482
10746
27596
11779
27544
17361
2701
23973
22442
11827
10290
24983
8955
1585
23535
19836
26053
25992
21023
28202
20869
19365
13718
1253
15525
3171
7200
19842
28828
22968
11296
10310
3714
8892
22089
7611
2605
24791
1584
25047
12970
11874
26382
21925
19811
19918
11761
22216
15910
9136
20418
13131
4854
4137
20737
26731
13660
27937
16573
12488
20905
27869
22798
972
13113
21240
8583
15718
16031
16519
17118
5353
4745
13500
27278
909
9770
15391
23125
25681
24528
13544
15164
5734
24033
5901
2465
7693
3838
19038
20181
1096
23260
19331
8420
6373
10571
23355
28444
2954
9874
21914
8307
14619
11766
5585
21880
21537
27329
15006
23570
28209
4902
15086
3943
5287
20988
12760
12980
1178
1798
9513
8626
25058
28844
23398
7784
15768
16753
12580
18722
26627
10846
27030
17599
22612
8967
15831
20501
6296
837
20423
10857
12091
5510
14800
17378
2850
27560
6710
10380
5711
16223
25359
7121
21420
18757
21257
13540
5511
10189
2262
8490
21035
5644
2441
20000
14612
18273
16853
27260
25462
7277
8118
7554
19139
29270
24932
28341
3183
1643
15073
15246
24218
10432
22367
21990
29190
19977
5530
11053
166
7793
25895
21202
19789
28337
17554
4401
22962
4407
8014
18424
11684
22484
2330
7175
28106
27263
5516
7641
5258
20590
22887
5828
7374
21607
27819
12916
11584
9701
23969
18102
23846
26217
9304
13636
906
3210
24389
23868
7618
2403
18644
25654
24887
20975
2830
29346
24590
14698
6987
6200
5288
6227
12028
12663
27834
16199
25579
15770
2253
25901
3872
26099
22118
19529
9735
29376
22739
10477
23244
357
12880
18240
26012
14120
15567
5194
13466
10157
19892
26805
22709
1533
3032
4738
20548
866
27289
16127
22988
29542
18380
26861
25642
16850
22742
11729
16226
15481
22206
15822
22191
11439
4063
24555
1911
25982
29749
21729
6140
25993
18534
5201
27526
21567
9939
18074
28785
7229
10554
28126
13123
5286
24987
15117
22137
24081
26847
14715
15914
25405
538
8105
13196
10953
9012
15107
6935
15113
6836
19427
11107
1723
24629
14985
29642
10920
9412
28427
24501
19966
26553
7625
25252
27892
22742
23741
28325
25941
8457
14240
27699
8995
28697
17247
26300
7710
2355
3235
22823
15543
29015
10282
17266
23644
25268
23260
4564
4680
21688
5418
998
24593
13043
2602
28838
12137
26344
27163
8079
4801
11403
12130
20148
16453
29377
16448
24163
8084
26035
23338
23628
25050
9973
17246
18694
5241
10507
29611
16273
8547
5029
23623
9492
24424
26225
8330
6561
22569
11846
20992
3722
23249
9474
222
9702
8852
16670
10217
16936
12706
9908
16916
14108
19881
10515
2803
1474
27374
8766
17747
12273
20147
17722
21765
14571
13947
96
21132
12869
18294
18477
22943
11543
27951
23166
27598
6803
16188
14167
92
5246
24075
23360
19355
13956
10227
28510
21782
7601
7276
9529
26226
27423
3603
17992
18346
17551
24440
15830
6772
12734
4307
29715
629
2259
29233
4579
15414
15422
18747
21858
27020
19174
21571
16375
9483
1798
14885
1265
15752
28513
17147
11978
2288
20750
6322
20634
14653
762
6465
21425
19848
17124
27493
20478
19383
3078
1409
11150
24852
20156
9360
21873
15683
931
8248
1518
2730
29486
2783
24834
27999
26282
13164
288
23385
19487
27274
8038
20249
3739
5816
16450
20864
9661
13280
16599
12739
14689
4101
7592
11198
13462
29465
26881
20745
14065
28399
29827
13551
7534
24661
17903
3817
7826
18191
3554
27313
21817
11592
23914
1909
23760
16716
29125
3421
29996
22076
22513
14686
26178
105
25884
15992
5922
29117
6737
19987
3868
6565
9891
11402
7578
27794
21571
15404
22337
25125
19069
14154
13070
19336
16063
6830
6052
21540
16604
6049
13617
9117
27087
9795
15574
22971
25787
27848
22088
8876
24187
25956
15441
4078
13710
23020
1872
11634
14776
561
6759
10198
21068
19829
29534
7131
3012
5586
5024
19616
17987
18641
28733
15074
4788
20659
14397
6927
18507
6485
15803
12694
8793
7597
23125
28856
617
1349
10490
21745
1911
17249
1943
22979
13431
1477
6462
16443
13416
11486
12411
7755
127
17496
29182
11267
8155
13579
18194
3014
26417
3998
15708
5210
11595
8833
4066
18564
10183
20908
10309
18446
8158
18605
11425
27941
26434
24239
20736
16202
5726
3147
23958
12205
20643
29492
23473
5150
13071
11667
8164
9488
22017
224
21051
3612
15410
1469
28528
1945
22378
8838
20391
6888
3795
8168
4829
229
2407
25565
16432
14485
28712
16742
3043
25707
16234
2868
857
5657
14535
15373
15146
12905
15597
12549
16517
1007
14018
15046
2952
6396
236
29695
13284
4031
7863
18113
10612
10271
20030
27044
1108
25094
20138
4151
20801
12724
7019
28010
18382
27907
13383
3528
10812
5333
16077
3681
6340
6447
25079
15645
12844
25315
15340
2480
5698
23204
26946
16311
9827
16976
19707
17287
12071
9846
21439
9224
28922
4810
13587
17304
2717
3322
20832
19881
8655
13261
23563
21348
19709
18642
6993
8905
20310
28685
11385
26008
21889
14683
18671
8068
8012
8379
25356
26435
24577
23147
5659
23499
27957
25598
17156
675
28921
14340
26908
7576
27602
20471
5276
23663
15466
12269
8920
5776
10955
26657
8136
9196
11341
26808
23617
19353
11539
18973
15788
12468
12120
27799
12319
16429
23398
29475
23456
28671
13816
20365
12599
17770
17188
17876
17785
2654
145
26705
14782
17452
23362
22919
3001
11055
26079
26618
408
13970
15591
22548
26438
4063
26700
15109
20492
20098
14585
20301
25121
4753
10666
7720
22523
27854
25596
16660
6861
2094
13365
21643
19546
13079
14562
28899
24135
16993
25517
895
963
17460
23444
3753
21523
20144
18863
18368
16594
9800
15021
11715
14553
25687
19435
13428
29893
21384
88
6754
23478
19805
28398
19376
2884
19312
18276
27019
12658
13793
27915
13621
1254
27711
23727
29129
17855
12590
23849
10801
28742
8870
22516
13295
10909
18303
3075
10803
9687
9515
23909
9517
29320
22307
28894
8556
17972
23522
11928
6982
7315
16195
20603
14921
13906
20682
20403
8113
9624
20604
18914
8366
5827
17782
28013
16736
12437
1088
3891
28477
16955
27801
7994
22627
26460
13240
1184
20784
6762
13112
27766
20430
29307
24722
11703
19565
15404
2106
27678
25029
29063
22944
9747
4890
17078
7761
21626
5867
15201
1870
4344
2157
29671
18691
24784
26131
1931
25968
23268
15046
15432
21034
5476
21091
15756
23531
10656
7513
25638
14686
2542
1053
7630
18641
5943
1060
26402
3921
6928
11604
5791
17624
13761
5462
6315
14897
7946
14599
17218
1214
5997
2650
28600
17825
23742
14357
11356
10750
28222
13346
25437
764
14399
9419
19405
20342
16832
22160
616
23760
3764
6407
11384
23877
18222
24052
8774
26168
15003
2344
3734
21000
4995
8686
15177
5089
23043
26533
15839
21265
16232
17628
28381
631
3400
24139
27326
20232
22651
27942
20344
26415
4349
8080
26644
22571
2132
11770
25091
23487
14115
5177
20839
25462
13864
6016
551
13259
8902
22742
10877
25134
16723
15610
25765
20123
16101
23091
10355
8752
27385
699
5167
1735
15131
8163
658
23616
19934
2102
17103
10401
13631
7943
5863
27495
20311
12766
17107
29213
5508
27984
24347
22231
13594
20113
18706
29696
19556
5413
8448
23294
12464
19968
1381
27596
4483
2039
21212
769
10493
8315
11170
24125
22610
23385
27972
12922
6151
15079
12135
18012
19415
12835
16595
3010
2948
5302
9058
28856
10715
23858
22150
23180
20178
23531
20776
24662
1923
11988
1783
18768
26655
12954
12893
19266
6339
17218
8540
18843
2297
27027
6855
21713
9862
23450
1075
19162
28752
16485
18019
15820
16695
16521
9000
6874
16405
6128
7888
24680
24468
9671
13448
21123
28977
26342
16741
11669
19912
1633
512
22209
28661
13719
20274
8523
7169
27701
27686
12274
14186
22057
28094
882
14930
13446
14108
1335
19574
28348
2367
20394
8019
15816
11517
6997
18510
4611
25018
8422
6244
25530
631
4905
9249
27258
19781
22770
24959
23819
5044
9146
22228
9490
16380
7158
22936
488
14846
18862
5188
17213
9256
13207
3029
27126
26556
27891
1737
21574
6313
14333
23456
13297
25591
2705
10555
15372
25476
5514
15543
6872
21012
7771
16363
7392
21281
15651
14232
6127
4514
19420
29693
20122
8980
9074
23600
5536
6966
25337
3463
13279
16023
26919
26576
11614
5977
7131
3338
7805
18998
18881
14677
10010
3004
7392
23755
24285
23044
7987
413
3910
3760
6458
384
12740
15532
23985
24628
22498
25674
4443
12130
11697
1363
15058
29663
7340
28542
3001
21497
17540
28234
6174
3902
1238
13567
27657
1876
6611
5645
8641
16873
9405
15099
17257
28497
631
11242
23125
29482
6917
27569
17964
24966
5284
3022
24630
18976
1564
3983
10473
25456
2218
16647
29359
9808
6566
27016
11684
19529
9013
20325
6402
24770
5424
12
23267
12408
11254
22745
18242
24523
26666
6206
19490
1950
15580
20472
27278
23497
24455
7751
18953
3025
750
24664
12834
13669
28033
870
3198
7046
27548
15953
8169
9324
15965
1436
21732
3571
533
16326
28095
27199
28884
23937
5501
14465
14409
9131
7962
15216
23234
3267
18242
23985
4284
1076
7654
2317
8298
17204
15715
5846
3157
23884
15171
19122
1673
13255
22694
2206
29582
27141
5758
28466
27430
17611
19283
11839
26743
27245
27055
19977
6865
21649
20314
11149
22725
4320
19818
7376
21525
5533
13222
1034
29418
28393
20157
1091
11649
19203
9649
17583
22696
21759
16049
20126
15723
11685
8317
12466
8930
11724
8795
22147
3374
5462
9648
2451
16134
29466
9827
14011
5000
23050
15046
4418
27795
11555
11861
15796
7110
27862
3379
29806
19622
25781
26284
11697
7466
4601
24163
22748
16325
9310
21248
19699
21124
896
28503
13611
363
8330
27622
5363
7732
19020
16133
5528
575
4346
27676
14037
2208
1056
13843
28182
3189
10127
9879
17007
21080
10394
16107
13758
26057
7355
9809
23533
8252
8312
7144
8615
16643
4767
13978
24375
23787
6463
6255
715
10809
3932
14752
19369
11340
4948
17552
20881
21427
3783
7888
18860
20530
347
2618
16587
7703
12427
10120
15955
20740
23617
922
13735
28384
21252
14462
28523
27715
27070
5590
14876
1002
26695
4245
18694
1643
28149
15927
29422
1933
23815
18282
28815
514
27252
21754
8217
9680
1874
24172
6772
1843
1446
20507
227
22698
11321
5103
20413
8391
10693
5289
15745
7388
15887
4439
15383
14036
20366
21158
22321
20533
9440
21136
21048
6693
12890
5617
22725
21117
6142
29497
22960
7588
26356
29540
287
7677
4643
27052
16069
21688
8694
1814
5429
24581
12606
20812
8617
9324
11970
939
6210
27763
28427
3610
10808
17670
9227
9885
8787
15369
9382
8099
29310
5738
7639
29597
19767
18634
26649
5836
10323
5343
14003
15752
6276
2961
12916
14894
12285
1239
22185
18495
5354
20612
28457
22514
8282
7685
2399
23421
29406
18133
1521
28716
223
15512
4665
19990
4147
7667
2179
20822
19362
16182
12926
25639
19143
25842
10533
7780
3433
9070
2628
8787
6034
1085
1301
20669
15122
10052
14090
14529
28185
21963
19597
28408
7476
24263
18399
17975
1930
20578
8797
27644
13112
21723
23283
8607
23917
3816
22739
27351
19238
25367
12490
25273
2805
20144
15942
17927
196
6384
8808
28382
28348
4758
26790
12176
5373
21541
151
13655
18471
15300
11299
7935
13375
4583
22894
7292
14751
15634
10995
3990
17353
29838
29263
20158
19982
15205
14438
26530
21589
29598
24912
26289
4356
28055
8465
16081
19596
14968
29736
14420
268
17388
22355
13643
21971
15250
27288
6722
7236
14635
17064
24589
14473
16327
21100
10807
7884
5538
7338
5826
11488
2250
8467
22197
6657
16933
8278
2606
1901
14367
17026
2170
1755
15733
22165
23726
7335
19453
6800
20923
4089
23865
15513
24914
16544
12965
5722
781
18503
19412
12959
6343
21662
21426
28540
4672
8359
13171
7278
16613
27538
656
25135
29293
16389
17300
29371
77
13106
6171
21000
23547
6388
12865
18461
29285
25830
535
66
20685
19947
13025
27029
17962
10803
1921
28986
19163
15092
6264
12128
12630
6920
7263
18275
29661
915
17646
6090
14021
170
3443
13920
12910
16308
8734
12195
12139
9269
18613
2824
5569
7990
6205
29883
18794
8127
28869
14309
23219
5133
26437
5850
18405
10052
477
24418
17319
18124
6861
7693
24646
10304
21613
7556
26612
347
26104
15103
15969
14717
17928
27890
29060
24133
27773
17854
8612
26642
8515
1832
8127
11304
14034
2884
21356
14511
3654
15027
8987
10515
22720
9985
27171
14334
17542
23784
21033
19998
8887
7002
11067
3167
4892
10127
3653
9017
4333
12265
12011
12848
20449
26490
24152
4483
29374
21860
25347
9381
6888
10686
26248
29608
20672
23420
20294
14566
17204
11328
4564
2443
24682
15631
11963
5927
2111
15616
21296
6444
4233
3308
19293
24683
29798
13445
5518
5525
11658
7217
14906
18546
17904
17506
24506
8576
10926
14801
23142
4482
2481
4058
6926
3515
19689
18889
15794
21800
10857
7091
28245
21442
10399
23890
16125
16549
7335
27996
28426
25345
5213
19684
13891
23117
7191
8398
8045
18117
29551
1187
22600
2032
11597
5878
5547
1287
24767
21342
29439
11976
4785
4036
3418
21536
27926
25896
8085
11614
23892
6512
6959
29105
26196
27203
28575
3387
5601
6620
27857
5152
14160
20457
13536
25757
26335
25435
3396
27454
23129
9188
9430
27914
13224
19200
19450
17503
15096
3888
29117
8988
16752
12428
14446
12948
9631
19373
22688
21584
25993
26897
3088
16505
17354
16624
18615
20041
18412
28363
17495
11541
7551
3277
15808
27128
22477
11610
14631
7574
15498
20100
22914
2250
2528
13712
21551
18512
3085
20591
10096
5431
17488
13185
28288
4842
6161
16903
1235
24573
21619
25082
6115
29170
28359
28275
26298
27188
9885
17281
11114
25384
7381
10381
3986
16262
24093
25537
4774
27179
16128
14870
2610
3616
4407
7250
14810
10569
24154
16045
5142
15773
11127
17609
21295
15838
15884
23946
19379
25770
11227
6845
27506
18609
17226
1492
4871
11320
3382
9645
14851
19510
867
23813
29479
5275
1063
20641
15844
1569
13039
27338
17342
518
14948
14990
16357
832
8936
12088
2954
20163
18933
460
15124
6160
8305
19995
23832
11687
5992
15035
7549
6860
8848
13380
18487
16263
4022
10683
17833
17061
8021
11527
17579
29321
26517
10288
6506
11805
22376
9460
1969
17662
16273
17093
174
24578
13441
24006
12617
19433
15393
26518
2645
593
9899
27484
16856
13921
8167
11041
7334
22541
22569
24913
21862
25438
5202
28368
13596
3930
14181
21917
21592
6806
15362
21766
7736
28803
22124
20353
24589
7517
16871
3586
8110
3122
1071
1319
17043
15590
12360
24377
8131
11281
25643
6346
13072
7197
11066
26668
11127
25247
18585
9072
2053
3947
7190
9789
9103
29315
6494
3692
13184
29718
13630
27647
2840
21053
5318
26236
6644
17678
20613
21127
28960
22608
27473
12032
29805
14892
15052
17285
16491
3637
26357
18545
13936
9899
4686
23039
15566
17533
3083
28751
17251
23066
2750
26443
14119
8068
22679
20763
2098
19645
18243
1058
12253
22068
19442
12059
6960
10846
5696
23452
20835
2053
18349
4772
11952
29387
4163
3871
16920
7247
2622
10523
313
11724
13319
20784
26144
5998
11548
28242
25643
6143
5653
14249
28211
1447
2660
5172
12294
8356
4976
3129
10409
23325
7901
28713
29064
18417
2584
22337
25664
11558
9212
2329
29634
22531
23113
25778
28530
11013
24021
525
17156
29674
14774
21720
1121
17434
3244
13415
25790
8220
22897
12551
7897
7150
17617
13313
25567
26553
5650
27583
14464
14863
29912
14098
7394
29378
9877
12276
16743
10250
12802
10252
9924
27576
1972
17397
21363
11568
7165
17153
19788
62
6057
4037
7212
23674
17350
9132
20227
29353
6715
11043
14216
12980
25142
27962
12358
5019
10239
5453
21621
29393
15705
1545
26969
24029
18942
24684
5597
26107
11838
1737
2521
24247
5774
16086
17921
29477
25218
14500
28830
1933
25544
19398
14913
20686
17360
3623
2057
3951
9077
23678
3344
1134
1575
6666
25164
26869
1350
7113
29329
19540
8851
1850
13787
20977
17936
1708
26806
13154
22561
1988
21440
24457
21386
6353
21495
15099
16329
29904
19050
1758
29934
28747
2892
1509
5413
4408
28378
6763
17874
27707
26304
26725
5910
16443
24054
23846
18152
27213
13353
17065
29201
4793
11522
26940
17498
3017
18391
3827
9273
7441
5585
9207
12540
14830
10716
17953
19238
15446
1069
7112
19506
3725
10189
1768
20168
10596
25614
14672
7809
15319
1737
13362
20112
19611
16654
13963
28980
5045
17790
8253
18839
29728
17460
1379
14558
4528
19333
10148
26327
26754
23613
15833
479
10154
17601
20647
20750
19567
5320
4911
4887
13409
24626
1351
3021
11280
15314
8353
16326
9457
16607
5165
15537
4067
12896
6447
14948
8581
16595
11275
5335
16560
27108
5814
26715
21061
2814
17465
16980
8134
28729
21867
27895
23355
29571
916
4635
21237
9270
27313
7046
2229
2478
22583
12648
21727
29030
27596
308
21978
8871
5644
8538
12331
17810
5253
3392
20624
29071
20373
5110
27800
18592
3006
27507
24515
10274
8494
15753
25896
5808
29151
28125
14638
21735
10774
6365
27117
14722
6674
19095
23594
12318
27634
5925
128
9239
15670
27105
8310
12395
2215
12462
7339
5221
16321
8207
15496
24816
312
17744
624
29463
15870
21614
21198
2996
27980
18316
17718
11006
7411
17664
23324
11397
29942
29804
20637
21964
26909
5299
10711
5477
24114
24402
10698
10435
2609
2546
5251
2921
20291
12227
2385
12513
3842
23583
21861
8174
18251
15931
19180
2015
9948
18856
13412
16242
25012
10401
8206
28274
15701
18917
3751
16167
13319
14449
26602
22281
23348
8206
25202
19991
26785
27587
8856
627
27523
7069
15153
15774
23000
10685
17789
9300
29541
7554
25542
906
17955
3748
29180
10008
29017
2931
26175
18689
23732
22778
10970
23432
7336
12524
13423
4121
16464
28631
11101
13987
5700
26254
6113
5053
6940
255
14353
12833
7809
9896
13739
25764
19996
19271
5773
25366
22202
8300
20407
22287
1078
1377
15719
14766
20253
5495
18888
6717
4126
29989
27056
9827
2595
3170
14880
15887
3425
5585
5073
11234
15481
25164
13350
11830
14436
19123
7196
12990
27424
27603
5277
4854
5332
27349
25973
1937
2844
14861
8655
6970
21202
5711
23149
23797
15233
14381
16037
18658
19967
21110
6244
11800
16274
19595
23630
7062
15070
7178
20053
18846
11133
1682
23701
22817
29031
19674
24755
8227
10887
9762
21550
2089
21825
14699
2238
7059
29081
24627
2069
25400
22089
8314
7200
8364
27909
7183
21778
12979
14361
11831
1826
1847
19866
1879
24664
18897
27905
25771
3477
15144
5533
25027
23585
3711
16078
25823
10770
21511
26803
12839
16911
18892
27505
24112
3608
25414
1295
25387
14746
22008
13570
16572
23855
3436
24803
24872
28686
22708
20643
2163
14204
2529
3542
7789
6240
25972
9964
23362
17484
6767
12553
4395
25660
10059
4859
5620
11825
12506
1007
26571
10867
20930
19495
4722
24366
14298
5946
29404
13358
26590
7919
27562
5471
11461
5351
18063
13786
21668
11425
1270
28435
330
12017
447
16741
23229
6068
28567
5735
13427
1490
16602
10709
20986
27677
11428
11636
3623
10832
1347
6565
18752
5261
12036
6565
16965
99
20351
8633
17876
27973
13420
24559
9991
13868
11300
3220
26288
16219
15307
16067
17710
8262
26777
15048
12291
8205
3036
15914
19037
4383
28832
14141
9645
10868
20707
2962
17320
17410
11595
11548
15384
25015
6107
1727
15235
23760
11299
11523
9979
26606
27591
4041
11220
720
19089
23511
8925
22126
15778
4314
2861
20962
18456
18858
8182
15515
21820
1854
2925
9767
13403
24661
11135
25862
26388
26370
19622
7687
14246
5954
10646
18189
9995
28218
18909
29085
28082
27834
27563
20212
8500
424
11174
26956
19283
19356
12471
11103
21211
21749
27223
10966
22762
8358
6828
19151
11080
2803
3190
25326
8757
20188
13515
25104
18407
8776
541
22841
12962
28104
13053
21463
4881
24227
18419
24164
19935
7243
11619
11146
5344
8842
22112
28106
23552
5293
17257
4633
14448
26800
29959
23205
16988
19827
24661
11747
28603
25203
4588
11566
29659
23993
9381
4540
18220
27800
28704
8156
11395
16676
25654
16739
25518
24119
14846
19071
5764
8455
56
20212
11607
15
13417
4948
26194
14430
16695
1150
9633
27636
19068
9293
21629
28449
20185
16202
26249
18890
24358
13997
11918
26364
736
13788
26835
15582
9211
2599
390
9267
22811
11997
9283
12580
16945
11829
27011
9993
12979
6644
7629
2047
22289
5610
496
12475
21812
3098
7717
22522
17095
19635
25239
17831
3423
22074
9766
12635
24674
16508
21902
17485
28505
7537
66
21803
19367
27077
1796
8698
10073
15777
10746
2363
21387
11242
21190
19552
14340
28907
12074
7787
24894
13665
25619
4669
5740
11737
23656
414
28245
21911
17899
3102
29448
24317
24905
25167
27746
3053
3866
7820
18830
14612
16535
16570
2206
7725
6122
22899
12984
24548
686
14230
8214
2657
18899
20306
20746
12556
20720
25343
4467
14971
28446
10267
15641
29703
11787
13387
2757
22005
21207
21587
6617
14094
14509
15175
21819
26983
14426
11155
21532
15113
25385
6098
24122
20637
26404
14869
3193
23476
10212
14012
14799
15010
631
440
14714
12418
13828
17471
4423
11387
15410
17392
25482
29920
8920
17301
3255
23346
4809
24787
8459
194
7237
8934
20831
9993
23803
376
3469
10367
20740
18269
25378
21372
18709
10092
10142
8889
3915
20918
20277
19325
8310
15759
25597
17230
9412
28853
16929
14221
29992
1740
20768
13582
10674
17951
23575
4477
18328
3397
14845
15420
28018
16575
13144
16727
26667
23287
1969
6934
14205
22246
26259
28867
8005
28209
16098
23769
3414
9379
7991
9758
11119
5111
23340
21794
23062
16916
2623
17742
26665
23820
3163
24683
10395
16307
17762
13414
15946
19731
20348
151
11977
22960
29019
26334
21169
21469
26456
935
848
4447
10693
11967
15910
4034
10113
8972
27302
12737
3067
23967
6557
6230
18650
16953
28889
12764
367
14836
2496
27068
21339
20825
20028
20358
23512
11197
18179
19968
12132
25379
767
22825
13699
16677
3211
23812
2001
513
6549
5068
832
13107
11298
25834
6412
16540
8599
13131
1376
17447
10199
29067
8272
227
25778
1784
17776
13957
28104
29908
9337
28871
29086
29388
21900
8649
23200
23902
15515
29750
28970
16347
19209
10269
18534
1973
3161
3485
15104
10889
20932
25304
9956
5556
25531
5734
13693
19660
26044
11797
19568
11733
17021
25006
11121
8921
3656
4321
2823
25523
10423
1794
11870
29632
18415
6756
1605
21576
10241
23062
2465
7525
18366
18773
13082
20249
24508
3127
9909
26904
21276
5830
8637
8297
7188
19758
17219
17196
431
26394
12719
10855
28188
942
16839
16603
7698
24797
14531
24292
17859
23348
1817
12577
12122
21251
9178
12982
730
25440
9886
22007
7622
18523
304
14810
14633
23875
2007
15064
20270
14726
2271
18458
15668
25463
11414
29719
26612
2297
24011
20823
25646
2180
9752
7768
29784
18930
20750
514
20722
6988
22521
28344
25511
22826
13155
16496
16701
21514
7912
6971
12592
10184
1782
28261
11999
19548
27980
8611
21845
28343
29434
17491
523
9186
1611
307
4468
28713
7174
25191
5701
29695
29887
7564
28873
13042
24060
15575
10908
8325
28898
23501
24861
7032
21762
6860
26580
26094
15471
18426
789
21257
12269
7664
6795
20233
14324
11263
18946
21498
12806
1000
21193
12694
14916
20067
2088
15329
11994
12997
23654
17244
6498
18515
24277
4612
25375
20857
7058
17198
15635
14199
14807
4257
21863
21602
24490
6187
9217
19788
27685
28376
27140
25231
11070
12057
21650
19510
3738
3644
2507
27392
20888
15357
22259
15165
26321
23986
12375
3379
17536
28010
17578
2343
2267
15794
297
3109
21981
15866
29250
26019
14242
26390
21250
1664
14799
12900
21175
18537
16544
34
15929
13784
15392
14540
5302
11713
8526
17677
21445
26062
22039
15375
4757
24307
7521
11406
3768
29503
27273
3018
25522
17867
29409
23124
19532
20560
6024
17059
9098
28920
17093
1379
19056
8837
15920
24358
26903
24446
12035
24700
26861
4075
16427
7970
4734
23949
19377
8502
23452
16650
17873
25326
10869
23634
18450
6753
14194
826
23812
23292
29746
17258
24672
18802
26095
16944
13161
22998
17742
1548
17698
14603
11975
4126
22574
16709
28075
11951
1564
27879
4953
25789
23205
22174
19423
18007
28928
3617
18833
22740
3262
18579
9998
4286
13733
6094
21230
3246
5444
8972
4795
23143
29928
23122
3621
28854
16184
1696
17157
24100
5927
28462
19889
5484
20636
9312
23491
19564
19281
12324
18657
28895
903
28655
3181
20988
11101
763
24235
22898
16088
5382
22393
22368
28504
26014
21222
21040
4062
14731
15140
9989
13193
5029
15473
10181
20693
8964
29746
16327
27640
18403
15222
4895
23410
24756
25883
10864
25519
26470
3762
17959
1852
2507
10327
6709
28521
1549
27749
2583
16280
19242
18924
5825
24271
10749
16007
21317
26065
22105
7644
23705
16860
29218
28600
16622
326
835
3838
25846
27306
13952
13805
5510
16459
24133
18571
14980
2034
22673
23915
24667
11915
19191
6844
12538
29940
29203
3855
26005
21308
17851
26062
14520
23422
1014
1143
23748
1850
4981
25946
29156
18934
16104
4666
5393
16589
29590
26726
18623
22263
20641
19642
4178
9833
26487
16716
16125
25690
26924
18483
23351
14775
14545
7871
8197
21912
9014
8298
23762
20348
4244
22918
9282
20348
3936
21027
6937
3526
17753
1913
25789
14747
21555
6319
932
24394
23036
17057
26437
26312
11892
19788
11087
2790
4011
25637
24702
13026
3935
18464
9726
14531
17734
19008
4880
28022
16387
18169
7901
4141
26434
3690
25240
17990
16362
26172
18736
15750
13229
15173
12062
25122
11313
29501
27912
15325
25138
22614
4703
5425
17430
14429
19957
5164
9789
1189
3186
26176
25710
11087
6669
22145
21130
1909
16487
13844
28081
5223
29594
17663
26749
11656
19137
14414
17509
17049
29739
12648
16015
4442
24425
3445
25223
20734
14961
5012
28275
24499
1189
23986
5587
7858
16131
3069
16120
8970
16913
14201
20545
22859
8216
23646
10867
27353
8061
28376
14402
7800
11024
6769
18595
11802
16566
13818
2536
1527
18831
812
26027
26372
1150
7966
10582
23633
17387
26702
2603
10652
17256
23148
3511
25472
16795
14378
22826
1208
12754
13580
9008
131
26702
3955
18285
13268
17774
20821
21148
12957
27985
23527
15681
29135
7845
26263
22768
1584
29318
25371
12236
22926
24872
15747
18398
18019
6477
17576
19227
25583
7509
4587
2066
4211
8543
20351
23831
2669
11173
21331
21978
15510
14858
7659
20998
29055
10274
13766
639
9592
15490
12875
2518
16714
4974
27269
4733
17803
21197
312
13387
28706
4899
15453
9269
19794
5805
9453
28815
23330
784
20793
15192
15643
4804
6190
21050
15079
19957
21690
1023
11799
4565
3542
28513
15892
811
9598
3695
28360
16262
17082
27067
27513
8888
12688
17308
14693
22141
22475
14375
22926
13269
29567
14921
24425
5758
5971
9504
2067
27661
10528
20218
8579
20422
25083
24471
27585
4681
28166
25945
27295
21601
23012
24808
489
12053
18468
15182
4194
10944
29557
27120
565
5476
12041
24990
11234
18013
10847
19653
22026
27727
9871
605
18149
4954
25076
15734
15987
29595
18031
13282
21196
17396
14443
21685
29449
2911
6867
3643
13855
12776
764
20772
24604
19157
15763
12191
7170
2962
1844
5549
689
18068
6154
18838
23022
1231
10924
15362
826
5307
28644
22022
22703
13087
20059
22152
22351
26926
25796
12558
16054
2912
3331
10658
22069
25446
22849
5592
28408
1046
11141
29097
19114
17295
24287
18488
24878
11563
3850
2056
16870
8847
430
15926
28286
20489
8078
20637
23767
10226
3196
9821
13138
12879
26832
11560
8325
26033
17152
6733
3431
4645
12182
22545
28292
12821
17386
23171
24384
21236
1579
17606
6435
2010
3532
4722
28851
17963
1711
22619
28189
4907
8792
17680
17786
11976
29240
2463
8010
22744
9196
17793
27389
27730
10339
25681
10551
4077
25204
11287
1665
26784
28894
8101
28794
8778
12823
3997
26741
20886
26616
1283
25794
11761
18963
19932
23737
18203
22396
8099
10947
7944
25893
14688
5675
12584
10369
22578
16661
5574
3866
18326
2358
9112
2779
7504
17890
21954
11501
20984
12841
14470
22267
14987
2583
11230
11271
26320
5785
3667
10772
23084
17964
13017
7772
29991
25601
18141
22569
18614
67
26435
13292
8777
5547
16072
16281
29790
8026
4135
27126
20867
24957
19393
12206
27540
6975
23478
212
19112
3497
17336
12196
21461
353
19968
21452
25954
14461
20374
14568
14529
16809
4213
23306
28709
20285
15940
4851
4663
20075
1977
25531
21384
27722
7737
25276
11049
1215
25488
161
4713
12825
12357
2526
19530
2325
331
15485
16786
20705
6405
1315
13866
10618
974
18927
7255
16914
23778
11919
13341
2107
13802
4725
6181
27891
1
17230
29107
1841
17391
10172
21018
29748
19050
10549
8425
19381
2386
1564
16438
15143
9231
6657
25762
10205
25584
9369
27119
25715
21288
10460
4174
5090
21537
10356
2982
27890
27586
8441
6084
14978
24965
27102
21078
20367
14003
5856
16101
16389
7420
2539
1533
16651
15548
3647
26857
11133
13016
328
13200
10657
17141
17374
15747
15030
27730
25081
12921
1669
9874
19005
16647
11191
22459
14077
1559
6463
19933
17660
29204
3705
26551
7089
20357
12100
10736
23566
29585
105
246
12785
10762
17387
6511
2861
8770
4242
4295
21691
5911
14169
17048
28910
1713
9507
19339
3272
22322
15625
27284
21527
19330
23835
28616
16039
5935
15705
15957
11872
15810
16204
1009
2924
9943
7521
12137
18713
11763
16432
16756
24026
6954
3804
29288
15019
19664
18627
18291
18338
10604
15575
16217
29935
9410
14834
22326
21698
6891
8284
9922
29053
840
10932
1977
10783
18453
20466
5849
6568
13251
22605
594
26557
2762
29882
11576
28778
24861
6219
17116
5466
21794
3334
11753
7556
24520
4079
5606
1411
18715
15529
6816
19555
2813
15145
6691
21266
5611
12540
27834
25214
11497
4780
21771
20611
11014
3347
19389
5875
9566
12858
17693
7712
22544
29446
15269
17064
9878
27227
24827
28593
19108
1643
18149
21921
23140
24840
13187
28751
13732
17373
23966
25229
28505
22089
15841
9519
25437
11582
21747
11355
24440
9440
25420
23336
15239
17041
10400
25117
14268
11579
23710
3377
19574
18211
1650
12714
19403
21190
17818
3135
8563
18136
4717
13421
10225
26910
22940
12014
8492
21039
29722
9285
6832
25142
2621
22071
12183
19374
23540
2803
953
23602
12532
26880
18166
14183
15946
7569
5373
3764
17057
20288
21900
21774
3709
8478
25036
3002
20492
3528
393
20214
12813
7225
15356
15435
29296
3891
11161
29188
6695
12114
22791
19227
15346
10957
9762
1293
24878
21487
11409
11935
18128
9662
10061
21837
18140
5097
1191
8632
14978
1585
28847
27791
8810
20555
19578
14459
799
739
19999
7494
19206
12790
3073
10904
99
19188
12197
24978
10675
29959
6913
28803
9621
23327
26993
27761
28424
4536
12745
13402
6121
11592
17546
21284
8500
13476
12095
9299
20568
8446
23145
9774
21237
2570
27030
21336
21758
15580
22666
8786
15539
5932
13941
25160
29259
10934
29273
4035
15471
12018
23790
27944
29963
17688
25580
8463
1164
14027
24114
21732
22474
17259
7858
20063
26181
11241
17751
24292
26821
10418
3078
12360
22702
17019
7520
21961
4306
6793
2348
26129
25163
2490
24073
25126
20178
26006
3589
27695
16385
4055
25779
15211
27666
3638
11626
23848
21231
29378
18140
18052
16148
21218
412
8850
14589
14284
7163
18895
27429
9511
15024
22592
12002
15450
17719
8532
17808
27660
6227
4193
1716
2007
25757
29382
11997
7383
29582
3228
6761
17722
21280
29261
15292
28044
8111
6234
12328
21626
25129
9757
7490
16506
8701
25844
1956
26420
4376
19764
433
10604
309
8501
18963
2418
7883
960
9802
13818
10540
22915
7892
1820
22177
29537
29864
6640
5771
18544
28267
7252
4653
5757
23758
13354
1601
2066
16127
5977
21830
22912
22933
28492
1413
11896
910
9296
19208
17064
29466
29748
9980
7359
7920
2157
6896
7784
8797
19019
2680
13416
26271
7333
19173
20030
27040
20774
22096
13167
3104
20279
12431
2389
25123
13844
20638
2385
29492
9846
19450
28959
15947
29430
6318
23867
7939
19566
8004
23088
8585
10684
6505
11208
18018
2030
7590
15058
29157
6039
4577
2261
2670
17008
11002
4145
7204
1640
6530
6696
11487
2332
5655
27434
8114
18325
27653
16053
14243
5657
15494
29180
16342
28351
10389
10712
381
24331
25770
29538
370
6699
8151
3040
59
19154
7185
7263
27146
20068
20311
14985
22400
25967
18771
515
20644
16425
22920
4888
22082
8414
4068
8424
6765
20809
19136
13499
15141
21258
19389
21863
4309
27541
24904
10720
23047
8441
24335
20193
4861
14647
11531
27262
10614
302
4129
7610
16727
27049
12498
8810
11816
22919
17234
24933
13728
12723
8432
5221
10333
27822
27085
14643
1715
28341
25363
24762
6782
26051
21307
17996
10698
2838
15258
27664
9493
19387
5274
26220
22788
24125
5030
4604
17044
28617
29538
7124
17692
7970
12346
28025
12144
15783
19020
13859
14124
20736
14973
27258
16787
6281
15254
27485
15471
512
1501
24964
26251
6775
27537
25392
7252
2567
29996
24296
7536
5886
7773
25228
13857
20119
29606
2353
5902
18626
16213
26378
9362
1186
23636
26149
13819
15243
29986
5643
22107
1487
6959
18359
8263
4496
13751
21867
13416
20099
16164
20952
25986
23937
22533
16195
20408
22139
18548
2662
10765
4761
29040
20128
12300
29028
16277
26119
14271
22616
1762
6379
24103
15074
1090
8718
19570
21193
586
2986
11292
16750
291
13630
17039
22824
29825
13799
21315
24726
16461
2080
29487
21853
28560
18139
27233
21190
14259
11505
13806
22373
24236
7909
7447
1678
16628
3370
29223
17214
12708
10515
10316
12999
498
3707
12175
323
17506
3490
1401
10319
11923
7241
2172
10483
25380
29405
1673
9639
17262
15479
8365
17850
23389
22164
25880
16369
1886
25103
9935
14595
11971
20251
3946
12469
310
22474
19144
17816
2316
20546
28135
14239
27787
307
24723
23167
6064
26396
9159
29679
18228
23876
23881
17969
22392
19762
4338
24279
14865
14273
15226
26836
10876
25524
9305
11186
17998
4802
29002
20315
25348
3489
4554
29487
10148
5629
22654
16212
2026
8165
22243
26606
2041
16125
14575
786
5887
18913
25065
27104
9538
16643
293
20414
12167
9598
7952
166
20752
13306
26833
16100
16795
1387
15587
26943
13369
14594
19507
21747
22759
11751
18353
1153
4228
2928
1939
16467
28193
3356
19923
7731
19999
20216
4497
2166
29815
18801
8684
26919
2107
5517
13020
18902
13257
4959
15845
26626
19553
11704
18373
18665
29807
6726
26170
4035
16006
4461
26854
14199
7817
16778
28282
27816
6994
9131
6334
13161
27932
15019
10081
39
26888
29453
25293
10145
4412
17490
13123
318
29194
1496
18983
29002
14574
21505
9389
580
25966
12596
21131
3783
29374
25765
7951
12720
11248
20637
25882
15532
5656
12315
15571
8897
11768
17216
25394
22532
4706
8518
22850
10253
10014
18185
15607
941
9690
24996
7873
5656
13944
5357
15791
19670
1122
23742
2391
18723
14380
4625
4255
26388
16940
26179
5285
5060
13395
680
27592
18102
15550
26795
4707
1916
14980
20314
2857
24671
21662
10731
6679
5607
16088
22471
25277
23562
22565
4020
12285
13297
8645
16541
9686
1937
12720
21323
6997
2467
28355
10942
26921
13905
7737
1628
15822
29069
21942
25031
92
13605
5762
6772
25564
28202
5595
20841
21765
28160
24862
10402
11458
9859
26943
27496
11797
16015
18819
25146
24835
23527
12440
21756
7432
26529
23385
29606
25599
21679
24638
25691
11636
6752
2463
7200
4955
8058
4394
3072
12571
5608
13474
24029
21819
16770
21525
9968
9137
16696
5115
3972
10223
23907
2081
24008
20437
1818
23614
16036
23497
24604
11727
11486
1357
20543
25038
12664
4953
29432
15736
23876
11392
29210
17905
3212
22332
15782
13180
1470
8831
24647
11794
25406
18555
13875
19414
15344
15693
19381
1380
15543
13985
19459
27029
21694
16354
22067
4358
27660
27852
20094
21536
15596
25657
15794
25160
24341
7928
14693
25811
16759
9340
13958
12166
4247
27833
7932
25943
13527
27313
27323
5422
17651
23135
2451
9345
15841
870
20056
19853
28722
10150
11390
14319
12159
3536
9479
12853
11464
24172
15016
28224
9865
28974
16742
20464
26808
1026
16408
16687
28340
20083
22109
15991
19570
912
1688
5412
1782
21744
1617
505
8247
13007
21176
26758
16543
7007
9611
4360
7532
24628
8936
23749
29954
25678
14213
26762
26704
621
19801
1396
27057
18262
23739
16627
25526
25428
28391
27309
23524
9
4166
1771
19368
1694
4882
5912
8701
14493
10272
22585
15473
19208
16334
15428
21238
548
18542
24294
7521
14696
25691
4578
9310
25782
21206
4837
21210
25949
2146
21087
25958
12664
29210
15327
14358
4092
27591
29411
24938
14215
21997
10411
3423
8331
2191
1013
15231
20734
25307
22753
11782
27350
3683
21092
23133
1241
25929
20695
27191
4427
11782
23149
17091
10993
14828
1449
15085
12419
7213
10023
26634
29210
26787
6409
13893
28978
13774
29125
26064
15434
21878
7846
12784
1913
5291
12269
3155
1220
2965
346
5648
21099
29847
22739
2092
14676
541
23530
3447
7754
9905
6434
13316
13044
19195
27209
18375
2970
26334
14439
24756
24564
28638
13892
26478
3929
26162
29633
11501
5479
29979
17149
26578
6178
16241
5023
20854
23134
28553
654
7240
14810
13440
20556
27855
2635
17765
16230
11957
20452
7021
13065
15016
12011
26958
17846
22292
23120
17479
3794
28599
23810
27295
1529
6341
13536
6552
27195
13022
11457
4201
20262
26268
17641
17170
475
26629
11288
16705
14938
1740
78
28004
23108
12090
24962
10955
4382
24434
4786
14528
29385
4949
11824
914
11290
1712
7467
14837
14735
18924
19039
11349
21544
13032
4872
22019
16013
16160
8724
7304
17900
15155
5308
11008
3597
6622
28315
7979
1056
9454
28860
441
14403
10684
1355
25693
12396
15174
10530
3483
4099
5921
21185
1995
25306
26057
24015
11319
12217
9091
18623
6469
24246
283
23829
27843
6905
22145
12175
14313
1599
11035
21106
22354
28071
28814
18047
10467
13988
4929
20303
24439
10851
17840
26435
12509
13897
20450
180
2466
29541
18804
8935
140
25439
2764
4335
8697
1261
16510
23010
9212
3897
20469
1566
1968
19283
19613
18788
3271
24543
15443
4063
11746
3283
498
24255
17180
27300
787
19646
3193
19591
4933
3333
21383
7697
7669
80
8959
531
29442
18171
10781
19911
19738
12749
9194
15703
7889
18818
16598
23332
29233
4696
26615
29731
5303
20147
3383
6091
16145
6576
2034
21078
16262
23417
5128
283
23497
14087
7166
29292
8610
17947
19203
4700
7049
4750
20404
14938
29920
13354
8271
29153
18051
11238
5236
23354
1386
14971
29445
23883
21547
1480
14962
14161
1249
20090
20796
1099
10529
27963
391
25491
15910
25946
192
22959
7048
26948
14250
13320
10302
22521
18825
4705
10111
24061
4412
17849
9032
3857
11733
6932
11689
3047
27445
19291
29489
18242
20390
10018
16205
27133
5509
8467
23079
12053
7779
6480
9001
22029
19800
25656
20902
8626
361
1013
9039
4773
18863
24424
14983
6948
7708
3024
9995
5153
22315
9484
23395
19057
25854
9600
16190
7715
18068
15622
19769
2199
22102
5122
24228
18254
778
15130
3232
7492
22495
18624
18617
17710
13048
9952
24658
20756
12977
11005
25909
11644
20489
19305
7054
22695
5257
23244
411
29677
15218
20180
1876
13672
25302
26104
8279
2433
17586
11511
