66633
8375
89678
56705
44357
57612
4276
33197
81295
88750
93039
75036
95837
41069
50077
9403
90953
26577
64123
17416
93406
81195
51534
29993
5888
81567
99024
24069
70560
99057
77780
53545
23784
67459
10250
68141
41423
14526
1338
39071
19628
10729
14107
15466
68150
64184
41221
59103
7113
5344
76520
519
2892
44406
46864
8780
25973
45889
49201
96533
61298
26981
50078
85082
10792
76680
53223
68568
91206
70914
7639
27187
97995
38098
42653
66146
2282
83874
25249
9396
5570
18121
26267
8462
62528
73132
33594
88501
19021
82795
1387
80319
26129
67817
81753
53273
44498
51328
38193
52056
38594
62184
79243
36590
282
38248
2736
2565
38474
44337
28313
60397
62459
54580
68859
24987
44064
18806
29840
79437
17953
31227
59756
44082
99045
57861
13708
43543
9190
51901
11951
47784
14086
91195
84374
30720
29443
3462
49637
84270
64152
77950
44667
26611
48883
13526
67950
92947
48684
14142
88737
66638
45370
48493
27072
60767
22707
40780
20662
31897
9034
32613
96033
39472
40160
80408
70192
69604
222
19830
53874
80726
14132
98541
23689
63015
28419
91639
72315
93456
22134
61052
60094
83856
25897
87166
44623
48604
44299
81637
96853
53333
30602
92887
9157
70763
89647
79349
40367
6221
15531
10593
86948
29664
25486
10637
9031
70257
18629
97698
63713
40763
75102
23807
40971
17352
27326
85594
82308
71625
83583
79162
41310
14185
72049
50467
84948
78048
46168
41667
84269
61700
68612
71217
7716
94098
98207
33099
64356
33188
30798
44421
73951
5900
84581
14922
23252
11907
16868
5561
99884
16803
1075
57546
30988
89476
8013
32289
67524
70533
73956
51793
48585
58921
39363
72653
53019
53922
5753
33727
87110
36551
78149
61061
58803
62730
92335
98408
90989
25555
20321
90873
58710
21396
48419
6050
10872
72784
38339
78396
59669
28648
46541
8255
87569
2256
80908
56940
56178
86661
90668
43288
39564
85169
20701
98368
64251
29388
13128
55240
71295
33449
62465
30005
71197
27236
36056
82069
20
90747
76817
76041
19395
39710
84296
23316
41967
81557
80257
98145
84570
87277
57786
24135
72446
78487
38855
36697
7876
68335
8289
79171
1784
70754
9177
72981
97990
61585
71402
14362
52332
48219
90403
88080
4281
91052
11396
46248
88961
91653
60746
73531
95282
18532
14018
67728
97019
52873
20777
21247
37560
29066
419
39344
99820
25948
28677
14162
3885
79
44876
56217
64650
51632
44297
68932
42684
72046
31532
47997
80051
92278
21528
75334
10810
35547
43062
24182
4772
63840
61781
42333
9258
78552
98029
25431
20852
26707
39593
24737
26786
822
80955
91437
52454
41604
76721
11490
13650
8253
59487
93702
532
81015
85388
27694
32914
28450
68228
54039
8642
30010
12724
17901
8562
10753
43332
29415
37460
99277
70504
80599
99
67811
88388
68905
9416
65109
80395
39418
73362
56234
49472
90246
53602
34860
17941
86516
79663
2521
56907
88305
48883
69631
22558
57446
80385
82242
3213
34197
81520
90069
14796
97971
57881
3184
66877
83649
68293
63624
23067
58008
19859
88892
48254
73461
23752
82547
76329
3415
85069
33237
8073
33952
2868
30631
7750
99605
29226
27315
33803
10746
17385
48599
25069
91618
68136
8298
75267
36429
71923
98334
10789
8134
87226
59044
97947
27331
57943
74276
47098
43012
23865
55171
93317
43086
2155
1067
42691
31381
44735
76494
58479
78472
41446
99900
70090
9582
8199
45357
62363
96474
60043
73153
20960
63622
48549
18907
90953
6492
9535
38051
65857
33401
9575
59174
76487
11730
76593
35530
59463
21328
28377
34294
99800
69823
34194
69890
79405
58745
31599
58120
55219
91643
31273
92531
55265
96174
11438
62570
2667
20974
621
68524
70727
26548
44050
63566
54630
20643
99096
14093
41972
27473
64739
58124
13648
98934
44367
93053
74031
75966
67526
45603
83961
15151
38134
39226
11326
49573
1796
30345
86899
18770
98869
57626
45318
42919
37544
99949
79914
36640
30394
38238
80466
95134
96363
94114
10420
57082
3520
84451
49400
71046
46406
33362
2549
84541
88940
13875
50466
7089
44220
37365
25859
59441
11343
87529
18712
48887
87478
14979
1879
34225
53217
82345
45711
65932
92812
56131
23014
96332
56934
88767
83730
3341
38481
86279
4234
27421
16507
54700
34510
77079
92065
76721
52873
19760
64251
87937
68647
68081
2916
86878
2306
56134
69224
48017
22066
78388
20500
61433
91072
93787
50200
91154
97128
88681
93785
17714
32454
10292
72414
66965
3724
80831
43686
56597
591
24289
44534
85590
92371
47451
72468
11029
19937
58044
75399
42003
36432
95899
19788
27504
89686
69988
18658
3166
75021
28796
37232
7476
39088
9646
90793
59164
90477
50831
15761
7420
75121
76648
93010
83844
40451
65479
94873
60388
23523
70272
18743
76308
82524
38532
3812
88562
24872
38823
8081
99894
67619
45313
7370
23059
71312
98163
82224
61789
48994
14337
69210
40467
90985
78572
24311
47788
44051
35537
24528
83927
22161
43272
60235
4685
98156
64047
9600
23028
19222
34033
39274
3193
95698
46644
42605
67010
61159
24829
45152
26506
55518
30714
83325
62856
9286
7637
10644
53338
43174
35173
37265
81687
94797
97500
86373
92953
77899
12325
15981
13474
46358
55256
16667
42056
18252
75624
25419
95764
16805
70571
38622
72324
1285
21947
35180
10571
45936
62176
80261
5462
13701
17526
87150
8498
31378
89875
1451
25630
18552
33785
55456
64910
5393
72123
23318
39997
64100
48737
52113
80905
19308
7087
53229
20593
29035
4761
47517
91323
66938
27778
13138
80639
61657
288
5490
9387
6515
23293
35017
25067
73430
90473
6329
95175
78949
29647
35173
43049
94737
3638
23954
30397
10726
93536
67343
56113
98297
14860
47436
81587
42638
60574
78579
20647
77214
421
30035
83729
23714
81404
25148
97145
71878
31477
92320
67179
77477
43845
26580
72214
47484
66886
18963
58210
60422
86306
14323
75072
1166
78111
73011
60157
55038
67942
80804
32252
68363
10839
32334
8430
8596
57482
5575
80474
5312
14247
64005
82789
74445
90585
55003
21929
73823
73966
96491
50598
76625
27166
42022
77791
5277
15033
54300
60315
99328
35105
8920
67691
62296
41254
76121
70892
15088
98048
67718
20400
28648
48075
3189
3093
55012
74544
41374
28836
64863
54217
79434
41488
81383
21456
35631
3012
52841
89932
63328
52169
41389
88600
36213
20037
29854
12334
7282
61294
26735
75000
81695
55383
39428
1236
74828
94440
92133
16202
23276
73348
70419
19062
14836
68154
40518
66819
71166
9712
73103
50846
78233
30844
39446
14446
50882
85652
43133
74516
46947
69868
65868
44994
41603
5296
62582
16431
99737
54715
48985
23013
28063
19404
58428
59251
87558
98946
42423
75076
25010
31878
25923
3244
62723
65369
34042
29957
51022
77175
4473
14321
63395
70341
75667
4998
75638
38249
37781
91727
9317
86766
31092
53732
22522
89520
12984
26432
4819
71759
1509
29829
3637
27432
49425
66360
9153
83468
12669
60175
76995
17142
90848
40391
3836
82867
61741
95826
21117
15875
87553
46786
2641
18645
518
25164
8166
29854
51596
12985
1613
53105
59166
21603
96889
8592
4315
6043
8412
16985
82570
85407
50479
89771
42150
54315
72638
20244
50141
10107
36119
54046
56893
55112
72692
57412
96628
97210
87266
48225
26547
5232
17682
85713
43187
30924
10657
47502
36967
35421
64487
35889
37181
31319
25660
79331
85634
98299
15927
52128
8406
68398
6174
65300
23511
95218
39064
20139
92428
42682
84716
35327
47914
18751
37393
91101
49675
64402
54956
2994
99824
35795
38883
37005
67114
80896
32688
69101
79195
48616
21229
3953
33366
43755
85605
56877
38974
24669
93369
47754
67352
94437
99434
31618
13188
36827
39072
79215
1229
10380
98561
17405
46175
53797
54410
13290
34693
87099
98743
13888
52067
36324
34193
1785
80079
19799
75015
35405
60820
68384
99512
28172
79173
15298
76143
8714
52125
31567
87929
69706
41947
2843
87112
88122
56640
41522
17764
91333
44973
32859
21573
13392
69183
55766
15178
65615
91917
90193
1020
52738
74929
16884
97262
54102
32182
73405
62816
659
4972
67098
70366
63271
69941
73830
51394
26581
15352
85510
34266
76678
18370
55839
6422
87553
11605
37952
69520
3523
44497
86893
72613
35778
3777
69875
6233
52312
43281
85401
52971
64605
52499
39689
27877
38792
13519
95623
81725
45224
81133
15991
38254
15855
71830
44676
19761
99788
98981
89281
19663
43478
76174
92276
95609
96304
78503
1842
48616
21784
87243
17939
2742
56095
73981
46971
11239
87500
42594
92965
49076
40079
25308
87330
55935
13491
48359
92048
29631
47340
81329
65646
7170
57504
74274
19131
70160
52777
20973
18776
90914
24569
53067
93656
80664
27048
40627
8255
30901
99573
1220
79977
39652
42881
67308
11939
56372
32019
3987
86003
95711
85317
68001
2881
59173
42275
38365
29333
95052
59338
64461
85966
83907
33880
95974
80923
77281
36601
89179
8182
52526
6751
88159
92179
49632
71819
4118
22356
20190
24458
24711
15901
9775
92712
35135
85300
34987
73500
30985
46392
32838
11798
32358
33098
45678
28333
30373
39311
81286
35904
47493
33813
42656
52005
42344
8640
40176
46462
47349
60367
70920
72060
76268
97047
81125
11403
98699
16112
84903
29684
62504
34094
57834
11215
83544
19865
55900
30269
59176
53538
66174
6670
3703
25182
58675
46047
33822
15203
8862
97523
75570
96134
69584
68191
9534
50709
79594
8233
83173
80850
54270
62030
31296
12104
89597
31192
31969
45497
61461
91146
15387
27635
97816
19091
69169
72843
65138
19344
88046
90352
16867
79969
86487
86451
48160
96021
53512
44106
4254
53038
24956
58524
15068
72604
70629
21017
3796
18950
82866
81610
10096
98253
25597
24264
17344
94767
97107
98835
14111
1506
89187
30978
97827
75674
33782
45987
88047
87294
90093
92302
40332
31402
67178
71752
20358
54159
92769
40507
73110
91987
22117
83206
90241
47714
23823
23937
58833
37282
22772
72944
38788
28312
20275
52967
3986
54057
98954
92034
41351
5400
688
98036
53154
84218
86140
89864
38378
78910
30371
11488
70897
68840
11046
77490
32907
34869
1428
91740
72152
40552
64685
27292
68864
84960
80260
89203
55369
95566
97589
96720
17318
98277
11108
86824
82495
97249
76689
37225
92511
7060
65065
79760
92253
76112
57251
25160
27333
75031
16900
15837
15583
97937
43130
84448
99249
39742
90003
54618
51660
87592
67691
68979
2221
78799
55803
1068
76048
32492
38294
84911
55905
3359
64672
48158
95823
38275
89670
23157
13306
6570
38994
45241
4508
98476
46041
20109
54570
36044
74728
6231
23636
42419
91562
42209
37570
47365
43278
13619
96210
81572
14882
68467
1283
79554
32977
97107
17829
22647
36616
47487
29217
91962
92729
50077
90439
38770
86539
61361
91167
61267
67592
31155
20038
59154
73365
57608
22872
16643
87579
35434
14567
2462
3901
32202
98368
36878
29309
32550
75877
82277
80037
21446
74240
89118
87876
81031
44241
74415
42392
35408
52034
26337
66563
72072
85491
56280
46032
24715
89275
49964
60149
20194
52426
80402
52397
67146
33632
98058
99696
9509
80336
79734
47308
54576
68852
35184
35607
13093
9599
77999
64853
77985
4336
47769
50057
6180
4049
12441
47247
9677
62405
23749
29871
31183
20503
98620
98330
54136
96679
98026
79997
93367
94112
27305
47943
79317
62489
99902
8762
88440
94253
73616
66425
14942
37737
32834
37474
41786
61628
84721
67815
24033
24822
14039
71569
45326
12659
86251
99462
25690
84277
95811
19057
94742
23117
83352
90411
1958
83254
99173
6751
77508
89141
89528
92450
26878
22363
29924
85017
83991
30997
52832
24376
55820
66871
95945
1146
95883
82196
16960
21573
82826
12771
40631
93920
52240
40335
84331
54199
23590
83504
77302
17450
72646
66830
26252
15876
5545
72528
893
5888
3525
53726
30265
75697
36949
42562
76843
32832
41111
93803
70758
40289
22927
27741
34209
75167
68076
34892
29366
91666
34748
23020
25468
23746
89851
51720
39623
95396
40600
40516
1285
44126
94242
47902
36175
47544
90464
13019
80376
47927
23174
67486
88216
46101
95227
38777
37621
63304
73669
83339
71322
8418
6360
96791
32164
96211
64863
71787
7959
5464
28656
9244
65942
39250
73498
2117
86794
80315
31488
83523
28242
71015
51009
32811
33468
46237
71588
71089
9541
61610
54429
80863
86380
60789
94006
34896
73352
58870
23036
81311
64334
51692
6908
46628
90942
80406
48745
77737
60721
80234
61260
5316
51249
28621
38127
84717
74858
26067
72159
84399
4029
26588
81615
90409
3729
75621
25306
77081
50843
64694
58392
31529
16386
65300
78157
23680
62059
26903
1417
39132
23489
79029
44448
91090
7651
98927
92159
98861
24995
64318
99613
29024
90906
97580
35786
94635
73201
77444
88068
24045
42138
46461
71926
58524
28113
50084
82204
90172
76987
99974
29305
16828
95355
90105
7918
19358
89033
77
18220
30380
80748
34185
75756
88006
31765
11542
98994
21318
5338
87062
61715
47476
33523
33642
22352
61637
83726
20909
68161
77065
20883
13818
93893
32590
3924
18163
51949
92957
34592
86521
39689
15340
20706
15445
3347
68823
43340
18693
90141
48678
5755
51857
12507
39279
85499
34859
17268
69225
55768
1781
46290
93003
15600
56535
25594
19524
74698
77543
28833
9290
80416
84874
40983
1122
16671
60682
86297
76363
79375
76438
25042
85130
28295
53901
40761
30146
88760
74381
99371
44529
76163
62013
37532
8115
18548
79478
43991
9598
57021
89176
35241
37437
74050
76224
54911
90721
36906
57560
67085
16281
33999
8479
17763
62294
62380
58525
8793
67492
49258
8164
28373
41773
86530
65906
49888
5078
61736
10231
31029
18758
99407
66270
72547
89809
42494
43811
96883
95752
1371
63968
28385
51722
88799
46148
30369
67531
21025
39162
51375
70284
47326
79749
12057
33856
62007
78298
55287
23743
88529
2668
42501
4289
68938
31401
94098
11432
91564
90981
23536
9287
71301
51921
61010
60100
98069
91379
43983
19095
30541
95359
5731
94219
75108
17788
44428
53467
12438
16067
77210
968
18735
36064
5257
87673
83817
99355
15457
75381
6689
55345
84668
77990
7266
62030
54443
5335
53409
98426
40782
302
10137
46513
94522
1597
80654
55302
55064
93092
71369
48627
10412
6456
84691
15669
10481
68508
31377
42290
60241
38066
97635
61261
32408
4901
23292
86851
10236
93053
1630
67371
93356
28119
13884
4230
29717
94538
59532
1133
3983
47253
49760
14395
53709
50803
46417
80542
35663
94146
22832
95904
48564
20467
57166
80972
25368
80458
67824
51956
89863
85806
19327
83219
13925
49564
3801
59994
60454
79685
61128
64437
43290
27240
95185
96999
94396
41602
93893
30059
52100
16725
25964
664
37192
83130
81636
62560
79940
65812
30869
69803
67970
50196
69375
81896
16112
73176
41890
76567
69214
19370
41004
12504
62963
52541
25856
57359
10495
19749
87418
62595
36475
13382
63259
73667
12864
61248
52580
92804
43412
83449
78960
11383
49997
48335
9631
66110
37863
51521
42677
23429
87244
33
35934
50207
68927
61790
7566
79422
97891
94984
42018
34366
8367
21629
24386
37583
82877
93318
30388
42642
93119
25700
70377
43116
90387
80008
25578
44602
47881
84607
68032
35125
993
3966
85332
69920
82108
9250
49342
79999
4235
7712
14366
28954
29342
55104
66537
28571
48422
13277
71213
41541
38977
57942
1009
29364
37950
42940
90319
85832
27547
58351
37309
44892
78669
38994
14812
60777
48244
80507
57128
68831
88219
87846
97785
33913
42950
80675
62485
7724
93952
50050
49265
49282
7993
66627
94998
62295
9567
85317
64479
53466
43668
1789
98359
22337
40783
29523
99466
5379
26382
56595
74211
14602
60793
88348
48515
3744
69023
27352
11468
62976
77403
77086
28610
1748
60065
23608
64043
69632
8926
28523
39450
52594
30312
54161
91284
87447
83685
7102
92826
10067
63697
83389
41021
24491
71738
5889
44587
57113
49593
72407
36441
26996
65845
65051
28744
25910
88660
9140
11894
97586
37663
51345
66532
84327
21858
74168
71774
5543
81271
80952
31963
61320
80694
89336
2163
68784
11577
46750
25897
61171
35510
62339
88167
1355
43742
33264
43618
32402
58756
55512
46340
96419
23209
29225
97098
45068
3393
68872
66963
1016
66176
15278
62337
63222
4615
64500
32006
16192
27603
74256
77363
79465
52947
81883
80820
96689
31499
24438
45444
90255
96303
8136
3026
19512
37361
124
80932
57107
85348
64248
58123
67876
79526
36812
31099
493
17665
79457
33038
61620
70065
26753
41085
23012
24988
21905
36054
56487
62696
97850
63094
75351
22338
82472
94863
59700
82596
92148
33159
84296
56396
7634
52173
52274
44447
99624
52768
62112
95433
85806
23732
65499
12559
81169
4863
53900
3074
57269
10387
82122
71471
89834
57473
93810
72306
68689
69862
71255
77189
3021
55551
33585
27007
24076
85859
71454
23700
54979
49918
35486
57137
90002
17337
86049
71171
22200
39949
90598
95822
66688
89072
67293
56522
46546
61103
45181
31587
47317
16436
8776
50338
71987
42361
93698
96064
44572
65152
36116
15904
31423
87954
73041
21425
5291
59090
8949
43844
99039
99547
39666
65728
88619
23311
38602
51517
767
83783
83104
48084
16571
8232
14775
88559
66945
8473
975
11518
89977
53443
43774
21400
41398
16815
59178
46689
92258
68127
90533
7649
84026
46551
89729
88997
69863
28332
40515
70630
28467
39971
18714
45039
48204
49841
49950
15149
58314
50925
43019
48292
20720
86793
86044
78470
19961
45222
25160
12219
29701
32045
19868
30079
78597
9598
19077
64812
54282
75944
35442
82749
15915
70508
27788
80471
20350
77738
11973
78664
45015
54992
43308
82088
58138
29353
60558
78099
90927
85718
6670
36981
34116
26538
67060
12713
52488
86137
93877
6770
78433
29319
5872
10701
99827
33660
91172
36529
27751
19497
31546
89118
90842
74854
71206
48980
20559
31765
43431
27839
33835
50101
64820
67951
92991
48232
97016
61832
50722
90893
68602
29155
36564
90826
39856
52744
24487
47381
89273
68590
83230
20819
57708
74072
12026
45267
23052
48937
77032
82835
76776
27219
49288
57948
11523
42280
6181
8539
4112
73255
15785
89066
18762
52349
79893
74971
5093
20732
22352
10719
5674
21934
31538
79734
96007
59916
25001
35411
8854
18385
18247
85630
45605
83887
59931
57128
26167
82464
82019
46631
55719
97804
52050
74481
66506
48295
65804
71599
69027
4508
82318
74701
26443
30209
54435
22450
90125
95789
74213
15331
14174
92460
17314
76131
92700
77245
33259
18867
76061
15279
81851
31780
29435
50253
22613
95941
98548
88418
83893
67575
92926
82563
58628
35721
12772
29415
58171
19250
41556
32385
34581
55731
41197
51895
31862
33897
45492
81474
69117
21553
13105
67320
69685
42540
17573
8651
38482
16121
13421
38727
48
22699
21290
75028
58421
34063
4443
16592
69665
62352
65329
4246
18083
22879
72494
66297
73128
34338
47771
42245
55892
60876
25917
41929
19769
43490
50580
74603
75963
64001
13330
76011
3053
34620
67391
61474
85035
88187
78066
54700
50539
59748
75299
68622
82627
64145
51271
55755
98483
99043
14353
70727
76271
40270
12657
12392
113
79589
86995
76076
59943
16677
68440
62996
51298
35831
24470
52685
24018
18888
7386
74557
94988
99037
59531
93967
63182
10803
49723
78017
26198
80428
65097
18821
37050
94106
31214
53515
73695
34561
45944
49990
51239
30736
12986
18889
66567
53808
71574
6938
89049
95312
97847
84037
94349
73731
78005
73883
84534
44080
51901
27084
40860
16998
62257
94262
11104
9823
47778
1151
44385
93722
51142
11976
24458
80480
47217
7377
50641
18791
30667
39690
14104
28515
40079
24805
18598
34436
98689
19484
78516
50590
46568
35728
83940
25177
29991
11396
35001
77769
12547
95738
87843
80041
24066
12301
60522
71283
36030
11163
6426
66698
67205
36882
11565
7284
61688
30163
41721
60377
49647
36589
27319
12567
72318
27611
37744
2309
39007
89097
96430
67906
84835
84273
47948
8901
12926
8470
80184
48956
35985
2963
32006
19542
39845
59923
43178
1533
90086
84899
78262
56085
37841
21933
85004
26511
65896
22749
28820
4903
11846
41602
89162
13034
25875
37110
21935
55153
61932
18472
20461
14269
21435
52468
33811
77632
12391
76989
95518
18830
78241
90132
91267
16082
12066
76272
42593
77962
15373
87765
99218
27219
29367
88380
56605
71594
41842
78541
26747
3774
13365
47208
18043
51152
16028
51854
28784
44772
45195
24302
63602
23436
14435
71221
39518
42853
47493
98463
37167
79218
86228
52737
22790
31947
57469
79395
3541
99311
57936
46640
3085
87653
93849
37480
38805
26229
5686
83942
71001
50882
24596
34603
90670
55383
22177
46541
98236
69670
45004
51756
48889
47585
4493
88031
79532
78315
67426
99426
77626
41715
46066
97064
29368
56267
50896
84526
82497
56583
68468
53498
23817
9416
4454
14487
64800
26631
61028
79388
12653
22385
31144
77894
69970
51990
65925
49502
30305
33352
65280
24283
75067
11347
21347
20787
83966
88596
21665
66463
45179
6485
36314
85348
15902
40768
99835
80702
83751
77216
60090
96404
99601
7587
90651
69571
59577
56576
35425
6234
6280
17058
30517
97699
28405
68217
34839
28723
73165
56504
11539
18344
62990
47853
20044
78892
4973
19879
75946
5076
13447
52388
17832
13048
59975
8483
98971
35904
81412
50749
58490
4044
67807
5360
1744
12564
73577
36583
41287
46742
93087
52826
81438
56077
17031
1482
51321
38356
37713
27267
43432
67513
79656
77617
80561
39631
86100
95885
91888
83864
62986
50378
87909
30793
55738
6005
43357
45667
42588
996
8761
52027
70175
6551
8105
3558
24385
75778
41915
78451
3046
1699
45964
82702
79316
42877
38685
65417
55114
46925
65633
18100
97304
53542
48893
69394
59547
8602
31414
18487
25951
56527
70515
96126
79431
94972
99684
3816
70750
57951
98619
73796
59651
44583
72850
38967
3813
11536
20736
58927
58461
86370
77028
72117
56264
42273
57864
15812
50876
89278
50651
76827
62157
21166
89305
41588
32490
88989
61757
3241
46941
76728
93389
6592
21312
66240
61911
41477
77776
82648
404
52589
85370
93784
24707
41634
36058
98923
73798
86934
4553
24450
80113
66710
61968
69418
24651
94459
74759
2760
97700
38052
79488
91089
44644
17152
73681
22908
58629
67809
21908
75386
20399
7278
69170
61458
48912
5228
60381
39063
8514
64934
63513
88627
47996
25481
74397
72647
19940
49157
75407
33992
87209
71248
41434
48206
88400
15115
71114
47030
82925
93022
22416
19676
16652
7938
81134
65564
13167
57867
4627
21681
39153
84492
26661
87149
9974
1058
76149
46266
50215
51556
96611
53777
22804
38045
18335
27557
53160
89449
74587
52437
98823
13355
88465
15475
37645
85951
97391
50812
43818
18371
88846
82971
2863
15507
86473
29189
16565
62622
91808
83133
30530
88419
53262
69687
26464
71597
97244
95976
77398
88183
64766
92573
17890
53231
24400
55535
39183
21791
22700
99353
56514
11546
98677
75730
27053
85150
21271
59970
64124
13079
59455
11006
17850
29069
80693
60666
666
94289
56643
78064
98824
37761
70637
16714
90992
11389
88602
46527
33181
11302
45881
6047
39200
60910
81777
82605
46060
19401
42575
26536
48832
18383
37542
66683
47452
18236
27349
48119
28877
344
42535
27702
38105
29525
60768
45450
40914
49370
8329
90447
77024
54210
96495
16224
31472
94624
98829
93884
30377
57757
20420
79210
92492
57963
45893
39944
92551
89594
4415
37780
89939
46951
65482
44396
92828
26251
89846
50094
91973
98176
40542
85350
68738
53389
17926
211
64365
33108
94095
94743
90865
30868
90305
99709
88831
36198
39653
97734
42144
44069
35514
32083
7372
17349
76480
16552
59952
82678
66646
68277
80854
23540
53627
49593
76929
87906
66156
57647
21014
76603
52390
28231
7471
59047
27940
12654
11597
67593
10388
53741
28014
62255
85825
51738
95956
78657
68290
55908
61335
51289
24185
58542
74829
94165
8135
68111
82071
90643
25758
3085
67246
94500
47668
74718
53547
75608
87372
65144
59553
14113
18885
3920
92720
21062
72010
88676
99719
40301
44584
77407
7942
85121
35949
82771
79286
60436
50882
77709
51079
92992
97146
34677
87492
44814
9395
41039
36774
13120
22535
96328
43585
41421
16600
36305
62483
88610
24981
78555
45263
85917
55962
53205
87390
91911
52329
66677
52347
19563
60738
19778
12556
57885
54455
16400
2699
80203
73792
39474
9675
96327
52154
53260
37748
68754
5917
16584
73716
47250
11491
18980
49519
83805
88537
36909
75716
57218
3586
44415
76782
64325
80545
5690
38562
51352
22090
41261
31555
95882
97087
41230
8562
65593
10842
46310
50699
33111
79246
24416
80361
7089
59748
29880
90894
48285
66790
82962
5504
86728
27377
98638
67405
24274
4328
5967
75627
26418
63581
7182
38653
60668
64765
47215
26262
91959
9877
93313
25071
5476
17729
21784
12565
77477
68017
3460
42115
51159
86422
47619
37887
30152
46257
21645
54426
66937
27612
46405
9707
7545
53588
48360
84566
34705
11927
27180
43016
38157
20493
84439
43633
38223
22576
72550
15700
90593
76010
57815
41752
78785
21786
79639
8937
84395
17636
79715
51332
61601
26121
61040
69146
96061
25752
53712
47118
37680
80892
6486
75837
1386
90926
35822
39609
13502
8372
71661
20447
735
45829
62199
79520
83967
58190
4809
68363
75827
876
19695
37428
43349
97087
6574
39410
22840
76639
2880
76872
57531
9367
52709
75269
16645
4883
31230
46499
13255
19244
66946
30342
65073
29145
9862
65392
3687
31023
33755
79514
31900
69803
33294
75249
66890
56221
31012
6082
32860
50244
82954
6743
59611
52015
82013
92608
56898
29595
39107
86506
48839
6053
16848
30264
51550
43063
95657
55238
74086
45764
34752
22338
15567
84399
13940
98810
40620
61304
4892
89832
11548
4199
96575
87512
56214
94940
96472
13113
24536
35580
15971
73375
57985
32819
3640
9536
75882
15649
64774
66321
61413
15878
5011
93333
16629
35303
8495
57249
12959
29739
47081
24508
33938
60009
28372
90153
54949
24844
19618
95837
76776
35589
85565
34762
84760
89205
44298
76995
21206
25424
59668
82619
57654
64679
92304
74284
16335
17151
47885
29294
46891
11319
70154
80829
87680
98526
87334
42629
39723
23304
54819
16499
58893
40384
51261
60006
45941
11911
37001
67147
53687
96669
66118
27694
77700
74775
18330
94035
91926
82567
23330
38817
93886
9836
35999
81566
24715
39685
40548
64438
62990
11719
97289
38235
52103
64903
98241
98044
93166
35242
81543
46854
31911
47661
90900
25964
22436
9230
19999
14363
91797
59681
69532
2036
69518
5531
99954
94233
45217
56854
75023
24559
68573
72312
79146
20676
37215
77388
35072
30382
28982
16615
93588
77246
80629
84488
3210
3065
10070
39561
33780
1867
99243
3313
20255
85113
25196
20210
79346
86765
77064
70721
11324
61990
59385
90471
99018
96601
84211
34091
43335
29545
67058
53275
6791
47687
54115
26353
50753
64185
65915
885
82404
65158
4198
19012
50271
29395
39222
45969
32512
32638
33042
43837
10980
92427
50660
9999
5380
51223
44090
48715
80768
11148
18342
3912
58836
72457
30265
25941
52994
96180
26826
51751
61338
47377
70763
27961
93124
26337
90282
25636
75327
23324
85825
86308
15752
36485
96307
21132
4060
56749
86200
84829
84249
20894
88741
59437
9704
35358
1730
62698
31539
28557
30801
9229
92286
17916
37191
85410
44253
43825
27398
35933
67150
13224
22241
99254
66061
34900
36738
70122
8001
22938
71303
8602
60185
76396
68040
69889
11754
69770
48939
43293
14679
79741
68875
6965
14009
22418
8727
58263
66243
36126
10548
49745
49350
32789
48999
15411
84041
2090
1885
8394
41380
89540
16996
1565
65936
1388
71454
94043
71159
36746
53688
2190
32839
22563
25508
46848
44981
34235
21463
11225
86713
32011
60970
36063
81152
26322
67827
65193
28412
86064
89939
86144
75605
6936
87710
41541
24676
75516
35584
95835
12262
5625
14378
45101
28188
39886
91950
73170
74121
13413
84395
60835
45425
61717
13250
26577
4391
97429
8123
49155
83494
14414
35300
59099
21350
23010
16992
62379
98526
68929
58214
27141
74554
88944
72242
2742
28830
64192
75912
19304
93958
76659
96491
55735
54729
9741
82312
75472
7171
6787
24628
7017
21202
76280
66116
58904
15642
99460
21283
30520
68389
95850
57661
42943
84794
46256
62038
13625
26800
54302
49281
20758
47314
45772
76493
2043
55513
75158
93867
79036
81945
34847
86053
3147
11127
68521
78404
43121
67982
99687
89994
36371
95537
47655
95667
96684
10263
74057
26661
37064
28359
75942
57822
75673
21714
50668
94068
93579
25826
4288
72616
24123
39135
75021
43623
66615
43543
22027
9736
27877
38066
99730
80600
49956
63738
92619
46640
74001
66676
73301
27417
95036
49243
85240
87061
87309
52260
97482
80888
94438
1770
69856
34913
40905
44878
78536
23872
4773
16915
33609
49002
54982
49691
29602
4938
29781
22222
67930
20135
88898
41231
47552
286
6826
49144
3700
94135
1404
1182
75023
12194
19304
44880
47108
60209
6110
25644
84082
10883
58912
34043
76237
13894
86
5839
35184
46220
44413
3114
66355
33312
60697
13907
49950
67523
79404
70002
61658
97160
71184
53033
9355
90488
14265
56463
67050
20375
98459
67484
47610
73723
17879
23847
87617
17965
29687
39153
80537
74100
58619
46892
23764
19316
77152
90067
86839
56556
60069
64849
53716
47606
34235
79423
54446
48500
52238
21496
68876
67050
5332
16486
40773
23211
56686
44743
57529
86373
83896
38066
76825
42516
84959
16942
78184
78463
23361
81376
35019
83430
62577
5087
47388
96812
84511
1835
45313
53101
23331
30541
20151
28664
47027
60925
68227
3713
5668
25756
6438
5916
63823
99616
64784
65134
16558
42969
43597
56271
40697
94968
39701
3274
16407
87090
87
918
88925
61752
70372
28608
92293
90523
73624
55672
51448
41852
59386
73468
83960
82176
95737
47783
98144
60521
29269
14702
19842
89218
70973
60539
84186
27027
63814
594
30469
80253
17864
35746
42005
88236
80706
34298
95112
54331
89970
46560
12535
65708
36381
96495
64237
32118
60631
62381
8991
89900
93436
28834
79119
80761
5725
79657
24140
85891
96603
54609
66144
14468
90355
24501
19056
87414
75151
14168
41745
65122
77081
70632
47182
13462
67127
27771
61932
44110
90153
70923
34011
99941
16109
29482
80702
38187
25491
4843
24078
22095
75804
6575
52915
82512
47428
71971
69926
22580
2492
28023
4054
79573
98655
67588
9387
65782
95360
71319
9893
1865
58594
60256
1806
91056
6090
98860
29243
47933
3703
69673
70028
95860
92600
22943
78372
40029
11267
48298
78961
13759
76321
83015
93332
74976
50603
2719
57110
45963
74038
83355
64180
48984
59963
65986
40040
82405
64847
85635
30339
84902
71661
367
80762
64261
39663
59134
20642
50930
23784
99603
64689
105
98970
58021
91433
49574
77092
48544
11889
51130
48251
76070
16466
8215
42056
56507
6972
23255
58494
37311
8158
30155
37679
5272
10769
93694
64407
31411
44624
88191
47367
9313
4649
46337
83686
96082
12263
60778
60978
24153
28260
25582
223
44726
50149
58631
17585
57121
98239
76080
94433
22749
22587
48464
28021
33356
42158
92428
81120
3134
96972
44839
12447
17973
91176
96133
30407
3440
73263
91386
43945
1523
33320
60520
62601
83469
19151
80187
40590
33742
72619
51375
56491
11558
99839
84513
61267
58349
93293
42387
61483
6617
87226
90282
24590
94754
2767
54998
14546
76030
62736
58491
77553
96056
19011
40155
79525
54515
36694
36467
88257
9313
87843
61101
20871
4034
45614
82138
78736
55259
40877
40219
78229
44455
46854
19171
39210
49621
74169
70108
25652
53257
28600
19557
65665
47611
59712
61542
2126
12758
98010
90384
38423
2205
67837
59295
22591
29803
57785
1327
85062
15015
57899
79643
75822
4753
98815
31384
70726
89336
1493
96378
58946
30093
15936
24611
77704
92000
86154
96183
4759
516
2919
43182
19073
70756
18829
41664
559
92967
59344
1973
24334
17243
81617
156
38348
80432
31541
9074
86120
49386
21805
45066
79479
54093
69678
73535
46093
72184
69718
67204
72700
72637
26739
8125
43393
61920
49789
60304
71239
25485
62278
95573
59080
43895
12082
97428
40679
59975
22855
26799
9361
44660
71866
88840
15105
57896
78727
61198
30080
48446
44755
19132
37435
87846
27257
80829
49766
93398
57485
37358
18884
19763
49283
94316
63658
77717
8097
20689
37692
30952
47489
63405
91964
35707
68597
7069
93603
47325
84619
23683
95771
45726
59167
33206
33572
86424
30387
99691
96174
87873
53401
15058
23988
2684
9375
3999
80402
17472
24688
34446
64776
72177
97852
73092
24236
66449
96513
17839
13774
97484
57874
9545
43211
17041
59104
93135
19817
5843
9178
15992
93716
62579
47402
17705
65264
73129
21704
62018
6953
62744
96464
71729
51274
94316
61173
75510
60766
57686
93350
74540
71523
67576
438
14734
970
75894
7869
20787
81737
33400
53131
91806
95979
534
9511
61243
73663
47567
23261
80617
10311
36078
68698
77937
30394
46224
53448
7512
20262
63150
98405
91785
30726
98843
6519
48048
91089
30741
68836
72826
64141
21967
64632
76472
38853
90495
37716
28869
54414
77329
9486
81078
13407
94536
59015
60154
57112
12463
67666
77375
91965
66071
69160
39044
81266
92032
87092
72355
39125
55928
61534
19618
94248
26166
96090
49453
33014
50158
78322
3780
43840
4160
84858
57247
98697
60226
33753
72161
72689
1420
49536
81007
83843
35049
20051
81462
43433
7143
53817
98910
79424
31703
18528
90024
74222
30970
39477
7236
81129
17800
11016
24969
21960
12227
98568
37009
72453
48674
9171
61494
66446
75059
42501
50289
26460
62552
48103
69893
86048
18273
68803
65472
49976
3683
55496
24198
34654
94973
47786
32135
29125
58803
73456
51086
87382
88376
4447
59835
37050
29970
37681
3496
5030
80183
70138
47842
59087
18241
17736
45135
36514
2891
10607
2843
6575
82455
27041
57581
93781
74828
89716
22906
49983
79524
90344
37365
67900
94792
13552
21303
41114
51233
41151
62496
47768
11289
10339
6856
45883
44427
51991
98749
47318
78951
1592
70245
77758
28634
27826
71539
19814
33894
10798
69797
13418
1142
23514
97671
12286
53418
18974
53401
4651
60125
32249
68772
87767
42588
75628
33650
87015
43971
48751
34334
39274
50344
20931
17033
95330
48758
4924
15144
82652
15722
1293
12423
16865
41159
10094
45503
10929
45420
98904
15580
5545
47506
704
9664
90094
76332
59666
77110
36656
8418
27796
75930
75114
48727
9315
70444
13837
14240
1940
12842
46314
19585
25265
63179
77096
51711
25035
88025
13483
40291
19957
35380
87797
20662
45045
77892
13346
4711
71354
50002
29481
15502
42285
4595
64229
67952
75039
94419
82192
93331
7261
44859
12916
48878
24390
90012
16941
49425
94389
30424
89717
14347
65804
77514
35009
27201
71758
48355
48265
43112
98358
77746
58614
56995
82342
39196
24947
73733
49967
23492
83417
57228
68351
12685
22458
92741
2698
39399
42167
97087
86175
48236
27786
68331
42102
62795
95533
13861
11151
43798
73325
25861
37896
31940
99208
36590
87488
24155
26676
37455
47647
10093
11035
32350
22778
33493
41444
41828
72892
99963
55268
59067
48199
83054
27398
90301
62202
39283
20514
89705
99433
93840
31918
37330
42132
31126
90272
29620
71633
16948
83427
35633
43393
10814
67983
82524
44307
9427
40704
33551
25742
12324
92618
73941
11731
36368
80595
73933
92004
1109
79990
91437
94949
11908
45119
37081
59386
35392
83053
31019
68692
82832
66652
28438
93646
50988
10962
37953
76767
68018
71504
2510
80343
80474
92803
92074
33195
73398
66007
25199
90860
62349
32988
85809
74257
78108
39243
49995
29852
38648
81014
14896
21481
64019
43334
31479
15007
70648
69433
8126
38667
57289
10636
19010
54116
3440
11084
3663
93190
93443
45214
84050
55792
78202
86212
46401
72662
41807
96396
2514
80455
93762
33763
18288
57781
77097
49768
89140
47746
35553
97267
2765
92842
7903
21775
63310
27695
49211
66973
37238
59006
12187
37640
14798
6742
23852
77551
79404
82011
90299
98271
62467
84061
32034
97107
41843
25483
46875
30983
89581
82428
44602
92346
91623
52506
30473
71285
96553
79684
38259
33791
38690
66798
71432
69840
73540
11636
63743
69297
93648
54042
67568
72467
38104
99602
69574
96299
25085
16450
43634
14667
15230
88237
23365
23205
57095
53839
94491
53648
33523
49102
3792
88566
15900
75224
58406
5793
3212
22150
75090
96860
76192
59010
69327
30648
58612
55254
43299
49
88056
86934
31068
19638
75171
54434
42844
48618
8273
37335
2266
58148
2789
6058
46714
18689
97634
21473
40834
847
43623
32276
14059
36167
91286
99739
83168
66250
54993
26467
82652
43049
29753
30072
62687
21276
84506
21883
69894
9131
75570
72161
83632
78359
94571
30346
13401
92206
51819
54235
9405
11794
2864
23464
64314
10502
23203
63834
93105
94548
90301
75757
37597
36407
22181
16637
57683
6688
54872
27578
32171
30443
99739
15803
8802
10662
62502
22203
19220
14321
92791
28625
42468
12007
68442
23134
22509
91645
86968
31966
86194
77269
7723
40143
13676
29905
73132
71360
52945
28005
15290
1468
74800
31381
17272
83602
42043
79774
22158
77616
10447
31301
6241
69267
43308
91035
92401
82169
99033
79369
14136
85227
72991
38211
41722
3019
84468
31207
90731
37413
75564
6021
55234
50364
37402
72506
50318
95798
68632
88828
73414
95431
20129
96007
64699
79789
87043
57100
61959
86076
36470
76095
87655
25813
30658
45729
28832
15127
76936
19564
68892
68852
25585
24126
19216
62988
12984
85887
75138
97968
74715
48552
93400
11197
44559
58099
7338
31602
31551
69297
34030
84373
61744
21685
10186
92403
83767
39019
7530
60703
58583
76422
45908
84168
16901
65124
63508
29885
67363
38646
27854
58431
3550
37606
85980
48110
12057
93318
96064
43608
62616
30095
44334
40712
68132
54520
33115
51899
9891
56997
28955
68474
49772
74863
68995
66673
56339
48855
12910
40055
3854
57116
98486
7404
94722
818
55514
23131
94136
67931
66740
73104
14378
27426
13817
82510
81946
63284
50762
91838
20282
96069
76664
86406
70932
62011
69431
43623
10867
82341
83678
14721
55810
98516
22125
50532
99334
93992
73664
93471
78275
56756
82927
92653
84182
96744
75163
82480
76381
42277
90670
13015
38346
83687
99421
25630
45698
68852
69254
56565
67545
69284
87638
23355
67801
26116
90240
83487
36460
80256
76958
14735
53364
76238
7388
53898
72982
98903
36378
49363
41181
43401
78730
79527
27088
78151
5158
72786
63355
74412
45704
30901
60048
33342
70608
27849
75810
60848
11337
12270
57456
4647
27005
10820
97237
34393
64718
70220
33297
17449
35935
90830
60850
14666
70357
4290
9169
75515
77076
72525
66279
22780
19778
42680
72475
90386
70529
48285
51235
98218
76908
25043
19218
3913
35864
16455
54659
16934
3027
4308
50735
55315
95138
27937
86333
81847
32227
11854
73715
9304
84379
56346
48436
4157
99026
37263
94544
85908
1901
62131
478
78809
3526
19696
82722
39390
52504
53733
72677
71883
58041
23412
43550
69531
51350
46235
51379
83577
58090
25094
9233
42469
81440
74022
62979
80467
27637
73875
66375
29538
36006
66853
8347
39532
2902
7422
95275
71758
77507
84304
59993
51901
7716
19896
21432
59066
66131
89163
58996
24221
14257
84581
66691
12050
74955
29670
8869
2593
19897
91596
48483
55903
74801
56831
11787
94055
80605
23414
82165
74464
7718
42159
26365
31787
62055
64150
7205
28186
53313
66201
52408
83923
67135
35451
95973
42090
81473
21194
61035
1370
12790
9519
73625
3943
82702
1764
97999
63307
41531
80164
54123
49249
38675
80489
97388
730
44639
4594
45269
97952
87147
14029
98227
54282
65832
10552
12725
47305
31746
73760
65027
60888
83279
55004
64832
65981
56768
62831
45640
14651
59347
99764
63901
98023
96605
77641
15105
41244
82235
76726
55548
69383
90755
53776
40017
56587
64328
52742
20244
12427
26503
1623
73315
26134
56627
38147
92116
29748
17330
37756
44399
93030
53872
24652
91053
50477
2294
22510
8073
84529
99237
79974
70264
89992
50102
10282
62932
30782
63024
99528
43209
5879
1152
32877
32014
74131
71024
40482
3879
4707
94590
48279
97737
48463
72931
5142
15292
91577
27652
23366
76107
26889
3340
62723
33234
69794
73005
12518
576
52382
12046
43786
58261
29550
76663
6627
3682
64039
47109
23913
85098
41700
72192
82835
90163
61476
4329
21807
53053
31982
45173
45512
58871
64865
8236
8457
51011
97593
20975
51588
49975
49374
95374
8237
95276
72037
31216
98958
52428
78326
39224
37527
20026
27768
36714
26541
89244
41044
48348
58650
73026
9874
20514
48249
91091
28750
56707
42103
42696
94034
93691
92671
59760
89065
17260
55037
77454
48477
70347
46234
26803
9571
83761
46829
37340
20476
73370
42936
61520
38070
1586
50898
47944
22101
99147
39036
67203
72206
81139
9899
82593
91182
2571
42353
80247
36183
97390
74053
84660
67738
20287
11463
93661
20401
74644
31001
57229
64366
73938
35101
2437
75524
85999
50381
13977
1498
5769
97533
90057
3260
23784
72650
94442
42707
31355
91041
78891
28746
81446
63551
12836
18086
91367
6497
38487
82363
37499
95716
46730
27789
47169
65519
19665
49520
32252
49995
51018
38022
47528
57427
57634
71312
46429
52077
14020
77785
59470
92911
6531
40917
72814
35719
59003
80533
42216
13842
62897
96067
25910
25979
23856
73079
7850
59874
22599
40102
9869
89969
94476
57397
47397
52111
45061
93826
20540
59081
87963
80010
68344
10846
37279
57511
46565
96282
54396
5134
10124
17293
17553
36034
59624
57762
25465
67474
17636
48064
23929
27505
54386
18405
1254
1783
86868
46315
11961
7408
21749
16277
3771
6445
27123
41050
63956
90041
53685
18353
95175
80161
51998
12728
16196
27975
70490
58013
11801
4478
6078
35730
31983
60464
54136
33237
78599
41004
79553
6912
64765
17654
39541
84888
24099
66665
25938
88056
56706
95975
22761
68233
76137
91111
97313
8685
19086
84156
66698
30888
88634
72776
82970
20618
49592
37106
70207
44543
94463
66112
67808
75580
83766
7349
60468
7866
74014
2758
12274
47072
98734
51387
31657
74871
58850
28971
83556
77937
13127
50254
25177
1761
39383
8147
38731
5327
61606
8939
66223
56069
75051
34031
48001
75170
41380
8469
83036
31747
11227
11662
95171
26313
79401
26829
1184
38251
72152
1092
32540
85279
67699
74069
3392
23434
82217
42124
28761
60175
51063
94984
32596
42466
45367
80597
17636
3100
89066
17024
51199
16645
45038
46370
42959
24439
89551
60495
62691
61703
61588
95231
63334
45639
69301
66727
69073
67870
8851
14186
28045
76266
9171
76993
18732
70890
57590
52721
73990
63008
86097
25189
79653
31136
87912
38964
55575
77463
99460
34618
55519
77400
46202
18853
39391
31855
85580
8464
99725
10783
22650
44122
87049
48173
21115
22134
19064
95057
91207
9406
58065
77304
34596
54070
8440
22508
93035
80368
16323
8847
14986
71842
86247
61188
7048
41990
93043
8980
50454
9120
19764
89456
69594
23165
53982
7061
61651
89398
2118
52858
98804
76535
30163
49752
46958
38603
88612
56345
18971
4936
65192
50310
93130
67791
27850
178
9781
37246
9159
76587
46366
45275
66043
32313
68440
36377
39374
30092
25775
57845
99302
40932
50732
29465
90684
97690
84421
79297
54035
19744
585
35579
70054
93715
3370
14257
10246
29503
51503
35757
6090
14221
81032
88486
46534
65824
24863
2261
12268
50639
60106
11571
7923
27190
41036
98607
41233
25457
94256
11620
61554
94841
47200
31608
4909
66922
62217
15155
12778
13720
67264
18868
27942
48296
23706
74476
14120
48570
93089
26389
15561
69547
37960
23484
96738
95348
38443
54323
37158
32700
65943
98712
43893
29495
46672
65154
12770
8890
80309
25548
22610
63925
44416
66904
12221
84475
41381
42694
33045
50822
69083
64958
20370
23395
88442
33460
18743
26885
87783
55901
75937
53726
70965
19831
99574
17638
84985
12344
26528
81647
37892
65490
45572
98660
32395
74146
83135
90128
16840
16180
40950
2275
97490
61320
25670
85932
11132
60765
29170
98915
33019
5107
68994
3984
41290
68568
37974
42628
80912
80854
40627
18804
46345
2551
17464
95092
76697
16952
85220
93537
33132
42522
12164
30623
20195
37834
32907
31327
14952
62077
30243
47971
83537
99237
68307
41179
67805
6282
83807
48717
3488
24434
83873
49833
26986
1337
44925
20035
18289
46497
29925
67774
89020
42089
14749
25567
79924
64008
56894
11228
42438
3489
59199
42327
19078
43858
83506
86883
50140
83666
51952
53629
24452
52177
19814
67790
69867
81092
87826
4508
43941
17751
88634
49313
76192
19735
74880
72468
83744
48127
83696
42534
51616
42895
84861
87047
3106
84719
90282
69598
68385
42235
23227
92838
10764
59394
76980
80631
56838
64806
85140
779
98909
73774
66445
75102
93510
41325
47570
93606
5804
47619
36140
73773
6866
21001
60820
9972
5720
51102
79571
90458
9689
19150
99648
20454
78544
76628
1085
51734
57787
86225
68866
73048
76352
35311
64502
69862
92988
28425
63468
98793
76044
15960
72566
82910
36961
49738
92883
59033
840
72454
65843
10530
91604
65491
30984
86501
58472
48421
38235
16259
34647
23453
89307
27351
58764
70162
97213
51753
98587
77033
66898
74631
92993
55816
57541
46306
5554
66776
21691
6394
39230
87535
33276
47187
69378
64260
50040
27850
29034
4627
60461
63681
28081
66121
91032
86845
36283
4597
54950
34870
97982
38200
9501
90975
94016
83394
53633
15922
50171
75324
38669
89401
62859
71945
52940
48590
52558
2980
76440
81592
7608
53254
61625
35689
19375
69009
38886
55658
73606
93837
6880
71588
48389
16381
78915
42406
99775
32548
74680
66298
24224
13349
72052
3436
85295
24992
52026
54205
27973
44818
35797
51933
98072
97422
87622
33799
66431
42860
89457
56389
53049
96337
44329
1439
29070
39596
60197
45198
88496
34877
11496
12720
48227
83548
32508
49874
24893
84534
4079
52866
29353
39876
4799
43777
53650
8773
77577
36433
51633
83386
9174
4683
96076
69855
22474
25146
9451
82671
86696
97947
17548
98193
27019
82127
98093
59528
32001
22986
60414
52432
92204
6119
92308
13355
49897
62310
22128
43826
98743
90114
27212
7917
11149
39640
77772
33623
64787
3575
32646
67835
17874
50194
82380
61246
48674
80474
20774
97027
19812
81188
49460
12017
3660
41768
25372
69909
20431
63853
13735
19174
70319
57299
43444
81468
96940
37568
31443
78079
57496
64089
45914
75370
30635
28295
36616
79309
25121
73742
76337
44933
71283
25797
56950
74943
83917
98675
44852
4348
62528
74939
39875
32847
32238
99671
30667
45530
37239
62110
23609
11087
42551
85876
86458
73186
30523
39426
52496
55644
29521
45185
577
804
87334
73880
92099
71251
88907
53303
91952
51435
28242
48179
634
76832
47850
47653
22363
1441
26115
62324
12529
68666
48200
98987
41852
78723
54765
10700
50719
84286
55885
51297
85090
59571
41529
93541
47175
30436
46844
39127
98223
91438
3658
15209
68271
51508
79214
90634
52949
5329
69310
65478
73995
17511
80817
32199
12586
35583
42900
63306
36221
15137
30955
37664
74709
88836
31205
38236
19272
94402
93715
33847
85840
97373
65408
54111
48881
44622
61097
18182
66303
30408
83661
40298
64271
80830
72497
76857
16413
31749
40163
68987
46887
87470
6651
37948
76306
37856
76184
11930
32258
69899
62129
34451
83624
27537
88562
32505
88511
66012
50687
54814
96420
50700
95112
77043
31531
83962
53900
64296
15711
10416
33283
78950
97886
39934
33250
90545
94143
25786
2475
42753
12037
64605
77204
95661
8494
82119
44518
97006
48131
11558
51820
60903
62258
63285
37946
10141
47247
91846
74438
79310
18614
24073
74613
32853
80360
7863
23398
74503
33650
42225
33608
62039
23182
10813
57701
31677
92932
2219
28683
41063
13777
96855
1966
92388
76492
56264
2529
40091
64462
93319
19402
83077
17393
10367
15930
97753
34582
55680
88608
68232
14257
22216
46624
37440
49381
4325
69117
42313
6544
14152
99728
36674
27359
18046
29062
3852
74310
31591
43943
38773
41263
63345
21850
58656
90064
54132
72761
24647
26164
77721
9231
40421
16289
55855
77861
65671
60180
63330
7984
83077
77482
24065
19751
4842
42111
65165
25046
16422
13108
68989
55195
54371
48687
93397
13027
38751
63881
2140
63398
90045
96213
88982
30466
12503
44837
24680
78174
5018
88010
2510
4447
81845
26575
40550
3039
85039
5715
28085
1461
18823
97074
73008
73195
45761
66405
2574
865
46638
21067
64263
36683
17280
69597
83501
29783
14435
24533
24309
35805
12544
43172
40252
10741
86099
80802
13780
71138
2869
41865
88951
21692
55291
61959
11239
17405
44716
30166
18270
91354
51233
98885
44389
68513
68483
27891
14649
82918
52424
38958
18723
81320
82130
75327
92061
84582
72481
22193
55720
75350
80410
44672
13394
35702
22983
40986
53107
84052
71152
87729
75406
22385
86614
36148
90898
71449
80391
5547
54367
49167
60858
89442
46840
59340
81121
55253
43922
53602
77447
99643
45304
57857
60667
75051
9911
2
16037
79370
84054
87189
67099
75813
9574
70066
11961
16824
41515
8704
38724
12235
57871
99582
18029
4711
58922
99151
59965
19197
69105
53764
35192
14410
27973
95859
89461
37885
12213
21850
33607
96268
9039
17059
88433
34965
3477
16746
51789
61344
25450
90513
73579
99673
6447
7961
20737
81722
23464
80702
919
92569
50818
36111
23331
78791
48322
29144
33028
76887
50994
66636
89507
76385
83695
77940
11350
3524
94686
79492
64868
36488
86357
38448
36162
92805
62761
56899
90879
86225
53953
91798
95146
21123
44261
18478
99914
8935
63974
32943
85822
31321
15931
91682
7706
15978
69622
35409
19502
80661
14901
84370
17149
1258
39170
69663
10415
1931
42914
1294
4508
13219
9444
99655
34342
70057
34485
50609
95344
14811
99904
97519
46132
15835
89201
70191
48165
58823
5600
84019
55836
36853
68389
72986
54463
23912
59001
64879
42195
1916
82525
46704
15135
8322
62711
65830
78379
97196
16439
90076
28359
16343
87595
74492
48530
76796
61035
96695
51971
82987
80714
7808
19840
65455
97146
90655
89367
56147
71886
47915
58063
54412
10971
89551
79086
73682
55381
73817
87230
88172
63893
15589
4515
67840
6433
53045
44636
67468
66092
12960
66807
63158
37120
2999
28613
34266
93655
34333
6765
65541
82248
81181
36305
9571
70732
15391
83253
42465
89209
86835
30637
69454
2424
51504
37295
25210
4549
98283
9030
86993
11243
75838
50151
48363
78837
78764
98981
88844
29449
5747
54386
28049
86928
7043
37620
74012
22435
37225
32829
27996
24060
79818
97450
42837
31322
51097
68047
52223
49381
93429
39216
60624
69267
89367
25340
64457
84483
40673
69653
30285
62772
24039
58334
66052
47435
95955
56416
69870
33180
89245
14218
73593
69063
28020
16430
16737
79118
84477
68960
28499
77906
8176
5475
63526
13895
47167
44335
14731
4193
13988
45016
66965
54380
3350
33018
18167
15657
5786
4389
65190
95032
18607
38783
80447
62979
55213
97185
42097
56042
66145
86948
50300
90674
8776
30178
20921
72295
90865
35652
76488
21206
97020
59806
91938
16723
9176
10105
48732
14962
14494
13922
9994
49453
69057
6794
12432
40622
3979
54530
13016
86476
57830
79669
93502
82958
9847
14424
55254
17065
66428
48094
38271
63449
7900
30209
96524
17076
40314
45256
32039
71160
75531
58385
20613
44588
65179
33045
1563
85510
3927
14579
71987
61758
94248
65489
44716
20448
96265
16322
37513
62694
64417
75784
42495
72317
22345
39019
5746
62659
627
37785
50171
76158
96170
70784
37099
77702
3829
55014
63212
7757
69593
35199
85867
80194
17041
46935
642
13306
63258
54507
92352
44027
46643
51199
16344
68988
6570
22090
47999
7198
76227
98170
99708
88750
68954
53159
66452
72783
8173
46016
96892
94119
81216
82759
74313
14609
46047
91307
44267
9305
45814
52972
53332
8809
4171
86028
77797
27094
24471
25796
50644
698
40318
50352
5800
9272
19864
72252
98407
28037
18269
95300
22156
15837
94411
96469
46798
40458
4128
7417
66115
66294
60389
35799
75103
80913
21828
69252
8007
62651
11400
58651
79701
51718
25355
85502
60990
45219
74106
75750
73257
8727
71050
11765
40916
81813
24587
87714
22272
28715
95132
4739
11362
71873
40539
86465
52786
78719
72070
60793
41370
83470
35796
21071
35189
77504
22925
12531
22723
97032
88281
12332
22111
75683
40450
63028
57497
65037
67094
96121
10104
62226
860
21466
50452
57751
24284
3238
36470
96354
80384
77840
79824
32532
15264
31365
10036
38189
43897
49112
51573
48530
61444
73685
24214
18246
53065
98063
83283
20159
10536
93388
98738
27748
31206
49190
85500
71842
52428
21970
68196
49164
99811
64373
81697
31427
95738
91733
85968
55987
40845
37542
4518
18642
27579
45084
36888
96996
59499
36524
17155
70035
46264
15893
97783
77470
81435
83283
49313
50216
5254
33861
99380
21417
14586
81077
52844
26677
89163
38812
82664
30008
92706
3534
65002
36637
64970
18243
33633
24469
54767
67141
94504
17383
99386
92288
11205
80822
75571
76870
31038
97177
10732
46770
18594
41670
27848
87790
68347
33363
42955
67364
79723
52013
70898
44726
5003
35869
79321
54988
60338
50440
22129
71195
67823
37868
63483
79028
18690
55406
55899
66080
68936
82983
12850
3882
24653
57050
91673
9353
90413
34628
76717
70137
2993
63967
31215
7996
99836
10536
62985
76527
60976
1466
64074
45151
39334
43909
24179
74376
99315
96430
40456
84603
95765
69659
88486
36771
26709
80159
62476
33475
31139
39193
3612
50484
3160
51179
58481
19349
78067
37818
12228
55395
55636
76302
546
94971
20211
41077
85699
35878
53860
26156
36834
49625
95815
25320
2748
38876
21831
65224
72351
52970
20769
92315
3454
23930
43494
78287
59631
37913
32457
88211
93308
88094
64513
93854
99417
1076
34932
85116
53306
88792
27624
90140
54769
23439
31812
73870
62316
53643
39094
34667
22965
76216
43335
42772
146
86829
37411
76129
24743
69869
64340
18051
57963
45205
28258
73732
46281
79542
58848
15939
84686
86473
22432
55807
26264
54244
29677
4932
24240
85124
55952
47205
61340
99287
6329
77838
2468
43741
53967
27211
13610
18307
61615
87925
63512
6225
61657
26145
85767
36857
58436
70453
23330
80868
42612
65947
51465
72290
70879
92057
57414
43183
39262
35106
42470
45592
12944
44939
5685
66911
88502
19295
1570
66469
7220
81434
89046
85229
7579
74813
22086
66015
61618
61769
63236
4231
27716
31053
92873
14947
23110
66639
74483
78724
1745
16953
40668
14689
78244
46353
97952
83099
65648
99522
65920
89220
80956
54967
74449
88535
46132
12888
70902
24103
74657
50490
44686
18725
97895
37559
50024
21005
4198
24507
16082
5943
57813
56750
36984
36057
3104
34936
19156
85104
34458
85077
90677
15414
56396
65126
20301
2528
94366
7555
26631
69023
74398
71317
4100
72293
25228
70477
9651
29426
94984
25733
51721
52797
82483
5057
5207
1939
39993
40715
87044
74451
42144
77721
6217
98540
59199
42870
17421
53566
66778
44052
38941
41176
31722
59394
29821
56950
29871
39472
2729
41207
81557
70802
10357
80393
75860
15564
82332
15853
72631
85728
6657
14776
79801
29226
29668
55353
72097
47089
25271
38875
91142
64212
96403
39216
39958
42576
96166
86181
82049
15247
27389
79958
86050
37746
60351
78262
69662
59036
94115
42293
44764
17124
73421
24566
46351
3090
96271
18448
50179
21542
73675
57673
2106
86430
96889
42065
29006
9408
28246
27407
24655
55635
23718
27057
9733
84069
5319
79395
43105
15787
38041
4222
32911
11462
45140
79262
14552
41411
14062
81084
62953
4089
38757
65059
6871
51999
7124
35878
61407
51723
79637
2414
23710
3355
45824
33444
3777
51143
29191
46882
66930
67232
67456
16194
78695
12596
95456
9599
54007
25871
90683
16960
46312
45793
98372
53184
14144
5496
5414
91903
73571
85051
94317
97282
4759
56493
47078
8536
7637
76269
71770
90919
43502
39227
23465
38549
68175
35274
64500
22183
61145
71536
55495
7457
33681
53867
76993
47825
75716
82407
39728
49287
83811
50397
62921
88570
6891
9999
13458
30880
86269
1580
38151
46123
57159
61617
1024
25335
96891
65524
63870
58036
37060
19365
81845
70741
89585
58839
34918
65301
57598
74646
30940
41409
25044
93862
29979
48287
3861
59789
79167
90130
77722
17318
52605
34881
78935
53629
76568
92178
19154
40438
50214
72566
76156
48412
59660
65741
23603
94578
47394
81201
69225
78334
22611
10621
88548
68942
75260
92410
45084
70779
98892
22806
88097
51498
74039
83385
21479
50608
75563
40633
7398
42130
29552
83554
6894
89212
65647
30497
83790
29393
28050
69367
7728
67013
96340
12628
52308
71600
21390
97392
42379
20283
36550
46829
88133
10589
46566
9612
77549
38481
66598
84948
80611
12502
68502
3857
1714
50502
50706
1856
79895
95109
87576
3975
62122
83916
16604
14430
71869
37994
28174
30600
74629
64724
93781
62762
91666
40347
88727
69215
95181
71677
54163
92144
84179
39018
96002
2245
89520
63060
20453
85767
58169
8029
89743
20292
8298
22699
51074
96519
60693
95601
27119
51675
60325
37253
30789
68343
93952
35868
37559
89133
7545
8074
81278
8076
47092
93632
10321
52964
56692
30775
38732
14862
55156
44827
51506
63454
67526
2580
59973
44571
98181
3445
12598
74859
57050
43388
43202
51002
79256
97113
56488
86802
5188
37766
11230
68632
47750
21552
37949
4442
68679
93033
19304
23835
37860
87162
3642
21738
89743
79967
82661
4276
83412
95260
79135
56814
38648
38690
7817
17904
52155
80657
21058
57343
18423
32289
42328
82525
70193
80277
86967
55224
73310
22624
79059
27522
9786
99053
49260
15881
79021
31921
20158
62433
43533
15645
35600
82181
70687
43417
16438
22843
24074
53848
96538
58849
2489
38866
41374
89034
19143
44693
44258
8805
83669
39670
36327
93456
38723
85587
25689
17744
33861
62199
96530
77394
77845
32130
75928
64884
91899
8718
87727
32325
62566
84266
91174
81408
23132
48900
70442
58628
9945
14701
67433
93615
54371
3761
3423
93094
5700
29112
10839
55913
91312
23721
33308
85509
55851
25588
50393
47750
34306
54473
80075
13224
55091
87601
94632
94575
52853
81427
53203
62798
96128
36989
72765
66851
57102
76188
76297
62802
21653
3488
18716
29317
27209
68376
31178
83060
93964
97923
30810
44622
52396
27237
57846
7487
31190
68831
2063
84043
50258
71618
63194
62738
24959
35959
29589
82061
28500
22238
61216
66505
25727
96284
12174
52936
64660
43352
35997
74976
57627
83159
35950
10024
10397
93796
33863
57939
78979
52278
41983
45589
40249
5177
8327
65208
57488
54268
47270
2340
76507
8486
68845
2234
4770
81019
55170
85782
40723
7519
77110
98351
90679
13060
24727
17428
23208
74942
75367
2188
27221
33702
47777
67470
55231
72457
32678
29072
26725
96300
31412
19584
21138
16610
38170
25908
97629
93341
28042
54705
17212
5152
53056
7891
34564
94135
41671
57773
69077
33391
76313
96298
67093
40442
80120
22325
12899
29151
51397
55977
41803
99161
75561
62942
15771
13732
5202
29753
23425
33245
84458
40637
54749
53866
64881
89314
48001
6552
63439
33430
39943
39752
46081
23389
80194
26201
62066
9446
71704
13463
65423
13508
28976
57336
92802
44748
87420
98004
74501
10845
47601
75311
67835
18703
45529
32716
24369
9882
55620
87808
43312
11916
43912
89393
35305
24106
15595
13723
33552
3651
43538
15327
33511
72514
72664
26313
17262
60084
24318
8115
87282
88271
83426
71469
6974
45307
20537
31343
55189
76157
35503
98502
4425
79415
87895
56082
19874
19842
69805
53426
23494
13343
85106
73357
85858
57770
99671
3120
34206
40341
27588
37840
28612
27366
9309
35587
72674
29846
83282
27863
22356
18786
26365
26781
98201
14261
82864
18075
50455
69021
87854
90301
82365
89312
63659
68223
63434
63330
87695
13992
3671
15283
51833
48635
59002
77494
574
31676
23693
83857
59539
46049
18995
85905
89182
33548
16518
88398
67976
66973
57420
72182
57275
39785
61494
37286
24360
24928
616
12055
38920
20639
43691
7105
69274
2693
84600
69849
50721
24645
70058
10260
70694
5405
12517
76228
38953
45387
64627
6929
28713
22047
95463
2340
78184
56957
39626
2544
98237
40242
14599
53510
77233
74642
60615
46507
93687
61567
32708
44408
86212
19118
71021
73258
24523
83538
49487
63477
28926
14114
86758
73991
52513
82222
76331
30697
39179
15957
33241
53769
72551
64192
7279
49784
38835
67894
96291
48874
45814
45352
93283
32026
64470
64304
21637
88994
64194
71124
68823
9472
1590
55581
83463
54103
37803
59794
1152
93335
92103
34393
47104
64654
98585
70735
14438
53772
38629
27082
2647
795
88786
12282
32822
53256
76586
70811
58602
40780
41935
27425
66605
59877
83007
50068
13980
37162
26215
31484
46849
18318
65877
93953
82973
80814
64688
13763
50939
19670
40845
69938
36817
29631
82220
85991
99240
58806
56802
57842
15938
98737
85268
82543
58614
84627
48964
88946
38141
75179
20430
84991
9849
2659
95296
92822
99826
76337
6586
50765
12359
63783
20703
49176
9767
2923
35168
25359
78081
91970
83201
10371
7060
84821
9267
65674
85800
58231
70973
23942
49762
7755
8933
59611
10415
4229
68786
10241
80566
91724
77358
92925
55507
98061
42102
81626
17336
93622
6985
95417
85592
6539
5788
92652
91360
31407
74679
77161
89638
45652
17455
55752
69759
26388
15364
96526
46969
84150
6767
43888
75874
477
53165
47733
98538
11619
45712
32226
5241
52697
27643
90834
59236
49784
99838
66949
97543
74517
60462
87182
36521
77917
59286
6281
20657
74650
2807
67626
75152
25927
27866
67378
26404
81032
31464
41295
92651
77176
89873
14245
46225
17517
21431
21814
83653
21269
88763
81196
95787
65577
84730
48660
43494
60369
54941
64151
51371
74101
48129
26524
16380
75996
10254
59136
57028
41718
16783
66031
35246
6657
80276
81472
40526
1707
19638
40531
22977
24753
21727
35116
90330
22810
83776
33824
83179
55070
14327
34550
45523
62456
77426
61903
38452
4033
21039
95480
45751
54175
77864
97350
60832
58140
95174
1358
76200
14812
41889
15529
39565
79968
50645
46247
19130
50773
80071
18661
5843
94398
69564
67718
73206
46990
29621
11659
51023
67013
23491
13127
37540
1355
10477
98372
75848
22003
16082
68400
36815
74323
83929
92732
70643
34574
38979
89774
1699
35402
24787
23895
46152
94351
91613
19358
57694
37587
31017
8717
20952
70861
38196
58492
72216
65025
56864
64416
87028
89298
32816
40195
63621
16745
32927
50616
67671
88258
56742
85723
23660
81530
9618
69812
75881
17583
5523
33575
55170
36540
58645
76122
7401
13193
34614
95970
78219
7830
76738
65247
97128
9555
21795
77101
42652
71074
27718
26676
59333
84460
12399
99345
65990
22017
85510
58224
39600
91033
8151
11123
27573
83148
87245
51327
96342
38212
63649
74561
46042
40387
56160
43171
66294
77955
20272
8947
49030
64342
35623
24715
48803
48022
24060
31145
86391
25922
5721
42343
16955
13873
53466
60881
97021
57064
28560
9715
95276
92209
84276
41318
48948
40437
841
15243
34744
37466
40542
126
1808
76165
24841
66963
40539
65254
14461
26930
91176
20182
85625
8132
50407
39092
85365
63781
96156
13925
73496
91432
22486
74125
49102
71434
30914
49944
3029
65658
87410
43571
65785
5570
19736
90626
88886
76627
72232
3347
3557
63409
39881
89183
87893
6641
44627
89610
86774
40783
3535
76622
48567
42373
50747
14021
13807
81661
63965
16837
47320
67727
60408
29457
89650
96497
36435
78536
73124
8668
98235
93034
88429
54468
98569
92674
61109
59548
82284
47883
16683
2171
40858
65250
44544
91605
79271
74703
73267
59589
91540
36939
43668
68301
66396
33318
81150
