45932
97302
90501
45367
1411
92333
52450
79082
54367
78910
37701
96409
88202
84685
8402
40545
71882
10931
73706
54087
80283
54563
3435
41063
78634
71156
54339
23463
39966
29390
84710
2251
26692
75212
47618
44455
83897
16420
39889
38264
11682
77591
34673
99884
78628
59427
40429
66862
86710
30488
37301
66993
85051
40736
24409
63685
28245
95100
87149
68211
24490
88211
86814
67535
79775
34432
11990
63673
67204
68232
1937
78887
45823
36611
95123
24451
12390
35553
91314
99101
66041
28615
82446
67444
85704
6855
47481
13949
1955
50982
98512
42798
39194
85327
10333
18969
36111
38675
98994
3316
6907
932
98555
69082
53895
93678
93534
66285
45583
1200
81738
11624
29815
64185
95420
31871
71040
42902
45820
89348
93884
60685
32146
49430
46012
58831
84752
98475
13858
83746
18143
37118
84678
16698
6200
54925
10377
99734
21211
55960
934
2949
83937
47102
83486
95709
78973
70879
38611
41146
60227
48848
1831
8725
14630
64195
83908
15734
79022
97766
99481
97166
34884
511
30216
57437
55437
40593
57171
93000
12906
74458
12301
13195
37912
95788
8904
33237
66667
63868
74383
26894
29068
92566
51971
43698
73113
35879
59433
52136
49997
75266
65654
1234
75777
95870
58671
47566
52816
32194
40566
65722
23004
52868
95269
60916
48656
4173
94154
15323
68041
84889
58569
97109
93808
10540
57160
83273
62771
16593
51761
12768
8211
17415
14002
340
29638
72673
47907
82454
21220
4825
64528
44224
57693
76149
5141
22701
80322
15647
54376
48364
16888
29297
61825
27048
56189
18985
10322
18960
51930
62083
48081
60141
79499
78435
60482
25489
67461
8389
24295
88681
29566
5175
32905
3612
81324
54398
26313
61646
86397
97042
26362
19638
42691
88188
46686
98881
23525
57008
34193
75456
19092
82274
35597
14943
60710
12431
56784
44523
37172
81079
33204
66739
2606
66109
70351
83930
36860
13016
61928
23257
26410
88291
42895
69102
92831
5934
84335
16356
79294
18528
91812
14738
17155
43762
29681
94217
56193
2817
38740
93366
83896
71944
60105
86502
54405
46808
86784
91265
59824
48713
30875
86235
53356
90122
71689
46187
12408
56024
62543
91703
90904
70708
6441
8059
14470
52475
18628
87015
55292
57368
80381
55541
45664
56838
58395
16422
3646
45180
24039
79823
10245
54914
66058
63601
61389
54099
9788
73797
10123
88683
65500
1027
59391
88294
25439
90213
40769
44067
77229
96061
1436
57610
67954
63452
30801
26350
79874
34447
87882
3914
30622
98127
75180
96680
61728
36569
50779
87868
26719
77254
92903
8571
78282
52295
96865
3721
42508
53986
64140
36089
50048
65576
10052
18002
45381
40853
60704
25255
91652
48586
29169
22275
63065
20702
35307
41145
57271
2439
29013
342
79693
21917
25266
74327
90564
22131
94400
49424
76118
58541
85514
42518
40469
95566
76872
85850
52771
37577
27458
44423
2515
72979
66698
81933
93681
18358
23078
67305
20797
68444
67647
16842
90361
92913
91170
97277
31397
1922
46701
23867
76815
48567
66385
17285
60485
59609
19487
13256
13538
46945
74032
32406
36277
57082
14339
29958
75440
37417
97263
12589
5861
81263
29432
12574
90528
36954
9851
38277
38876
72905
62144
15692
37824
44881
49329
98310
4491
68816
27918
34381
32114
18302
66787
84743
75385
81126
14701
67177
18544
28317
79767
40757
25932
25551
53332
32812
62505
79535
71090
1381
68792
49586
17073
6617
94468
82754
21279
15311
51571
65549
49692
37
83852
16480
84780
75589
97606
15833
59118
32502
44150
55237
89612
86434
80788
42944
19247
43293
38831
90337
44675
7624
39923
78100
30593
50743
60855
68224
66054
28778
50125
15747
28815
33977
48579
29947
25918
62537
45780
85037
95040
6283
40274
84652
92717
37415
43948
28316
80708
99131
18653
25383
23107
74929
19836
70052
25672
97043
38276
8079
25821
88402
23826
70988
38731
88757
17287
81002
51294
63067
66039
62686
85702
22665
63690
78420
60080
23990
6736
57141
23122
41742
82524
46229
33023
18712
16282
75047
15755
70910
83126
57928
59312
23304
45268
14396
12061
62555
95398
63356
41975
77789
42394
27677
16806
6085
22449
76887
30075
45538
34028
53197
3632
32904
15779
36655
67969
32061
11702
76
19323
94829
58005
78636
18133
19625
9384
46547
82181
4782
9903
24156
98923
52297
68185
15729
74734
90635
8968
4810
36173
59348
74359
39805
92253
90138
92812
76574
38551
4514
76650
57875
15695
51007
52863
50181
70633
62247
96728
52814
83381
22983
93322
82304
91632
61507
98033
66367
68494
23354
87529
4667
82702
61888
60824
91307
52027
69988
67881
90578
90855
60884
48453
6550
11891
1316
73083
98876
79915
69811
68042
63296
9146
77716
45600
779
39224
59986
83498
7718
83340
71027
28738
82394
32915
5914
73702
84942
75903
57935
91873
83110
18819
40326
89660
47063
57995
79096
62291
37910
48907
30334
1207
74406
8050
63159
75185
63626
39497
75035
87697
39189
46062
32787
21584
95329
38701
11638
96624
30956
69573
88497
14066
88393
45175
20079
51808
3170
15527
14099
57433
64434
60785
74992
55192
68836
54503
30377
48814
94001
5412
36511
49542
67826
69298
87478
63156
24352
99116
59780
71660
68690
48277
2079
73435
9804
38510
25243
29327
54037
55694
86760
18471
16480
61752
90016
85316
16255
20393
50482
26608
42158
3346
76151
26336
72644
63629
89492
13348
62746
49272
85009
47788
13901
3440
21223
40058
41950
62818
69385
95987
18512
56145
30810
34992
34249
20826
36660
50504
57572
3495
77113
99730
6841
69616
26066
95837
33245
31911
9186
12343
97535
10547
76483
27789
13987
14058
67847
72289
76876
37232
68276
11741
9729
99086
63085
43978
36265
16098
94482
93837
19593
87947
9919
26434
73915
52337
22271
23513
84248
47809
35856
81784
74708
12340
9573
5047
42750
93772
77336
19627
31004
45612
47720
57085
61051
10805
1063
97316
26903
11897
7505
62848
16197
17424
5634
90112
69761
27906
13625
54010
92067
65834
52146
66776
94526
78071
71823
37276
71843
65512
56903
19199
27476
20975
92636
4879
31781
93699
2195
75036
5596
26052
54237
21793
43476
59871
28258
29590
4129
41883
83600
96197
7717
52098
79325
18595
46521
67500
55872
18364
33012
29127
53915
60489
50103
46551
81720
98236
56602
83916
73272
78550
26320
43861
16696
69797
3733
44954
99387
7862
3189
99339
20411
27259
67789
99736
45854
14310
67237
1726
49026
16601
30854
19293
93442
80957
65844
75163
95545
38798
75431
85169
17348
1751
29031
34044
71548
32764
78998
87287
56978
98540
2978
77390
25799
70767
77126
71653
85077
60715
73380
34103
77317
20586
53396
70759
17895
35592
45922
13440
74390
21353
98609
8091
23105
27640
42135
11005
60404
37486
14645
33735
36026
17623
11125
61825
4743
88251
49830
89820
48967
23210
40276
42636
43796
10024
13395
61691
61969
75670
75131
36359
97023
73741
60802
36480
17733
2938
63838
94490
56776
78483
28225
9154
12458
39350
70979
17201
43953
20809
23374
9272
60372
63650
51908
20520
90026
65304
98564
51995
40974
90047
4707
54349
63788
65509
7182
97874
84799
71020
92364
41575
65855
20589
67081
78313
59939
38060
11867
3892
75222
35241
29517
51946
15243
81425
72466
5269
63081
71030
57265
4055
77430
78324
74757
57570
43833
81939
55444
44985
52959
47808
2912
18814
68397
69994
13479
44688
24406
25346
48581
15980
60587
78098
67926
92182
75875
56745
97452
38957
44127
71069
59364
21557
65745
34121
79128
9578
16060
34572
70915
85371
82381
73828
20537
67130
43822
34017
11819
68228
59363
76752
561
36303
71202
68487
28485
47077
25232
42289
86034
69360
29710
45399
7269
95455
95872
86397
21386
28285
20970
92301
30008
19703
66129
50546
86833
26303
915
15004
10884
60278
91756
11445
12933
62958
79932
57771
26388
21517
60
12422
7229
46123
74173
14498
41578
86398
896
62964
14683
38218
71618
44691
74273
37747
11589
77458
80403
12504
92463
91287
89135
84219
2732
2068
63530
99016
76191
89918
36885
92604
18692
44114
38727
9218
58613
80305
95616
75861
59622
26651
30431
31240
87694
4704
85339
15636
82162
65742
28140
90977
73381
17275
75197
76113
35696
55079
91482
11887
44997
28367
4491
80041
72482
59570
89259
47447
39876
1227
39660
15850
44230
70091
63442
48277
91147
65133
63913
89661
30876
8405
80639
20609
25681
72188
96723
77729
27267
4557
5968
88616
32924
26812
68657
21758
86382
74269
85557
42610
91848
25217
74812
36079
11660
38254
84356
2807
19740
64621
8821
66968
73026
89460
87577
15059
78000
652
9140
5267
5209
15109
10235
54486
58273
95244
76244
61007
69513
61802
3618
77714
3371
94782
13793
15032
49389
14501
34191
69129
95474
43012
36097
68500
48824
23674
83560
26824
40679
92700
48443
45888
24161
75030
374
98786
70275
92971
59794
56140
71125
79764
33854
90848
74546
47647
5880
23935
78500
56424
9416
73974
15788
45513
58827
80965
85540
58739
24141
42571
67791
72585
88459
8305
63967
5186
7091
34242
14509
66885
90383
1986
46649
24237
92834
21196
88237
15067
61483
83089
71491
87252
73416
3631
49117
32243
84596
51009
7334
8738
93580
75125
97675
82040
83430
61642
3578
90522
95885
18087
73759
2620
36425
20409
26857
29259
57957
31446
44326
35792
14536
32169
23044
4304
35801
72162
52899
20397
23171
60233
45487
16752
51710
43162
15144
51493
4805
35074
42015
17042
69513
32126
19662
5938
52535
62871
35197
26844
94318
95876
78989
25206
28045
2033
29510
80198
90547
98761
16948
30071
58994
62435
63175
27056
5598
94671
78549
10403
29745
36916
27445
99258
69043
63459
21548
37930
26330
73097
64775
37000
68973
43764
62206
13371
62149
8068
93569
69049
6829
10517
99120
82175
72953
78647
9232
94903
73318
4133
21658
19415
41050
65455
35025
10093
28914
56573
48023
55244
46022
29150
92245
14996
89266
70803
44719
67768
95224
54640
36817
18405
81510
52289
16933
54463
30936
42517
65718
20606
46650
87376
40021
87700
52831
91398
97793
81745
64323
62169
53341
10345
91319
61938
25341
96938
32742
86412
64706
44318
41053
1523
62723
22563
70164
79656
93378
1100
38525
59096
38058
85176
46472
94431
72876
15655
85829
87022
97400
50152
65543
67093
60497
73214
29032
2191
70152
78126
88603
34858
22444
46008
52733
1519
68571
22897
97528
61949
40349
36053
37397
78407
21229
221
89190
10458
15876
91371
13832
29628
57875
79375
96722
18373
52589
25754
36916
39094
3880
41871
90304
42676
87880
43038
44195
72803
82287
58075
34753
22637
94129
88502
17396
31710
88724
22939
42168
20952
14310
56000
50581
72186
51727
47303
6911
20669
73057
43827
59763
93289
2050
50067
52317
89930
9457
12864
62734
91745
70940
13839
14382
65069
2341
48130
96779
7417
71069
55300
28370
1732
11300
78951
73918
79380
42606
80829
49
32015
41008
59812
25304
43058
26231
93973
49341
35689
6837
28427
27434
77777
42266
58168
59198
60959
22650
72330
84729
93720
27630
13099
95452
55282
8402
85722
34662
51008
66551
34711
83023
23911
10875
24679
83321
37107
18652
32662
72796
41841
61089
16582
35971
19707
74750
11521
80667
97400
83851
81748
7472
27833
94847
19276
83116
19601
4998
34130
86961
87901
85194
69984
28164
96069
11015
11486
33176
46019
60500
22324
4212
37942
38906
40183
57649
30008
51705
54668
43761
51908
36416
67585
79742
47615
86862
79210
67216
8212
13340
70529
12466
98534
56865
40630
10956
67880
68468
60484
30251
28969
82809
34464
66911
38067
74647
40912
84428
42704
95581
44541
94613
31997
12126
90707
95965
15340
69917
79533
39905
83257
50063
52371
98144
6928
9353
9100
74809
77822
69584
21412
23143
68745
55876
90054
23165
46876
47318
7593
89580
42899
52134
545
91249
80612
91252
87214
12305
77521
66747
52210
77131
33162
20933
75275
40091
30286
727
31252
24460
86663
52664
47603
55409
24893
54009
78574
71769
1328
2519
77701
60579
71005
94599
51828
51617
2203
55394
80274
79725
38494
32484
56856
71656
53417
48483
28099
56
49210
59351
40868
35873
28368
88472
91282
53261
58833
86208
41382
76513
88727
19083
37093
59732
30034
5273
27702
32238
60668
7976
11963
15514
56813
85171
87170
26582
33654
31622
26638
82864
90973
67507
18737
35693
72331
26372
88954
47516
12580
30336
24030
17660
65772
77475
93744
95806
99100
37798
44396
76120
62127
56359
91634
18940
41530
95157
45522
75184
26779
88513
74400
17752
56020
93138
69798
44703
35862
58752
92219
48442
5441
32601
82454
87565
26428
76199
99723
25529
30349
44120
1649
92476
16831
93284
11416
74714
4793
73291
66250
31572
61804
40651
65676
34176
50141
35474
95231
86003
10579
87450
50797
16020
36404
33252
19937
62832
25803
19660
88361
56152
80132
6363
64981
13316
15999
92749
88030
20792
66040
54280
52364
27844
11283
34392
78372
61424
69867
73603
47427
80446
77406
14577
12818
13810
47829
49107
92994
89984
85119
81356
62488
65252
4071
27469
94920
20070
36571
82950
57214
2611
53582
25930
46808
81218
60322
25180
42642
46541
15136
6422
43339
92542
37351
72509
22704
85180
21616
15698
91516
6736
13406
70356
88340
17477
14178
99612
53899
50749
98914
27465
53360
68848
53395
16520
50066
30070
58053
9061
76611
73189
31835
36303
82083
69186
8812
4787
70718
30429
36837
62234
53517
50244
48942
58209
84073
63120
57821
54325
13869
56735
81790
83582
25583
35186
102
92002
81608
58155
1063
58219
31344
49250
94522
29779
18436
19687
50918
89154
66468
87756
67740
36337
54352
16682
94546
54777
96155
68719
9102
10024
41806
7245
93606
83741
42431
10061
75743
40391
68216
93158
98610
15913
42408
9485
45692
60844
45524
12963
66350
11992
719
50442
48329
71423
83477
59227
26200
79632
27946
51655
89656
86104
58900
99615
69845
17683
9676
45589
58074
94244
38747
73036
10157
81156
98873
72202
58352
44397
1517
24703
56389
18588
91497
21070
90011
74974
80297
32563
54606
24595
84218
60615
10699
43118
76582
96897
77153
2610
42486
35227
96854
97585
8264
23364
95093
7137
11918
53446
67887
13435
94501
24276
32023
85998
61699
38386
60973
58348
70949
31931
99296
71520
8898
9995
14638
85480
6892
91792
88090
65730
43371
1297
63316
51635
41013
58409
75125
69283
28207
43012
99070
22708
83640
47445
25059
61691
85831
2384
20040
73132
50667
19336
44652
59566
45683
59291
45046
68928
67435
49489
51010
27158
67138
14326
78794
24503
89088
70271
93786
17295
29635
92856
56356
29627
40301
97767
7671
42484
151
27711
15616
50818
63399
60269
10384
25434
35912
71783
94362
19699
37624
61725
46857
4762
76051
42003
45617
81491
28626
39403
15139
58261
32259
87847
4241
88912
85614
11912
31396
2117
55975
47012
52935
35726
23633
79672
77512
59545
67807
88227
95596
21783
49952
42454
42897
42355
84457
88514
23847
13084
27917
55338
87697
76528
43185
8290
65440
28799
36554
13188
47268
8881
76552
203
60959
186
96227
38472
76083
80386
26699
71680
2169
76651
30486
45066
19006
31295
33580
59205
60731
77849
14543
48429
54377
57728
73071
36169
2879
25978
49357
50147
34859
42262
66703
95819
58800
79282
34291
51235
59669
60990
22915
78190
53993
69753
23257
72999
1049
73189
32205
61780
51039
46748
26561
5416
20829
99633
57938
40060
25611
23647
90208
76822
65909
73263
72641
24709
52545
23284
92297
28566
626
15212
23109
54619
1318
46366
27619
2367
35907
76176
64147
86946
39276
7061
8715
60105
6694
66653
16518
48657
90300
6726
25479
72562
96341
14473
13623
65238
37757
5920
93805
54736
37485
16914
9355
38803
79632
53326
57522
15539
29502
21669
18838
85131
28730
27553
61588
51776
10558
78106
433
858
1184
42265
89772
97525
56738
3396
62764
10847
25668
72921
65583
63153
6187
74939
1956
2171
44617
59478
34062
90472
97500
52900
75603
42582
96805
37191
10711
7363
15298
11144
24574
32834
69761
30698
30360
26499
34094
9476
53699
59763
82397
19282
39268
4936
10573
57577
7107
55191
33407
41169
45663
30907
10422
37618
89842
7227
91161
553
30943
22811
28049
55517
55646
97811
86215
86006
40662
36662
95482
94361
12777
94231
29996
52045
99167
40569
9622
6274
12112
43030
63795
74127
90289
74217
11745
96483
81445
19259
97036
12388
42070
41438
84257
97716
39249
86824
74
96263
39838
95556
90625
52615
6139
36973
21013
5306
93894
46987
27932
6007
6369
91728
96486
96659
65945
24584
9494
63742
43843
6531
76130
85913
47969
76739
99982
3570
79916
56
99833
19754
11965
6810
88722
18104
43783
9735
39763
54030
56722
67695
60037
63092
75775
72875
76103
41721
97459
85597
5463
41302
8480
97946
43568
72801
91037
43550
76371
70953
43606
92557
7060
71923
15719
95782
90028
75855
21869
29791
29885
94943
13838
6274
74387
89614
79149
50490
31335
76609
52440
53150
34263
77272
67448
94183
50074
58486
37733
42797
45791
97692
35354
69203
69615
67426
64985
59643
43281
3206
5786
73166
98150
35977
79440
72537
25591
58589
39380
73278
51550
91820
42780
2166
85444
10229
96349
35518
85067
50435
78316
47210
48127
30022
16414
34094
97448
97751
10090
40729
958
15876
30247
99108
51853
9687
87997
93796
84629
27377
67074
52531
35549
9855
54697
20994
36436
67399
72864
37855
17834
67532
85065
65961
97555
1479
55
11355
15583
10145
68437
16541
42374
98684
32001
10579
24724
19998
4376
25705
63728
87802
78236
99277
14009
49286
36623
66797
33037
9488
4652
50871
77020
89718
33184
90927
7549
49591
18635
39484
76089
3424
56025
18463
2108
4378
45394
43184
40729
66122
85241
4457
53925
79830
20086
84286
29116
56710
51084
62153
82550
72088
29376
75922
78158
62560
66850
2060
12151
1837
41544
88240
5261
13922
23055
23721
18300
84802
83258
59029
50924
68499
63486
21201
48329
99925
5488
93797
56635
72924
72302
55537
45012
1678
31459
23171
80590
14661
25231
9094
16498
66775
97334
38111
97049
36742
61833
15350
21544
45091
90731
72468
13590
54218
10022
78272
70495
15510
88421
43482
4786
60724
99019
49798
78754
30478
72969
75697
61492
14552
84791
77990
97680
98477
16102
94729
35219
94287
26431
73115
39378
17163
61936
69320
87733
71958
63944
58228
87468
52366
1710
92254
13090
729
58404
8196
47559
47726
83893
9051
62278
68684
3394
76310
67162
35848
71040
18733
30135
13823
91849
85865
30986
70137
55185
18719
42095
35482
76947
45915
87848
78657
54521
938
95738
12925
25486
43298
77003
9380
68701
55634
78064
72095
31944
61578
7943
19336
96664
54430
33160
4865
56647
64146
75002
28185
99218
33449
63667
76165
79364
51515
71175
50237
52453
66913
79514
77939
10211
56518
3671
78913
12152
98088
67360
60448
59666
91656
79785
72682
62438
29297
77547
19086
9795
52549
47271
9013
85998
10938
1531
81714
62453
72706
31951
31258
55971
11466
25549
82535
67984
29221
77800
96488
27309
45160
56936
3327
53168
53073
76010
15607
82370
53557
34693
8518
22459
81964
33883
24809
92902
35414
6524
71707
24472
54827
2965
80444
82645
28514
62979
50629
57735
40779
63469
1396
2291
20406
4724
55460
73479
97086
71067
72202
66995
5760
97072
89454
4076
30955
30616
96978
66370
53492
68685
90842
8319
88002
87638
90965
16516
50617
57946
90604
7748
21416
92000
10040
58174
13076
65500
48005
26514
36567
36559
93510
58679
33631
99316
62755
64587
29932
76085
30957
83424
44770
38151
8096
49124
25790
15413
65640
92759
89711
72596
508
27479
80949
10548
2005
94025
76048
50011
20540
28967
86570
30402
87646
36554
29718
66753
1141
59651
42838
48450
59427
87608
86601
83875
53084
28743
15640
18724
21503
5352
7673
22011
49183
88622
48911
51189
98999
41311
17552
35891
70278
4122
66293
74276
40676
96012
41029
58169
55663
83867
6619
31442
87827
9573
31670
40911
54668
47310
75987
76171
69014
83660
14534
18198
72282
79797
85739
71282
21108
3291
23525
7738
23765
89819
82014
80794
85831
39395
38963
57846
23262
61935
5640
27441
71508
37310
68352
26176
84621
60692
18700
53635
44352
49586
88185
32987
29384
73924
20621
66844
77215
44146
74583
981
50317
56597
81775
36148
12345
37090
10346
35607
99025
15987
79401
86885
53297
64105
29414
54270
24797
64466
24258
85502
14052
12443
34841
59788
86368
55462
26633
79935
15960
1216
97268
66278
74165
79043
18778
86510
16134
45477
38470
31511
61464
17871
18397
31113
98328
47811
1736
23126
12277
25994
24980
42681
54789
59821
2470
57509
31635
29103
37445
63947
46671
34713
46577
20836
30109
65356
23699
62595
27185
62169
94106
88649
96392
12503
36114
94720
76666
54202
34198
5295
80196
59178
47977
34986
35351
50447
92495
83338
95902
46292
47286
42573
97358
93863
79761
27467
75571
3460
90062
2756
81981
520
7757
78373
13024
60224
89446
6042
14426
23644
11338
10975
99175
59315
62313
50878
26114
71160
34217
38368
17453
97855
80941
31163
8070
77054
58630
99994
80515
65044
19102
78848
65564
43212
57222
94940
3436
63020
983
34214
3016
28673
61541
2191
4340
23854
69422
30454
11367
19991
68822
45172
34198
66115
76335
42268
43169
34965
58614
40036
16361
77717
18885
81925
37281
92459
76866
40717
55479
94201
91283
58495
22874
52825
77039
27214
93031
62813
74020
4398
82804
59194
65922
17002
25309
42257
75622
84830
93574
34237
24867
9935
28306
60104
91861
65587
68915
85079
22656
40746
79280
13939
15593
18506
83116
92632
45720
92500
71797
36092
13250
54601
95286
79173
71603
20595
21430
63578
21777
15005
97815
46644
24940
26121
23100
33153
91708
92015
18232
14364
49113
97512
44655
64707
16018
44124
73691
78090
36624
45489
14182
49874
90
9468
29047
88046
46415
50478
51624
68193
81835
65791
31189
6775
91912
54290
39929
99972
62657
58161
30688
28123
72026
91695
92830
4396
35819
66521
82487
72443
28362
13021
38670
28453
22490
67717
32851
85257
34547
827
53450
16382
66618
992
39510
74882
71634
95791
91206
50643
70304
38246
78766
42330
29941
71596
46727
82113
54470
45566
54556
82832
58587
9578
27637
97429
77296
60488
82687
11843
61315
52489
44578
44285
53481
84088
19167
25115
79879
26725
75759
50183
64971
54525
8866
94913
42474
71945
77026
96944
17511
47934
96128
92450
57513
23766
89880
51161
606
88919
79356
78274
41408
23934
22559
11242
24374
58079
36357
4253
84804
28468
70789
49776
99346
96007
61041
41820
67952
54419
55116
1815
2353
51244
94265
76218
91362
497
27379
91969
89416
6736
70243
47177
30670
92802
58419
55045
67233
11128
75650
52038
39597
62791
18166
38943
58798
79207
97115
26750
33626
52231
44917
52331
19827
39183
28550
11190
56032
72281
19511
45449
79017
89754
8978
26040
98908
83749
97437
66142
94877
89439
34532
50826
52231
52698
89769
27381
48257
3236
54132
81883
55467
15401
50566
91647
54584
79116
2837
26969
51398
38700
72418
46767
28454
97748
89159
43714
81497
86596
9856
76374
92388
60740
27201
60971
13438
33322
88352
61695
36559
58836
59930
8378
74238
10497
16377
45174
5965
35566
72143
73715
74266
60913
20483
19072
58661
9642
62787
40158
12591
88995
32885
21331
49736
76438
82302
79526
26112
70654
57574
79023
29491
17504
3754
3729
44353
20131
48903
50319
55698
37399
24034
29964
98312
60869
49037
56974
86864
28176
13484
15807
17171
46369
37138
83259
39159
19440
62786
65272
6446
20360
44295
35937
54216
48049
56018
14922
84533
21274
81593
40231
58673
21979
86547
56985
82849
51936
30311
86065
80112
43796
1872
97284
6517
55362
96895
45677
91154
59681
10949
97600
96393
71596
49890
66962
35998
5908
81884
20531
43534
63477
77114
2207
85456
80013
75545
84657
31950
5856
70722
12062
49652
88946
25698
56170
44308
22594
18199
51814
98627
45500
49415
95021
17096
15657
61983
69446
21565
60219
6329
65100
23696
83443
83659
25504
63457
59204
10162
11759
65061
97236
40173
31065
86183
65872
3587
46843
4818
21786
98658
19797
67286
48073
14818
735
63730
93153
70181
1647
53372
76511
83099
93420
76306
66759
35277
39763
42315
45439
67874
23728
42675
8048
54794
45210
90272
58381
92054
11442
80168
90712
31239
47454
55137
62410
48189
18867
71915
34723
36866
25288
11234
36318
35060
87540
19429
70337
43656
61744
32128
11530
85473
74804
19578
40267
20014
9850
15000
28420
21292
95168
19132
68884
58975
74269
31294
23516
9488
3209
58239
46355
44849
85825
99025
96262
89718
18454
66599
33374
80198
15080
61256
65671
6236
97187
22290
26250
7037
37291
71023
44682
48811
90155
29918
24138
64425
61212
47655
90265
64421
22246
52972
25623
8072
51997
21885
97790
70451
4836
47516
50650
19916
8772
32673
26152
5959
71316
68755
29349
24959
39778
90383
90122
29933
20301
14261
10710
97865
78268
976
78638
514
53948
4261
24938
5946
26146
39080
92749
47335
86596
59751
67251
11721
92425
9756
34032
80093
78511
79733
5052
18289
70116
95174
64574
6769
25787
91637
4634
4055
92613
83273
4570
62913
3886
45860
85211
46385
84941
77961
93720
87889
54064
77323
15962
46489
87079
49995
42934
65590
29728
64338
231
16197
59513
81158
22966
1652
72795
43953
5708
81760
43578
26630
61025
47464
72490
46237
10201
73783
40550
20273
61673
94614
97597
93987
57456
84676
43982
390
66619
90063
64729
83202
6260
40594
64360
45578
42246
53507
5883
64306
51619
49461
90936
12645
13278
63427
58882
39831
37210
15784
60105
15235
10398
57702
9223
84206
58730
69557
949
41701
59620
82030
41256
82232
22624
5616
44163
81222
75476
50046
45529
27095
99508
52817
39740
29138
32596
14974
68969
69807
30758
29074
1394
57509
3128
26969
58067
78211
12879
59016
19912
72499
41046
61168
71084
80022
83137
15247
77597
74965
65293
39478
18412
81153
92295
58153
26643
24892
89479
95613
11051
36590
41039
28797
94099
60520
72119
68518
38731
84998
27535
74995
73849
84933
52516
44933
81308
52005
60180
58905
26970
41826
14735
45382
39331
7030
19887
65975
48274
9367
77940
75677
45957
18979
4475
56408
95851
76594
41278
50934
77944
68813
25930
51793
70099
94798
13079
51407
46803
73259
10312
90125
31437
41399
51859
70769
48429
88099
36744
13056
13818
14684
88733
76127
50015
9560
32535
62219
2506
90165
13153
80450
58979
55435
48596
45430
50233
61675
96837
13388
51286
23501
3513
82724
64900
71725
69845
29681
59824
22941
42737
73642
53977
47823
49769
3992
73735
98656
66211
76242
88821
95717
73044
64152
51152
21640
9582
1386
99667
22771
14774
50954
62624
34640
50030
27524
22717
19875
73558
98893
42816
32647
72535
96793
80470
38656
17137
70558
53664
99701
46800
58837
95418
36196
39342
46570
57837
65276
64308
57504
88048
95435
24810
50672
30075
74840
94549
69144
94715
68107
68037
53883
17106
56924
67028
13929
95580
84166
84487
65596
219
31287
24433
95637
83835
63775
58559
58024
29052
22868
15529
33452
18303
56691
476
64730
31532
95025
33874
42599
79484
18263
96483
12943
75187
63511
26872
87119
64029
11359
52715
64248
58998
93500
76237
42833
73628
34797
858
19032
74017
32739
52484
8672
89430
69312
73402
37314
64338
23628
79914
60174
41891
92749
73117
33430
56260
99989
20549
36642
27700
73264
890
86698
83116
77128
45884
56744
28277
46742
75776
2294
95833
44612
10966
1615
13925
720
38930
94615
24348
35196
71141
82591
27945
44259
32373
557
60600
52922
37199
4653
42538
38090
91351
25654
31570
53587
98751
59847
16681
74527
62141
12514
19140
89459
30482
49417
90179
85764
44032
30879
20960
15173
29822
65257
75784
62195
65814
52737
15117
3014
57390
74007
57456
65093
16013
5378
18681
14764
65225
35362
89292
43718
64229
24784
49529
94711
74201
39708
80475
34585
86939
17787
66110
33113
83044
41895
95308
48858
94632
26777
68224
68374
784
42032
33467
33149
63762
68500
47914
45339
3863
37206
89057
68092
78342
54938
79155
68895
10998
75982
3480
97937
93769
69590
31050
76813
27837
42710
42023
38821
85839
26600
7195
2975
84984
57015
36125
48747
25515
84039
94086
29378
37597
99496
13822
15939
54434
9329
84834
65433
85311
4666
79722
79080
90608
27125
72245
18446
69835
30621
73619
72027
57221
80815
75002
42205
37830
11127
90952
79697
95166
85039
9076
32763
84535
39250
65054
55321
48580
66240
20754
50243
70906
16829
45676
77867
43954
17921
12665
30141
64894
86284
2168
22115
83451
93523
80673
37633
4650
87977
17331
16169
89368
26407
48932
90255
82009
13987
45577
46941
96579
82683
97185
67486
99512
42861
61705
59818
77134
74370
6312
42029
60654
24832
80496
44106
18355
61169
81739
39358
65499
15422
55527
54867
41829
20811
45123
40191
34798
7052
87132
47730
89735
84317
15216
5600
27178
76921
81770
20665
67643
4434
62694
28297
29267
43190
88755
63974
20712
86847
3332
86211
2269
58859
41078
60451
79671
2553
642
30821
9605
4126
78551
15693
88444
10119
37645
31974
3392
35767
52639
71035
56554
31685
15685
2173
74876
20792
66147
11940
7639
85832
98151
26261
61043
55581
86712
57066
74487
3706
4240
444
7832
99143
32489
96276
9263
86486
44603
29007
22254
13594
16395
78808
45280
48432
80981
36508
69224
63480
48448
76864
49312
62951
3125
26708
18532
6189
83774
9371
9895
88014
9816
17727
87158
42305
30356
12773
28792
74959
58132
67398
88553
74527
62558
50185
22959
59891
86693
92184
39723
35141
85400
89036
14444
4877
32096
49329
11066
15870
58700
20961
3885
68516
38688
7395
27174
85396
20168
72318
60355
78300
39716
65261
69180
18626
15446
92139
78517
2140
675
18240
53633
86075
23628
68078
90952
55724
33759
18370
87947
92459
39331
91832
77328
94372
15579
20854
79768
35747
93172
56476
30399
49240
21737
99579
84218
37183
91719
79087
55675
8746
97327
25661
11174
37308
10091
2126
9384
43850
36849
97331
52661
76180
5515
29989
86904
21094
67195
66673
73193
60367
39501
3593
25959
61238
19524
10177
14773
27595
89264
86801
36342
2944
12462
47516
56604
22553
65994
82340
66403
2843
79672
19064
95376
1539
65406
82280
38986
32601
65305
28531
9321
4806
48476
51632
82396
68001
78162
13522
95596
67426
323
31938
86722
12785
95806
43326
35338
61801
25667
18093
80996
21691
53509
76372
39582
35267
58653
94920
67869
40310
23452
93542
45117
71928
45174
43865
56281
23336
57387
51878
7115
57710
168
93837
70495
12327
53516
22185
74128
95535
56630
55124
33578
10140
47849
73160
45407
6502
68081
29628
46812
7885
23170
8281
96165
84697
52147
52447
24385
25886
20677
47852
83597
37197
58042
70444
49524
11558
92630
40004
23445
49260
11481
57023
75752
59330
46535
21160
65832
30968
50788
28996
38853
90311
53630
51371
91360
5777
20170
32097
31663
40847
79950
31612
94396
37992
2057
43921
65902
11039
277
5699
76651
11758
62722
52404
71088
9257
73564
53272
56578
40704
82269
11783
47367
35899
63154
55079
58028
83324
87177
6043
40523
67127
54008
51272
21471
56065
11545
3725
83456
11822
9424
60107
23581
72146
12511
11021
97755
2427
64294
54333
59484
62915
82469
6851
15166
45623
61931
89546
45300
65460
95589
2175
32587
65949
53447
70410
22014
81344
74135
5470
93167
83559
65578
33100
72057
94441
44121
86164
96869
8415
56850
72705
87682
39319
95908
2848
1294
74191
92394
46594
39651
4336
65122
88590
70285
34921
59000
92300
16266
49487
14122
25785
33046
96052
58885
21455
6846
19358
7620
20067
44126
64470
92772
31808
3789
88680
34657
21435
62872
27051
68030
18875
31387
49504
7466
1673
84425
66466
10325
17043
15954
40799
42828
65352
53204
18065
86808
60050
37424
10780
80117
81550
75250
89241
13358
95391
77921
64367
33178
57145
91419
1208
76021
39158
67064
99839
57183
51490
82657
83860
84885
14963
41012
27714
80316
94216
45779
83476
54266
99555
94256
50735
81105
85858
39976
10816
97601
17897
75183
47131
91395
82954
48340
83768
38465
31756
83607
12000
83246
66264
95861
84484
81228
36873
12198
77896
31089
74329
61372
1707
73885
71980
52442
71342
74190
92418
82158
88143
26667
73694
35274
34414
73000
99966
18182
27817
31723
1789
39818
31321
84406
35679
15805
65634
88904
44355
43530
36345
18685
21254
38052
8922
9586
6846
80264
128
15616
78775
4623
58635
68821
39897
93050
41821
56216
11232
69639
4291
29374
25809
51964
13780
77840
84122
95766
66744
28477
39296
3089
63514
76902
57493
72436
2840
80691
69053
2968
96307
47828
7591
54942
33001
63840
64344
91174
20056
75577
77165
40699
21303
2974
92664
35083
80814
76786
47201
47558
5263
2849
66999
85130
79751
40844
73918
82591
37887
42971
1911
34194
7151
9502
5489
40152
73342
69833
31327
9751
61762
8492
50450
99417
11467
59466
50852
8633
36252
98053
72544
57868
902
39543
42998
97005
96740
16916
95948
34627
59888
97859
85174
83391
23713
7015
23544
97056
76848
71223
23159
54963
79715
89961
54380
7534
49428
5233
16168
2032
19638
88712
59900
20541
44607
2898
17546
57699
36167
13495
92327
12407
11354
93853
95798
35068
868
35694
48476
94068
6917
87987
65383
86633
94300
19764
10519
43728
41349
26687
45761
60987
31751
22013
97880
92711
41264
15427
50410
77431
45274
59089
89838
72980
52942
1988
24400
70162
37683
89228
64231
44600
77215
29614
47585
87868
65730
58105
47948
7079
1144
10061
84419
49248
32075
82299
41959
73339
14078
92369
50770
59352
67811
56960
32333
37105
58948
56733
7268
96631
45962
87851
57584
39529
17465
5169
27397
99548
79626
75346
22979
97123
85407
7398
46371
33834
6050
4682
7173
20128
13403
74295
79481
81214
31255
28166
18320
6556
1251
25588
19539
63565
13439
77123
3095
47256
82293
46844
46804
78271
38542
69784
75394
40302
93534
38117
74136
99584
42799
97662
36065
56203
88309
31898
37417
35917
60064
72089
42473
61315
14029
62012
24881
43820
55488
44328
91077
54133
7524
54233
32404
62419
40369
7799
2721
50256
62268
93209
66192
5068
7223
2257
77623
95533
34155
31392
31450
10571
3482
90275
71887
33863
68639
13120
77684
24127
73800
85113
78260
97676
55698
10665
60095
96068
34816
79168
62676
13436
88730
28868
18504
95953
47478
12479
7838
81633
43872
55640
8557
47354
45915
80444
97569
30907
9916
75253
55034
68
60366
49647
97744
16065
76664
57840
28485
27832
53360
91161
41268
42090
36381
76125
54396
83859
88604
62234
81845
32476
17875
90402
96182
80142
87198
93752
11049
13466
69005
82436
13534
45724
32083
11278
78141
8747
85470
6626
52931
38831
14139
94199
97273
50520
70324
51669
50732
58929
13904
32577
7757
48131
22979
3940
44625
26529
14044
55675
39995
83049
54463
53529
45125
86546
81159
23266
11645
82982
46244
80928
38165
60383
75127
35438
27256
61804
87108
77988
20733
17364
26917
44842
81847
49896
48782
26472
92777
79178
98499
32772
62228
52962
86301
23705
55860
83812
46972
83857
66794
93216
64785
4959
69952
56265
56750
97208
18069
60210
91548
55154
93926
18465
99996
75773
84713
65131
18597
77490
44309
17097
10262
22889
86411
12915
46595
58624
96727
9919
58833
79874
3135
23619
1185
73087
96236
57935
86647
14305
34497
78195
85811
28423
13012
85807
20548
97725
67290
39146
75215
11600
72595
1829
50841
59006
14744
13788
33982
27824
23707
92816
7698
26843
32787
8883
16282
29023
83171
19282
43328
17668
13829
29139
62444
26842
31298
82992
24567
14941
22138
16135
26541
94733
17964
93734
70092
49061
7523
20426
93237
31230
13242
935
74425
46029
26170
7060
75052
9341
42694
34732
43362
56523
80223
5806
83365
27874
88798
7933
42815
27289
40420
85708
22022
74736
79442
8466
40149
3317
28893
33386
50900
58487
34321
41677
4517
60492
65089
95921
86185
7783
47006
29547
64307
43581
51705
47672
71455
40504
71957
14270
67793
12377
16330
6167
3466
12125
30986
43615
15442
76231
77002
66342
34718
27675
24372
55587
88167
89461
51509
90705
97245
14867
36604
61552
58448
88310
25576
29904
45166
97534
60526
12959
26263
76857
35478
46081
88982
82816
89697
20776
59047
66699
3471
93766
94374
27843
65705
98894
17304
33566
5951
30901
48433
42555
92453
6882
47217
34382
53138
92383
48268
30016
21694
74531
23225
73525
20613
12207
56341
26662
49336
31741
9713
52807
25507
4087
80650
7564
19333
14306
41131
25284
45208
89564
84192
54013
12798
47761
88395
82288
56497
36663
12305
78191
27547
35530
68068
64512
64090
24410
91174
13426
72503
887
82585
98010
21326
79587
21926
57012
93893
63057
98648
55453
68974
82840
9467
81772
30602
14214
64061
87099
67230
76366
81642
94777
28248
66063
75641
92338
6825
66815
22116
79328
84054
4701
93690
21732
640
15616
78744
10886
78674
77393
66339
47648
76585
92158
45772
23539
22725
26185
10638
89955
18903
8633
1084
47152
74696
76725
55842
81521
43540
77959
60849
43946
99012
54539
82030
16005
86507
60775
26891
65181
54520
9582
29181
31105
1741
91306
54645
40818
17491
81635
30773
36395
6620
31857
83547
81316
24934
55741
79189
84826
50052
56390
28772
49065
27281
10802
65070
13789
87929
8313
95322
42449
17895
40856
73555
35988
32162
44552
76806
49653
26187
23931
2400
32808
72140
2299
30476
97074
58041
26018
81900
8093
98760
27024
73510
26042
37827
54932
56183
42108
63245
51505
84558
81141
8713
74465
33481
40875
19017
10288
6881
61556
34219
25633
94364
22712
27933
41193
19786
2326
67211
18039
10419
65971
45063
282
8365
99242
55214
64548
41351
34812
32406
42261
32305
41119
16726
65786
98347
52095
76074
5228
13651
26646
30861
8016
49358
75146
65561
85496
77472
49124
3535
4244
15095
64951
4526
39813
64193
76092
20713
21896
10904
53119
64157
43209
10591
97235
8996
8938
49330
1422
30518
62982
44420
77731
87350
10130
52878
52911
95627
46702
2035
15514
50946
33482
80465
55472
89647
61011
47917
10361
82907
75173
79832
47065
18383
6775
60652
43731
15713
9983
61505
62583
89317
5926
40315
76667
16056
9545
45930
28035
56247
64317
59902
7194
14151
40367
79018
3799
17730
43287
30512
638
18461
26696
64055
53196
33472
24707
96927
49185
51042
74784
28121
40359
80710
84788
17026
13119
94333
79308
57506
50580
43625
17408
74126
74129
74128
69497
77928
91858
12784
24792
92496
47597
51488
72903
793
84960
13963
14072
50498
65005
88857
94971
5365
85919
79759
38743
99038
74092
18052
56545
41024
78029
90305
31503
52158
64433
17352
46438
56292
46488
87582
65140
94086
39071
54396
94879
40383
68359
25304
7233
33364
14161
18556
55081
16432
98315
10177
15471
72407
44581
88368
29784
22610
95025
61287
91121
59459
94991
53911
32103
41479
41494
97243
35565
96917
51639
46797
53652
36350
72101
77238
86067
2614
95794
41148
19046
94110
67677
50869
82869
12258
55589
12653
51221
50615
90292
58694
26426
85283
12605
58529
26763
54099
55772
78680
67368
23764
41829
21021
60114
30282
14611
46181
32896
10405
3682
68295
20867
71359
35516
3737
99970
7458
32742
51191
58073
39387
9885
84499
41022
38842
59380
84137
9294
15152
62818
76662
55268
4647
14035
31735
51282
28646
94268
84178
55404
14302
68825
76271
2014
20694
96360
1984
28152
29103
69527
86225
68490
95764
87076
25864
34606
46456
10002
43900
77960
72820
36915
49581
93819
50950
81316
61453
95949
91936
45632
67705
6239
30809
43976
8253
51503
40337
26589
79655
85792
96116
82232
70634
91880
85660
96498
26486
48468
6500
86739
42781
95672
23654
92362
5844
74604
90030
67297
86905
81966
29281
54610
4557
76443
14939
12810
27946
71628
39399
23954
57420
51867
22538
44406
43747
8199
57256
86586
56667
80109
73325
15800
75781
13331
8162
97977
87935
14544
81627
91193
96511
27260
45803
1068
3703
77094
30231
48002
48722
85982
71956
22494
37850
94494
66900
81597
19045
24157
84535
92065
4266
74212
7865
96399
87543
32380
10729
91831
46924
8708
83024
43435
35968
45179
60856
39672
22274
7439
4026
87348
93421
92334
9843
31271
86828
93095
29221
22226
33604
13756
14291
54222
4321
38508
66974
91864
70888
77703
83695
17813
86411
83071
77600
38731
44603
38456
78403
83229
45895
98781
70577
55669
91115
96772
86940
94296
89868
16161
16522
23472
46270
47165
77695
66943
85673
44669
58807
56562
38724
58855
74375
41487
58278
68327
80218
2881
6784
74974
86110
69031
73755
73040
24700
64871
69812
27993
75519
59680
60506
92041
99505
6776
55558
93552
73719
41231
54573
48879
14145
93297
24086
4872
51136
82364
73200
31354
85246
96336
6328
87708
81719
96436
60748
22772
61307
30561
50765
36826
6593
11271
45219
22450
34400
777
16002
8119
58360
86927
73350
72506
96576
97436
93730
47712
79801
66930
79067
81399
79618
1747
69107
61338
98183
46208
84110
75842
93121
34875
29020
99714
62498
90591
38517
96898
7720
70871
21370
66081
57799
94720
54939
54375
8509
48669
18440
88310
31952
13859
86061
11570
15606
71520
72908
30142
17728
73370
22336
10849
24597
51357
26916
87096
58300
81785
346
66021
52656
38068
48454
10455
32789
3393
81183
57650
68414
99623
62312
366
13482
48373
11937
45440
19893
1197
75582
53974
90920
97919
81175
15517
65628
24443
18965
23928
6228
35664
89949
58885
73732
38403
85692
22873
58148
83227
80523
26563
82850
42835
43281
12684
7560
71570
74477
43806
89120
50059
97780
80040
64330
95307
11909
46310
19751
47227
70239
25979
82891
76540
1216
72975
31296
86909
95849
89444
70136
76372
32359
69339
35560
75641
98375
59472
47211
72852
3278
36331
39264
17410
32723
19946
12718
44633
66257
48821
8212
36496
74800
91103
29388
92369
64078
60684
95630
76279
66481
65766
69004
15192
51457
20916
7185
66185
80388
54397
55389
19
7080
11005
17429
56156
30952
46499
789
97209
95320
25353
50057
86473
16456
95797
78842
96886
72834
74472
89518
55667
56590
58522
70859
24400
79438
78045
6937
59826
48794
62326
76197
55874
73332
93627
28382
20636
56478
29171
34197
68151
54524
84254
54624
87332
80051
49818
571
69237
40642
90089
24904
13584
64963
95764
54336
44401
90161
61273
20579
38955
39952
96777
11181
13284
6756
39564
50272
63234
85087
84469
31385
55964
68723
2361
43296
65126
68531
60219
50716
9173
66660
75620
39110
31623
71384
93446
76024
77897
54720
12956
16852
94672
9733
28034
24308
32841
67598
74580
96075
69037
75401
43813
25001
60476
46174
84650
25602
14706
44869
76318
40231
27882
68291
79341
59505
56027
72788
51882
33925
43860
64838
50777
54884
90923
95163
79192
23764
79113
70124
36191
48151
45525
80004
73152
6001
42531
57802
47955
73589
19024
40626
13820
46906
25269
93162
22763
81296
82302
74645
15221
26162
55835
65999
81046
46758
77514
76590
86874
56628
63066
39418
4779
8591
19422
94283
30944
78305
68438
95251
51894
3814
52229
65715
50720
77498
75229
73483
58795
57531
64481
90368
83693
20316
72719
81091
83427
50234
57681
86653
6862
20747
26071
27993
45690
45494
22276
92986
40151
7066
4589
92046
10880
56819
57761
77952
50669
32990
67788
9464
6873
32269
99833
6918
68937
72552
88009
52364
39138
62042
39018
46000
99141
65089
90345
61183
26935
28974
70521
67087
36040
75110
75485
63273
48281
33246
41225
98951
82588
9013
24767
5813
57634
24600
12731
26572
13505
17092
78936
68995
79134
34306
31348
94627
15748
21693
72162
42683
50667
42683
26122
3060
17793
1607
66333
66075
51205
23910
81378
50145
49276
6145
55958
6910
47098
85041
33482
76955
2133
28771
45950
97619
79429
77298
8598
95177
15344
80760
37861
66011
23443
80335
85423
57589
98295
68108
40016
49500
92019
21394
15998
57647
27539
71956
64557
90989
73350
14392
67944
75483
59515
30247
89455
38944
7545
98053
34122
22889
78814
88335
5253
18609
68670
7028
76198
66965
75137
16214
32818
83508
53960
48816
57507
97852
37124
22064
88841
10474
52808
73138
85958
28675
3385
91765
67620
27282
89818
18094
66524
84984
6429
88129
3594
91451
95157
96144
58417
86646
12359
7587
86506
66319
56403
44013
64171
93527
82430
69365
4002
51590
42503
6312
80266
62240
98077
64238
89522
4247
82332
72398
5584
5113
60527
9178
96564
72037
5322
54981
75035
34033
62568
61542
16705
35323
5555
80876
28851
4337
66593
49205
55928
9096
55517
52546
87688
69946
16784
93563
90545
99116
65961
96129
4229
42841
21659
17145
14878
43334
88479
89913
77367
51047
67807
94072
2723
89715
91301
31574
94052
57894
97131
66332
83343
69000
18878
71031
38946
35662
80946
45843
51130
46908
41973
71711
6101
79984
88857
37331
23318
77336
43596
686
44735
11404
11110
47458
1119
2411
95384
11523
76658
8867
77856
76353
77867
13086
63736
33165
65101
44683
79009
32583
7943
37334
4295
14044
17318
9504
51375
40637
3192
94971
57675
47927
22727
68785
11738
40198
87549
23474
51722
80559
32342
45930
56912
10209
75368
20648
59727
40469
81683
38736
73053
89626
92422
93700
20022
9740
3204
71397
66729
6396
82721
24404
70675
5448
9542
98765
45647
97091
22240
13721
77650
70934
76003
50914
97495
51371
87914
57222
91841
69598
95958
81246
75576
4732
74946
95599
14473
94502
83348
81202
17250
66069
21959
4277
87870
31501
3043
49869
28592
41635
63590
22594
12569
39593
73508
10064
7316
61422
67287
99157
31020
79597
96755
22949
84330
88053
18548
15155
98907
1896
12709
16157
84318
34668
36787
72188
82521
39830
22057
11113
97817
1999
50059
10386
57944
23567
36802
65260
1342
20441
80770
48714
16391
93877
71663
17073
81931
90211
32228
80838
8460
61289
13348
92778
12310
50135
64966
94831
6317
3375
22297
4134
5374
72356
30872
79670
12276
84026
44930
13618
4468
42052
78684
37211
35930
50348
54284
17861
56911
2864
15051
65371
64153
28399
58149
92815
94886
39467
87647
17555
42842
9944
38041
64568
98652
68913
60590
27280
69292
5521
57250
90112
63925
35935
27323
99855
2635
97959
34068
59546
823
65472
41270
81328
10223
15771
74144
21462
55239
78143
39017
14433
4439
77059
95354
3091
62324
55944
46724
31616
77817
3974
21728
41743
39909
65403
57950
42544
63362
8371
18443
64185
73843
59713
61866
418
75484
36010
21880
47075
30505
60898
61509
34944
37957
56863
54387
281
12807
1111
48250
90625
5086
69978
48720
44995
35382
6670
3892
98744
31393
22335
79282
21588
98400
41148
22007
73884
93510
43887
20960
24015
21137
98821
75311
59094
55684
29698
75728
84843
47162
40330
91820
52248
10308
40540
13595
62042
63563
33839
77139
11308
72526
72773
32897
70926
30273
54904
61163
23783
15143
82123
64150
36281
97296
55813
11727
52980
1863
87455
54175
49025
27785
62348
1273
54446
19240
31221
32840
99155
65060
26331
10464
37587
99104
43361
24865
45729
14617
86028
69512
46112
84503
50014
82393
81799
5827
10473
51131
7691
14280
5307
73068
58418
67655
90694
29216
3247
21915
62056
2403
3327
4740
12867
57266
20196
72580
82132
65926
3549
84512
51790
49661
69016
1805
48407
50815
23984
58880
1947
48027
73160
23606
21096
47930
7613
11790
77146
10860
50057
39203
13263
69736
60295
42482
43355
80491
15062
25487
46417
18611
26351
98208
84625
95367
16365
33032
62535
56701
8264
64482
4729
97776
4440
42177
45707
28405
70319
22853
55617
36728
78408
68881
6464
38703
27715
49819
19195
42778
91658
81964
77741
18010
96524
62366
29729
12889
11750
92264
85943
36366
73098
90672
34143
93890
49201
96202
22295
35872
19055
77913
72600
13816
63146
95416
52519
90861
45236
88066
49991
53246
86383
27733
87608
82907
6451
17338
12149
34554
25954
98092
70920
99053
5116
21415
92943
70669
17617
31591
6541
53025
9504
79141
66841
89002
74557
35712
79863
36145
40131
29855
89392
26514
73940
93352
25773
96743
27042
37922
31297
52997
52366
2218
52050
57482
39985
61345
28151
57603
9288
51044
26980
18792
30185
93821
24146
21095
45885
4010
57240
86016
50217
62984
12530
40509
56337
54656
37252
83379
92578
68550
36376
61297
87120
4778
18779
27105
82476
63283
1060
91764
14327
44392
26909
60865
38213
51055
81960
84099
71417
39200
86467
37986
2185
15350
78495
74874
70006
15748
58253
78936
84298
10982
40233
87770
32112
75365
31227
14588
55000
48640
22705
85679
93032
49614
46544
47598
17021
28504
48049
88439
84057
34516
26425
2594
49866
21273
77468
19872
37021
52073
15161
37671
79407
55394
25441
11520
47111
73020
42460
2111
21660
65165
87791
14693
31131
50687
62291
48153
79192
10340
52944
79601
61208
95721
98547
11075
16994
92367
47299
70367
44440
78812
8038
40200
34207
49831
51720
97670
39204
10532
99782
60864
92050
3925
91909
23181
54612
54200
87686
50156
80892
56982
29757
58453
52704
44656
69528
86050
37023
33179
56418
81464
11992
80808
21664
62551
30640
89736
60221
69844
16620
76355
47060
8670
80280
38970
48204
34893
9522
35890
1401
6767
92873
31159
65220
61929
75815
51100
47979
29191
631
20749
10655
12623
1558
48671
91526
48550
54759
68100
34746
71379
44455
81806
96402
24736
37128
44606
75981
46651
80496
77382
69770
89721
24893
34990
68002
17061
86090
32334
46252
86721
53083
73259
15697
54641
38282
7223
19543
9393
91675
54289
80772
36131
52448
93526
60867
89576
38132
53200
52579
34981
30582
22349
24702
71828
57339
92705
88889
59781
41391
51493
62855
94474
24752
94904
65468
63034
18479
85011
72427
10155
55653
69551
46286
8101
63078
23505
14029
1210
76705
66609
36191
23639
5310
77246
95467
62650
86303
708
38783
27694
52201
17990
38520
76953
12894
3988
56339
31374
5352
45118
41529
77357
14670
4167
1810
94100
27672
15839
11662
20729
98800
64206
44368
4111
41452
56188
83113
44107
56896
38248
88153
25450
56239
26673
2403
69133
30662
75095
16859
52366
20213
74740
29723
51235
78907
47885
45335
22931
63724
73350
43660
78877
37556
4381
82988
95360
76921
82453
55819
33817
20701
43972
59267
76940
70645
78023
62426
17659
53118
79285
70025
89683
54026
16100
40919
49285
63985
2606
72217
44062
75956
32229
22939
29864
36610
22279
41576
13531
4732
97395
63701
25433
41367
39320
2374
12013
17343
64800
29672
86813
60437
16050
92849
14463
48502
33768
63749
12488
52726
52318
72902
45035
84547
12193
74899
21158
34472
16476
51041
39204
30223
14742
80989
71591
54063
99715
83604
87758
80867
29628
90924
41305
62030
83773
72120
10533
33893
52221
39373
86619
4539
12275
31654
89087
24468
22906
26597
75292
55734
77638
30848
85957
8733
11837
57548
79148
27905
57504
83258
8772
3485
74182
66429
65515
74307
38550
76048
8200
90771
31773
11172
11663
60400
59178
17102
84868
98436
43699
76512
54170
37689
7360
56480
62774
19198
30380
41922
47103
4237
25181
72227
7722
15715
38657
89589
90023
77207
81990
14575
84330
13763
25747
95993
74164
1278
29447
75384
99714
73146
51897
70237
27188
59257
26717
89962
94807
73449
48237
58262
77686
89770
30490
1760
5485
69147
91350
11860
62706
73340
42788
63388
3455
84887
75734
93971
86165
5181
69356
2232
94680
21253
72469
21868
96862
99186
28182
91670
88987
76419
49932
66674
66189
96774
68434
88027
82273
76136
16239
44979
65828
59027
24720
69284
60267
454
63255
46432
5635
48963
48664
315
86568
37485
38535
83431
53023
66718
91453
42011
43137
57737
8685
25679
54512
93471
13706
36785
85960
46297
98117
51788
5325
22837
37424
65592
23291
680
28376
45278
65995
93393
61946
52564
30878
481
35995
83902
83551
27448
25913
43041
85185
50950
68720
56049
60773
98778
9187
46733
45075
7304
14874
66752
46493
52298
32344
69784
69330
77073
31414
35326
70466
93360
87890
17696
10194
40237
1598
10097
67685
43863
53138
69222
94813
21858
41624
71939
36988
50811
18672
82064
58115
33546
48816
4608
85845
97513
90744
71527
74586
38510
6853
61404
48223
94743
79100
58417
51332
97051
68514
19017
40914
38005
4592
52080
76215
62568
24019
13204
13379
59043
95268
87846
8942
60436
8806
11139
57949
99550
82666
48887
38060
89520
10291
2635
615
5744
61052
51948
2795
45919
87317
60061
276
8261
28493
76491
70829
68864
89695
560
44260
84963
88406
53202
61752
97212
64341
19701
13114
47007
68589
67527
52879
78880
70162
53495
976
47567
21795
3771
9838
9112
80185
10114
33726
8678
86605
4555
93895
76301
21468
38155
77616
9874
91357
39368
7087
72050
59070
36553
19057
44011
4080
88289
39243
74243
41784
40220
21810
79931
43991
31648
5395
40528
58114
39121
65559
44719
60029
59454
37372
81497
97609
14989
91371
5318
70709
14810
77368
46131
51364
12777
90142
71796
1066
29386
46039
59202
69606
84201
39133
29949
32201
44529
86830
90315
83650
52389
51387
60031
11843
88759
41528
25804
20100
49252
31122
90810
80414
8490
36941
48130
37619
43436
19927
38686
72822
82318
97888
58780
82872
37022
5081
15073
97903
91911
21741
97905
44300
89480
57937
56143
78239
15817
98299
14692
81421
29421
5502
61836
54263
58795
9966
91883
2231
46245
46921
75053
28564
44809
50185
27788
98183
55267
59213
96086
47178
80954
10344
91479
86786
68281
63974
81378
450
78626
96070
81872
8047
1572
60060
78663
60367
86378
86898
78951
32624
33819
70356
77540
94980
20542
5328
93164
75809
64541
5602
39339
61848
32298
47170
64986
16931
27497
46364
17382
6123
42434
15606
30522
60358
92018
9185
37078
78396
12435
16029
27372
46254
86385
21264
57587
23279
42944
67103
15440
23838
72705
54780
85686
21356
18302
67024
38287
45799
13389
55669
68274
55823
87627
98797
32534
79645
24334
69612
74394
36770
1993
1766
99376
88378
23031
56963
11658
82327
24066
27098
6165
13124
98230
8203
34480
32885
75228
72767
78684
88617
44789
63311
60792
48768
62108
93326
28414
2794
79290
2808
39564
81283
20926
55293
69662
60309
12256
97672
42637
52675
41122
48802
65799
55705
57006
16631
88590
32234
89398
83626
37203
50539
46937
97995
99308
25397
7674
44074
28192
86964
46882
84108
68248
84160
39401
54262
44470
51658
68286
87107
4333
25760
52261
86484
97817
25619
3115
86407
74205
8865
86386
11408
59405
33323
25756
75065
75073
49782
19139
3265
36746
82373
87373
21346
66533
43127
91960
11003
11137
76598
14462
31822
18711
83076
18306
16528
8695
37773
19288
82901
46638
5674
10661
22395
38997
36417
97460
14070
86199
16599
33687
39298
98972
37413
76996
81858
80540
85309
9213
91677
78259
23676
23499
96970
23104
58157
13499
31799
95930
49139
14700
42568
54813
41714
64964
10162
78131
78776
40585
80683
95376
74272
36333
10700
28037
13329
92558
8577
14990
18124
16606
93250
58152
56457
90220
81256
14614
20071
13055
26896
69210
44108
69465
40375
85822
50781
50538
80305
29557
91123
77340
41285
81747
13673
68338
9785
43355
77248
34714
58345
95372
51321
51595
53524
7778
58168
34780
38745
94591
64188
65641
80154
8296
51458
20529
10470
18591
87419
7127
64501
94894
84468
5786
76642
98141
90476
2779
41496
67725
37493
16194
63097
5166
67789
16622
29297
42309
67754
68042
36901
31942
50035
17055
56590
1494
53936
83412
20085
41356
90540
84586
36250
91360
6725
29244
5853
97201
32023
47350
81278
85869
79896
44376
7387
64037
77350
36684
6347
61456
21078
59600
9751
71114
76655
66341
88960
30591
66106
9045
88299
72998
9984
24550
64358
33061
70146
70211
46614
18522
33913
27893
4391
13809
72269
28130
77847
65971
64815
546
27427
85893
60146
37178
73359
53153
19872
62319
96
2330
87717
88396
75328
97701
29298
56038
47114
99444
26249
93728
34318
76515
21621
38709
6676
10242
83192
875
92565
48007
1421
36345
50252
77919
73523
23612
31072
9747
85931
31169
12077
73648
35917
3757
87701
65215
59795
34815
81011
86045
44896
15330
78912
82869
70391
85588
9464
53583
2816
2029
17942
4237
54726
68195
98509
44602
8159
29581
54349
94090
60750
82779
84091
13019
86536
88144
78234
46332
39312
59246
48729
84208
90928
27641
83429
61319
29581
92893
31255
32397
11275
49197
52987
66001
17392
51496
10603
25551
97429
64953
35994
74532
64084
36437
87551
50620
24581
65786
96952
63893
41384
45681
64453
48664
89674
47883
26335
35608
57128
57590
84357
68403
6788
37344
34405
40532
5192
61360
82436
2622
42665
34782
93506
6749
87571
81057
57370
12152
63195
70674
92398
4579
16356
73203
69595
22382
21086
95931
74342
78215
53521
58700
62970
76661
12396
13727
33546
17589
75088
32334
36563
17753
83468
30069
24503
71039
27478
98225
83191
90674
68899
91941
11605
1607
65145
81201
40342
2583
77132
14684
97150
47005
73384
60121
40019
85781
90200
73565
19722
65288
22251
72637
99394
5719
19058
40249
76758
46536
38474
76301
53562
23725
68243
65168
25333
49740
62721
82027
52323
56205
96711
65826
3210
70096
42299
59581
72229
32499
33146
91951
14140
71749
80940
13534
77468
99998
53783
54226
62886
8609
46880
16449
48686
15123
97969
90371
81215
60690
72398
49890
16895
69110
15716
36457
55558
58015
96039
27787
6867
45537
36090
21007
17287
17030
34541
94755
33380
4676
65334
96266
29637
12214
29067
78323
43689
27036
85047
41256
4078
57445
91146
20973
42907
23215
73783
98465
81230
69822
42604
88097
31711
78694
25456
48998
12076
59997
60106
45456
81025
41792
58075
27014
70358
3494
21690
30399
30531
6737
71655
34609
64182
79153
71935
7090
2368
45718
21907
83599
31892
64512
88048
63603
43206
13505
28954
71635
89854
89060
33443
87232
30852
91518
14246
17562
95013
35936
47961
41896
42673
19616
92857
23208
98769
64792
30298
1138
10510
52205
1089
58754
33069
5489
22358
76276
35346
51312
64263
25201
56724
97706
12433
3928
5577
26679
21490
590
62616
69451
58838
21641
89067
51695
44849
4188
16488
91499
21678
43350
60057
22767
18457
93126
44609
40815
85754
79955
8479
50017
5156
65203
47724
33941
69131
53301
76973
90621
70243
55941
76424
45433
77582
81843
97128
22432
86031
29968
30283
7710
89671
90340
46829
24480
83467
91438
65295
69221
87746
90126
35591
9254
71681
99667
43196
57164
69320
20169
64137
55915
76110
40561
1348
70044
22404
14828
8828
24787
61149
39112
32497
67172
29452
95679
91652
29271
3469
73299
98493
91215
63425
50436
16822
51458
50103
60018
8622
19423
96539
72759
75338
89001
29672
93038
59045
52076
7866
84226
76863
69015
23338
25713
36187
52790
37744
44191
82062
41213
17490
96907
48781
97267
63695
65603
48725
13798
41973
57347
49573
54864
46458
41263
43865
76130
34301
19262
44558
42167
3488
21422
27535
26826
63487
80074
95969
1231
24266
94383
58796
58108
7642
23929
55376
71337
5884
4101
1487
47857
77801
51060
2721
24259
8675
62938
390
42976
82201
44948
1495
2041
82722
29030
28868
46209
25457
41189
63792
66075
35572
22589
24183
59566
62870
79559
47255
68755
83661
48742
32964
61462
16154
52038
2073
24829
14976
2463
67805
13529
63764
85652
15571
62838
14683
60791
9048
56492
1980
89192
22567
53904
28133
46750
13470
91004
26310
60725
76111
26323
25819
9075
4137
41973
61113
6210
83154
92442
25026
67311
5971
88790
52963
21542
51628
83998
98685
77028
40490
665
82573
79409
70921
10706
26160
84391
18062
68822
61468
94173
11497
3639
3249
15634
61964
80714
38196
45118
89508
63222
12429
11832
52012
81745
49726
19993
65743
48412
13373
22586
49077
95946
1995
19999
6653
44507
20742
24715
29681
98563
35241
57530
18554
54842
73164
80519
35556
11361
25637
41417
90935
54419
53249
59300
36164
2975
79293
18259
51387
9018
40845
16817
4965
59193
53168
27970
3700
90262
69037
49734
5177
4278
7264
23732
59120
80429
4251
11029
8142
46240
52446
15429
17011
5695
74729
53175
25022
54022
87787
92762
63041
28632
9579
84358
87825
79099
12328
7878
69361
81365
57612
90891
85644
64876
14623
61116
61657
35226
72145
86151
81466
24591
1581
98478
46638
76310
68005
88013
46685
72144
80775
9726
777
6706
10436
4954
2157
22764
12832
71518
20481
70444
62409
22477
51673
93384
83594
13330
28610
72091
99482
26429
13035
17415
41259
76025
93725
25616
64038
40410
97761
61165
66488
98538
84223
93276
3492
86380
16040
32677
74251
52874
19473
53012
91703
71146
46397
91649
829
91359
63741
311
17788
76776
34078
59047
52801
27803
84664
33192
84566
82425
94357
67406
97315
94933
60683
17159
81313
93075
49836
55564
62301
69310
8577
54005
56808
71326
45654
57637
62685
25747
74300
80474
2523
8378
39521
71677
52534
40537
21221
37100
22962
31930
20858
20277
26863
81541
37437
8177
90969
87273
80093
53270
72935
88670
23627
29744
59996
69282
87381
22682
95029
78034
19508
13905
86412
59029
1934
38946
99567
39507
92398
38881
71437
29609
75511
98301
27502
12948
22830
18471
16573
2923
88094
5861
91594
11721
51957
67942
81003
39338
6976
92385
17372
26484
22642
20137
1866
40928
59083
17785
80435
67834
56666
51872
97443
32177
66525
24945
61477
89355
59769
94403
92279
47863
264
225
59584
52221
84519
56940
7911
91496
65677
41636
34332
4671
61773
36198
45599
37208
53983
42386
21394
27002
10610
18837
75531
77136
60135
37009
82843
36256
31412
91474
84119
48028
8051
60055
249
92571
16995
8160
84067
99024
49796
34751
3695
27921
70950
49294
81482
41285
8032
2876
68287
18643
38066
60171
12131
98201
13532
94974
50809
44944
2801
34928
9324
10852
94983
9573
3423
28331
34085
3842
43707
234
38594
47403
44507
25896
13049
25989
67181
21082
28866
51821
56077
66932
11992
68208
81485
25524
63182
32294
86820
82335
83574
96144
93188
94909
22069
12963
39592
56154
33158
83300
72740
71752
30703
17248
14000
60104
43237
81181
97538
72103
33002
53615
55387
44994
21823
36872
86870
1358
85518
73690
83693
69092
69834
93233
64002
8255
6197
3594
64410
39355
86894
37150
27459
33949
70750
41459
10406
13988
22640
7944
86091
71995
61560
57831
33341
99735
11055
20212
1093
96574
93902
1139
65666
80089
94372
46020
4696
569
49615
69106
56276
52861
22609
83735
3163
93359
41546
13569
23699
80539
21513
26143
52534
99425
83974
2227
99161
95029
22439
16606
91603
32694
34097
73622
29135
28470
19642
33831
45391
85609
19290
18020
54823
58251
1755
74338
67962
59654
87907
91662
40193
25772
17805
92727
41550
1779
11306
57063
13160
33746
90021
21116
66440
24119
94738
11927
52589
30732
45758
14332
32694
65048
32352
3869
23299
50460
78207
91262
10114
82466
99276
50307
24590
17081
59386
66140
35212
70692
39555
48372
20790
29577
85840
3582
53696
80578
15509
22637
27663
61268
36969
76709
42668
85674
80578
65968
36134
75137
73582
62600
57603
72858
29259
98545
6291
88645
81038
41503
75689
20593
6227
96480
50170
92068
62
20218
88998
15572
42855
16661
93192
96177
93370
35860
98203
90300
18180
50689
65437
91762
13289
23040
80972
42548
37938
87263
47545
18976
45118
39586
39569
51346
52418
6092
59766
68833
42662
48764
757
1870
81778
93949
98047
75148
46161
12602
81801
64342
63291
47238
56104
92932
86631
53429
35480
24569
40692
99377
59897
85811
38963
99466
53509
7734
21910
13275
76567
64573
62039
77324
66443
60169
87625
80842
51670
33786
93444
33471
98128
73087
80709
70585
66019
83692
24014
17851
8261
81058
17228
68158
66869
72543
83977
36730
80277
22239
50005
56844
3164
28397
50520
85959
88566
38145
83153
56588
71932
76597
90059
86412
66036
87121
56997
32055
70813
81011
49906
95427
62070
67134
63585
45291
56030
63914
82022
36307
2506
48379
9504
5670
93128
76376
91630
98047
14522
91135
54635
2806
67733
44695
89218
50121
31816
46216
82177
18981
43579
32083
14408
22001
15570
94346
83645
87952
58260
82019
40611
77118
30398
50115
82789
39879
42844
90771
37926
57366
81906
92561
76524
65991
37256
65742
16113
85424
28310
14642
4406
71890
63077
35166
93891
94999
29512
93888
82951
4125
75907
23563
81243
22658
90030
80384
62537
32874
71155
463
6592
69414
93024
83116
51757
46633
48859
67870
48409
77169
98864
69167
65411
61942
4334
75655
56941
33846
69543
39893
54323
45451
79808
35567
68109
69838
15951
46998
19065
3459
47461
25657
89225
56837
25126
40982
3470
73985
25205
68232
67506
24069
37399
49270
86011
41733
24925
59305
75580
10820
99198
29903
72623
95358
81822
57084
65196
14126
4082
84261
33937
51543
26271
23162
8381
51397
64144
28203
41734
89349
96435
25592
29771
33835
74862
15782
75568
16139
91439
67500
26960
90637
13756
99583
85995
11930
56668
67544
26056
60750
68157
59993
28646
10780
83155
53379
62177
63652
81582
20263
69353
94370
45856
99124
44557
37070
31259
20125
53210
22698
3978
96522
29688
34086
12457
32035
46016
69125
15931
88425
46228
441
64770
91226
11221
64278
44605
89751
27930
42539
10014
13635
36909
72222
29112
81466
9293
76723
17944
78855
15773
38274
75377
61813
88712
87834
10201
51080
73312
26132
55857
35892
42925
20628
27118
54147
84906
88075
60250
29188
30614
86616
59175
83876
58839
88287
81694
84484
65010
15990
63339
97136
70616
55068
58949
59328
59254
69150
26761
48918
11635
82618
84810
54560
3246
28280
8707
4504
32707
85309
33692
79674
71926
9220
63550
30765
97507
61596
31601
78870
93939
94940
76006
80907
66360
51307
56588
41966
20458
83349
90885
48445
65967
92047
3005
85566
20328
28065
90070
53035
13374
40115
32709
85300
49335
12611
32417
63194
90560
64018
58416
851
75310
34422
81758
58022
2082
38346
99989
38892
21695
90874
87337
4015
82921
6694
89581
19601
34759
96003
88989
64486
52470
38050
66138
1805
67014
14908
81352
57574
78926
39768
58425
70589
90543
56535
28611
92625
94882
28600
31517
32929
19474
35206
36944
18748
41900
42877
54701
93012
38881
43690
73850
91351
81741
39988
9509
48755
54896
7213
22681
50175
46981
97458
20764
37524
53993
49375
46501
65227
94328
94370
98157
13802
45928
51453
48902
87829
94331
3604
97193
33212
63646
71043
40915
45387
11031
66776
10494
82280
73989
49527
32455
20971
63337
69571
74847
33683
18946
37701
98910
13274
32071
13419
43429
78000
64873
8683
82181
59204
12287
95726
8768
75934
66769
49683
37673
94152
16460
64520
92784
90449
30399
41591
27772
93737
11162
2620
27420
46461
40321
42682
76087
88744
72454
19516
83096
37327
44552
81629
12883
56839
77355
21651
49125
60476
87686
3151
54629
20498
84023
63765
27300
14422
5357
55072
8159
16519
74044
51931
62980
30717
10966
39068
35814
83420
74936
18910
37099
19488
16892
66334
92680
94247
87985
58157
54724
92023
61308
25705
28874
45331
5822
56174
76106
11179
27598
84265
27699
17995
52549
7031
65064
79867
62451
878
79639
53740
36141
16738
73228
53033
83072
82260
63632
87409
40418
34708
95784
18078
76765
24658
79762
82588
97184
55868
93767
41135
56485
37818
59130
25386
61202
24194
5253
23653
41425
84892
77393
77566
17982
66974
46951
17406
65586
26935
4815
22356
61644
16952
40435
38409
41610
36549
37349
55147
92417
31117
96282
65254
85287
55412
90641
46489
95958
95894
86495
37383
97139
80240
31301
15121
63566
94604
48880
29153
21540
53695
51509
99536
86999
8296
54297
28610
61197
91647
109
53614
39116
96391
18869
24403
68155
25862
87245
64113
38108
90092
17849
35247
86684
65502
66721
50251
76459
15601
95756
14351
85648
63617
13887
72648
71914
68184
17610
33111
59831
17719
3078
98947
30462
38299
39703
98617
80513
43300
79082
18621
33392
13283
53869
20076
95138
36942
86679
71597
68895
82435
85948
54543
46053
16187
43543
34319
84371
77505
83782
60555
95224
3212
75854
42038
57863
15557
40655
38376
75209
19738
56998
8601
49373
27219
45030
44511
64161
31709
16108
49408
30497
18408
20303
92902
34595
63847
43573
35319
57704
27355
12226
52929
46920
88080
94967
4783
19990
51975
43160
95199
88065
16510
20153
37438
43729
65183
98302
24242
13244
30762
73650
60093
49171
10305
52995
118
90504
96568
51789
48209
40276
64015
17490
87196
52096
12457
8331
88438
80784
51491
83637
68849
84353
3790
22640
28082
85325
20942
68676
14922
51704
42326
75015
17227
52632
44363
33698
59488
57283
85487
7697
97559
65855
25187
1107
17951
53997
9439
22741
34781
77282
6378
19983
61636
26521
42623
6070
28198
79917
74747
59472
47973
33425
50840
65201
2409
95203
98899
61898
52486
738
69595
66398
66593
94783
67505
896
48780
93296
23637
99913
70579
46368
19896
48567
72889
78871
54637
17439
75140
29384
76912
23114
62810
27752
88315
65219
39307
87214
27117
8145
87952
13065
74543
70898
7848
58401
71794
72980
51697
95432
72893
38628
41800
9142
87195
31041
4365
41833
48480
79506
87569
41744
2620
66731
85848
90935
31951
41507
94501
75420
49653
98805
88485
40548
69703
12685
98949
41498
85665
66999
53282
74911
5627
95082
405
9175
42475
4770
51008
90955
84276
54929
49052
86896
21661
34900
94183
69964
76408
5036
45384
42413
20194
50222
82961
6249
79259
98263
64099
64925
65262
17381
56188
87241
28815
56593
96416
71290
61363
63776
78598
61992
18706
27650
65240
56719
78902
75776
26683
71662
97164
88419
14075
17358
38641
13389
23608
17901
28004
87707
99178
9618
21441
71718
96859
50256
28311
9628
21547
6026
73404
16497
84370
8462
44147
49611
65181
39401
41739
8216
11064
38903
96636
41491
56262
51629
71232
96222
85882
99236
281
85060
8854
38074
73130
22066
88331
1441
31694
26230
23820
5098
42727
24542
13561
3226
90505
95094
42627
32244
3311
70043
87500
99947
11535
43762
67928
99119
56336
53811
98356
72969
55223
23562
11044
28354
45628
15727
46147
77322
41957
86319
82421
1036
10862
12334
4262
1367
23780
63241
49964
27091
33285
37464
43390
61172
97578
11319
60291
53914
65130
58647
43235
20353
98562
54279
65059
44190
70006
11207
21513
28315
97526
20286
45703
8388
48972
66317
26108
72752
29559
76072
99844
62844
13536
43234
40368
11114
70905
659
81380
36035
75659
24615
72741
74221
95247
37800
18411
81605
49007
56276
9921
62886
92914
71976
87626
41886
38294
13734
14639
67853
89806
30835
47049
19694
74069
87417
47160
61327
88076
28540
13714
80087
69508
86455
54308
64755
40608
89072
46360
5967
61700
72633
68853
54615
44610
56480
96501
82904
86566
11140
67109
76373
41975
14158
12419
32397
17927
59580
10076
22355
88120
23790
2443
73980
10246
73103
38735
67206
62175
1448
73173
23876
74081
58379
78491
35043
31211
91344
17947
17777
2485
85056
10502
60812
15566
22922
9561
33493
82502
19637
55849
86974
43428
58292
60955
70026
31395
16042
37232
9923
17490
26757
33799
7924
85136
28642
42967
16347
19986
60915
34125
38823
62323
44627
15988
77890
83901
25549
11383
82755
61539
67232
69730
4967
41876
47037
91345
73272
79431
28577
83195
96922
55334
33346
21198
56823
78340
64165
73170
14678
41432
23647
53502
3756
84627
69490
97998
68528
11391
9381
51284
72930
92966
37366
94249
51194
84403
85594
24466
63834
30523
24013
77108
85858
73711
98306
59033
52051
78824
48555
66730
20256
72203
36584
40364
56830
6074
54714
41710
33817
80448
92994
23100
73414
46712
17349
24608
47467
2944
65427
27654
33467
5792
4762
35677
79504
19421
94710
31555
98245
43266
14637
34853
31821
51221
91570
5003
73647
46284
46713
7465
26732
56060
46917
16498
2772
64266
57459
50240
67210
22886
77894
17030
45030
99008
52707
24534
18429
63770
72442
33026
23388
87079
84232
55209
54653
75802
60212
28300
38438
23277
52117
65171
79337
99034
98021
98462
63301
55480
48702
46863
94718
42948
80245
39749
41956
32953
80635
76738
13075
53077
26116
52815
56509
10348
24376
11162
2502
940
55814
40941
24217
7932
22464
19907
23318
20485
18369
2971
92318
67071
49835
3388
10019
30080
59489
68327
79385
40125
45065
8812
9554
71182
61627
82415
97882
2355
93577
385
3295
65744
41326
27513
73676
80142
63772
13346
16979
82141
16318
25649
49212
82505
29038
75583
12585
88527
60262
8323
45004
21680
33487
54559
92862
95115
36974
90744
13822
46904
7481
17118
12648
65159
60983
2676
45301
24755
16022
78633
6896
32340
4282
72460
14845
33320
64395
43783
38200
24657
68458
83204
46337
1945
37763
55551
13412
91090
62648
27235
37994
86481
44353
50642
51641
21688
69670
13294
46443
85692
91927
69691
34385
12562
58503
49230
45882
22898
9365
434
63907
77823
83639
26597
79769
37754
82148
9533
28844
61148
36768
83190
47630
97473
50184
15623
19161
19854
28917
81956
5547
37197
51647
39932
49759
26502
5514
11993
49400
14880
12428
29660
9055
12419
56257
5176
50173
54757
14710
95370
32258
51478
94912
79888
65304
45097
11863
817
64951
40780
82774
86850
94329
50773
43134
44088
77276
65001
72434
43028
96233
84862
72688
5288
13633
28945
10465
80158
83703
41527
91880
15961
9357
86793
12201
74661
31890
24064
75479
13193
81196
74605
16396
75526
25378
59530
35966
19006
40883
8400
62035
37116
9614
34723
42405
23247
80021
69222
19758
80076
10749
11638
12389
20106
98431
24590
11120
46673
65006
86599
59867
46202
61204
92615
38080
2934
68497
74047
21941
9381
82447
328
46497
92062
35051
5254
31661
15072
90828
51419
11500
1577
63058
23889
38036
77841
48479
65508
24515
29837
52107
734
92392
29663
93349
30472
48949
61846
4519
87242
87579
3319
87570
34077
11733
22622
55683
43394
54046
46512
11166
65547
64441
90576
5788
2477
68417
54268
67985
9284
457
36444
10018
92849
82459
19719
39674
31409
97918
60545
18651
85497
63864
6222
35926
91949
45196
91610
51696
15594
38122
62862
97493
2563
69790
3282
21393
38207
73902
5730
47492
74359
42175
73862
83561
40986
93582
39587
88747
91500
132
7399
76997
80349
29973
12924
72298
91521
20886
40346
7115
59008
3208
20961
77923
89350
24243
99316
27558
98145
5047
91402
88856
63574
65264
88769
4560
58846
28356
93308
66698
28489
17059
60048
25190
63384
72972
97488
71257
10210
54187
78372
69218
57395
15685
63493
63098
39928
62810
90656
54425
84209
82058
59634
64135
63674
48403
85047
38873
93112
94707
5571
21601
28118
65619
46791
91502
54943
60631
62759
65153
14818
57484
50723
88566
73169
14217
51664
29450
93379
58672
227
77588
57082
59861
58075
20756
24617
43122
75981
17729
37830
81553
55682
65948
63524
18825
73803
34820
95808
36562
99973
26979
10398
67049
31897
99920
81266
99913
29370
90997
58585
29597
68585
32019
5811
26660
69127
30428
86134
45109
64509
23964
26662
20191
6265
6538
55368
80068
41358
51176
32982
57684
78155
43381
24733
26404
43301
22351
26317
89023
13348
84902
34972
98285
33273
40783
41297
2401
87563
27431
47510
68424
67748
90524
4967
74013
97062
60335
70433
38421
27864
3415
96105
22371
63148
20838
48776
6449
59541
75093
95472
72889
76348
46797
71174
9621
87580
12471
12022
91496
56254
59532
59920
24002
50056
64888
14367
63471
41575
84800
1892
69439
4568
14349
91811
67716
35187
40587
74166
11080
15680
85990
83969
8380
32787
71495
18002
36720
318
46376
28216
56572
5909
4488
96927
72317
85728
11294
52140
27304
12447
54032
96743
17015
68381
4906
84731
19920
45493
75249
31000
77526
61240
31321
2258
10379
2816
20260
63451
3134
66637
8019
76059
88898
12508
72986
77567
98236
632
29708
41892
13079
92
54988
30094
84826
59894
14826
4746
21740
90075
52099
15618
67667
99772
17876
94399
2589
54489
57850
22075
21126
65870
98134
26376
94730
71120
20295
9318
71753
50003
51211
1184
50096
6199
31279
34922
82445
62457
56020
20537
68884
24471
36155
52904
24244
70384
47303
43185
24873
5153
81612
62351
87375
79747
88727
82105
67219
9022
7776
55324
75378
58987
56509
41826
81538
4140
93100
80335
82949
65472
873
51833
89944
53380
4737
30540
23764
52040
90077
48637
73546
71689
27340
77273
67788
32419
59379
35008
57794
67155
6684
33172
42494
63193
74998
40384
83685
84450
20719
66634
49922
37944
34820
56218
91325
39557
86758
15089
7950
93187
80079
97848
64877
23771
75121
32665
56191
34500
84025
13985
18007
90710
47157
76853
70255
38507
17237
53941
22957
54309
36927
72879
92253
71747
29098
83578
27657
32208
15020
35607
41748
11451
33455
6625
35222
8576
55642
7765
59429
56020
21750
93788
46730
85259
70642
16985
40118
4231
87278
63075
58540
40558
52307
67146
12305
97757
67076
39962
46317
82096
91921
88065
9899
25376
11042
45122
50305
83037
52887
26086
39057
90990
19874
85787
76249
6868
19124
16368
27452
22755
95795
2344
63313
64454
69490
91970
78563
36567
48285
41233
35015
40206
45650
44915
81935
56693
6389
32240
39730
75628
58326
78787
66618
94552
80926
59220
1421
50
91940
28873
39157
4087
31217
2470
84894
17060
10793
63457
53627
59078
21042
88642
15636
66693
33557
97571
23386
56298
46163
79468
31927
20841
58255
98545
15394
39181
57765
33167
55583
66057
78392
94741
70145
9609
13563
55039
43021
24356
34848
96648
99786
55891
1643
15423
22584
51552
12994
45970
7851
75510
41790
39778
96351
45
54675
11745
55578
28793
61264
27513
94850
39656
22254
64995
65618
52170
36386
8639
76526
71235
21640
92665
27126
23283
8088
66062
74835
21082
28384
99038
96592
70174
55168
9296
86571
9844
37393
42149
38637
98658
86014
33487
38314
24621
14835
3932
76791
67573
28924
69669
38808
50564
62334
82286
73847
70422
48348
65034
7857
76732
64073
20801
46906
19241
30097
33477
45437
67491
91978
84074
82501
77993
33914
20815
2614
65101
41100
95757
32674
70024
65426
87835
20588
27761
70121
94435
14535
34822
75821
38744
11554
39894
59546
74813
75488
5995
8290
20925
89838
16621
21352
72339
10966
71618
9507
13580
36719
66959
9337
85745
36983
91115
73580
57571
35228
60054
68358
49764
94876
44179
88508
22782
426
64406
97595
92266
86754
22238
29543
92944
38859
50895
81636
49825
38865
91143
79757
75584
58102
5446
77682
11437
96561
67614
85360
31790
27668
53718
97906
38896
14249
2766
61679
31027
83525
59274
23293
86631
81512
69189
79575
36723
36436
61211
2900
75302
68706
82657
67238
43160
4455
44920
70949
17369
28887
56309
65511
72907
26379
79769
11804
56981
82535
89835
88008
82412
49109
27654
69043
46974
96843
48619
49
33279
26182
2950
24933
11241
1959
92172
70753
6415
53444
41703
40136
82331
98012
5647
55239
40744
85416
83395
97725
84303
73230
85733
66716
38691
29739
35759
85665
42934
730
85715
92566
26913
88665
17499
54506
6976
9671
25259
13391
79468
66962
69879
61799
81327
75526
33390
22071
77294
16785
36148
61598
90015
21881
28314
28707
67973
80425
30724
10907
81156
32791
3473
24421
37808
37325
78927
44785
63348
4186
74528
42816
87501
44408
4616
85180
19934
54358
23603
13581
71144
59751
75179
61159
97984
19845
6218
65957
270
36943
93217
97778
86086
13042
22199
23895
50367
1126
68680
13716
21665
43208
56532
25518
87616
77500
27050
23903
48211
50653
37484
19355
26756
29015
96866
24740
48860
3085
7050
65482
56380
267
63261
42466
13309
85460
66361
63677
2939
51393
93745
24604
94602
66629
66474
98570
60482
93524
22473
8693
60529
76309
28048
87285
5324
41266
28377
54184
60703
35427
19667
33435
52046
82928
75902
81708
84740
58615
61737
87679
26361
55482
12283
20963
38463
95109
19533
98945
4985
58359
7638
65514
34668
52038
69151
39993
9657
97529
94177
70360
49308
30196
3796
1355
29476
96050
83063
14217
71017
61152
1896
97378
16634
30532
34693
55097
25641
54227
70395
30627
28938
94385
12493
63606
62776
81645
3599
72433
79174
14129
42793
28482
60677
46589
46189
90154
58991
45604
4371
30009
6756
22619
27387
39742
53151
62081
11192
95145
32660
81587
42124
77950
92324
54617
41556
55100
36262
61508
27533
31788
91989
86679
60271
52666
49620
22812
59172
8612
84769
79895
38621
91525
2515
82360
47620
55666
60793
58812
67163
9805
56751
9287
87755
49075
63905
29312
4176
16519
7172
48061
48308
99161
34740
24931
68179
713
64095
27352
9325
48864
7247
64298
40390
26114
46658
88010
98133
23804
63174
65296
33609
19925
90936
37717
69000
54841
67029
89528
87712
90553
53942
36020
6066
88682
60951
74245
5747
25047
17949
15072
90263
41549
79370
30653
67663
42381
35015
82148
66185
14541
47445
16146
34466
38381
53863
19819
9574
37244
9347
97286
27797
63289
49659
50215
68324
26962
24461
74071
52009
58762
5496
42273
16663
1218
89278
679
43599
40646
82827
26136
55187
46624
58635
6006
1357
12498
25825
10931
66095
51524
24570
10244
31166
74229
60460
15842
1191
1273
89913
69553
76387
11761
28178
93051
12980
33808
93730
72931
74454
92909
15420
45994
39534
74055
52000
40891
2905
94177
68175
69000
45701
9097
79245
93219
83326
56057
9061
869
57330
15327
86774
33717
27088
14952
43120
56420
65113
36850
29352
39567
46112
44772
1913
1998
35179
70265
59241
38084
80794
27416
7085
42848
52865
2682
36067
52543
58739
45129
53413
16069
60456
56539
66138
3896
71492
9259
60317
52957
62461
6021
92524
8573
67145
10790
10571
2324
97407
69813
40408
78202
13581
63845
21050
66447
66527
57117
35342
25266
18598
5107
57687
79054
61647
23826
99303
49491
49437
59620
2448
11898
81993
11324
36824
49138
22114
63747
51462
19522
33560
8222
14076
63494
88420
35126
46293
54947
8595
81635
96566
27194
86743
54253
6248
64742
94431
5551
14233
60220
81523
16681
72119
63516
28005
8943
29006
66472
72690
96820
2346
22603
5043
16422
2449
93463
51548
65094
64762
60143
63081
61328
87337
49824
31934
9938
30918
42717
31841
45151
2938
29717
61832
91409
93233
6190
352
38592
72662
89394
35412
75008
28349
56807
91430
47150
66622
59330
12244
31385
35825
75326
9065
39515
41502
57351
65805
72421
69
97646
17572
19359
27363
95757
10768
36949
1947
27472
75541
74609
33218
27305
65969
61568
84113
73751
8718
50735
49433
37315
98472
85258
12641
7538
41125
70495
81241
23282
42916
81310
20929
76841
17021
64644
72598
27789
17945
90897
71613
9838
65506
4832
37144
47827
82752
21257
21578
7822
88344
71011
45137
86817
72621
74130
10707
30099
60978
91948
53381
3894
89611
90662
97087
6632
71659
86037
50774
89604
76934
22387
15795
58792
43571
52939
6619
26323
90548
44549
50498
95244
15560
11987
82061
4534
86118
9120
50985
47096
1069
4366
67342
7032
95029
80782
13664
66688
66819
80790
72644
43754
19530
4791
18898
63101
74082
25518
5777
80982
70067
56275
76227
1980
68262
74640
22866
70732
83761
73851
34180
84830
78217
1523
91862
89598
82305
21878
72638
65476
19021
61635
25582
38551
66426
44481
1652
40509
69999
7429
21491
56418
80056
97718
74750
48319
72359
97616
19051
72472
87819
53232
73654
66037
71107
81868
71987
69764
3746
44626
51592
22767
6261
77175
77670
89039
21656
79323
45900
8007
3104
83744
80777
83161
81462
55528
47832
70173
69496
83235
58997
57316
52819
32651
39705
40278
14519
11692
10042
34618
72670
77987
73737
95283
55162
51408
84323
93170
30731
46575
17529
50187
30319
98306
49700
28134
70186
97532
14659
56035
97120
73657
29703
49939
6308
69408
90218
37180
97452
16612
71798
70123
94599
45535
81758
66113
13295
82433
59283
60378
29009
93164
10566
59328
91471
60266
87462
78009
74151
18474
50396
87623
92131
80099
37562
14791
65859
44132
51971
79664
77097
40121
66139
88048
2009
47897
54162
15304
30331
29797
75683
75692
22962
2601
35020
30785
79219
38835
8794
69722
57309
75543
57345
65792
71994
11260
80583
37854
55392
48907
33870
48841
89028
9
36890
91037
47906
91052
22694
94589
20849
98377
86633
43811
17330
38006
74596
96549
76841
99743
66272
50502
75286
23617
32646
63632
34877
29581
1486
6622
78488
35356
55463
83869
51717
92353
74906
15976
99757
13952
10565
20607
12329
97199
80770
29659
35205
71719
42561
28398
71462
8833
95252
63100
48802
27898
26732
83680
73831
44571
6654
52320
96279
62117
36189
64349
70823
27447
80325
70580
57752
90890
7539
70081
4441
4662
16093
55998
76381
75006
84396
64195
83839
96000
43647
48993
40250
86731
49025
14082
47654
55679
82754
43934
34149
35295
8283
4972
79094
88608
91904
36846
95850
15796
23280
16644
20458
39373
72642
13191
14379
73391
93738
14570
85743
37385
63563
25994
24116
12589
56428
71771
84620
39182
32057
18769
74477
56692
40093
53571
61652
48350
90418
73854
64146
30050
90498
956
69423
79493
30499
154
52884
24237
31076
38627
61622
10991
80973
2090
39932
37401
73861
24553
92935
22270
59674
67412
78962
99768
37336
56966
48118
44106
30821
28616
74156
21319
29572
59931
812
60071
76437
70048
660
7513
25028
62282
18504
6001
64372
74789
59755
54586
99342
52690
76856
59016
36455
72171
75136
73791
29137
39606
34249
59958
68222
8405
97630
14146
68336
98442
90569
61125
84843
91229
68638
9871
53511
3494
32224
34236
78283
91979
88822
93977
61022
82030
69346
97477
54201
44482
71268
83339
84089
21869
43297
68663
30274
40927
82810
14962
55722
89731
76087
40565
80961
61077
66788
50824
80923
99012
1412
75559
7344
90234
69536
68366
88617
55234
65843
42818
99717
53463
26157
158
75332
85807
85173
21958
43086
84335
53272
15160
74067
29359
72077
71380
6788
38865
38556
4063
54230
39969
79622
61574
46555
65511
29940
35172
20745
12135
77991
36814
65598
20500
53324
57282
22659
38498
79240
82098
39185
48864
97258
29604
94575
85688
984
1363
24553
39541
5426
78783
95862
1401
56709
42417
66912
3001
93942
4009
15136
71933
40824
97086
8785
10500
54368
47797
48998
49960
29895
4536
98824
43505
34140
93399
29193
51477
11114
70099
91018
32893
48882
3232
34294
21944
45649
1206
24945
55943
5215
40082
27876
62391
37168
53014
72892
7889
811
38242
74201
47058
42778
73026
90563
93271
82777
19757
44748
93892
89856
52118
26785
55090
55350
77431
93386
17351
78637
18332
73295
204
58414
17523
78948
11934
70537
68192
36175
87700
6434
10377
34758
65565
83403
25322
58836
82532
61431
3584
76424
67639
72054
19561
39081
27404
96992
32468
44755
91981
50800
34402
8538
25566
51926
3838
53852
38815
72030
90028
26516
78464
16757
61274
60381
160
2948
19217
99044
80731
39153
91821
48370
11207
11382
87452
54963
24727
36272
16071
33060
3424
50473
57950
45342
18751
61788
99194
57567
50170
5574
435
28635
22331
78061
5368
38843
97362
40938
37888
78093
80091
46061
26464
7651
73795
30268
62614
98522
66540
78685
47935
69964
45511
22237
31658
80614
378
30852
54533
50548
52779
54968
95535
91462
49382
904
30306
46744
41842
84546
24837
38285
30607
51301
62288
4402
81569
24903
19277
64461
19940
83564
50777
81803
5801
82435
62418
22531
29640
16951
73080
82419
88272
84967
73881
37654
85871
20539
84398
44065
5085
9235
98703
52044
76889
60991
72799
74810
2246
92076
55624
38539
75640
6401
20342
97793
5189
99112
20325
34829
32416
9757
33600
20688
94724
23833
74694
96948
44373
75444
57365
65810
84679
56068
34207
77920
33412
7006
69083
35658
99082
24707
74197
91074
31108
10892
5219
52649
26356
41896
87478
58772
68005
37430
95812
79082
61264
70506
76030
5637
45950
49747
87799
46982
5816
22006
24902
55580
29012
10337
91238
44446
35044
81788
35520
82505
9032
57092
35154
35388
15340
38985
94161
83346
76415
89973
62428
37679
76832
38458
59668
22782
4557
63820
86116
26725
85826
27371
82305
14839
37708
73544
75637
72753
71684
27510
55258
80716
84602
6764
16104
99942
45749
26617
83288
38517
16591
62068
76196
93423
16878
52217
32557
21436
16037
18674
48161
1863
46045
30467
33054
83753
20363
8692
72858
92047
36202
28116
89115
37156
51233
5219
53450
96982
31837
36739
35499
64780
98807
28048
74555
32038
96617
7112
53474
12654
25786
1635
30869
88183
48454
80276
71937
68817
5320
44795
77216
57874
89264
66331
95030
40497
87903
48480
53831
36092
1571
5683
872
16731
33731
75427
48769
30348
98891
2243
59354
24678
20230
90223
29213
68685
86851
17502
37502
92171
62298
14719
50045
67914
97402
45075
24763
85305
9908
78594
21397
27831
629
38621
44562
34360
14048
9683
81060
12940
28278
40414
53970
48509
46990
83183
17194
33841
686
71048
42365
79336
2119
92410
63602
99522
53838
88365
1179
63746
83311
38929
91577
83941
77550
52492
34653
91599
78527
32066
20891
6806
88832
91213
55315
52174
74396
88861
86016
91434
59909
28381
87122
62029
37143
50724
77903
90981
55441
95434
71079
55105
34363
79009
55398
11914
47853
6403
19865
26380
38469
40756
33186
43654
31969
88501
95828
22717
93714
98196
30504
53624
42929
17626
32005
80073
84703
26260
87406
56496
21694
58486
27953
56058
37495
83351
67972
85348
6107
87837
11728
44576
44945
61267
4582
93266
66120
411
15983
59835
98607
62839
29811
41537
96818
61816
37962
81521
88076
25368
54369
26122
83854
82323
82180
37701
82026
66504
39401
88133
54341
67482
49062
99286
28749
53644
8904
94869
54055
24888
71056
69015
4079
867
10552
897
79035
64866
98770
83463
90234
53140
9586
90441
51815
91766
28142
33841
58271
83896
21975
28964
51378
71037
44603
96479
24681
53507
7700
95089
94747
78757
64104
98827
95976
91008
16076
75012
55874
14847
58475
62460
67987
68061
52901
19802
76180
97396
69995
50803
97644
91970
79767
49022
79359
40722
61853
20393
10582
69553
15482
5329
64662
95938
20508
60639
86946
36585
52003
59172
51432
10478
37984
35771
94892
90886
71925
71072
4634
41920
38227
2278
50243
17994
67652
29602
75069
29505
66347
85651
15410
81829
90980
96425
94119
27841
57064
97417
64426
25419
56589
32210
52249
10926
67981
47141
1812
56258
34565
22798
98178
72792
41428
64773
7139
9080
10728
82208
54937
77075
84211
70347
75257
75191
66772
69376
19384
40188
66794
83810
65607
39735
16020
17857
50661
353
81350
68825
56611
15916
91623
71142
88708
33051
35915
12199
58483
46643
94407
13420
23719
94970
120
98976
70162
66892
84704
5898
23433
51498
89709
5392
7586
22081
39601
58247
38787
20952
43425
95398
53220
51400
82892
58280
804
18808
70480
59287
81803
81239
89060
21874
76210
89180
20850
62724
72424
5555
68622
95857
73405
74683
17602
80991
13117
57203
55591
51904
94507
99016
63654
47727
50416
46547
6008
51220
65355
92840
26860
63510
90431
15920
85385
66641
5100
6235
45717
77524
28142
30692
73382
17900
5375
90984
98891
18492
64539
70834
86748
59047
69850
50403
23126
36619
96950
45486
4191
78657
38326
31051
42167
28758
46971
27552
11751
52071
50140
57469
29596
94634
4513
19330
12534
9888
26666
27778
44733
91205
98612
47833
66604
84815
98236
89731
21434
11538
35217
25625
90195
89896
73029
48715
18654
20000
76267
46757
72072
42759
20578
18020
37394
25091
53702
66280
51332
80368
94058
96065
87925
9023
60250
70882
93838
58487
60613
31624
70025
12182
73601
76573
2078
46630
25288
37084
66631
17907
83842
55055
77019
20772
89427
14413
45864
43129
80693
97196
39849
91104
9613
44126
127
69863
31360
10317
44702
91973
41941
31080
20508
31894
24005
38938
78525
65645
76023
61508
83552
76217
32915
60571
13341
22342
91336
59205
81823
88382
72753
38024
95838
98718
98502
95965
68582
29863
22634
29636
38188
80927
60716
58696
12821
1073
13987
7698
66718
90010
85558
66623
82579
18473
27194
95920
57167
34883
71478
55342
39617
44231
93366
35455
42950
8221
47772
27884
38084
70406
57520
76272
51333
34589
51321
64154
35662
65308
88205
18733
71670
73763
85356
70601
92237
28902
66521
65756
63785
54351
21099
19754
98583
30817
55209
57885
39038
2981
2121
93474
89739
75993
69747
41072
10582
37420
21579
62597
19080
26136
97682
90750
99899
83038
61351
8488
11940
44224
74245
92078
98576
11696
11832
13511
58865
83394
87748
97904
86375
89869
91378
92467
65862
77477
33539
92797
31249
71470
71746
50329
97606
69428
41079
13858
52466
18782
22346
64406
79359
12943
72836
77935
40991
84669
7798
99857
68063
95546
14113
70790
1767
21843
63257
67629
99321
13149
76778
46922
971
48524
97252
14930
17952
54683
28788
86770
73466
67486
67529
52825
80430
40365
47112
21421
41386
71262
37630
25801
66808
51743
96592
68575
73587
76201
52556
89260
5702
29335
36182
23026
94211
33434
37956
28516
4470
83096
15286
77936
50582
99167
47113
47364
55885
10577
85138
97271
81839
22768
23073
64999
90864
36017
49926
64451
28570
2482
70063
50625
48169
6245
90003
42381
56032
27959
87249
60502
27407
2535
54790
77989
18055
18255
41706
73940
45184
26844
87563
27023
65964
10636
8374
56828
63005
58300
21279
7928
77134
7694
74905
25304
13940
64908
84037
86324
9219
71286
63178
36626
90173
17968
30967
8228
52575
72673
98520
97759
15869
86084
41134
81834
13072
49508
38662
76078
7808
76294
358
84942
83988
91615
26598
14280
56523
26987
16956
65742
14625
80134
18720
21151
14454
66039
29379
67029
55065
27900
81140
70934
13984
22274
69120
43408
71782
24135
19486
95942
16781
36196
97237
769
27811
23835
31402
686
67175
48358
82780
98152
44845
1500
19303
59299
83892
65035
26329
38957
92935
7469
9891
23271
46096
79012
66679
17878
19499
2518
13821
36280
55066
11058
53401
99230
51245
84803
99916
34772
49514
99049
32925
94359
549
52228
53658
793
17263
96339
39750
26550
20161
49642
66173
66257
45006
49205
84135
64505
68075
14308
785
39493
41718
54186
38723
92964
55342
54992
44088
21208
54041
77013
15567
70942
45594
85577
71736
79209
81917
11486
22112
2078
77480
4637
84687
38838
53842
85174
19695
38269
99483
36832
77763
57553
7371
32838
50517
62713
4182
10958
83921
58223
87971
15840
45518
49917
1417
17254
45479
83334
45092
67591
1764
22573
72228
2803
77763
42423
87978
97459
97044
3813
34291
74807
61366
41662
23998
28236
20727
28180
39194
21000
86404
43517
36840
48274
93435
38258
65528
38914
37944
10620
22857
56061
49545
11437
58864
27309
53860
63194
41120
50905
67007
75411
42064
28374
33426
66062
56610
70505
10595
12156
91506
13351
55673
28346
61625
65460
82956
27153
20726
37253
54125
43583
9666
20023
55021
84882
63684
25233
48077
4804
76138
15084
96567
34555
59810
29993
16969
32772
499
27564
44928
8357
40915
602
53055
18892
82414
36012
46045
3141
89617
16523
63076
99283
52898
18097
84165
16582
59683
48594
21386
52173
63679
34305
86728
23489
80651
3698
56262
97502
47614
17542
5859
88530
34496
58914
7422
16911
11278
69820
36404
895
2695
99480
16530
55593
33930
17048
72175
93613
65642
9913
45786
45673
60570
32515
85515
41221
52565
58129
38723
179
75671
44582
5061
10168
19849
28836
27079
31127
15008
63483
48375
17703
79315
81257
89648
13245
14657
78175
23210
80300
88088
68997
42325
65010
17864
27840
6232
86781
2321
44955
86960
77993
5890
8374
88161
25739
37210
31592
73218
68570
11427
21593
86273
7094
2851
75921
20340
17508
70448
43550
14160
74888
28899
72838
39898
46763
17030
46130
33544
19352
7438
36857
97345
29680
45231
1858
55419
98793
49802
28637
67363
77581
66583
69988
84675
85786
62261
5015
3294
32709
64918
33807
7597
93817
6645
47495
56933
23675
9978
6829
59379
17416
60038
56724
47096
21621
74934
18867
36766
24736
63856
4129
18669
46791
90469
3345
32577
52730
24712
52224
1791
5982
86031
9388
16152
9028
73236
89437
49055
83214
96266
8435
16982
72657
81511
80430
94278
56446
