7343
23966
4444
8289
20056
715
13321
6840
13426
3165
28331
25443
21185
27454
18496
27729
17746
7781
29400
29391
24399
5573
7924
3305
11935
13506
21396
20100
14353
13649
29085
28048
7615
9882
6337
4024
10597
19658
17216
375
29175
15547
25818
26712
19354
20666
24441
7100
28448
194
12843
29199
5767
20768
8856
24055
4274
6604
14155
24979
20253
19593
23027
4221
29475
5717
8245
10072
1727
25461
16799
903
17361
12617
27615
13067
9635
28409
26519
14435
28603
9363
13634
10722
6483
22491
4777
17109
29095
25285
12089
25701
14878
11468
29922
20705
23537
14519
7129
25265
16332
23928
2520
3693
12897
135
23112
22532
4896
19632
6968
3499
28995
26954
20574
11830
25797
25351
28939
1245
26988
17380
26946
11866
28849
3220
8923
28738
17739
16052
24003
4071
9980
26523
14117
22877
3011
7229
21762
7907
26861
5082
17759
2208
2036
8333
14038
27834
10036
19330
29079
7025
6710
2377
25243
11911
5597
4167
10650
23336
26571
11005
27407
6552
13881
17876
5781
23244
25106
27543
1151
28319
8977
25262
528
11014
9947
20918
15200
19984
16600
20631
3361
23311
23008
28604
11574
28605
9123
28576
28293
5695
9582
2052
18599
29815
19929
24380
23059
15035
28276
562
13354
7253
25825
20234
24619
5772
17505
16171
2108
4105
6802
5469
3768
29810
10426
15343
28415
19549
20271
3060
25244
29853
5113
20195
6020
25042
14576
29079
10077
19204
29642
29783
2809
1819
20018
27429
13943
7523
13600
16052
17980
26755
21521
21749
26565
8299
13444
1333
27849
3715
4393
29445
3569
9506
19641
15941
10900
10569
15021
20977
29773
14663
27113
2582
22834
23483
6363
6777
7358
26316
29181
25338
23071
27055
23439
25988
5354
6883
27321
3203
10599
8067
9001
20520
23925
28642
6461
4826
9211
21482
25803
15336
12497
29268
24270
5331
29103
634
18461
6461
3302
17642
8152
26373
14697
1591
22361
20052
8475
26035
29607
19074
10454
8608
9594
4379
13602
16055
9205
22813
13890
11361
8149
26387
10629
8772
8071
9733
9406
2884
22546
12708
20526
698
15433
11576
8642
14146
7980
17117
16533
7587
6191
26987
16196
22137
1367
29798
14544
10572
28964
28434
21933
13465
1174
8915
22237
15597
18648
7995
18481
17546
27055
9007
18245
12488
26935
26887
2987
4915
20356
19520
12503
2899
16508
5051
25036
24227
11201
9580
4799
16517
14367
26733
29983
15541
5648
28572
1138
648
6568
19619
18194
9975
4978
12791
22464
1914
16030
25451
6829
6386
21323
25684
9285
14183
7087
4321
8410
18289
20254
13210
11158
4621
16295
17493
26514
21943
16066
4004
28943
28986
29975
23489
8961
11305
6281
7777
19571
22311
9580
2753
28698
904
28437
7983
15087
11877
18657
23498
166
15263
6708
11324
19884
29355
5170
22750
27650
21236
3106
26593
26574
9433
20082
11887
20738
26363
19665
10310
25027
5597
13063
23725
6501
17852
8060
27941
29729
3069
21439
6247
18332
4499
23924
14568
10206
29094
7318
7856
26682
16776
4449
23256
26209
883
11495
16948
3599
1160
3610
28626
6758
23025
28703
19611
10877
6763
17552
16959
9833
15343
29558
28165
26194
23482
12734
6400
28928
26404
14256
25610
13181
25057
25218
9390
25941
6714
2690
29540
14226
6300
28166
27336
5677
3221
23300
16555
9984
17204
9866
26169
8900
9424
687
5094
2907
19773
17847
8187
16177
8455
3798
5710
3513
5368
21453
5806
12082
24143
11698
2661
6796
16216
29997
18825
19437
29649
5380
5773
16854
21598
1943
25754
1023
2630
7200
10282
28755
25047
18469
14932
9855
28619
20643
13368
3988
18448
25526
22422
18943
7224
25083
2091
23440
1433
20917
12877
1082
2649
18650
24288
24248
26945
20042
1623
5927
27243
18257
4682
28642
13078
25967
8497
11698
22962
28217
22038
11410
23743
20812
353
7319
15896
2445
759
23681
23362
19988
1115
26011
14991
25404
26611
18288
15446
28234
24216
19041
16491
5250
17684
5922
1217
2533
23972
24179
751
16010
5589
846
6822
12295
8166
29070
21092
15277
29103
14454
11618
219
16817
26609
25623
19781
21249
17421
18015
15465
12815
10859
27068
6851
23133
28285
9384
17105
28817
16487
3115
10758
17334
16289
23053
1852
15360
14145
17129
20815
4951
28747
21034
28121
1708
23009
17902
22958
16783
5917
14775
29598
23128
11843
6449
16261
16481
22185
3366
15298
8673
12833
26056
26007
29123
25462
27859
20835
9607
21340
11650
20911
26440
9037
19032
28148
2046
6934
27458
18829
19203
12234
24779
12332
24077
7580
4945
16910
29766
14664
2208
8439
3849
4617
10798
9324
79
15009
159
9686
6349
18162
597
9141
3551
19629
7290
5597
2915
4748
779
22119
23334
1910
10803
23764
9491
22100
10674
15609
6764
12883
24048
10614
17500
11198
26290
23931
26207
2802
3617
8908
20964
10567
18050
867
6548
1692
6464
9464
12792
13595
7935
6127
21858
18738
29891
1349
10838
16917
16958
23955
6152
17358
10921
4
28556
7211
23935
1115
10013
3905
16375
7329
14472
10777
8196
27372
12469
21013
13188
25262
10960
27475
7741
2818
16213
7632
10519
3404
901
27477
3711
7054
21187
20984
7058
19743
4547
994
27210
20913
4899
19938
4594
25723
715
19143
29447
13185
10156
12636
14799
27468
10111
22540
287
2677
6524
10806
12433
7425
14636
22496
14479
5823
13480
21538
1919
18027
28884
5481
15292
3783
25419
19887
5858
26135
9030
5305
15672
25538
24293
471
23006
10757
23011
29645
13434
5887
16804
2219
13312
7792
24715
27792
19967
14547
25682
21886
2574
918
3720
24219
11053
29139
14106
16911
1626
23136
28568
17298
25026
22862
17769
18032
3619
17132
24030
23405
23019
10834
25624
6332
24978
26691
10476
14945
11238
12510
13184
20164
13428
16904
14383
24481
16043
4841
17744
24022
4329
16312
11320
29355
9174
5442
23740
19145
22574
17770
18902
21946
4956
14526
4630
6286
17569
21458
21231
28807
3968
4415
25324
23748
21319
9707
18229
13715
14549
12325
7737
25230
28637
25409
24586
14164
851
24678
3309
29778
12448
22212
21724
23756
13090
26354
42
660
17812
21273
5819
28132
2041
1143
28232
29712
17203
16461
13427
8104
28786
27516
3334
3775
22926
4272
17939
129
28950
27601
29907
17750
19813
21631
11506
9255
24337
17900
16267
18501
15526
22087
22985
17567
29582
21217
17279
16785
7678
7059
1241
12816
10927
4576
22944
3853
8848
10883
3983
14151
8484
3890
1901
4649
1874
19760
20257
26211
7660
6524
21065
23186
4963
14050
17105
4546
5268
10737
27683
19298
17796
28925
8467
28723
9853
1411
8929
25053
18646
19264
9204
3483
29506
11106
8132
1380
866
28389
3944
14878
11266
25009
14417
16229
9059
1522
20775
14327
18611
24811
9978
6407
23736
18445
11483
3589
19856
26764
28642
14854
16028
14199
18337
15534
25305
2822
23267
2523
1211
27211
17401
18829
28572
8170
5059
7631
9693
2186
28311
28304
26997
8289
11064
27085
3086
28899
7026
29294
25663
12021
14148
18043
26220
2486
9929
27877
5308
3196
6752
12871
6759
505
1701
5331
8676
13112
12963
24721
21650
17626
23025
25000
2267
10441
22085
5353
9340
29112
10999
11355
17485
25147
29398
20057
3985
9328
17934
15645
18876
1038
28517
25636
1543
6570
967
10219
26034
20282
4940
17684
7908
4318
12684
10175
14759
11122
21880
452
10234
2879
18159
4071
4379
17558
24128
8364
3238
12062
24010
22114
13100
28879
24102
20995
5449
25070
7567
7835
15352
12507
25519
29613
23177
8204
16140
14289
19326
8021
21093
5912
17252
9252
16335
27983
26810
10463
6348
6400
28877
6710
4867
18329
5589
28969
9324
17390
391
16891
25225
15744
5751
20744
15357
5280
5300
7849
19569
978
22222
10662
13242
15827
19915
29577
13810
23077
16392
20158
29478
15269
26868
10697
9950
2457
9666
25627
19847
10058
18870
21424
2154
973
12169
23863
6254
23821
1712
2175
1152
287
12838
14394
16114
9105
20324
29924
2182
6716
20083
8012
28338
23303
25061
14640
2113
11080
10267
21960
21138
29138
19737
29644
111
8258
23507
12717
2079
1571
14893
3231
1858
27731
23978
17972
13188
20654
17897
21722
27370
14332
6087
2060
7635
1148
16701
9748
12228
3320
8061
9718
8810
27798
9362
8922
6056
9221
27991
14487
17145
12884
24071
19003
16967
24401
13328
155
15055
7577
21878
18777
28261
27965
20838
5896
29113
13891
21997
11342
17211
6410
27412
26022
4208
6775
11296
16616
22348
9287
7455
9493
28524
1526
4849
15491
2279
24529
15647
17334
2106
13877
6112
367
11842
26950
12615
17307
17193
10964
5001
10756
17374
2414
13130
27934
15541
778
14550
7889
10066
28358
17383
8590
6236
22232
433
8516
23113
16080
25850
25219
29957
1962
1938
18151
5264
20905
5459
28809
1870
16812
9566
25596
19226
22696
23531
4767
29827
14433
19009
9893
12791
6392
24835
19028
4976
25268
3896
28089
17701
29746
29660
24010
8061
7950
12162
19677
5207
23973
18487
13429
10785
4405
9026
6364
3453
2557
17483
3280
16990
6492
19525
29782
12884
20712
25162
24212
15981
29058
28653
10034
5156
4665
10396
13217
12615
22558
9247
24175
22883
4086
7604
10021
8491
22982
22737
18296
25539
10220
21577
18882
16713
17454
25016
5949
8167
20178
6514
500
25588
5167
10534
744
16185
20930
20314
28800
19841
5913
29327
19076
9999
6932
5449
24842
29914
28186
13138
1806
8407
11067
20688
1472
28522
15704
13773
6689
12234
26639
7189
7822
8159
24075
14918
24344
21357
11584
23144
17550
17497
28824
12979
3848
5756
18428
28690
12022
16615
11829
20180
1374
22896
10868
9198
27770
2924
29323
4459
21510
25963
18000
5684
4122
18427
20603
28466
16137
8539
27962
3687
2389
26786
23018
6237
8894
11447
4928
27269
28062
23109
17449
5788
22357
4670
14986
20128
13946
14309
24587
5457
16624
18940
11141
20746
13719
8096
19212
29856
16636
23527
9896
25377
20313
2914
1614
29208
14361
12894
26477
18775
6003
20278
24563
28361
24948
15901
24841
8895
6563
19428
20704
23187
14720
1845
20286
28440
16294
15850
4648
9282
9377
14544
4659
29691
17459
12625
5251
8172
25520
8080
3300
7875
4710
27863
12588
29659
20117
7429
14906
3032
3210
11962
2571
24282
13807
22857
22722
101
8708
27371
9383
24437
18267
20394
480
12078
3020
5731
20251
28540
20163
23551
12767
24874
27766
1708
885
24235
9137
22143
27267
18699
4105
6191
12982
24264
29048
12056
718
14108
15779
10101
8546
10399
6848
9026
22477
9868
21110
19080
14760
17625
18983
27527
12499
23102
5587
19736
17337
14725
18231
20957
9776
22336
27148
29110
22953
2548
11167
23671
16657
3298
10124
1555
13697
16972
16933
12527
26840
8043
1607
17952
25669
26943
15480
14520
20045
21067
10609
13734
12144
28840
4691
28273
27529
8191
27383
20482
10740
14902
14153
3749
24553
24277
11656
14602
17602
28589
27129
20794
12985
5089
8747
15006
2032
24227
29526
22077
21646
16487
5811
10143
15328
16855
14768
12857
25046
12151
3339
12138
3406
23844
22239
4311
24473
3895
18913
12075
8837
16043
2870
21822
21132
11617
13180
23164
12196
19058
15241
10194
5546
27404
26689
20874
14259
11457
3731
9306
29961
13422
27796
9719
7266
20036
14030
1739
283
2943
13815
15472
18986
23037
13646
16470
4654
26826
9634
23202
15885
1227
3396
21431
28632
86
18657
19243
17895
22388
4901
17856
12162
2698
27575
19428
29086
11605
27519
5721
14549
11334
21194
9887
10723
4840
26358
21729
8019
12344
14931
23904
13572
18328
21687
18556
24766
10344
7799
12661
9084
19053
518
21246
21751
4445
17026
20837
16051
14545
2910
6952
2232
24104
16839
12955
5297
19549
4685
13316
1894
25968
13572
21818
14296
11611
16726
15414
28307
877
28076
7391
19930
4946
4989
11681
15743
22015
8870
8146
6560
11781
15098
15144
12237
8290
4452
23886
27839
9137
13554
6085
5105
27126
27903
25754
15089
20981
17520
13396
21859
21948
20787
11789
3246
2128
29823
18990
24143
15045
27136
7056
3178
18587
28552
15416
26877
3004
9302
1068
12141
22857
7154
23599
26335
11409
25705
11425
2391
13225
1173
602
5174
28313
18743
8420
441
24918
27410
937
9964
899
14345
19494
19486
12897
4910
16363
15902
20565
23783
4395
19774
937
4346
22461
18699
51
10238
27442
13277
11412
4396
24803
9725
23139
3223
16518
24410
6986
17455
4374
14237
1800
23868
3723
14698
5131
26438
600
2048
20221
11347
21822
27511
15694
14283
22562
15745
24522
20004
5374
12286
752
177
22011
243
9753
14881
24653
23091
2337
5379
7328
4137
5600
17403
25187
10731
13841
2139
12779
10414
13487
10953
7925
29181
1588
487
21278
2462
26843
26653
14748
3947
3182
13111
4191
19287
27993
28844
12378
330
4224
26058
10819
9824
13461
12359
26907
3654
14498
16038
14069
4337
26991
21994
9870
4931
28834
1149
7394
2029
27802
22142
5977
7336
11606
10168
26624
9599
15364
15354
16281
19588
17765
3452
5764
1226
15811
2671
11233
6662
18709
25302
10999
22052
17296
27222
26984
22482
28371
4378
24512
2525
2872
6841
9861
14478
23361
12837
24077
8725
4544
16710
28314
22309
20163
4078
29887
12326
13102
11120
25340
1811
12774
12692
23864
71
9914
27200
28905
8285
1578
29769
10810
4450
6610
27023
25281
29971
16213
25710
8697
20757
12421
13363
19418
8936
23793
25657
21262
6895
13130
22955
15059
25904
5647
8923
2327
15561
6123
1233
23846
14053
1002
11008
24855
13965
8031
20136
20288
24244
22199
5337
21353
4620
18700
10771
19908
18846
12781
17522
25741
25911
10477
10800
21815
16124
26075
24143
1685
8550
25376
1883
28955
2730
12891
23811
23047
20923
20299
19688
21519
18850
25025
19225
23470
20078
29996
19730
8924
12777
7253
11017
15040
17730
28170
6856
10207
597
999
11892
15500
2727
13776
14455
11809
26667
14618
11209
23942
11270
897
21814
120
25922
11039
29943
22352
17387
19673
7628
6517
26926
24998
21557
21009
23168
28413
1216
117
5764
19460
15617
8491
3236
73
26653
6256
21043
7862
198
2313
15111
28364
2434
17385
9403
2377
9738
26791
22050
17366
3308
25329
12364
24865
16338
11884
29631
23906
12002
5395
13366
3971
20239
22955
10396
23244
29211
1440
7458
5761
3753
22569
4126
6187
9954
19881
8564
26044
16672
6967
13411
26332
2296
2127
27550
24986
20364
3533
25244
2366
8928
8610
6337
5519
7917
16734
28763
7128
24526
12573
19242
28279
5142
29720
10819
21449
19601
19383
17493
12626
2702
7256
8958
11350
9384
12860
12688
29748
16393
7932
8466
1674
22895
21155
7193
7164
14241
12309
14293
8767
24882
9887
7047
6377
9607
24218
27826
29208
13601
15319
11834
22656
22576
27145
10358
8312
10005
23047
8060
26399
7331
22878
28073
6578
14033
11618
13743
4627
23927
28036
13394
25162
14275
26793
1539
23882
21011
29365
29442
10965
21036
11277
9973
13612
14774
20331
28276
24779
13378
12688
21178
27062
5566
25603
3640
25952
7222
17383
6931
7501
21771
20325
2663
6046
23471
4202
6280
20834
9919
5723
8151
956
23352
18124
20920
8126
14808
19197
2905
28186
8237
436
1600
13804
26039
5241
16108
9613
22624
23039
17115
14396
19716
19778
26794
19539
333
3075
10374
10252
8798
18525
17560
2150
13002
8481
10276
27810
4030
19533
2348
12267
19969
3949
2423
22361
15542
18531
1974
8166
17922
25441
28914
7639
21572
25709
27178
21905
5136
13904
2157
13934
8782
26070
22436
21784
4551
9064
25946
14933
4949
4646
27200
24919
14947
5976
23632
489
24507
1958
8656
12430
27400
13922
26421
18972
15983
23599
17229
21119
13856
25738
11405
22638
21808
10193
14422
26359
25609
16720
11292
559
21366
14845
1830
6314
20821
25462
13155
21680
3772
28163
10462
7524
12086
6883
26496
4421
6835
20077
25541
20691
15816
13298
13329
7624
23492
4103
10336
19101
27175
21628
26012
24893
12825
27842
7559
9998
23304
20715
1679
27077
18878
18493
4601
7316
25377
7450
11738
8564
3879
13631
29255
19695
26929
18936
27320
26773
29391
7656
22227
26566
5636
18239
21459
24814
16082
29019
4812
15738
26086
12843
19167
14964
1337
121
28633
26714
13923
10371
11630
17802
354
17237
7498
3635
6173
11170
6761
11916
25178
28988
8482
814
23579
6293
25628
9661
11664
6793
1752
7750
19636
20919
29067
27325
21040
4052
391
11315
20775
12021
29118
21129
29258
12968
24764
11783
24138
1525
23699
19316
6865
8533
26482
445
14827
28463
16458
2843
5256
18210
10594
1244
15482
16013
28570
12874
20065
28961
24190
17192
17335
29660
8321
16593
12628
9437
28377
13118
17315
28428
8786
532
6962
11620
977
21789
10083
23788
24632
21691
11998
11578
29288
3832
3943
27858
16707
360
3171
17249
17552
26858
16909
2225
13452
5889
11663
18181
19007
5330
16609
4145
5862
23571
15765
6840
21712
2201
6980
22697
23892
25330
10627
23180
29163
14571
27390
22222
21283
6914
9471
8836
3772
26380
11061
23576
8621
29076
11757
3980
4406
4719
8125
10269
4642
242
23461
2707
2443
441
25404
26336
2123
6031
19516
1286
26954
23259
23508
18238
173
9331
27074
3945
12063
14487
27522
20684
19916
15631
24664
24322
26702
9141
10943
1345
9384
4404
4052
11827
11197
5808
14515
13321
11839
10384
20959
8794
3643
20820
3384
3816
151
6810
7761
12215
21297
5283
2899
11213
27267
3916
11888
23969
13057
22831
25314
22441
3588
5718
10621
21137
11526
25136
10810
29718
5520
1770
14864
9163
22590
18248
19331
29093
25058
27093
11308
22707
8728
20560
3921
12347
24476
22161
6317
7533
14992
7983
6327
24932
13702
16948
16070
1580
18436
3232
1298
309
5002
16162
9472
3944
10762
5156
3038
5820
2249
14346
28528
17329
11258
8801
29677
5734
962
12346
13268
22306
20329
25947
23591
10383
19247
16013
18316
7683
19245
19614
7992
24248
12129
23817
4544
29243
28973
7582
5064
7574
28281
9944
1255
9539
18745
7284
21626
26059
19630
11246
24717
9960
7193
24660
26695
26440
10673
15011
4123
29919
10978
18468
519
29459
12285
5063
28702
17610
18998
3766
25184
23631
20062
2791
3170
15159
10076
1148
17570
29706
12394
12288
16018
19587
6948
19066
22379
23974
4077
2855
23893
21407
21323
24412
20866
9960
5827
19569
27570
24825
29687
29106
18456
19750
1897
27979
4909
18325
29127
22480
24384
17874
11120
10402
13813
24420
5820
6193
18394
9898
9048
12287
1305
6723
13051
28524
16683
25231
18093
14253
20056
24132
19711
14865
13882
27960
19196
25144
16286
24675
23976
10670
12549
11448
27424
26363
5868
3245
8908
615
19495
17956
19254
27152
24679
2306
25676
17714
