14902
8108
5246
27360
17751
16436
8342
10914
11313
29041
10919
8496
21300
24320
13402
22626
20514
9688
8160
1693
15287
22611
21386
10198
26193
9856
20158
18117
3047
23899
28526
24301
2007
3772
28014
26111
26560
6356
7025
7873
5397
24296
16370
3049
18616
6124
2027
9131
22165
10187
10824
13804
2798
8562
24002
5343
18418
14161
23461
27817
14412
28339
22119
16420
2112
20133
18883
28672
2841
25908
12898
8238
26556
5620
17639
15173
11744
19666
656
10261
6205
17832
24065
15356
26394
24420
20699
21164
8581
20512
18981
29345
18852
17452
22117
27316
13937
11000
25988
16778
6908
15238
1368
9817
20858
25359
24990
8955
15025
1998
19216
27583
19830
19634
12939
22576
14054
9990
20092
28987
503
15425
28332
19355
2878
20450
16671
23167
1450
19011
9946
14711
4250
11314
24528
1460
6674
25870
10415
28051
27868
5984
1986
24050
25618
14925
22978
9672
1268
13070
8659
1771
28495
13343
27478
7725
3793
20501
893
11596
15864
17191
26307
26466
28505
27187
27927
11531
23057
8342
15935
27277
14326
17921
21327
16296
9199
20657
25968
10467
3727
10979
18590
8574
675
22420
22652
10820
12921
23545
22416
28785
10736
25075
25252
15593
22262
29531
3477
21671
7873
25764
18948
28552
20037
16627
14848
5588
7284
17169
22407
17363
4500
10997
25938
11527
3417
24942
22348
22690
18487
14764
27828
5575
16192
29432
27520
8454
28963
7349
126
13188
9465
25426
11740
29503
12054
2941
5091
19338
26462
27499
6702
7314
14848
8992
18842
24618
3934
17542
17308
28773
2306
21488
10700
24850
20920
14572
3305
26235
28274
9783
9424
7739
5209
27516
7242
17263
6809
12334
12954
9623
16185
26008
16938
1033
5000
12132
25651
15286
29674
19312
14059
8332
10800
1111
3183
8073
15683
12840
4308
13957
28975
13732
21697
10536
17601
5291
4152
24410
17625
17106
4034
10162
13114
27324
11196
24466
9456
6847
9752
15482
2511
23811
166
13312
1274
9701
27737
16957
28893
2045
7267
27868
22130
5316
14757
9731
10607
18909
4141
28233
6015
8175
8395
19129
5499
25943
19947
21307
9143
29699
13141
11654
29862
13308
1318
1136
29361
29055
24445
28255
7453
1712
2475
29583
7028
17232
9314
17636
6141
19807
22221
18508
27983
6968
13989
9834
2912
3936
7494
12055
3635
20635
61
3497
10295
1380
10985
9657
6787
5431
14264
14240
13495
23091
20175
20524
10324
29489
14512
22817
19297
6733
11326
23632
20053
25315
9818
22965
5604
17312
11372
9239
14300
17786
19089
947
25518
74
10604
2305
11857
1220
22898
25353
24312
13073
22229
10988
18915
13093
10157
14564
26178
27835
14548
16231
29503
24366
15549
5107
18031
26921
14346
8683
14707
9787
9630
16577
16214
26587
18883
28071
27807
18133
29776
28471
1206
28357
15811
26473
11450
25969
11037
7628
156
25585
23860
29659
26304
9409
4766
14335
12682
25465
23018
3742
5252
2648
20319
27818
29235
15554
25890
3395
3687
2018
1866
11246
6728
24030
7719
18178
19999
25109
25807
20155
20694
26019
26167
16998
11780
933
7685
814
26398
703
4556
8003
9704
1228
5821
15291
23134
8063
18686
3174
16434
26905
14420
23162
20935
28491
11340
17286
23600
13499
13793
20647
15870
9960
7645
27650
10894
21683
28465
13644
22386
9373
21647
8442
16953
3821
23734
10088
11884
12420
13262
28318
15677
4034
21480
6612
8877
9173
23898
2478
22672
7692
23125
8543
17652
7122
12545
4898
28805
17362
18543
27544
3088
16542
5986
20041
20363
6072
6481
8600
24845
26095
6918
10522
6481
4751
17135
15359
13924
17385
17837
12948
1429
17314
27843
19082
788
16741
332
29594
4103
18875
3490
13543
11770
15828
9937
2133
21901
22770
17085
16746
18866
24004
3620
25347
5107
20755
10706
25383
14493
4895
8331
15922
22209
12527
11356
22998
29268
11689
28944
9723
6916
8786
23267
25038
24614
9556
3524
22867
2326
20609
9613
21192
14613
19586
22892
26072
16693
3598
21455
1186
8494
29787
17109
7055
18666
4817
6405
17934
22858
11701
4009
29775
20487
3628
24813
15102
13184
28337
7969
15511
18947
23935
13055
9912
13521
5947
5985
214
9546
3792
7753
24392
9931
1214
7799
28597
6031
20557
22883
28890
2258
26893
5017
29098
521
6182
14200
13706
10872
28521
29217
6171
28808
18624
22435
18681
24572
4772
25248
10470
8565
3001
11214
18496
10567
19013
17094
16598
15922
9977
21840
18181
13222
3209
17279
13744
9392
7831
3802
26616
12704
9371
2787
17865
27995
25222
12898
22567
6347
8146
3037
14912
17499
14251
3408
28066
9617
26854
21017
25539
13184
12857
20072
26406
16067
13703
10150
1811
27886
13952
28427
10591
29675
7566
4808
27671
9140
17706
20238
15487
25853
29628
399
19704
20231
10160
17771
29848
7014
8788
1740
20198
27997
28164
16605
20416
11868
3107
22227
9754
23412
27006
20345
23087
4572
1505
20758
13713
19212
17349
29200
15065
16977
5952
4769
7208
16112
28892
13409
23126
14032
15149
13325
18382
13313
6282
8798
25181
9389
7378
11288
2801
10736
7985
25889
15309
9491
22999
5374
28703
10348
4574
20120
27325
10526
1241
4534
2990
134
17943
26117
20518
9444
15794
8900
29109
22076
24051
24291
7817
1429
11931
16971
12165
19916
19212
3826
29407
12211
9200
4462
22560
20127
24582
26237
7005
2176
7123
9996
8662
25066
6113
29180
10862
28259
14433
9972
26687
8484
10615
4504
16265
22546
27827
4782
12462
17039
8609
18222
5603
24161
29036
28163
14288
23619
752
21294
2147
7876
7642
10809
9294
20107
9989
20157
18366
24422
129
15053
9258
17096
25909
25523
9642
89
306
28456
17128
15267
23030
22731
9428
22067
27246
69
22038
27999
27715
24185
5875
5357
11346
15169
25464
21335
11678
20182
22110
18159
11587
7720
5255
7496
3244
14897
13937
9902
19706
7418
25169
12736
149
10949
11155
3748
11018
3193
8099
8733
3730
20326
20442
15076
11847
15906
12764
23526
6088
11226
11685
17675
18946
23293
1524
22190
8190
15461
8444
4248
29231
9965
23337
5733
20915
4492
9481
8285
14038
17580
23371
24120
7906
13813
9197
26105
29720
28313
19631
12160
9539
7669
6188
28485
962
14064
27028
15504
5877
11824
19753
5109
21790
13090
10842
19057
23934
20323
27342
7972
14255
20713
2093
28513
4527
17642
24618
10599
15955
20602
29111
1846
28271
5299
331
29233
19363
3711
14737
25241
15536
10842
350
13678
23932
17544
2735
24219
7867
77
2191
28474
27143
10636
26987
8022
28278
27957
24973
20585
18559
24084
22431
16830
5736
29115
22415
1451
9178
7153
3044
1066
24347
9746
14744
24632
27290
17479
18851
11509
23909
21042
9983
21052
8031
6970
5426
6309
4928
399
3247
29839
835
25678
16670
12923
1145
9085
14375
10324
22590
23771
11390
16938
3518
26135
11570
808
19966
421
12318
13875
27815
22301
11279
5846
5624
23057
18508
16904
29808
21755
16743
644
23785
9765
19919
1283
18851
10646
11607
17793
4418
22997
4731
7936
25484
22653
15096
21803
23074
27414
5678
27242
26068
23310
9440
8044
16367
4300
1300
22528
2407
24395
29524
26193
4161
19443
27476
29364
90
15435
17157
4508
14784
28241
18796
10269
20894
3892
2072
20321
7659
14102
17563
3727
13764
3355
18123
6484
7656
19423
29012
10063
20170
28536
12608
24331
17979
16436
47
24421
1871
17205
28929
16656
15446
17725
3277
12692
27970
11701
3013
5629
2155
26928
15708
15920
284
3831
28756
14292
29606
27768
24355
19776
2656
13316
20460
26987
29752
20507
21409
1624
14064
26690
24632
5862
20768
4261
18555
18738
22314
21568
24367
24469
24849
16427
16741
25133
20258
15497
9425
26216
19617
10132
15992
22273
23448
12804
19261
29553
9664
17022
7529
23728
13712
2161
5943
10832
12774
24498
29570
5088
22418
289
29557
17267
16716
22651
18752
13326
8148
28177
9542
4118
14662
1887
2743
14462
14691
28356
14015
24355
15378
21544
24436
5443
57
379
16275
12831
1229
22198
17919
23647
22487
23829
17267
15556
16480
6019
28882
980
10549
8425
11450
25211
16664
14194
9673
1355
12550
41
2063
27929
21585
2851
9724
21643
3230
25999
4474
4459
18197
28746
4458
17037
28927
21725
2593
21759
27745
7827
22739
14646
22604
4190
9857
9268
18384
25882
16976
7286
25923
19039
11567
23861
21890
21291
15504
1472
23643
26330
12283
18192
1428
16741
5229
355
8467
14174
22114
12564
22002
21206
27210
20958
1748
13419
227
26484
9301
17203
3770
11577
12594
15338
5438
4484
12981
27294
12308
6624
29976
24591
24817
1405
11332
6398
8112
26151
26925
227
15067
25279
27785
12277
16237
29533
2048
16464
26017
17702
3667
29787
29279
16261
21477
11069
27097
4459
8363
9405
17435
14691
10348
12252
16096
28033
25003
24209
24184
21928
788
9252
17207
28573
27881
3444
28106
29930
19909
475
17632
29928
6614
23263
22542
28092
10684
25991
8903
25399
5397
26338
10090
22097
14943
26187
20130
9946
26748
14315
8226
27536
29919
25433
2461
4152
28877
567
4082
25138
7394
28066
1419
14008
27681
23961
18452
8365
19952
27355
3764
1701
46
13855
23799
14989
16394
20281
1287
13142
4596
9513
17030
10867
4946
19491
15020
10175
26410
25454
11666
3804
23521
13085
17812
27554
13398
6265
5920
9702
9972
16036
17756
10018
29891
17907
1359
22637
8188
2646
5779
19137
18511
29161
4
23457
18652
15024
9985
21414
10479
28003
25218
10352
17440
19383
7906
838
2000
20178
16892
11972
6215
11000
28343
12458
28907
29702
5096
7096
8701
10875
26233
27212
10037
26237
27022
5041
17614
13359
26456
4445
11362
28026
21149
28802
17409
5407
5992
25761
25586
22884
7734
1801
3885
12429
14259
2792
18483
19355
16240
3536
6583
18825
749
22972
21415
4123
4365
9029
17482
7173
19826
28844
5200
10975
27646
28961
16382
3638
24723
18320
2874
8809
20121
13111
21238
10733
15904
16073
6440
8496
19610
19375
27322
26711
12347
18737
834
16713
4118
24668
23886
296
29864
5438
11271
3862
4400
4005
7500
29123
22326
16726
7932
18799
29838
5522
29532
22094
21595
12325
590
17557
1700
4264
14268
14048
29353
21454
7113
9823
16122
7351
10119
15986
19142
27742
19848
23542
1748
3700
29017
426
26779
13301
19225
26617
18823
25110
18711
16770
7435
25653
4328
9135
6270
18596
29535
5623
16403
13000
21799
2525
26704
1918
24864
15846
29661
21064
15740
7761
1117
14757
8187
27896
28058
27412
865
23233
22522
25928
16355
6309
21581
20683
15445
4203
15632
21332
16179
8387
4333
7978
10912
1037
9896
12128
16883
15909
3193
2623
22
10662
23732
8209
8558
28142
11974
9423
21375
10848
11703
14082
17158
3284
11118
8955
13840
3102
287
19
11489
4620
7997
28753
12009
24245
10882
5244
16507
20427
14219
16529
1089
7951
1091
15999
6093
19417
1774
3820
265
13477
17903
23775
23113
5373
9082
6953
8475
15722
13324
19964
26694
21321
18717
8704
21919
29599
13948
8426
26378
28168
24955
3819
12471
26046
19818
24917
15463
27944
5089
22081
11421
22992
22208
10887
4717
1291
17840
13192
17013
1165
3156
13707
28838
28226
28763
20757
4177
19064
29183
556
23584
491
10727
6055
2889
546
972
24705
4842
6062
16786
16264
5406
15346
27151
16476
22989
21343
29668
16354
28860
9177
6414
27699
13755
5177
24808
17932
24241
23992
24840
24177
835
5568
233
3724
12466
7557
28429
17308
19971
21567
9924
1730
13266
13427
18206
6255
4771
24226
22610
9983
9755
29024
7682
23510
10553
8843
11443
11147
9187
12635
5324
10022
24555
11909
13746
7021
25819
18528
682
15790
16447
10606
23872
29713
24034
18430
5969
5157
12657
4931
21492
28764
10307
5527
22275
27212
14370
10070
8359
23557
22705
20036
3579
17261
1945
23677
634
27764
18557
1316
19907
5005
18275
13779
11070
18661
8562
23391
23818
27571
28322
15310
26335
14981
20837
18610
12194
11559
28680
20553
5116
27738
10589
15047
21351
18887
8725
21985
23003
3634
23302
12910
8639
11577
3042
26062
238
11604
19453
408
15527
24128
22070
11862
9109
19260
6825
21303
819
11857
18209
12288
15947
5150
27335
7298
24037
6060
29284
17041
9695
28938
6303
24686
16867
9345
27100
17105
27301
16554
23865
12828
10682
22287
1043
26143
17899
7868
17447
18719
26077
12008
7359
12025
17158
4694
19323
17548
17107
18607
10941
26802
23897
17244
27840
10764
2942
24941
4221
243
17847
28086
19424
4881
26726
20467
1024
14625
4687
24823
9696
764
13183
17055
19141
6694
21750
8465
24242
8857
3424
11535
12011
27322
28779
16203
8086
1721
17496
12308
8317
11695
16746
4093
16576
19824
24560
23953
4450
5599
25128
20498
12715
8312
7554
1857
15006
5656
10322
15600
20865
20098
27135
9228
17420
2266
25431
1859
10340
19280
14167
18657
975
7265
22750
23904
27090
23662
24209
7892
5613
25689
28390
18328
4001
5944
20185
25359
17952
6859
17311
8817
26958
14446
18045
20730
23065
19829
22589
3405
15461
13108
28414
22788
20374
27516
23044
23816
27530
17253
1708
3143
12943
98
27823
23296
12395
18009
25008
347
1220
18671
9165
4530
9470
3562
25261
2535
29743
24202
5940
21556
7311
4354
14345
4037
1870
7389
27853
5752
995
29561
8895
20290
29659
6718
19938
12054
1079
14946
12402
8652
9970
27919
13182
19440
7833
14795
21975
13929
8998
4267
5485
22661
8621
19830
26698
16843
3572
24551
22595
4567
464
7842
24857
123
14560
21147
18530
21992
12446
932
644
22416
5203
20178
11856
19388
11326
3831
3317
20324
8098
8803
19337
23071
4985
16035
16266
8557
16938
15213
13124
17402
23055
14333
23877
13967
11833
12407
12311
24279
19691
12955
16695
1246
9486
28551
20635
20812
8734
23952
17488
23184
9107
6825
22607
14093
29212
8873
22650
22502
438
12127
9904
29845
2812
10133
13812
14645
22541
2476
8924
18584
15431
1971
19831
1269
6874
10466
22081
15608
10770
9569
15144
19878
22746
7751
3971
21958
22976
26621
14460
23414
15100
716
23259
17913
10850
13424
8910
9743
15900
24187
28327
7683
26158
18158
8953
3033
4976
7386
24993
15747
23308
10138
5625
16054
24241
9596
8013
17218
12569
28825
16984
4022
29542
10244
28287
16744
20
7197
26487
22272
1384
1166
29955
3895
25677
15260
13280
653
28999
8273
16400
22307
24763
28377
8361
25357
14325
22726
12575
26895
21552
29559
7269
27446
16155
5556
14190
22527
19105
17029
14799
26842
18195
21107
737
13872
12719
20369
20878
11718
28642
7278
10377
29758
5656
25091
25115
19981
17817
14042
23228
15721
19953
497
13167
6109
12405
27357
28636
1511
20738
19788
28353
8934
10895
5442
29158
23614
25811
20036
11685
805
3667
22062
6915
15675
17153
8382
5656
11323
22424
5237
27044
12378
12086
10212
24839
844
13921
23475
2355
11012
19615
7060
26298
510
18854
25456
477
21017
21845
12162
28174
25512
10576
5090
11187
4082
19824
23195
15405
12249
28432
18801
979
16871
5365
25818
17715
25639
25645
26422
6651
15261
9834
2949
15771
28688
4757
22600
26057
26602
4762
24231
28466
21691
5673
9653
25773
25498
9201
17530
7747
13985
6331
8726
856
11697
10896
24923
13688
6541
21345
20339
28154
1179
29640
20278
6219
4397
12878
2276
1000
17641
26508
29466
9332
8533
15472
11457
4031
24673
28987
18130
8658
11670
3208
15867
29719
14104
10790
13407
26998
8488
3746
25152
9667
9738
15430
22239
14136
28309
24515
21488
22302
27375
27306
7986
5909
12778
19443
16292
13803
24782
4423
28814
6452
7631
21033
12524
21736
1823
25931
25086
10311
6030
20238
26331
15768
12021
18570
6256
10330
19437
27744
8984
23165
25051
16970
5426
14181
12765
21718
27985
13899
26141
3151
20351
10125
24184
9227
8213
2359
5159
3299
12671
17541
23537
15354
9661
5558
10276
15918
22240
6065
13662
1224
29230
15065
24546
11008
29247
7311
2727
3584
21210
5220
13087
17914
15345
7271
27141
23558
9630
8652
26857
28653
2545
26747
20359
12207
8657
6987
28125
7250
13053
18139
14826
18635
3205
9373
29644
8804
23036
2371
18740
14247
13943
1827
8513
29289
15450
12006
22847
1432
27011
26057
86
29556
29156
20445
11763
7813
27433
16240
21415
16838
4380
6242
5473
13937
15615
5117
29093
8651
13840
17833
29250
27784
26012
14115
3425
11462
26122
26272
12894
23133
28681
19332
29041
27837
16130
10805
12003
19915
27045
3418
6753
7777
9660
18578
21714
1627
48
20807
16631
13888
14992
22233
18024
17356
6349
21449
5170
8823
24074
18065
1956
29107
13749
7349
3297
6231
18154
15300
26146
21552
25070
9251
5681
11083
27830
27396
19062
4230
24555
5693
24470
15900
27927
12495
3256
10628
10296
8427
19451
10722
2844
27759
9830
22945
5108
19479
29177
29615
11131
25323
27519
6201
10927
3200
23636
15109
6948
19051
19339
7856
24744
13809
23756
29023
2656
3364
9651
19305
11791
29102
27
20987
26861
16209
13933
1970
5688
13110
7937
16819
14785
5456
29373
25712
8656
23009
10821
15605
12060
6512
23461
13157
20322
23569
18532
29330
26933
28184
18635
15077
3638
18663
6064
6852
4872
26349
15174
16913
9459
23111
3732
597
28567
3105
26309
13575
2467
13483
5532
20879
19995
5345
10388
16669
28914
28921
16000
2200
3457
4635
17277
13447
29650
29693
20299
4523
26043
5473
21436
5502
28584
1520
12451
3503
10978
15113
23431
13445
28596
28963
10676
24943
4309
21065
17965
9575
26338
3965
18127
29795
8600
5404
13242
8251
5098
9894
19126
1141
15367
16914
12995
20304
18434
1799
159
5764
16912
23590
19209
21860
22554
6238
16803
3215
27303
4768
19142
29993
15085
7270
29788
38
19026
19382
14641
24124
29276
3767
1617
20996
27033
20965
11300
21819
22764
11459
27584
16028
11402
23145
7888
10308
29383
1043
19875
3038
5812
9017
3031
27249
22639
9171
27287
11666
4906
11928
12142
4182
22047
20112
1530
25432
17429
12830
17252
16545
642
21188
2573
18396
14333
10461
28704
20069
11504
18579
23107
23668
27596
2491
20918
26588
11662
18205
8254
22920
6486
26748
3455
28533
16860
4985
318
4289
24168
17570
20834
24810
8758
23407
19558
29443
10220
18262
19512
28077
6841
18972
21745
10789
27815
19015
7377
15829
13573
21983
8750
20059
18732
12205
24944
11944
17190
25262
16234
11358
19184
13420
12520
4294
13180
2078
3738
23400
26692
29602
21477
3533
24926
19575
20675
22741
8590
4404
8571
28515
26388
17321
24926
21472
5878
19871
3416
23068
21485
26002
10779
17022
15775
29651
21316
28955
8082
1406
28707
11126
7361
26537
14660
2287
16112
11687
25029
1054
16091
9952
5922
18831
27273
848
16655
3151
27071
26424
2571
18557
22426
19702
11931
8201
25706
3247
13508
3788
4654
12216
21266
12015
15105
5926
20654
1217
23965
15683
8623
16409
1987
20897
5240
29260
21746
28248
8763
18817
24672
11335
13726
23450
7389
25657
8004
3095
28905
21512
13235
9911
10080
4502
28278
25185
16780
18932
2754
10746
10968
17730
27155
12955
8627
8747
18568
373
6995
3683
25543
8019
21370
9269
1470
28760
11279
9474
1855
16536
7338
21443
2799
17419
25945
1077
18956
19077
26361
21711
6175
13681
9441
9682
2989
24420
18430
27909
1146
1777
1592
26689
16149
22963
12310
17619
21723
23589
3445
29930
10125
10783
27725
19276
4554
23670
20353
23511
19100
23067
15222
25275
13100
1015
4958
16089
25435
29740
20350
26581
7869
21943
29622
24018
14906
11933
17989
12981
11874
21434
19263
22000
8570
16989
11276
13124
17011
7982
6635
6111
7401
28209
1387
20501
29224
12697
12943
1012
12437
3293
3945
26658
1588
3568
27029
22846
21853
15018
5827
3727
12805
25091
2079
21375
12080
19708
4499
29091
27690
17487
11555
11443
15696
19294
8296
14921
1991
27591
22285
20780
885
26230
17438
8825
29798
20819
1672
28003
5838
7499
1731
24995
8942
3810
16370
27374
23518
27221
2818
27560
14708
14373
9003
6757
3667
17300
28030
12010
14891
20315
2790
22128
16545
26580
7306
22696
17400
8978
20699
23238
22829
22430
24585
8124
2593
10955
5498
26111
14528
14668
23672
5589
29041
9027
12346
9060
2679
10376
21070
23923
691
212
22403
23588
26793
29709
22636
14193
15039
13336
13783
14221
12118
8368
22345
14711
25675
4195
17175
10203
18864
17199
22144
24257
26226
4490
9670
5258
21218
7092
29181
28261
7305
21584
21850
4098
27646
14486
18291
12685
4174
8426
26906
22645
16794
25603
13708
18821
29799
883
29024
25015
18082
21169
25624
20661
2011
5294
25919
29582
12387
1452
27843
19692
23036
26045
142
27034
16884
18433
9720
21058
3211
12978
20055
26357
14934
3764
15178
21085
10999
20554
16100
5434
11723
11724
26095
20087
17019
28366
19669
5758
29818
23864
25450
29206
19910
25592
26241
6794
20377
12313
27852
29940
1643
24260
26297
16577
28024
11475
7662
9023
2029
23762
14457
20105
11839
16904
16544
5210
15270
12565
10968
21440
6429
12770
20647
26339
14714
23240
3133
11443
5553
7338
11383
7196
1598
7680
126
5974
25507
7788
21349
27536
7903
5807
23993
26094
29063
10537
1304
20686
23102
18624
12126
29532
1394
9125
25871
22460
2365
5357
3903
7918
12695
15286
21467
20645
29318
21593
2971
24825
5733
24320
22361
13636
6479
16355
9730
5543
3244
17386
26229
26347
6010
14707
25879
13756
23833
28102
6216
26198
9811
10119
4117
22506
1757
1936
19503
1075
23529
22474
25900
29262
16795
24614
19251
23274
17321
5333
5169
20565
22720
7750
16912
5082
22458
19143
18839
22643
23598
1407
18841
3409
17879
29310
2268
19636
7598
21771
27064
1127
20598
22964
6742
13745
23930
25993
13371
11251
1326
18541
1817
24046
2643
25081
5481
1453
14225
672
24096
14175
2079
19290
17584
26310
24952
19852
15947
2551
17976
19363
3678
8574
18679
10420
28671
12610
12765
12042
23861
14092
6935
2030
14490
9579
27112
19971
11032
17689
26995
5129
1864
29075
771
19448
25385
25723
15653
17684
28274
9981
13399
8305
24907
2079
25077
23578
14689
7843
5620
14902
28287
12556
16933
12777
22135
14045
9101
9519
1734
6096
14648
9950
11523
21771
5750
13261
17495
27755
7297
22121
7736
20697
426
2643
22776
1856
26221
13817
9699
1842
28719
7986
20750
15652
27115
12885
29697
12568
28756
7783
18665
19757
24085
6540
11528
29836
19801
29023
27591
27099
27497
5328
17796
4275
14323
16924
6131
10545
741
22182
18739
29460
6520
9489
15113
3636
28726
21162
22556
27482
5298
11221
17239
29383
24114
28768
5571
13915
4143
9515
17366
1640
21195
5162
5916
5518
28438
18399
16063
29179
10582
4802
4992
17102
14291
26457
27090
19369
17619
19647
16852
29269
7220
4091
5005
1334
9211
10576
21602
13355
26443
8968
21347
17638
20483
3615
29509
18921
22015
15572
24453
8949
26727
29445
2403
17370
25902
5846
6740
19873
1845
29944
19143
9065
10387
24148
16752
19599
11076
14706
9306
13872
23674
653
7862
14157
10621
7371
9431
8988
22944
3884
17937
26023
9681
20340
13393
5583
26186
26485
1808
28031
26429
20951
13449
6817
21451
6553
26416
8880
21259
12074
29104
14933
19079
6966
5443
29700
14338
14874
8688
13634
25110
2977
9657
4791
23318
23050
16726
25856
25888
18534
240
22317
15838
20041
29134
13641
2946
1902
28873
24205
20328
27977
15490
9408
4944
27285
15460
25634
12159
24149
9268
13621
27126
18925
18412
26796
18327
5138
29005
14215
25
5597
12885
15863
25638
18371
5856
4936
20274
4730
29141
10602
2707
20983
26362
14003
18269
11823
9637
6780
12324
18905
20402
9450
14182
15166
12599
8862
26657
17956
29429
26682
23553
18666
18897
25543
7038
24753
479
3664
29483
5972
20618
8543
26955
16981
22546
21576
28804
8536
28357
11128
27441
25111
26930
17976
10277
15881
3190
6934
3837
8971
3616
3742
27638
28865
29285
4676
23619
6116
8340
29454
12088
28958
14349
9044
15939
6896
6972
21095
15432
5329
8575
19225
440
11858
13553
17070
27739
23095
24004
7929
2067
3973
11671
29705
2838
17309
10733
2809
23425
19073
8616
5514
24383
22965
20910
16675
6213
27882
14122
27997
9564
22698
17223
10004
4556
7128
27074
8647
224
27431
16576
2291
1404
4600
8348
10594
21909
19081
19756
15334
14506
4724
27200
8889
27689
18110
1916
3903
22345
16039
1900
1909
8737
25475
18265
19645
2604
21692
4644
9180
25475
27573
11471
3231
2173
19819
13825
434
15252
9933
22120
29758
14657
19321
14999
18699
13783
16916
28954
12480
2955
854
14389
18044
2682
9007
14041
11638
7051
18685
20818
2526
16258
2289
5757
24783
28460
25934
25217
13712
5868
17338
19822
20525
13011
4821
9224
26794
21737
8178
9275
24692
15385
16
19088
24419
15375
3129
6057
22426
21815
3227
24952
14425
11868
709
9209
10328
2996
10778
392
8864
28116
20214
5741
17479
25035
21318
14274
16773
5848
29901
17817
27585
6269
6906
22004
21645
10035
4413
14071
8202
7640
15376
28980
25860
22437
8189
12540
25433
25319
12932
4297
29788
9498
16391
17267
10886
7709
1541
27659
13557
7794
21828
11143
14064
5086
9499
12061
21474
20265
2484
29676
4257
17860
5008
118
10298
19549
12658
12083
14869
25591
22733
14657
11441
9124
1924
22327
23185
9818
26338
6742
23964
18167
24237
14380
29605
10089
26441
21079
354
28926
27108
4611
16786
2116
4729
3436
21666
23740
21872
6535
19331
14605
27544
7124
81
5820
29452
23266
15638
25790
6360
15955
20309
6950
335
19915
17039
26777
10994
23745
2055
8102
28356
25193
10219
9438
4982
8237
3178
26854
21124
28861
17811
18668
5985
17892
24488
5437
17510
16479
7580
23870
2434
27889
820
2769
17804
24211
5898
28799
17956
7953
13253
22665
3147
29824
2103
8129
8061
11633
11335
29185
10494
29146
24205
22831
23390
25046
4621
10900
11525
12201
4770
20311
10090
11943
23080
27895
6154
5331
3046
463
19636
16299
23128
29135
22476
1583
13616
537
13216
24951
6075
62
449
6632
29245
23839
1678
3866
4739
13203
16067
9510
3514
2510
27805
2947
6757
10311
14630
16155
10774
4266
8806
3902
9754
1282
11837
23370
8172
1405
18322
14247
1467
25123
20879
7065
18963
22558
10931
23702
12113
3351
9564
21980
12213
7369
1279
25322
17681
15909
11477
4807
26527
20283
15062
6281
21566
26899
29652
29738
28305
24326
20337
6124
19449
17568
13189
14764
16478
473
8467
28592
10176
24383
26924
22389
1753
28203
17711
25786
14112
29188
593
10639
25823
15655
23273
23741
18907
22925
23479
17212
23603
20168
29688
13052
7737
19230
27817
24215
26055
12636
29159
6231
7019
26083
4972
15124
24286
22683
17262
8398
28223
17856
25390
398
9863
25015
24140
28770
17940
17619
22334
17895
14140
28375
947
21877
17605
5116
22444
13660
24104
21604
19891
7476
17687
1215
22600
11974
23898
9863
26724
28473
4071
28466
28871
20286
23481
23011
19057
17773
16983
17743
5668
1123
16118
12968
29352
10075
24436
21796
87
18541
19752
26330
2369
7440
27545
24969
25766
21443
11184
28842
26268
21607
27309
25140
11894
27142
24503
7303
14916
17838
25046
26936
25313
17517
16256
24665
3944
10693
22814
4032
5586
12566
362
7955
26358
27908
9276
22124
25703
26813
20967
28324
18420
24628
29816
314
28122
24319
13969
19390
12158
9016
16327
7471
2885
2583
8489
6829
19628
1303
17213
25214
20221
17576
9521
16580
21836
18798
15056
23891
15611
12375
22215
10383
7003
22031
17050
5126
22703
1019
24516
4861
10035
17195
18684
19272
26131
3525
2454
15759
11180
19667
17326
1402
13595
26847
24334
11783
21997
9390
5675
13960
21766
4242
24344
5121
26274
11394
16599
18977
12413
11116
190
28801
4663
25226
24425
794
28752
26879
16554
9932
22899
3880
17686
6494
7079
12020
18278
29077
27763
305
13037
25881
4547
13733
1002
821
1479
17602
26150
20245
5070
2692
19046
9733
27919
19823
10528
26671
16703
27082
12955
9602
7314
642
22448
14393
19014
17078
13470
16777
17383
2860
12658
21931
22945
13661
29104
24425
7615
1607
14670
12685
4299
10068
22418
2218
29891
9298
5241
22946
6380
18197
8900
20046
25191
1349
4440
14205
18427
24262
7335
12163
27122
19993
4094
20068
10006
9550
20845
17621
11157
11867
6658
21809
21935
5429
24027
28178
14727
5621
21125
27460
170
6377
17506
25361
7726
28298
15918
2506
22561
23253
14669
19683
13247
25115
16103
29605
11017
6948
17227
22175
18815
237
13984
17102
5666
14363
21633
26746
19984
12758
24206
26506
19135
18064
21867
3214
16363
14138
12072
8924
7391
26741
4959
26990
28208
21063
26596
9225
4363
20175
7752
29531
26764
21736
22985
2431
12452
14618
5529
8788
27376
29735
5295
22864
24151
3514
2430
16866
17652
14502
25790
1396
17595
7102
28386
15803
4517
1334
1380
8880
27861
9133
14763
24626
7221
7749
3409
19673
22367
8938
28462
26096
15025
3757
25312
15528
7271
27742
2395
1276
18596
4537
2672
6191
11639
7410
28346
16156
15097
29726
1389
12958
8859
16152
13936
22433
23901
23697
12106
22621
8987
10568
18717
364
20677
14029
15893
4301
18123
18288
5577
6719
29177
14601
19262
10817
22011
17608
3325
7108
23686
4714
26419
8898
20867
10355
1331
21120
10405
13437
13741
19392
358
2458
19757
21035
22839
5650
1688
10962
290
7265
24033
29467
21866
13295
16636
20230
7255
19962
27338
942
24676
23757
9840
21895
10465
11171
13016
20870
960
26757
16614
1318
5568
6371
28706
28407
18373
394
15722
18663
14012
16107
24483
5878
5755
11119
2460
13010
7433
29799
20304
2110
29908
144
24005
16725
17667
13373
13947
18628
10131
562
19946
22051
13285
25004
26810
1659
25399
12532
26674
9411
4992
21157
21641
10747
8629
24102
109
16062
253
20414
24524
161
26910
24882
23239
14578
8255
7186
9558
24738
14100
29504
16789
27386
861
13600
5397
26260
2484
2071
12023
7476
29581
3664
24575
8210
4118
24685
624
4371
21451
25149
10885
18361
20031
4124
9291
4638
17662
18849
29377
8115
24706
22518
5501
25567
12470
10898
21827
14955
19321
3850
28783
18902
13866
29711
3464
17985
24396
4089
22356
15847
5590
9593
10560
25621
13717
19852
6611
7732
8701
12340
15847
9759
4859
27700
5326
17329
8598
3505
8636
4271
7355
13772
23174
27574
13483
26638
15559
14231
7079
14267
6430
12669
23861
16990
14642
13930
13194
21254
28014
28248
3594
13861
8007
14805
11561
13334
8487
26511
16839
17123
7135
547
7247
309
4473
20730
3299
26384
11313
10379
10651
17743
29400
10864
11086
14043
1147
632
11649
29161
28880
21595
19375
13240
6401
7288
26574
14888
10152
19765
8363
17287
26664
21963
23948
7489
19045
3599
3873
359
13978
20877
24454
19731
8093
5540
3774
9240
6173
21775
14754
11405
13370
10481
24645
26123
17769
27571
17363
4273
23689
25727
27912
20353
24042
21860
4195
13087
25460
8068
13446
15790
28945
14253
5521
7039
26145
15647
22631
2318
13774
13737
20076
27145
24218
14721
23268
18340
18645
10632
22613
12334
12711
20526
9039
6753
18738
13234
26192
14198
21303
