7216
25860
22422
24794
29924
22938
5243
26906
9784
7281
27127
24813
12473
29520
20444
1412
10080
1994
20915
26021
22916
7167
17464
2728
24980
12599
28467
15345
23106
22647
11922
322
24859
4344
25117
24784
3635
360
28042
13419
13994
25169
14584
26467
1041
11380
4231
17473
19726
25146
13494
12643
8665
7310
21723
3645
19910
20191
25342
13016
19190
7265
19691
14050
11609
21160
15186
21596
27872
13228
11368
18218
14749
25952
14685
22142
7333
25268
9615
27059
26767
29462
16054
5432
6772
7778
15430
26682
4321
10772
16051
29863
18037
12094
20265
5999
3254
5451
27595
7478
25031
8963
25697
16132
11268
16734
8274
24953
18355
17890
28364
15122
17352
14419
20554
476
22197
5984
27159
2870
23109
19562
2733
11146
8008
22999
23497
17614
28450
27445
25092
29834
12760
27141
15966
24028
13876
24241
18981
2231
18483
17346
23705
12187
8117
20611
12663
314
2948
16174
3184
26057
12088
5917
7203
20096
28916
7053
14062
3719
4498
9155
3553
17258
12648
25871
11287
26524
26464
6620
5107
14947
318
28812
3486
8435
19424
16150
15101
28724
8676
24637
24781
20765
6907
8336
17213
12175
15389
1276
15894
19887
16783
25799
13498
29431
21671
1137
25956
18135
14109
7415
9435
14428
12580
12921
29215
8356
5423
20669
7080
14100
15306
1861
11217
22213
16549
28430
4389
1939
29706
20283
28178
16489
22435
11676
22273
20458
19165
24581
14945
3275
1996
24380
17703
20928
13654
23270
29284
19077
13939
12716
9529
29246
20929
20746
27811
7479
25529
2200
15770
1587
28836
13948
24429
21271
1977
16702
11729
21142
11283
26674
24417
19631
27407
18472
10560
11061
11743
9844
6490
2034
28913
22372
7632
19842
13118
5444
27321
14999
7644
13091
16587
6480
3392
11016
4103
11721
27718
22184
2863
15353
25211
3633
4984
28970
22105
15544
10031
10200
1741
22873
12235
654
15245
26219
26848
4716
1663
522
19715
9308
19965
6302
22140
23357
23670
2596
5078
27740
24780
14294
13093
26343
17927
24430
25313
16384
16326
11696
26585
18067
4570
15172
25073
26167
11391
28274
883
19407
28796
26951
28715
18761
9605
27207
18471
3276
29803
23549
7368
936
14195
26814
27279
8474
21244
28945
24859
7570
10641
27796
1990
21563
19320
3415
17731
7063
1689
24966
26470
485
28269
1537
25599
7875
28745
14070
17503
4900
13971
24871
5836
28167
21685
3116
12993
19281
2061
7852
3204
19054
12000
5194
10618
7672
14961
4701
14736
16651
6019
17558
23488
4289
19096
19087
18516
24193
9509
6019
29093
23481
7242
4930
28000
5280
14398
10993
913
22811
25198
4117
11865
13550
9311
28835
21223
24273
9888
12311
17276
22260
29869
10764
2901
25317
6204
21417
19510
15713
3788
18604
15546
11030
23534
19898
22662
14284
7244
23576
7095
8794
27693
18960
22344
13357
24148
19919
13982
4036
2230
1258
26296
8452
18374
5549
3769
930
26966
29632
22996
7106
18236
8542
24489
18122
4793
17151
2406
12037
10727
9501
20831
14773
4813
19527
4482
28961
9447
18464
9350
18029
26074
11998
2833
20800
17548
12955
21731
14514
12587
14727
21621
7175
29621
16110
25297
4414
9613
4055
22803
26693
19908
13634
17818
1073
9514
22300
35
25313
10764
15737
13342
13190
27735
16176
3990
15283
5483
25721
6150
18070
16800
4123
25245
22774
26585
26894
27188
6198
949
26344
9243
27209
9978
27061
28282
25844
19361
4669
21157
6477
26758
4500
19667
24494
27028
10
16129
2511
2083
22279
26933
18884
2754
22178
11658
29339
19072
15198
11890
26373
11542
21133
29934
27873
24547
4568
23717
13908
9238
14875
26738
5996
25727
16405
6842
29107
22767
22972
7970
24851
21603
4903
13735
24358
3433
1745
23697
22505
23295
11939
25230
11190
9425
1516
15415
3972
6084
15484
24232
15322
6711
20970
27671
8790
13728
10865
7897
6495
3837
22219
1346
25441
27122
21433
19799
555
29530
19848
29412
29178
8140
994
16720
17565
2510
2135
21537
8595
17619
15769
269
683
13092
4292
9473
26820
15158
17371
3315
25347
9590
11014
20788
13065
2447
16939
19972
8330
13140
25737
7508
21280
26731
24228
8845
5594
26363
6734
14189
20334
22503
20810
21017
5595
1455
6843
8767
16613
24214
18435
11960
10156
29449
9101
29573
1896
26040
19546
16578
15532
15283
24086
6812
18366
24666
15657
23960
27381
28743
14501
17716
21247
11664
15085
3194
13119
21928
18314
6084
22494
6749
24396
9003
6198
3497
14928
14446
5890
10826
1025
21422
2461
25111
4587
20828
26130
26596
21140
23511
25340
11994
11227
22939
23658
2665
26133
13129
945
20799
19213
29792
27548
13609
8795
3746
17107
23723
24545
29349
10902
25570
27123
13363
27033
1710
4191
23163
28307
1684
16675
23647
13678
4254
16586
7336
6919
19071
20465
14217
9871
16030
14009
7419
29639
29156
17518
23098
29231
12063
28799
10133
7633
25923
23497
11018
27633
27688
4182
25940
29372
27209
19587
19402
1463
12525
26738
14735
1597
23555
28952
11468
9585
12961
25239
15577
12117
12757
15027
11348
24820
13827
21482
8805
9750
14979
19824
7383
19019
358
3324
24744
27567
29263
14146
29030
11789
17237
13765
13386
17144
19069
1206
3082
2030
26445
25011
20499
15555
10038
8200
10375
23865
6034
25533
9967
27365
15357
17351
22736
15715
27027
17480
13282
2642
7979
18664
14431
1568
8782
4169
25064
27851
11727
28146
6234
14525
23157
3085
80
9548
11285
16807
3413
23671
12340
19733
21036
4049
7084
13773
19764
10463
7605
9398
13105
21936
4415
3889
23504
13197
8058
18569
11048
26138
23067
23634
10663
22577
26720
17095
2125
14357
3902
11890
8029
16243
1623
29065
20292
15059
19190
16409
25522
26796
25807
14980
18732
222
18869
18589
19771
3279
13510
7172
29417
12929
806
16432
5506
3878
3527
13983
18236
7430
25874
2617
25
3849
8034
26669
25261
27225
13078
27135
373
15238
12115
25457
21812
7336
14046
11584
10616
3908
18756
16385
16838
25914
9170
28696
29793
12697
12680
24381
26479
14906
26998
2856
25107
11384
29526
20368
8609
12604
17504
15334
4194
5971
10792
26007
13308
1190
13943
276
11451
9051
16661
28289
4965
2183
3337
11110
14881
16017
11843
17712
7275
15193
20569
2383
26578
20095
22751
11539
9051
16607
26874
13246
22579
7666
15605
5887
15208
29548
12515
26659
8599
29176
1300
19916
7712
4638
1027
28945
27007
19222
16657
4283
4416
13578
6666
994
10025
29417
12533
19077
22377
9407
8675
14956
23425
24280
27195
8634
23828
9710
11645
8779
15238
12946
28695
22950
23936
6074
21895
20943
25297
14905
25226
29713
28483
1892
7059
14861
7662
19592
3938
6391
5352
18965
21347
28777
13245
24894
13763
13425
10956
1761
22204
26194
21059
27251
25497
14995
9678
23744
5938
11327
15001
7517
17392
19837
15761
24451
4698
29775
14043
14988
6166
19395
3953
3865
24525
17198
28759
14640
6975
16067
16401
5531
12262
7460
2782
14111
22455
18812
14207
4746
139
29209
12263
17531
19046
4376
11982
96
4152
2378
15084
16670
28125
19037
20536
22650
12587
25647
7291
19562
11715
44
1445
329
7505
4227
20792
6312
29392
4999
11058
29531
10560
29673
17063
5958
10402
5397
6054
14554
7775
27490
1224
5901
16527
28112
4903
5466
23760
18546
1380
11827
18591
2825
12156
26096
13405
2948
8760
12797
14299
19819
12328
24860
25844
5743
818
6246
11141
13225
27152
25268
10715
4729
1169
3595
2841
12425
9061
2953
971
16794
14780
25914
19619
3288
28362
9376
12588
7123
22173
26888
3294
10854
28100
5490
22949
5270
11737
4090
18495
15241
5711
29211
19970
13232
2806
29164
25657
18219
2117
2981
5013
23250
28895
985
26538
3610
16713
9127
10733
15239
12367
14027
26093
10467
19517
19042
15737
7606
29485
10585
22848
5196
9796
19170
18428
18954
18334
20438
13525
20452
23419
24891
20054
28666
2228
16592
2276
18941
2071
13009
4180
14438
3388
6625
1257
29258
2020
23347
13216
7857
3932
12416
19405
20080
1587
7833
9034
19921
4623
28911
16725
28042
23802
6779
3061
26030
29724
5337
21324
1795
24699
1856
16234
4439
8482
17491
3697
16854
17190
23266
24711
21122
5682
14116
11202
7269
28301
26588
3543
2925
25500
26620
7319
25654
3400
10380
28037
9476
22070
19361
11271
16769
21217
3857
27560
6051
27701
1258
22905
14891
876
23968
6014
6558
8084
23568
13828
12738
20157
23723
22015
22009
20343
29334
24015
95
16067
22052
9571
8137
11413
27195
1258
8983
1052
28818
15034
28753
6428
14292
13645
7304
8260
19659
13863
22697
13227
4043
5435
9736
4118
27450
8097
24461
3136
2113
909
19203
24165
16832
3692
11931
14027
4950
20914
15080
10121
5948
13833
22901
26592
27478
206
4853
23489
20421
27550
13069
816
2985
22805
4934
6787
7255
5747
9923
9368
13008
5479
9885
29841
9171
21816
13868
20474
19082
28948
6947
1383
19134
29848
27975
16612
54
2828
10102
26827
378
23171
27643
9715
22328
8929
16502
5935
21029
2778
21655
4037
8257
1541
3878
23780
29709
24099
14254
18792
23047
21201
20175
12181
21050
18150
5146
27456
20979
21600
24284
27709
14771
28279
13777
13451
13561
6631
25739
4590
9409
17394
8627
24018
18935
18858
17799
18645
12957
8405
7437
12356
5959
3964
24538
3361
22114
6036
817
19445
27636
1453
23507
18759
6085
7284
8562
19646
13915
4301
24236
29677
21696
9215
47
10631
28073
24198
5628
17382
8956
19417
29739
14915
23381
629
24628
21848
6665
1797
11293
4301
3251
4800
29412
15688
18436
7974
5334
8704
12276
5922
14733
3972
15137
14780
20955
19563
8979
26584
6945
17935
22353
13036
9202
15735
13665
3830
7583
26682
5627
25228
983
15230
6381
6747
918
24817
14722
12604
9873
26998
18526
24606
7322
10016
15739
28277
29579
1070
1213
12876
19005
23567
25913
4559
15654
9578
14741
29589
12613
20368
24817
19948
11951
1198
26696
12869
2368
11418
25474
12241
14768
14000
6848
22090
24016
22587
26719
29947
23657
4285
12824
19014
4204
15089
29925
19858
1019
14666
19447
13632
5034
14264
3581
16985
21815
277
6207
24183
18047
8033
6424
2815
22033
19624
1257
22402
18563
27976
28701
12220
8613
17877
7586
12817
2966
7511
2675
10338
28529
28474
23970
9916
12739
3903
3253
10906
10532
9460
5089
28579
17493
11513
7746
15879
7490
9003
14633
26053
13332
19686
8274
21945
7564
22212
4763
16882
6076
13790
27220
4605
12265
27543
14521
1356
1446
17775
12262
11979
3587
17351
10558
21081
5216
18305
13312
12706
3660
27945
8760
16992
17631
23386
15290
1547
21950
26405
18430
28026
10195
15650
2632
28812
13193
23505
168
20992
11280
12430
2971
14868
6133
19881
12301
17702
8186
25613
408
18199
29910
15520
11543
23893
15258
26833
25441
7209
23238
13871
11587
9786
5873
20571
8598
25419
14077
8767
22763
1709
27549
25734
22929
10035
15615
11582
27737
154
7195
4497
18353
13457
26370
29896
7351
11628
3082
2792
25189
26320
23015
6777
6106
5240
27348
21057
7011
17777
6176
29774
19487
10077
1860
18768
20112
17476
351
24201
23982
13898
5051
12335
27356
1421
18583
4707
19401
21665
13851
20943
24338
13218
27720
6796
24810
1420
27853
8174
19198
4029
7948
8685
14107
16161
27453
10571
3637
27804
11125
27619
18055
16176
16306
15411
23949
4889
20118
19702
26555
10321
10645
20893
29891
8365
27689
24701
9786
1895
2875
28984
5924
17176
14021
26383
3337
17826
13307
13326
21983
24432
17297
10038
16960
3603
25449
10909
8492
21919
611
11399
8592
11257
8644
8483
25974
12686
9536
12112
20933
12412
17448
3209
5940
1469
29593
9277
25648
19252
28955
17631
13684
16252
27669
6996
19855
29470
17905
4699
27741
24868
22451
6333
12477
7447
21168
8452
20133
704
20564
17418
13116
8013
20628
19056
15834
26573
4685
11482
15825
3640
29113
5861
19892
3134
12857
16099
8956
7114
20799
6697
1982
19602
19382
14460
27049
10550
29264
23535
11255
26180
10953
723
4193
1581
26132
26380
28154
7169
7862
20331
17162
13328
26192
7054
22814
9049
29506
8123
16163
20305
14820
24498
9907
10555
8958
13308
21105
14574
6843
8712
10754
17797
15788
21300
25730
11920
17680
237
25441
1894
20568
12603
15222
16761
26010
14389
2162
25516
22512
24678
15821
13684
19176
2080
24239
4486
21740
21697
19060
28584
6761
29814
22733
22549
21114
18463
10821
15146
18700
6263
17041
9269
25218
2263
2382
21228
23004
4544
16744
15516
29222
8917
29201
24750
17349
29792
29236
9090
21489
24648
7674
4603
815
407
27152
28281
25222
14326
13428
20275
26941
469
5896
22159
9084
8278
13388
2089
19174
6484
17605
24749
15402
23158
19499
2751
22951
25088
18193
20792
19736
25867
25395
26903
2626
28900
25185
4201
13226
8613
24476
10167
15434
372
8678
24518
15002
28418
26607
4176
4903
20565
28925
26657
13723
24777
5760
13026
26217
23954
10171
15953
26173
5566
19209
28800
4466
14394
9353
24044
29359
3829
10563
14793
10553
19242
15663
1907
24012
12271
6083
28915
9188
11361
25572
29263
12490
7685
18642
8707
1639
28813
1012
27812
4379
20221
2964
15198
10967
12317
15594
16678
22498
26158
1471
3051
21752
23487
11310
15764
12110
23746
21032
21298
5107
22956
20561
23949
641
9203
2656
2280
14368
10020
6445
25100
242
9409
16650
17561
21727
2244
4240
14225
4754
12063
23629
26506
5550
4939
12271
17660
28685
3303
15310
10144
26259
12224
10445
3253
27779
13101
5533
12148
29474
11978
7248
6068
27740
23898
23629
19467
2494
4221
10044
7249
22637
10025
3755
28187
21317
22378
22200
26354
2033
13862
6499
4645
26086
23296
7898
23866
6398
19783
12366
12224
8114
25966
18292
5854
26216
11921
1673
28710
22495
18069
5959
15132
28095
16067
19671
19412
8445
11871
22118
10479
2086
28617
21476
28172
21914
29374
28390
4664
19157
17108
16888
27271
13074
11532
3125
9290
23453
11150
8001
15948
29220
20312
7432
3667
6379
27104
23079
21177
15327
15197
8008
17413
20167
29484
21938
18433
28858
20328
29449
24367
7437
22689
21639
26863
4221
1116
6154
4026
18619
14155
26327
17839
4467
3759
21506
17199
863
20937
8376
16191
12486
16384
3604
9005
15868
25542
3790
21078
22223
3239
15445
6012
2280
13436
2875
6501
20905
9029
16880
9524
29536
13207
27363
10356
23318
25221
27555
24182
22510
5931
10373
4996
22315
20329
14002
14535
22224
24144
5613
14447
3736
21058
26811
6016
10847
29686
18870
1752
15068
5750
11276
14604
25309
14991
24960
18627
10212
28867
19161
2722
11150
29534
14070
9817
26216
4424
24352
18440
28569
29965
9239
2305
27376
6050
14673
14575
5736
3543
16327
27156
15645
3955
11761
10954
18946
13073
5934
5510
11941
25095
14584
29443
982
28654
9261
27198
9431
3613
21990
14352
9931
1229
16657
13659
7279
1330
28234
19367
11226
14561
16524
26871
24868
4637
14178
13814
24062
20112
25676
12355
21559
10260
11799
22541
15266
21060
26091
1049
24673
18081
15401
10956
25662
2058
24615
9293
9741
29201
5013
27319
20114
27889
24190
14982
2526
8368
28796
2940
4832
824
15296
26392
11084
27095
25285
2703
24507
21377
3752
19180
15810
19154
6489
11473
27564
1104
20766
13657
306
25779
10976
20420
23668
11519
11755
2546
26239
16903
5487
1072
17728
20783
3816
5164
24230
5453
7867
18737
26830
17972
14269
18993
13478
20758
466
17394
28215
27584
7404
28521
23364
18380
25293
23384
6251
7048
25931
2491
23952
7770
9915
18032
4905
13731
23196
29135
19184
1064
24224
22367
25388
8493
11360
8866
29252
18178
2612
27467
15762
10016
2340
15478
28397
3985
15215
11000
17386
17498
13491
17690
25268
23406
5722
173
13489
28918
5660
9026
6334
29884
7745
8074
8377
25457
16940
13981
13635
19553
17800
5749
29569
20140
21228
4318
478
6443
21671
17864
23941
5162
11906
25561
4921
17628
2086
24762
22898
7746
3788
5585
13982
17885
13659
28711
13342
600
12693
26977
26505
493
2727
2426
26986
307
13097
3816
13102
4768
28032
13395
16282
9938
8956
21203
3918
17394
22318
26816
25140
2458
2401
15474
20344
16061
14185
3686
23013
26878
7016
25870
3724
16095
4648
7062
16402
17745
17230
29504
28865
15262
19251
15148
25200
28207
12703
5470
21953
5021
2286
23445
7480
11040
8919
4176
3453
23104
7862
26466
26335
21230
28688
6411
7325
3336
13473
23727
27434
703
29583
26299
22317
25186
17799
23869
29745
503
29339
21698
11876
1625
15143
25708
12665
24062
29884
22470
17167
14099
18936
19854
5329
23976
26265
12655
3665
9738
12734
1099
16793
18670
3750
9110
13856
21550
9331
13602
28405
8670
5300
10281
10295
26796
5990
29313
20858
5874
21783
14377
19973
17072
4231
1655
17400
496
14310
21065
16586
3396
22164
9731
22066
25915
25193
12275
23817
4524
25877
22222
13194
7529
2503
29842
4325
14845
5507
1536
27072
27290
15913
23397
20714
26497
25052
8115
3345
9362
29180
26284
12759
27697
6015
11177
23612
7561
23452
23781
12085
25681
16003
1632
9563
18506
1474
20240
9704
6981
21776
6776
10623
14042
173
7690
16891
25226
15805
20236
10940
21337
16520
51
19034
28888
11229
18998
6449
11033
12779
24886
13067
28782
2870
22630
23641
10696
12870
3345
17677
10999
16473
4653
1393
16646
12343
18284
18224
4500
14872
29165
25837
7745
29216
21224
6633
16797
10222
19434
4183
29354
20672
17250
4488
23543
16232
28129
4239
5454
7826
28269
16453
651
9274
17846
17298
27969
12482
5522
2469
27355
11039
4658
5100
10256
25882
18085
3405
12457
7519
7588
18163
4543
1190
22651
28086
17422
27133
8678
22877
11311
13299
15682
11963
22573
9881
5613
26894
28715
11135
29363
26070
28527
4021
7522
15135
6256
25607
18540
25065
9478
2481
13228
14022
10023
5879
18460
27446
9364
3490
26675
20676
16789
18709
8991
15714
4942
14604
18960
3658
2091
18323
29728
618
28697
13603
15753
11305
9210
4294
6370
25041
13127
25950
9063
23150
8181
3875
26948
17546
13718
29975
14574
6859
18685
23565
22574
23627
8169
11534
3637
10260
6210
3366
17231
11259
23321
2984
22564
2531
13630
5286
3924
26757
1236
19339
26260
9417
23215
23208
26963
6933
23184
17889
13792
18221
11454
12718
18200
25975
605
21838
12588
13167
1556
29819
24426
24877
2803
23342
3760
16434
28628
7685
19543
29864
27024
22155
15633
26591
15364
18949
9876
14900
6838
23669
9473
18293
12739
27673
20620
19696
19511
3208
2863
27419
3027
3641
22296
5831
26983
2409
28617
25611
10094
24512
1827
13470
16668
17461
10062
8384
12762
26290
23284
19600
19959
9109
14245
9051
6782
4866
28747
2646
8074
7963
65
11102
11604
28714
23285
14940
7475
28254
16903
17569
22766
25083
7391
15786
18896
23805
24170
1658
20096
23806
21258
16407
2915
5504
1810
9698
10370
558
18696
24796
14873
25113
5898
2829
23827
29183
17769
1302
27437
11025
25223
26556
6108
8967
12342
25004
2772
6513
26662
29220
6671
24272
15628
9587
29776
17438
25637
16498
24348
14333
11295
15573
9446
23545
18403
9626
29081
12524
17280
2870
23549
18856
29426
6009
27823
18121
1013
6947
986
27675
6168
7657
21948
28148
23596
28076
15586
19233
20927
16287
9918
2222
1860
25717
2119
26615
5343
1200
9140
22623
10423
9041
17831
9849
15051
15654
4322
16064
22602
5308
20092
5122
19318
18392
3270
12914
16468
25208
8500
13747
11495
18418
22321
19708
14135
24441
16323
25830
1993
1815
18454
12416
10857
12637
28618
2260
28292
2940
18324
27246
14601
14768
2368
3919
3160
11990
23185
25981
7198
1685
9728
25046
20104
2050
14754
10591
2843
1077
6422
4836
9245
1228
23605
20102
13865
22223
22362
12157
25163
17038
15755
16116
8159
24475
20035
17671
6465
19573
13652
13664
21258
29733
8710
17714
8135
29816
28306
10978
893
4728
22166
10138
12308
15771
6592
26173
7994
5306
14683
9510
28697
438
1978
6856
24914
28366
24527
7731
17939
14532
21395
9197
14265
6457
3264
28752
6273
1570
16082
13519
12650
8248
9
24958
372
6602
27483
14718
18260
12166
580
16957
18957
2559
23813
20223
925
18341
27954
25216
2873
25702
4413
23490
8511
7677
22242
21137
15599
8324
4656
4601
22924
4665
5911
29648
17619
3395
14367
5880
21913
21299
22837
17222
23858
23003
13797
1135
11344
11752
26351
20569
13806
7117
14059
28669
21146
12653
19806
6746
27329
24462
17699
26605
5480
23611
26254
29451
27006
16973
5331
25271
8272
4521
12494
8483
3876
26291
15970
21572
14395
18674
12141
4553
25791
2552
3223
23289
15205
23029
35
18886
23844
17735
15491
29324
17698
18097
28775
14704
5070
10459
9975
19695
21332
22469
4530
1560
25113
26852
23132
9508
15526
5273
14062
17669
14177
17285
10959
5734
16666
17346
24620
10510
11433
10111
9834
29131
28209
14962
13835
9631
1773
163
5678
23105
28984
10208
24665
24097
7061
24149
9958
28939
29422
24020
16609
19951
17657
27568
25685
4323
14914
20305
14834
2700
6768
24668
1831
4977
15982
22019
20961
17755
22182
26639
17212
27518
6848
18229
27968
20261
12378
7926
25552
18152
1946
12161
8103
19603
16081
3788
23926
7348
445
8760
10048
7214
9781
11879
12191
2115
10250
9504
19871
8784
6144
13435
6303
19344
1665
4271
15957
14043
12197
11509
8548
20495
23671
16651
16450
9752
26792
10376
23452
27237
25489
3500
4451
11622
21732
22995
13737
1982
2499
9960
10767
14995
23396
17070
4339
1413
27693
20296
21808
16242
1806
356
6737
1829
23360
23187
17933
20152
9915
11386
23741
11756
14886
4545
23378
6618
3892
13468
14953
6391
29780
25720
27739
23176
19142
2078
24589
23187
28727
22750
9429
6885
23106
22518
8714
16466
22057
26647
12970
8324
14385
13064
20081
29272
17609
19811
12242
21501
3279
3547
4244
9412
29267
1983
2588
24761
10414
3530
17948
9141
26280
3729
16026
25738
2599
24740
18557
24656
27739
1527
9333
12125
14591
29414
17749
8552
19225
6343
6405
28857
9891
10650
8269
15510
18985
17209
10272
29399
27091
4572
8540
29723
14654
918
25462
23605
2010
14019
24614
29750
21898
3947
18227
12842
3361
12328
21394
28938
18671
27800
4147
28562
14802
18768
20425
3787
12330
7049
3187
9421
17973
18079
9145
2627
25350
10959
2585
27360
24978
27199
3462
16876
1146
28041
29718
10859
10369
27465
9797
29041
25265
20297
3955
10067
15417
24380
20206
27747
1429
29745
13521
19403
24177
22666
28382
19527
3625
967
23239
4955
28166
26702
21831
5664
24743
27902
16523
11465
25367
2673
10506
26984
29322
14461
7051
14739
15194
3609
12487
22975
3355
26008
18730
27532
25026
17113
17059
5003
24432
10298
9958
28951
13352
8141
4615
14448
12395
27491
25913
7762
164
12771
11098
5838
3584
24501
20577
18778
28111
9416
11754
1466
11776
484
28998
6802
23949
22409
18157
24734
9059
4467
23685
28764
12609
4652
13212
1356
8495
15477
15471
15011
28248
26569
20849
1832
21071
11427
26963
19182
20843
15069
27000
2620
21905
25998
15774
15855
24759
3932
16941
10170
14751
16978
8934
3712
27982
28498
5069
6478
13975
20540
21489
18575
17109
18691
26760
8180
118
75
3714
27313
15144
714
6285
7049
3064
22060
29256
4175
2344
16197
14346
23447
9527
29632
27160
7510
28131
2229
13988
18458
22769
11829
13386
16230
520
10146
763
6990
10221
4477
4304
1717
11544
16941
8766
14608
15353
14375
18784
17697
6924
9482
11145
16452
9114
14657
23962
7245
16886
14302
2056
16007
26131
15442
8589
3004
25588
9352
9994
12161
20182
20650
13878
1726
7592
28996
22686
22945
19723
17822
16995
26648
27304
4492
13100
6419
19149
13414
20016
6035
27716
22072
28394
199
7514
6983
3203
3102
16336
13198
21615
12870
3848
11845
14596
11440
17194
13634
4386
6917
1457
21381
9917
28761
2225
29369
5180
21374
12783
25197
3761
16851
17269
2155
17051
1136
9138
20254
10590
1826
3452
2206
14696
13653
14051
5644
1445
7597
19279
5831
14515
20736
3564
24432
25849
5789
23802
7382
3515
12937
2579
7276
29789
26200
9431
16840
3688
18570
7094
14279
26748
16899
16485
11445
552
6888
23441
8349
14486
12720
20533
5353
9808
24097
6137
5658
6239
29939
13040
16106
12877
21971
23383
12666
24523
2814
5858
28212
27736
12952
12491
24485
6203
5328
12282
13107
18568
5723
21457
9406
24796
11990
14759
4604
12439
20897
10262
25030
27188
29654
11137
16417
21625
4520
5435
22501
13686
11293
27065
11423
598
9556
12260
13153
21236
894
26261
9804
12969
17718
19211
7765
6060
10322
12370
18499
7571
28984
19882
11112
4991
1019
27529
2968
11891
9317
25469
25577
20610
22534
13352
27560
8442
25612
10714
29678
2858
6975
15835
15828
1045
11398
23593
13457
28072
12315
1956
5644
17652
21838
16756
22643
29209
20637
1963
11100
29954
27433
6678
26917
26319
20030
829
11114
21995
11543
17144
1205
24870
2979
17033
2267
20729
16979
15724
18802
5646
24033
24446
23298
22223
17554
22293
21433
14543
24257
8885
20850
28042
15563
17767
24361
11946
18596
5475
10293
6492
28972
17850
7714
1951
4884
9982
22681
28215
25706
11483
3861
26091
12281
3512
18315
6187
25805
9748
20730
20062
18633
17932
24456
10549
5699
25170
28847
648
6997
15492
7140
5969
3342
14854
7921
14578
1188
6954
12793
3247
24789
16655
29338
13422
20167
17653
19609
22324
3753
16691
18739
22387
4624
13195
9288
16675
8365
14487
17323
15363
29979
815
21332
9673
22022
5605
24252
29562
12559
7045
2809
7348
52
2148
20770
20219
19801
16731
12544
23555
9775
1283
22294
20751
20830
7934
7426
29196
22421
1102
20911
28752
8269
12243
8425
6643
24201
2677
6206
6760
16075
15367
20461
16127
17515
17583
6347
13669
10667
25243
13576
20442
2878
12222
11193
60
26508
24971
5608
25281
26073
26519
24033
10695
15115
8810
17338
9316
17840
29896
22428
3915
15264
19241
26394
9131
13177
9093
29152
23844
4336
12728
14286
13566
1302
1831
13627
27810
26802
19235
23091
29228
22107
23476
9923
7222
8639
3613
22890
26479
3510
21670
6746
25126
10912
3140
4257
24089
12234
3410
17933
22922
22490
8571
6489
23793
16754
26468
27955
19908
22055
21047
19136
20514
20875
5411
4088
29514
9025
26978
2345
18887
18649
9091
14013
5913
12232
24622
2
818
28032
24287
23740
26875
9210
6581
20668
2316
9401
18623
22224
7809
16022
11361
28323
6898
23124
2412
12764
2149
5742
15110
21036
743
24201
11401
6656
12785
6024
13010
13603
10408
13649
13696
7283
22859
20277
4303
1527
29679
29279
23752
7488
15301
11465
12163
28551
4589
14575
11316
13091
26670
26426
4127
27413
26979
21881
4070
9765
27905
17080
29720
14665
7082
13416
28301
6293
3694
2604
7821
9725
1883
1573
23565
23537
13038
5728
22088
23979
26656
3404
7070
23326
6182
17550
20739
3162
9431
1161
19279
13688
24594
18999
28353
1676
8768
26654
7969
18814
5611
15790
28539
13846
17363
22104
7383
6753
4184
29472
733
7192
9228
7803
518
21763
25353
27610
1277
11136
28771
26908
24824
29717
15907
29530
1393
1027
2536
9363
19841
8147
25153
18380
21994
18869
16836
5729
1974
27373
11553
2707
4565
20782
16863
11436
18897
18568
15398
20174
29705
20521
23434
881
20239
15693
411
21632
16721
2948
7347
6562
17447
2501
1295
9441
27722
24483
15171
29696
21856
3076
8756
2774
23858
1971
20562
19107
26891
5960
15633
26596
26481
9067
3830
23072
24761
4241
14705
11482
13541
22052
24396
989
905
25691
16782
28627
26527
8305
4676
18383
11382
19784
27509
11592
28107
18071
700
24998
24031
22685
27947
26865
1753
1777
19937
2866
6018
4642
20700
19560
3047
15096
26901
3952
17140
13683
8932
13667
21989
19960
8402
3371
16096
5912
14963
14203
23983
22015
9201
18015
14701
7148
21232
22806
8925
11169
25672
21296
22164
16372
17208
25211
1468
14109
5515
24960
27792
20799
8627
26133
10759
17030
29504
3207
29294
20820
17410
23277
19187
26612
17644
3888
10112
8876
26694
25390
20046
28718
16686
12210
15090
10246
13773
22911
24355
19288
17871
28499
10088
2851
24633
27199
26233
489
6759
25527
21309
24169
25156
10497
27133
12801
20737
13598
28029
23784
8988
18075
22502
2026
6637
7593
12272
20410
6856
6627
16051
24727
5126
2491
3930
6111
6042
6515
6601
12801
2042
4262
6971
3551
21111
10456
16352
11849
24054
20733
5633
3042
15161
4487
5068
21798
18432
17340
18561
25288
319
10964
26368
11798
13455
298
17909
25849
13166
862
8651
15208
5125
21974
25111
26236
2430
11463
14437
2837
8549
26422
5879
23710
910
17300
15508
19342
10992
10421
20983
17664
21385
17351
29462
11192
24001
23723
7042
7167
24586
22045
28728
6063
14019
23839
2299
22801
11655
16737
25638
20204
19511
7870
13914
20421
1522
5774
16116
18866
22548
7099
6530
20285
802
12344
1478
24803
12420
14872
8323
13358
6917
7051
19421
27288
7242
21720
26441
18897
14809
28432
15453
4321
12654
29367
1094
14176
5142
17210
9394
4042
661
22277
24327
1463
4621
25805
26267
23393
17029
10942
6751
298
17993
26172
3938
1587
24245
380
20485
15406
28812
5938
26079
17818
11658
27174
1994
23152
20736
11388
27194
21398
10017
21521
29213
14639
23679
25480
14384
10708
12774
21136
17359
767
23660
21297
2355
24257
28029
29192
9664
3193
11482
12095
21011
23140
9269
23005
16292
6358
10746
19838
4108
27115
11360
3321
11754
5039
5154
2491
22099
17928
23627
9458
25048
23639
7108
3755
17897
5137
9299
3913
8331
20781
16008
5694
20274
1630
5052
6566
7988
22150
2757
18448
19265
14117
21769
7372
25508
3275
9863
17607
21204
9842
3418
16252
3481
16878
26359
27730
22015
5658
1643
6698
26439
17652
12393
16713
25634
17445
29632
9974
9595
2389
28422
5212
22858
26543
12584
18366
29819
22447
12325
21023
2289
22095
13627
5771
8973
9986
3501
7341
21996
11497
14039
18435
5501
2784
11501
1135
26581
17485
11109
12528
26226
9531
17741
19084
6074
325
7450
5893
22773
26127
3268
1414
18223
16895
13537
3548
3233
23391
10889
25229
4888
1281
20017
10389
4065
7870
11524
6999
25355
22633
19527
21581
8516
13620
17017
14590
13946
819
26836
13071
26946
104
20837
21521
23352
4375
25070
2937
27766
5959
4519
9006
7240
888
19395
17658
8758
7271
24657
10465
6256
20536
2046
14772
10509
19063
5714
24455
26234
2550
13878
23180
9007
4715
21054
8711
15442
16124
11648
19560
28435
16167
28566
5676
17055
24313
29686
2165
1584
695
12630
14192
27583
21028
28964
8092
16443
11031
8899
12677
19933
22777
12210
28940
3845
3264
7651
25639
19388
19300
15200
17823
11819
20118
29851
5227
14432
5889
7392
22368
6584
26375
6561
4168
17403
11877
12260
10199
29260
21160
22876
19194
20289
5086
18134
486
14702
2138
2478
4090
27790
17678
28266
9609
14148
28117
21188
28580
4007
4933
27301
16943
1308
3862
21111
25063
22091
9724
11614
21352
7236
4491
10546
3877
15929
5032
10716
632
7170
13194
11074
4960
7224
9340
20922
21372
13810
12110
19953
24169
23395
17254
17464
1055
27468
14928
2471
25911
24652
14085
17263
1888
18576
4161
12117
10858
15546
22833
17842
29068
6027
28916
4029
13251
14609
1303
4624
4771
19765
929
5292
13161
24535
22756
20568
22003
7684
23039
24266
8688
7125
17882
16928
2053
22043
29046
19263
13941
21879
7105
13010
4259
12374
23391
17510
3335
24694
28486
8106
20811
5767
19750
3972
302
12506
24541
28657
26543
23932
22924
5231
1057
10806
28512
3111
9201
27558
22374
23143
25789
5832
12505
48
18206
5896
23911
21541
6942
28749
5999
27753
4517
25749
8078
4819
14607
8971
3477
11150
2903
2753
22734
10313
13559
27598
19776
22760
25156
18502
22255
27297
24334
11112
27346
18892
23360
27609
16785
302
26358
22784
4408
875
24885
12486
12047
9493
27809
21876
26995
7064
24629
26081
17377
14540
23679
7153
13652
25187
25656
5908
22485
26342
23372
26183
15235
16733
23792
2020
17035
26502
1157
27795
3730
26042
10281
15777
11887
14442
14005
8883
21507
8634
11316
15236
23174
4996
22390
6826
6535
24398
19086
29020
27092
12459
1555
12327
29192
1699
20700
22579
28202
28209
20375
8284
24251
7008
24061
6139
27803
14418
21374
19310
23052
2690
4546
22578
14038
3288
5756
26926
27686
1195
2298
24779
20006
3854
13458
25550
5553
10510
18129
10107
8719
14856
18391
2971
28217
18804
15462
26020
3222
13188
15330
2626
22230
26228
1556
12621
29517
13665
9547
3555
21212
11845
4686
11218
15699
18145
13120
27605
5007
7601
14064
13727
22458
2456
23050
20675
27612
14864
23047
7187
28052
8377
16165
26634
10957
17722
9255
10474
7739
25154
20382
28951
7000
25068
16521
29051
19565
29641
3008
24573
7242
17073
8300
6052
25881
7702
3079
23493
22566
26126
680
26970
4503
16846
23604
21813
10920
9212
2287
25011
4366
29021
23962
11366
24090
16835
16770
20007
16476
19778
14580
70
6851
29232
6123
2732
6934
9202
2578
5852
5329
9610
2822
16184
2808
2779
7997
20080
11991
16637
15091
16357
15658
15405
4076
16100
2240
20846
6108
18716
16976
20688
18787
180
26273
1262
9264
3207
10464
11842
9060
22145
21453
18234
8330
24261
21013
16327
14342
3004
9316
5785
25714
24975
21191
29790
11075
23431
26988
23535
18500
13964
14224
13639
14144
10497
14901
29761
20056
1717
11603
5468
23863
9408
55
2193
10022
21068
24872
716
425
4189
6501
26139
5516
27692
25929
22943
27476
29269
16479
15976
13233
7055
29615
3730
23904
20868
3491
20312
22585
21446
2133
16448
855
2188
24993
10877
23256
19866
11593
33
407
24446
26172
12275
22139
28453
11570
19615
4074
4401
11943
17308
11456
11558
27390
11712
2426
7233
2025
1363
28679
4158
17812
5886
6346
19157
23115
5954
15375
11060
12340
15782
5507
8512
4409
3998
13318
15980
29965
17392
20381
11908
11052
8190
29818
14794
19902
2244
22027
28279
9959
27059
8789
4123
2945
21487
23281
2413
3794
8656
13473
16134
791
18980
998
5200
29330
14316
27532
29295
8061
24266
11203
25465
2456
11021
10260
28710
19617
8639
3342
29577
5698
18483
3700
14996
9971
3333
17409
13765
11990
7234
29899
12781
2567
7249
24333
1897
27918
28218
1193
5979
22484
18748
1444
1292
29770
18056
6354
25739
26696
16048
1668
2394
4532
11721
23742
14503
15054
17503
4620
27044
24738
4519
16177
27305
18120
16863
5554
16038
15081
13099
22017
13917
1848
29814
21561
7970
17870
27915
3709
14566
13964
5378
23313
18496
17099
23407
9351
8505
10911
13971
11902
12001
24842
4431
9306
12962
21294
21212
29001
12727
4312
21018
2996
6160
27184
24557
14130
15055
28825
24191
5973
12789
5921
5638
7637
29372
29046
16988
7878
16309
959
19780
28310
25801
24211
13968
15115
21858
5180
14116
4585
9492
11487
13934
22004
8671
8491
6134
78
7316
6678
12404
26457
12599
18042
10446
11972
23440
27434
19850
9749
4745
9630
8059
6898
10193
28379
22014
2051
3560
12482
12989
13052
23969
26923
11409
8993
5414
17543
9071
19083
24221
27827
15540
13173
22222
2339
25145
15662
29773
14995
1764
10871
977
9823
24121
11170
8203
22487
19574
18115
4970
2563
7519
5291
29486
18928
14284
11252
12824
29708
335
7045
27535
22228
26570
19757
24567
21715
11772
692
13062
13536
17915
14039
29711
12037
1562
14266
10876
27488
2381
22198
51
9901
27490
5889
28829
18126
17141
11653
17834
17477
25051
21722
16057
21621
17831
10624
19689
5955
17668
2751
19491
5584
23143
19203
23973
1057
3469
4849
28545
12203
27048
4948
28456
890
10837
27285
19016
27978
15291
13203
21807
16694
11277
7864
14667
5460
24840
10708
11416
18861
13460
907
24445
12955
26462
24770
14012
6284
29619
18909
18487
3019
23857
16943
3909
4694
20580
22926
9024
12223
12481
7184
5269
23758
21400
26289
29218
22593
6997
10634
11454
20457
17894
12251
9764
14356
7021
128
26992
12992
19037
21831
16012
19246
15126
26273
23940
5707
25551
9317
24282
8032
16501
5904
1790
7901
2193
7361
494
9190
24347
18300
6000
12241
551
15764
2950
7572
15893
29942
20565
11282
21774
12929
529
13252
9202
821
25311
4754
10138
19594
19138
2991
25498
20929
17245
4043
4642
24091
13233
28989
12392
25585
11231
12943
11350
20533
26868
3595
20475
23785
21229
18601
6714
21758
1854
22268
22580
27165
3374
9070
23111
22513
18414
24961
19794
12011
29004
24436
6102
18590
23425
18494
14175
11008
7790
1877
1541
11010
11824
28369
4795
3054
23322
17861
24812
25176
16481
23744
28694
19856
9167
28157
12369
3933
29471
2163
15944
4827
2951
22046
23417
26376
16893
13945
13737
1035
15822
15278
12045
27647
13647
23192
7053
13322
17405
1865
14850
3886
1962
13544
23742
11129
18054
12463
21414
17525
20978
7358
22352
23929
5756
22122
26658
22649
6067
16747
36
28241
2025
12081
2240
22025
11625
9293
5347
29030
11159
20197
2917
19473
10094
3011
6954
4500
15475
28368
28377
12805
12078
20729
13087
17834
19203
16097
10484
1622
2844
16872
29864
4869
28954
2104
3246
16931
17750
14945
15962
5261
11495
18879
24734
21589
