4296
4484
7093
26010
13520
21181
24897
3062
26699
4367
12505
20741
14112
12399
6851
13333
27511
27985
16525
16295
6631
7565
27384
10725
19725
13911
17225
23321
29817
3364
22202
10465
14200
29295
6476
27720
26828
1373
7135
23527
5740
19640
14268
26204
8392
27471
15889
5903
25456
2414
28550
8440
16331
25934
19165
12409
16197
12742
5730
22366
16106
27932
2832
306
3580
9308
4378
408
10681
11513
23936
22774
7506
14556
25330
15898
12028
11220
28153
7484
19986
26704
15924
12670
28990
11441
25079
15188
24183
809
13906
16641
5093
16738
23299
15025
26046
27678
15434
13080
15543
15722
12206
29401
6630
7536
15299
18658
18756
19805
2495
15095
16509
24771
27765
21851
6213
29196
7039
6748
6357
20946
23390
11450
14036
16689
26476
16435
20719
18262
5867
12615
10336
18073
12016
16966
25609
27316
11977
20718
23473
14472
5813
16334
9243
9930
8185
21808
15478
21577
28557
21835
18875
21947
3285
2911
14988
6113
19346
5708
727
1565
18323
17415
19638
339
10734
21600
4007
22711
12318
3832
13535
24483
20166
22778
10765
28352
20939
26243
19929
19496
24430
8804
17795
27715
18067
2783
10181
13766
14843
17260
15331
9518
4676
11322
16210
15410
2922
26569
14473
21592
402
28008
22427
20568
27138
9544
25272
18077
5787
15201
13925
217
357
1720
4284
24777
10856
20817
8543
25699
14430
226
11570
19106
11548
27780
10868
14470
24349
1693
12414
1103
29701
4841
28024
3191
14385
23296
27621
26524
14850
11546
3093
21559
13267
13730
16336
24123
10899
1231
26174
25329
7810
7744
20787
19358
11876
8007
10181
12578
9700
22595
13681
15753
3789
11705
18945
18174
11354
16566
21051
26204
4464
24144
17763
24083
14226
10452
18206
25126
18035
20733
20455
25845
28477
11243
21556
10354
19250
1737
22932
28951
684
12965
21056
4473
1023
10001
29000
12377
2919
20051
8581
13736
20547
2696
7819
4774
19500
2378
29900
7536
23111
26707
9733
27940
7950
1289
14646
3553
3026
13930
8856
10063
26896
29912
14536
27919
16266
13536
16648
25537
9939
25229
9273
487
4277
17093
11613
23778
19471
17865
7666
18934
14572
17399
16874
28875
18689
1521
2428
28067
21803
11284
14482
18699
17548
29019
22970
3814
18907
9618
29352
5199
11199
14977
5686
21829
2070
23651
15607
27893
11516
29625
16827
26088
17024
3702
24963
12065
11575
3743
16485
3378
21379
967
28430
8928
6338
27752
19094
1598
7371
24798
6797
24922
9776
18835
16751
11846
12486
8710
9740
24002
8335
26567
26442
1712
6621
27758
20129
18196
1501
6614
27927
22881
13934
26357
8161
26624
24109
27255
28222
7832
22054
5019
2755
8182
23854
25858
26380
12692
4569
6120
13046
12904
9040
9489
20968
22013
7247
11098
16562
15100
24064
14489
14333
7998
10846
22494
4623
11307
26102
9197
25492
24508
20569
28247
2690
20775
457
29070
3468
5026
11543
16514
24283
26935
2355
15251
18948
9602
2701
5510
1055
26766
19999
15388
11116
7197
14235
22091
24857
10337
1289
20349
4845
21858
24948
13887
12633
25405
12957
22453
6784
852
8968
1067
27787
11323
22670
16736
27278
25372
28598
4685
28490
18598
20073
9606
2147
4308
1698
27004
20997
9339
17353
2194
7549
12301
16081
26534
14059
5391
18988
20843
12595
4308
21910
10383
21983
20932
3471
19261
22656
2069
298
21146
20667
20372
7105
29167
1032
15155
26171
28382
846
19877
576
8395
8530
23010
4929
22589
4753
269
13432
17348
4577
11694
27731
26561
2627
7554
22174
1635
9624
28825
29134
6643
19197
6239
5810
26581
27746
1982
1315
28592
28211
8244
6987
6741
1254
18268
29331
6007
24890
12763
29707
29467
810
3791
2380
3437
11345
907
11424
20969
29732
10558
27613
25281
16797
9775
28214
20895
18109
29530
19487
16320
7774
2826
23062
15380
21095
22393
27739
22337
11508
27446
21804
12318
1237
537
22107
18935
7796
3532
16256
13880
14090
20221
9161
7240
29997
13727
28135
18106
19609
23975
10779
27383
26801
3841
19115
24248
2586
16854
16585
20446
20653
14742
9117
28242
21631
7576
17177
29427
11108
3434
13307
1551
23655
28820
15143
4
12547
19630
24463
8509
13605
5242
12244
16759
9083
1360
17359
18021
18214
3945
8467
15219
25039
17584
13462
16670
1513
639
22449
12621
10425
5756
20524
10433
10928
12019
16789
29827
8002
11252
8336
27959
16494
20581
14718
25577
21941
8430
19950
16507
12375
28418
1727
13766
22354
15189
436
23867
22180
22885
12841
8958
4993
9717
25743
15921
28089
12532
22100
6091
23785
437
4050
16631
21018
25121
12209
19311
3551
8511
5818
22278
6929
13897
6044
5636
5438
12832
5855
3971
12069
18696
12929
17062
4766
15024
9335
2855
27556
1435
8946
27693
1872
12996
14325
29242
8117
2886
24905
18020
11397
7076
10298
24679
20973
22694
315
2764
5526
6170
6735
17595
1219
26016
11009
5985
11040
20344
8840
8596
28132
17786
6290
6356
7134
26967
11951
21604
29853
6856
9624
11250
13932
26275
5929
11258
18969
12596
14022
24496
25119
27109
18443
26338
23125
29453
2323
4165
26149
11163
12761
24281
5301
25403
638
18787
28722
12589
10391
28575
19445
20016
16178
9730
22643
28459
27340
11612
17408
11362
6108
12527
8471
904
8865
1596
357
17540
12113
26506
5055
1226
20788
10356
2982
27778
29143
1704
10367
15887
6632
6164
12255
22810
22246
4898
27621
19586
16510
15029
7300
28971
27556
22123
29875
12773
71
232
313
12184
3090
5368
13411
230
22076
16393
28008
21220
18097
14727
13459
24729
20892
25714
23891
19490
612
21513
9077
17122
12894
16377
22445
10451
8501
22320
23224
8572
28904
29890
27109
8347
5258
10520
8577
27335
3265
12938
24907
21362
27665
8366
22444
24909
10432
22687
14400
11044
14200
23477
4518
3447
16206
26964
13898
1059
25636
13474
9632
893
13364
13093
9240
24975
23613
24169
28662
26878
7107
23569
24592
11125
8287
23388
12386
18719
16076
26786
6115
6628
26615
10633
10075
19174
13949
325
20233
15938
20152
6217
16831
9868
19310
2423
4843
12923
26592
3505
16153
10052
3426
10746
27529
18065
4134
9915
6784
26562
13054
12899
3191
9669
29885
13266
28843
13834
19944
19077
29772
10096
1646
22955
19964
20957
25378
24808
3880
28323
4665
26386
14727
14444
7132
12256
2509
17618
28523
9294
14181
11577
28545
17372
27599
4782
6990
2794
24969
26934
28223
1093
13382
29870
24049
3347
20827
25779
4507
1059
24102
15524
27445
15181
29968
10929
3789
2478
4900
2313
18124
25433
20242
23021
19157
17841
27804
26147
20636
22773
29434
25211
218
12816
25081
24267
22515
15908
26399
27022
23320
26853
18899
27117
12035
18867
8047
15824
27697
19299
24489
15821
14732
14732
15195
3889
8925
12999
6388
5913
12124
12174
1125
12342
1343
2558
12962
23858
24819
9361
27233
18139
12566
16132
15256
24601
11351
29655
16778
9049
25306
11267
1222
10038
2351
16417
20279
17629
5768
26668
23542
17892
15194
1019
6587
16537
3578
25901
10396
28397
11614
13981
22888
24180
113
8144
25134
17816
14152
11912
26865
9458
29531
28088
25849
1883
20857
16128
19512
26626
19148
19406
14518
4343
20426
27457
20880
356
29710
7628
28753
11324
21609
21641
11857
28074
6137
6991
15891
26641
25255
19108
6100
24786
23548
8301
3021
14406
781
22533
11032
19930
18292
1902
625
15070
5712
27857
15426
5422
11838
14179
23099
3447
12172
4956
7874
24661
18299
117
21303
13554
25577
3755
14692
19126
12056
17714
9884
12837
16599
20916
9119
4891
22818
9744
19961
28530
13954
5387
10305
25792
25918
3404
5591
14442
14712
13465
9104
9363
19934
6759
22917
15512
10514
13961
10990
28922
1675
20874
18111
18275
18142
27231
29518
17312
13327
25832
22195
27281
7571
2500
23073
3490
12256
28665
24284
26968
18482
9740
6331
14769
16499
5600
6633
3365
19561
23975
2287
27589
14849
26751
15864
2991
23982
21734
20303
13661
17566
18850
10943
25138
21350
10368
4980
3606
15385
5616
574
10220
15357
13257
24989
8208
25209
7974
11574
14771
1949
20213
12360
16798
16964
4576
26141
17298
26310
22796
960
20229
11647
11903
21719
9349
28623
26699
12956
14009
2315
19882
24229
24024
9492
25570
2233
4701
3544
20159
19472
5493
10372
8184
28643
3689
19112
1136
20987
21775
284
21947
12004
18283
10202
3723
27633
15178
6774
16941
29187
15441
6823
29768
9466
22667
25338
11699
27369
28882
8210
23193
10727
18582
1378
9370
28623
20490
16858
19611
12265
17142
17910
621
5426
4465
4344
9411
19643
11118
26352
18830
2912
9527
18598
12378
2195
20288
429
29564
19170
8639
22757
29897
3573
487
15619
2197
20978
2477
21808
9595
25971
16070
10217
7749
26887
20913
17160
16530
8384
19864
11712
11296
29392
6662
23674
7939
26950
455
13855
22472
9094
6612
28721
12667
13452
14340
14864
10782
23169
13024
20377
25493
5447
6946
3242
2334
27860
20403
25217
6244
16619
6929
23892
22363
13592
17566
302
16894
18021
14157
9367
3467
27122
8088
22486
10574
28781
7351
21356
28302
26727
18085
23795
8526
25032
3390
10861
22892
145
6078
5488
16764
19359
29380
9128
9303
23298
9430
2550
17671
29940
11917
21138
27062
26357
13624
13988
1490
27327
11696
6145
407
29781
29940
8933
24813
3330
26146
24057
3475
8576
29545
26592
4288
5277
5720
13591
28575
21502
16141
16246
21442
4410
13736
24856
7120
27361
8844
8610
1040
26892
21107
7799
26674
21048
16733
27839
730
19231
21897
10558
27808
27794
7150
8448
3072
19222
22039
7999
10724
14533
24246
8519
18943
14334
3375
2415
18047
18572
17378
19088
15464
8485
26887
18490
5885
19972
16330
12968
9204
8227
23526
13364
12373
7028
21812
15445
2602
20203
29797
13326
4736
24043
28197
32
8377
1573
2447
26425
26497
26177
21865
18313
4663
25104
6804
10548
15077
23134
23516
633
7713
23394
20349
26438
6774
12161
18236
9376
8716
18033
29055
19805
12076
27252
19837
26805
5177
28636
29582
1674
1166
21447
26340
5829
22904
3144
22729
7981
2630
16246
8614
16695
15992
28963
13133
22767
17476
1369
2143
26192
19402
7550
22349
7830
4803
18538
10988
9980
17175
16922
18007
18341
14722
14347
522
7626
23843
23251
15607
2825
15849
573
25872
1842
5888
15357
961
29716
23079
9456
2260
18833
17007
24610
26664
21810
13148
14004
8142
6675
926
26149
1368
15648
16848
1890
23274
17043
1494
15233
26220
17343
15806
28444
25537
28046
13802
26498
27762
6881
5955
23
25714
22962
24633
28730
21124
14133
19086
29266
20809
20013
1768
22177
12013
24968
420
11640
18364
1914
26873
20936
25609
19032
19381
21147
17078
3183
17645
14841
16416
29952
21216
18482
29266
22201
17213
26742
6334
12651
2361
27143
2664
4129
25673
21030
5449
26093
2670
165
28007
29543
21102
23616
18575
10483
21115
12006
20018
8761
3199
6434
15065
24415
24916
14332
16616
18481
11074
22950
1133
13435
26446
10149
23916
22119
7531
5718
18212
10201
12235
22571
16097
3337
22539
11024
20172
13655
23030
16542
28768
26229
22976
13833
26996
24245
4517
19964
19078
21944
19267
26563
11731
15713
6713
12000
14184
14244
17718
8748
798
29953
1319
16895
9643
23858
27919
6167
13865
27302
22710
12633
29883
22038
26467
3232
22635
7336
23196
11714
29280
18815
8277
11012
10880
21342
29364
25064
11939
17082
3812
12737
23387
5131
5984
9382
5342
10255
15550
19207
13909
8260
8193
13793
6650
11012
17025
29286
18348
16573
11000
23981
5389
25629
11345
16269
16972
10709
17686
5263
4143
21498
24352
27530
2982
336
13265
8324
16943
28815
3883
853
13427
12076
14646
26429
23088
8023
25715
17789
24596
13067
11770
6337
8697
23115
28959
2021
3824
16645
7284
7967
8143
1636
11849
17477
8324
25114
2153
25267
281
6037
26120
20060
24465
17118
16490
23906
25141
18557
11695
26090
1625
29817
8779
10322
22932
7738
12343
3108
24383
25979
17427
8879
27615
29276
26356
12291
743
28510
7558
7376
10899
10031
27437
11716
27149
20279
5622
28643
8836
23669
24733
16813
23486
9864
27135
22770
17603
15830
25878
18338
18161
19657
3569
22128
18934
6278
4419
26029
11140
11978
3405
28391
22009
7194
10107
25510
3825
22082
24153
19014
15751
25238
5827
15590
5103
9315
8360
22706
1497
10591
17396
19659
6600
20966
11787
25534
3596
16207
27915
14736
4537
7673
13127
2898
21219
23234
28408
1397
21668
28914
20411
7420
24152
26238
29362
29255
5553
7722
28313
13403
24665
15710
3062
1266
13028
14849
3152
22976
7408
7420
7712
11945
21445
27191
14843
12664
26777
19604
14061
18446
18518
4472
2218
12670
7063
1580
18278
18968
15654
16591
2371
10320
8653
5433
17938
28033
26635
27442
21009
4043
4862
5073
22341
26307
8616
7184
15324
5394
3140
5737
23840
21658
16562
2410
10681
23625
3990
28959
18945
19644
21902
27669
6316
6908
9454
24254
11293
6089
28049
8655
16485
9263
20080
8826
11923
28697
16010
27247
4091
25503
2984
4283
17161
19546
6693
27842
19523
10683
3153
8469
327
1408
6138
12996
14668
21944
7250
25961
28034
11651
4616
14519
20915
24697
23345
2838
29746
15707
85
3837
11210
9421
14472
4724
28968
21165
8918
24843
8200
12072
3312
14879
19832
15802
27875
4500
7747
11478
6813
12133
23129
17782
26652
14044
18831
26349
16882
18577
18408
23319
28766
29619
2741
13238
4343
8061
10755
19613
2904
25307
8037
12569
10186
27869
28371
14414
8721
12470
2244
15535
24603
25373
3317
27607
15770
22148
308
9004
17077
18717
2324
15843
24688
11417
29081
5383
19478
9836
24996
28734
5143
3034
11303
21681
7255
16027
12447
15977
28497
14691
7864
29453
16417
11181
3412
2187
9681
3721
17543
26758
28790
26219
12601
23478
7636
18034
28861
3466
27870
209
2201
9365
3243
13504
7398
16851
5883
19846
2828
4381
4537
10692
10186
20954
28225
13598
29493
14258
23671
17037
17368
22461
13256
6321
15939
27245
24355
21152
711
28577
21362
9264
7942
24605
29121
21692
11456
5004
11538
20636
15737
22428
7680
25923
19734
12257
15874
25580
2867
9545
12617
20235
2007
2225
26556
17946
29470
20911
9099
182
19488
6813
15798
3782
7770
14919
1827
19227
19924
19717
16215
12013
12145
248
7937
8232
12505
23811
3812
15373
3356
16429
11960
11715
25006
8517
6014
24477
5780
15113
1011
1621
28278
16809
11755
6048
1729
13582
1627
28005
3300
17843
10018
21797
18091
24307
29
6948
24470
3841
28673
4179
26622
10634
15894
21629
25503
21908
16106
1283
13373
23469
9256
11651
10278
21012
17700
18359
10946
19327
22716
14246
13522
2735
6044
7965
3394
12425
21266
27865
22619
19939
8396
19241
6925
24290
17222
2428
22551
9680
10064
5924
3149
25672
23928
19780
16684
17980
8139
27631
13659
856
18229
27182
9943
625
5147
19689
13051
26413
17554
12022
22705
2302
1263
29630
26593
24838
8411
19144
4518
24827
1420
14020
20499
1700
3800
13536
19680
18291
17519
3340
19147
5748
522
5442
12726
12021
25132
2129
14787
19038
14151
7492
21341
21766
13474
24286
16604
28237
19782
27475
23064
21202
11495
19916
29255
21647
3452
18935
9938
20971
22275
5438
3071
29149
10880
22149
17523
12364
24278
8662
7755
8429
22506
29096
6548
5980
29734
23152
4218
19516
20627
3634
17070
8474
23550
16325
6473
3354
5261
16412
24325
3888
21850
3749
9390
9082
25898
3265
21447
26529
11927
29202
11310
4433
4650
17858
16765
4384
17363
27335
23900
7990
970
10970
22817
872
3648
29290
4227
8909
22054
28552
19149
13904
8653
28539
29339
10904
8156
20786
13785
20083
26340
25095
24516
990
19306
11282
11726
6669
8617
11978
21011
15939
29300
13828
16812
2948
19471
21039
11857
11525
25943
7359
1782
10949
12250
1121
21853
20407
28259
5638
10490
24599
7085
11359
1941
26391
22641
20019
3060
7610
1997
24072
23550
1297
14252
16714
4246
3723
7753
22455
21601
3696
29814
23383
20997
18417
856
12850
8824
29115
24840
25666
66
8278
7025
8359
4669
6018
28378
14082
19981
375
8154
19883
8024
28758
6597
12270
2482
20702
11078
435
750
17244
170
21748
5661
1026
4598
20837
6493
5791
16504
6559
14069
29881
14918
18738
12252
19648
9172
2233
26375
17326
22116
4399
16085
5065
23022
24919
25767
4100
1706
26517
21344
1876
18265
3358
2902
29216
547
9395
5007
23403
22306
19076
23285
13576
14166
11889
3224
29691
14122
5951
17017
12590
10350
9454
17655
3372
10725
19774
13824
12431
16291
11521
20659
4557
21231
29913
3773
21778
9308
15132
15182
7966
10560
14819
21542
1078
26708
1118
769
17182
7069
24139
29772
23772
9945
23779
3496
20671
13553
17321
9454
6196
5194
114
10753
26425
27
20878
18203
15688
12362
3385
6
22922
24556
21549
353
21264
29019
1122
8446
12441
25261
14570
6213
5207
8349
16061
2230
28254
9734
18036
4451
14928
18150
15204
11353
24530
12435
5909
16570
1149
15646
16576
24072
10203
14477
777
1467
19849
1899
16266
2290
3513
836
14855
15072
15538
916
17302
13792
10651
5338
18243
25579
29841
9800
13285
723
22235
19194
17293
29736
11192
3869
160
21395
24699
937
29215
14548
2837
15481
16838
12702
22669
8045
27774
8207
8961
21428
22000
25964
26766
10243
27896
2959
26395
17533
3682
18630
6727
20975
24719
17919
1197
24879
15667
25896
25817
14882
16796
5006
6715
3634
17708
5736
18031
21834
13944
26992
13262
12296
29309
16380
28891
27205
19340
25287
14738
23022
20269
27817
20350
14988
22088
21547
9868
14107
23795
12037
5341
10591
23395
12056
20577
17455
24145
8608
9289
8089
11952
22551
26737
11261
15283
25628
14818
4623
27267
5908
3998
17537
10077
24348
8877
8518
22247
25097
22625
16042
7134
27967
26633
529
16375
23562
17984
10520
2170
3625
24961
14122
2528
28050
1736
17812
23679
22906
22435
27298
5167
26433
14835
15244
27133
65
114
19380
25162
22740
5422
2297
27059
8407
9178
13434
1969
3515
307
10491
7140
1620
966
9669
29671
2702
3833
29702
1960
26268
27000
7127
29054
18188
28724
26187
18253
28838
21920
13415
27930
27342
15712
24989
12102
1243
14776
14071
11110
15083
24563
18250
16703
1881
4271
22726
10935
8104
22428
12895
10725
19429
26375
16131
7617
25099
18670
25870
289
10590
9285
28220
7933
1350
23209
26387
8945
14337
10458
20055
29420
11373
14657
22476
13254
18929
15202
24189
3385
13983
13437
20462
3412
9812
6593
17381
11263
1616
13251
11552
12206
28888
9772
26491
6590
2982
22878
15535
17319
9689
5590
23092
27414
20248
21920
10669
15529
13474
11210
18914
27457
24647
15729
7221
10811
28674
24602
22074
290
14205
3627
12497
13094
13399
15340
19684
22733
14571
11572
16405
24260
17162
15849
21674
13762
14121
8695
29291
3947
26258
24558
1405
27257
16639
14978
8069
15313
15933
6495
15604
6490
10122
4453
19584
29874
19793
15621
28959
4364
3545
21716
4976
20707
13917
26651
10822
28038
11698
16465
1986
7956
11023
9743
5214
27662
1073
13283
19328
17006
19778
4932
23497
6253
9385
19433
12479
5530
11406
11438
16247
14951
9507
21223
12011
23424
24226
29185
21463
5925
15650
29801
20233
3026
9544
25447
7040
10617
15082
26368
3976
11213
1300
3825
17466
17037
23258
29945
28920
11017
17735
15167
25968
27242
12742
14331
20667
13321
13516
18482
25598
5519
18283
15831
8545
4179
17631
15585
21148
2713
11954
1476
13926
19606
5301
7744
12996
28560
7689
11916
9577
25425
3435
11897
29019
16177
2581
19686
5850
22449
14520
1448
27968
2803
17280
6513
13334
4911
28451
4483
13976
16757
12311
27903
6363
17613
5647
19359
22525
19689
7627
8454
21466
11062
20351
20485
27240
29284
16524
3090
21734
1044
10891
26054
10200
4523
8920
23534
15786
7371
4369
29762
24128
16681
27665
6843
4294
9665
2555
26819
29354
10182
5273
27172
21245
1976
17657
24837
7613
10533
4279
5699
11578
15170
1753
21778
19693
17025
21664
5479
24396
2386
11594
24876
19067
15611
1720
29713
25276
10627
2884
982
20809
14509
28154
18406
22837
22164
13243
450
2697
23875
6149
20627
15397
14255
18757
11443
1280
10422
23274
2029
12808
4868
26905
8227
20480
4977
14292
15756
15604
17176
23091
12766
1685
27597
1172
24522
19761
14416
1325
28811
8291
13826
19438
40
4433
8196
11483
5714
24970
4758
7743
14130
9626
11000
28709
106
22330
13001
22215
14286
177
21658
27052
8214
19255
28225
9088
9017
18993
16765
14180
3636
592
3618
3676
5025
18166
15160
17091
19488
19918
1186
9970
29544
12187
8679
6003
10869
21680
4570
25155
28209
26228
22208
12775
15483
20433
21864
852
15778
14981
15032
19414
15573
25003
23090
26951
19521
8250
14042
15362
4520
15229
25332
10417
3768
10364
22772
14637
8396
27342
16144
6606
29922
8352
25733
15405
5137
23949
22610
27267
8931
13994
16681
24504
15349
16124
27807
11223
24374
11850
26585
5247
3431
28269
15664
13551
8633
8436
4540
17030
12130
20684
29988
12052
5389
25721
3809
16878
19671
26419
14146
4954
16766
7179
5810
2115
23303
3618
13338
24030
21820
16275
29277
25251
14545
21293
15154
29530
6081
19694
22912
18211
10378
22900
6615
22119
24974
10424
8998
20997
13196
29496
25951
29962
6675
1761
8429
29979
5379
21768
24009
3551
14395
29638
28802
28940
20931
13956
4823
27012
10002
27735
21575
20381
26988
28190
18852
21962
14966
4202
12959
28162
3698
15262
4476
16726
17023
12906
16705
28755
11026
17066
2306
25421
23056
7461
714
13987
27769
5537
17351
7772
9624
15278
4505
6612
13468
23357
28574
4786
27560
17885
9301
1258
3147
20129
17984
26523
3035
11041
1630
20413
4459
3936
22187
27515
11397
29253
17854
15519
11142
11557
23291
20766
26835
27796
3731
16655
21153
2305
21442
18713
26543
7095
26324
6042
27224
20660
8917
6612
8054
10547
27025
18865
14484
25564
22733
2233
24817
10587
17752
5959
22145
11043
3078
25332
15191
6809
11988
6345
15466
3430
1410
12009
16877
27734
24404
14101
24747
3321
20713
2801
13869
17739
21666
4705
13303
14399
6938
14473
1339
1043
26784
29836
12086
29862
25168
3630
6671
7156
9975
28490
16938
11385
16851
3815
15472
11255
17917
10219
14577
14982
19372
4798
2721
17390
9503
22377
8142
22793
13202
9481
23836
9986
9317
12275
16201
10837
15905
29224
17994
25880
27714
11284
13617
14566
15100
5441
2173
9369
15660
23102
24351
11384
27900
3425
28775
7403
2154
6917
197
21708
22750
385
1694
8419
12660
17895
19256
28565
17120
13602
797
21186
24887
20767
5752
16339
26208
7926
25708
18221
1028
26411
29605
5281
6188
4732
19036
14694
11649
25585
6402
10751
25971
14449
19170
8631
8696
8427
13549
2168
22029
20698
23355
16916
11465
5459
3255
14026
19737
5315
2247
27118
8079
8204
2399
20619
19289
27787
5314
938
23373
18068
18042
19344
2517
7212
4327
17566
21991
24228
19734
14021
14927
13089
7289
2744
24901
16897
23122
20990
28564
1721
18108
6643
9926
26859
27263
29215
24647
8929
6505
18020
26997
899
13716
5867
8112
18043
23433
103
18624
13167
20476
9903
2609
27766
18999
3862
21015
12122
24852
19579
13843
12961
2575
121
9820
6190
5688
10819
15119
18546
28839
18468
19445
12555
24335
27557
6951
17768
4013
1927
7288
24489
11830
16249
28607
829
20111
19622
12951
14963
9202
3147
4276
18129
3268
20449
24319
8957
1268
9438
27503
108
4258
16948
19015
28594
20858
2318
22714
24871
4245
2
19360
22427
16251
17968
23257
12714
13942
12560
27678
23144
15707
1954
11273
18976
22403
11944
27933
24
27734
1788
6484
1993
25088
1851
587
15946
4170
29653
10817
14767
6008
6530
7195
28611
850
452
11326
14792
19364
15356
14289
5072
17310
1914
24048
16066
13859
28333
22442
11593
6473
28926
13586
1561
777
20525
17508
4947
20179
4677
26067
26187
17559
3262
24798
18409
10066
12476
3202
29430
27832
23843
10854
21495
25757
4902
7561
15968
9587
3
27562
16060
5281
17500
17622
6058
8026
11482
17358
4557
16159
13425
7096
3719
23039
8246
28480
9457
20723
8034
8887
18555
1877
19742
10050
3987
996
23963
19955
10584
318
17517
2996
5599
11370
20618
11658
25748
2100
5368
6657
24612
18793
13753
4683
11832
21999
3163
27641
19074
11198
6528
7630
19427
2622
24032
23414
9971
17996
13370
26907
24666
7239
29903
266
18609
26874
18276
14357
5326
23644
27366
29938
18789
11119
4621
621
9471
14137
4614
28545
25335
17494
6175
14762
20117
208
8177
6440
24556
21547
9699
19222
5138
9602
25840
23748
6476
14116
14457
11803
7760
11824
18093
26549
29295
29067
3522
8766
13204
8136
7312
8539
25631
19839
29653
22100
26399
14182
4892
20955
12081
14591
16530
17220
545
12370
17320
7022
26487
8129
25177
10599
19953
19622
13501
25601
18689
23375
4367
1893
7864
11679
16784
3495
7871
22790
1947
4270
6972
13191
25226
25406
27782
11756
12626
28327
24126
29946
11701
26965
14427
13230
7565
4381
9205
27418
29982
27894
20793
10701
6140
28657
28733
29276
8504
6604
22066
16803
10874
5391
29994
12452
797
4128
24208
19775
2456
24687
26073
20509
28004
10500
10092
11921
21233
19297
9339
27567
17191
133
8269
29683
5142
7002
28960
13647
13606
27378
6802
24480
2769
6797
13285
9918
10925
7493
6045
19733
8532
2118
16595
6537
18971
26687
18458
10204
15984
4150
7772
9527
4283
16041
9211
15777
29395
14523
5776
19353
11901
12579
20185
21023
19376
3470
7293
6653
10964
13339
2739
25848
21809
19334
2385
10780
22373
27196
27337
8357
1346
5109
24236
11981
27502
9799
27758
3249
24322
3535
22602
12576
22466
12787
3599
11842
16258
17244
24847
27222
583
3938
29422
28745
23272
8160
9525
21997
5356
6862
6706
13054
18323
943
25035
15825
10742
29145
25426
11417
9032
18028
23993
1498
816
3944
19692
17074
21188
14540
20648
28124
24830
20070
3221
18103
28230
12746
16452
3586
25961
23159
22992
14284
454
18027
6462
11196
23525
1888
28965
8909
19917
29310
10408
27085
3254
100
14159
795
20992
4807
5271
15823
24877
8492
10278
23108
27590
26730
3046
29903
26241
26039
14188
26695
20418
27002
14244
13943
5242
13209
29205
1511
18872
9613
28596
28478
16065
12755
29273
13410
23914
10896
5585
18792
25740
22215
18252
29683
18945
21298
29586
21539
17337
20126
18234
14108
17128
2478
4403
28723
22040
3608
6586
10912
13221
5183
9390
5639
24290
15016
19049
18205
2264
986
13349
4357
23201
1601
4040
18498
22899
3626
10037
16589
23753
4624
697
17233
7102
11452
22308
5494
15061
28895
22758
4634
4078
2149
10273
4720
23517
5674
22925
2133
6660
6274
6490
29861
14227
10530
24712
7127
20509
4749
68
14262
9373
765
7847
22828
12217
156
28322
3630
5403
27433
8265
15833
5934
24890
20553
29451
6917
19831
1584
13577
2457
14427
19791
16685
24957
14503
23812
15466
25604
23880
6080
4978
997
20280
27806
19566
26788
2480
29549
2191
6265
7814
18024
12199
9056
14929
11650
15973
4760
19587
5903
7218
10366
25694
23903
5323
16549
24067
27142
12153
24299
9574
23483
1648
6206
21289
21214
2994
122
27115
11537
6387
4929
5913
18587
20338
20843
6589
6311
1955
2528
12214
9173
12894
14260
9428
24570
809
3495
28064
19315
27794
13990
12798
29442
20197
10440
27009
29543
16914
24124
11081
23301
5406
23346
18240
25744
14189
1182
8407
16145
10062
20622
1670
29309
4882
11099
231
12044
20946
28295
1359
18741
18637
20509
24535
8834
949
27896
8378
17863
28373
25811
17517
3779
19157
12109
5875
3347
19643
14282
25844
6058
4904
27514
5367
16139
14965
11950
4535
5912
16597
12246
1005
5234
2755
1892
14069
10057
29789
28799
27920
28162
24610
21789
8293
13767
3899
14168
23466
23542
28450
25662
29600
9707
29529
11319
2198
14494
23269
6733
26758
9866
25331
4115
15101
4438
6008
5522
14495
12149
4321
18768
10311
28931
10557
18604
19050
14456
9124
18869
14351
7574
14531
20303
23633
20412
1623
25831
11259
1244
8916
8017
17463
10599
18485
8916
15038
24493
14438
29533
6642
18759
18301
23305
24042
28859
18261
19444
19667
27385
14665
10370
11311
5549
674
4945
25961
8649
7128
7220
16245
16045
21590
3708
2996
10075
12624
18034
10920
3414
23920
23914
28525
12221
17219
22567
17432
11832
18364
7100
9217
3029
23822
26880
8578
24496
1825
10892
9497
15306
18112
25743
7703
16054
29451
10699
2481
18428
28734
19753
21842
22654
13667
20368
11227
7238
19287
28660
19070
14003
12112
28287
17033
5934
1520
1963
6783
3345
12855
16280
25003
7320
12023
2706
23374
17827
13406
2208
6255
18492
21961
4449
17498
5629
24817
28725
12867
20457
3737
1938
4460
22201
6577
27845
28136
8097
6161
11271
17795
19016
27551
12798
26336
15927
15505
26063
3754
5263
28271
10009
23755
20232
20810
11253
2213
21980
16330
15081
12437
20068
23371
23249
12269
29948
27447
16757
14398
3608
28028
2193
22624
1932
21343
25313
17859
13200
27728
21613
18463
25999
7974
18570
22583
28784
6175
24797
20764
28858
16230
9553
18926
9601
9155
7547
15901
6602
657
299
16562
28685
8844
15538
6969
6540
10851
24828
19740
8579
16441
14556
10930
767
3126
3514
5904
15654
4663
26668
14512
20893
12574
9790
6846
28081
17337
22747
11035
17994
29399
27597
23032
14595
13135
1
21135
339
1182
10876
15270
23975
25432
2553
24743
4910
12419
647
20564
17082
3667
5076
14327
22593
21218
21173
20674
8556
20272
1709
2902
26023
5658
2286
10619
25146
8640
1754
1837
9822
12630
23459
3797
14414
2364
4892
19325
14783
11891
16241
8217
21911
27670
22544
14504
18888
20069
11531
27444
16694
19592
6699
12717
25251
8985
23336
26749
17625
1443
4938
3799
14073
28397
13949
4840
762
25193
517
21897
7085
16758
115
28996
14428
29011
19852
3317
25433
1383
7113
12127
20976
20164
1196
22579
29150
24533
25680
23127
25976
618
3279
16401
5367
17228
21241
12481
12421
21758
4379
25858
14869
10846
24854
29297
16209
14707
8966
11642
22442
16080
121
19770
6244
1318
12349
11746
2203
14381
11226
28179
21351
14505
20932
26719
8085
18526
9200
20506
16636
19931
22717
1505
7129
17571
803
29691
8630
16121
17685
1073
8553
17807
20843
14798
25477
9545
2896
27680
278
14122
2211
21630
4979
29495
18349
13064
18021
3901
9923
4658
185
2640
12515
13666
26563
19670
13357
5194
5792
1043
12619
14345
25202
9814
5495
20679
25711
8392
24711
25990
28866
3274
17620
3846
9121
5969
23262
27143
16222
3185
8153
16407
5825
27020
6426
8741
16691
19783
13935
22483
27178
2906
13180
22380
12720
18676
19411
14784
3420
20474
10774
2286
23748
28394
12484
2870
10715
5747
6365
26937
15284
20870
19697
21110
17890
26123
6203
4581
22258
26490
3416
19437
29396
16597
11817
18468
11625
7581
3252
15045
28055
20378
17331
28156
18772
6168
7378
5839
11915
20095
9129
27199
10965
28826
24661
5207
1301
864
16141
29911
27354
19557
19348
3102
12506
7518
21571
24131
21451
1175
15528
19506
21554
2860
24014
16678
15380
1392
22518
27295
27839
1647
846
8804
6825
1860
20364
14478
9076
6505
14389
6431
2414
10090
15885
21273
23960
13808
21756
15411
14984
7285
11269
12890
16497
5284
5920
1877
13028
28438
5524
10868
6437
6370
26024
19614
14582
22740
4092
23659
29245
24834
6442
8012
11276
22327
29285
5236
6136
27393
26999
27472
4678
8268
16714
21175
19904
22634
23052
2933
27425
28576
20153
3862
11299
22529
23477
25881
15270
3921
19540
20867
5107
2334
28879
16383
24662
4516
27971
7150
1910
24970
10974
12940
9591
4040
4116
29495
26674
3520
8780
24099
8449
5285
4314
19748
27815
4143
21981
13085
14416
17874
3952
19524
20208
9184
5907
14870
20052
10231
28372
21962
5201
9346
4903
21144
13386
15371
26992
16413
18891
12124
16864
27340
17410
27530
23440
21577
1673
15422
11014
16090
3296
21318
11966
23504
502
17873
14727
20555
4456
19451
18869
16010
28798
124
7154
18536
15495
4146
11301
4387
16271
28166
8079
10033
25696
1520
1610
3722
16942
18976
26164
26590
10294
8130
26446
17149
2355
17525
7704
6812
6977
2925
22822
12127
3050
6328
7015
24897
10475
18317
5636
3098
22835
13716
19483
24883
21588
27445
28605
14882
16421
1121
11472
3067
15603
14270
20216
17959
1796
4272
1123
8773
7198
23945
27252
16600
6625
4267
11497
23452
22584
23486
26550
21771
7202
22385
16655
5142
19830
21612
20024
12603
22734
7848
15671
8337
22118
5887
2648
23914
10160
3771
9039
23710
4068
12643
10310
10694
16911
28159
4146
15847
21645
7049
7619
5199
29434
24274
10341
25617
15886
6717
14572
14972
14565
243
23310
6684
12483
25958
6950
28995
6082
22342
22705
10150
11337
9367
27196
28248
13878
1343
20448
11876
8392
28067
17075
14178
28693
3769
16147
20931
16838
720
5904
1404
7315
5566
14440
19798
1524
21390
18793
13958
20084
11498
24109
1422
27217
27657
6022
11096
29000
26470
22972
13744
889
16399
4275
29582
26520
20422
20514
13359
27494
2770
14763
4810
8336
29203
24608
16212
26945
13402
171
23382
1252
632
1156
4822
28289
7178
15918
27290
10001
15242
17386
10890
7993
21661
16825
4514
18436
13691
17873
15930
16461
8988
20740
24797
14543
21701
11009
11488
5103
17532
11222
12707
18164
12378
23881
22806
25909
9799
20096
5910
1393
13834
23152
9387
11848
16329
13901
284
20
8126
22566
16481
17114
19659
17630
1657
11360
4992
19497
22815
28876
720
5522
17041
19450
29404
9847
15359
15555
6295
27621
23301
26481
27126
2688
8329
13455
16589
14965
19828
1067
7532
12661
18181
27191
292
19838
8551
11636
15687
1366
10512
16407
13240
3905
12210
18996
20104
3921
10904
26399
1543
4205
29233
5021
6893
7562
24828
29834
22528
14656
901
6412
27318
25434
9955
3962
21624
24858
21950
7311
2576
8814
71
15816
12720
12281
11165
2824
16202
22069
5576
24097
2626
4809
29118
9519
18723
299
15705
17603
14955
22958
24015
18625
18392
10322
28939
16368
5180
20889
23679
7756
29704
23750
29925
18776
12383
11090
21600
28586
9511
3528
29035
12137
8337
28154
28008
27061
28453
20065
14664
19760
13023
15032
8386
7767
25354
13677
24135
535
4567
24166
14643
10623
17917
14568
29399
6652
2010
27351
5238
11521
880
4274
10
15569
8780
28018
18982
13585
24435
9999
9697
7458
1383
18083
21577
26737
8113
22064
3624
12680
16231
18268
29655
10500
9188
29054
17152
11199
2757
28743
22720
9989
9369
29083
25559
18149
3453
20893
8086
27889
892
17783
5347
8627
12219
3277
5365
20332
25341
15341
9364
11572
3609
9019
22072
19150
14425
15577
349
17182
14320
29421
3524
23689
28504
5435
18190
1958
26328
26276
29847
3573
14059
11546
12200
26278
14823
23917
22962
10165
9259
2326
28089
19220
11345
26514
8370
2122
12091
8719
19305
26411
14493
29181
26452
12997
4616
14642
14955
944
10918
21154
10869
1329
2701
23070
3960
23876
23339
26922
10393
2598
5601
8483
28171
16946
4997
12893
25421
17088
27965
21078
19851
12458
20259
16303
25455
24875
945
16763
2171
18215
7917
13041
19544
16970
12463
29856
10847
5802
3131
21240
14753
8732
29723
19276
2030
11072
2169
27451
4512
134
18529
24363
12592
8788
17018
14400
10015
24315
1163
12187
12530
15432
1580
8427
2403
14043
8283
19602
26197
11414
10842
17302
20146
16918
12930
28529
27990
15100
25980
8855
21586
14510
3218
10531
29650
20237
24931
9666
20904
2446
28205
3435
24230
29785
11862
26633
13828
26497
16235
16377
14264
3430
10032
10762
20348
22962
9291
24690
8062
5272
3545
6001
26134
13116
16532
25784
9705
17815
11802
609
20261
10007
10396
14491
9792
28610
17477
29972
25108
10064
16350
15724
19846
2734
26486
16546
25696
5778
11237
10111
17402
21134
16112
19888
10602
2644
22024
20307
20459
3827
27269
17072
20186
7665
7915
29979
6276
25392
6303
1384
11809
29005
17108
1655
1739
19946
18202
27436
2076
5791
7547
19478
3277
11
9366
13880
2655
1391
4187
29466
11570
1456
22890
1756
9122
805
8087
21750
2550
14391
23134
20711
13396
16594
22366
15136
6540
16920
12572
14969
29063
26471
4447
2341
26482
20166
16221
5489
27909
26760
11307
9479
4569
4197
17587
20043
5002
25675
11793
13904
10066
11279
4615
29814
27873
26982
14950
10765
20254
3874
25734
19318
6697
6534
28011
3179
3052
14232
8668
961
17344
26327
16792
21913
524
10731
18308
5527
6406
101
19431
22824
11380
24047
22639
15605
27381
13941
2723
23987
17816
4809
13305
24513
11343
17668
4045
20747
8252
19065
28060
25597
15393
21204
23862
15917
1936
12171
27796
8342
18624
23580
7519
5
23979
6510
21962
27712
20451
24685
21699
14619
29495
11357
15485
17190
29025
19530
7938
7278
14947
5998
2875
340
27203
3089
22610
5491
21612
26758
20185
10237
20338
27704
10242
14317
4214
8556
12029
1018
3242
10081
15637
2737
21438
1122
19927
20463
27004
4217
4093
11952
16568
13320
18644
13771
16410
17606
25614
8022
14365
15799
18259
4703
13504
4853
25373
24070
13410
13754
25088
23004
23835
17078
25741
21625
24552
22020
12089
21557
26238
22534
9861
12806
5855
28505
2929
28617
16112
28543
6639
6829
20694
1251
11532
10550
12456
13257
4621
2218
27012
6061
25222
27199
23139
20963
18825
17692
19336
7266
15601
21926
29800
25462
4732
12007
319
14013
10624
22783
18908
23616
29612
9602
24867
17497
20153
13675
754
1126
15894
4118
7187
17468
1318
6679
8432
20143
723
4120
3761
16324
26046
3561
18138
7130
15569
18457
21143
2545
17593
10051
26161
23557
26005
27380
11054
16158
17408
18161
17284
3302
22279
824
20770
29949
7503
5554
26444
8226
16026
205
902
12072
10119
19040
19202
2040
13849
16697
10937
7794
3100
7099
1352
29106
10831
18758
15264
28239
6919
8901
1541
5551
9725
28664
11852
23580
10570
8297
8158
26597
14854
9060
8669
1325
4452
4224
9717
24653
27273
20655
2448
374
27754
3800
29480
8585
22558
21096
13177
5830
6349
21070
17733
16074
19734
29585
16006
6657
14234
24164
3254
5441
3224
18275
6766
7676
28851
16484
2330
26125
7139
11130
26499
11245
14930
2331
26182
13840
23427
9359
26022
6129
430
13755
28555
26516
19693
14562
3173
3927
8726
12779
9368
18303
7407
22487
2331
6258
15323
11013
8735
28814
22143
5234
10059
13425
13917
12593
27266
13697
21953
29640
19826
28735
13396
18381
1603
9441
2943
4777
13368
18022
23908
29089
6325
1315
21576
8656
13926
13251
19670
22661
12065
11813
4248
22124
25239
18165
4717
28857
1862
3022
4849
21688
8109
18245
16422
9713
27686
19365
20842
17407
7387
14750
22848
20064
22418
20776
28721
12696
4027
18391
5357
16092
6556
15957
14568
8147
4123
19285
13356
5985
28660
18206
4026
6769
12803
20448
16482
16842
16165
13676
4249
29905
4779
3449
19969
27197
24225
18690
9893
28252
13433
21602
14344
19990
7560
5264
4489
11683
24549
17846
24020
29561
6052
4398
12683
18855
24846
5517
5697
17364
19194
16298
17269
23973
19747
7238
27522
13972
2281
7415
18576
15714
5369
9272
12056
19281
14536
16546
7316
15438
4392
1337
14999
16796
12087
4034
5651
6934
9552
17701
650
28746
10351
17919
22719
6451
1509
20241
26775
3790
4008
15352
25857
15729
24624
7913
5011
15513
811
12327
951
5203
20016
22302
21999
2104
26337
4003
15390
5889
28056
16040
4635
8407
10311
3706
14858
11820
299
11634
21963
10659
26986
17820
26388
27962
2085
7751
13475
2897
20079
20778
14452
10095
13081
6452
12199
15770
16807
3941
21659
14863
19981
2646
23270
292
12704
14481
18465
19355
26115
10428
14
29453
4600
2754
3767
6685
10506
23595
15934
6937
14373
387
17032
3806
13191
5584
19576
29998
15877
17587
21213
5859
20233
14483
12503
9289
28964
7320
28644
1431
17748
28658
884
28700
7765
4652
11738
18271
28247
27672
25208
18972
4411
18592
22779
17602
528
12355
23952
16406
6295
15165
28617
26528
6001
11120
5818
11317
18441
10814
12749
12541
9473
19985
17594
23590
989
29332
11861
29236
3356
13421
24561
7768
8365
23692
25370
8894
6047
25675
25300
18694
10840
23917
15223
23193
11389
27393
4511
6182
8207
17260
25076
24032
13597
12670
17622
14587
18354
5835
20175
21710
19256
14736
29478
27622
8428
1201
12868
20828
3228
14520
9522
20420
14789
1097
13614
26178
28490
18125
8713
13050
11737
3789
7082
25334
22811
1057
9921
11165
6892
6449
9227
2501
21185
8706
123
5966
16259
19343
26794
19487
3863
12668
9907
18652
13766
29873
21182
18608
17998
29895
1658
6087
10036
15093
7774
2847
16150
24047
20364
29394
496
29592
1895
28034
14650
8370
4000
7261
27713
7146
26748
1576
26166
13007
20228
9932
12881
11411
4893
7231
17658
12903
13319
27695
27996
27445
6894
20498
21492
3611
19893
21989
9555
28140
20023
24205
6511
375
1466
4224
13873
4566
12153
10039
17573
2381
19972
6806
20144
1217
14038
14155
14120
3709
18202
18469
1154
25096
15319
22646
5059
11564
20987
14614
9705
17362
15171
16216
24089
22989
26792
7962
27555
8945
18002
21481
17679
14326
28287
14175
15543
18677
28330
6015
28738
16532
24484
29892
17981
9804
28891
23040
21368
26230
14007
7425
13593
29178
23641
7682
22168
20434
21997
26075
5731
9999
23908
23410
24325
22196
7586
16220
17225
12268
22235
15964
28801
16720
22208
23134
2876
27451
22526
596
23682
6533
8022
7275
12064
8015
21309
10584
4801
13306
13011
10533
29657
6920
3943
23982
5468
17881
10202
22693
150
8790
15009
5303
1862
13570
28437
11090
11021
27315
11686
4703
3849
26060
18330
22265
4076
9640
9201
8877
29298
22212
25762
28956
29132
6058
22938
4600
23939
9493
3646
441
24635
25007
12096
26497
8577
16885
7587
19599
14201
25625
654
24402
21686
18985
16667
2114
28625
2220
17343
27923
24432
13106
3231
29917
19164
2522
10869
19455
12015
20867
26249
13002
15875
8345
9499
804
25231
23438
26755
9432
19063
27410
3834
17101
16395
26853
19215
21372
5425
6559
25647
29857
19665
28879
6126
15181
1401
16996
10988
19768
7863
7237
2770
90
15583
12269
895
17166
12059
27650
2950
1122
1412
13136
18224
17807
9989
13791
9179
15414
20350
4827
21623
16367
3706
27750
7900
5107
21098
18889
24875
5313
26126
3997
5404
18061
16266
12651
11579
4677
16653
14529
5799
18066
27665
375
12225
14006
14167
21405
5772
10869
2584
27396
3589
12642
1498
17841
24101
28948
13082
25328
4261
15561
29325
16017
3622
21943
28668
15202
26620
15322
6083
8771
3388
3749
9147
21965
17755
29666
13370
29880
16887
22306
3628
26828
4948
5126
14670
5401
10426
4104
729
14687
19665
6406
705
23288
28349
29373
14842
1321
21047
27277
10093
787
1026
19240
22753
25134
25258
12475
25014
18497
4782
28642
15326
16082
10120
6348
27836
20546
10452
28565
11585
118
11324
12290
29758
9673
18016
20952
10995
15415
18229
21088
16203
25608
16680
15308
20742
18290
27783
22108
6787
8917
27102
28465
25000
7222
11165
29188
4120
21618
27753
15705
28088
9077
4348
4198
25103
28716
1502
12450
14131
26083
3538
6686
21691
26570
21994
18785
14860
26130
17245
27999
5047
14347
26465
6399
27921
7630
5587
2041
5600
9693
