9925
16434
135
28542
4144
19535
14847
28803
16643
4176
9808
12553
15820
6650
8210
29226
29345
13467
28823
6108
19497
14041
26288
21373
27714
27943
23830
12345
376
17768
23856
10301
4202
344
15195
8347
26231
42
13502
12875
10570
29662
25428
26391
12664
9990
1969
18362
29809
792
24470
19306
14834
20759
17032
18900
25054
10862
1245
25430
4982
1453
12083
9185
8149
27278
23884
4381
3673
7386
17256
20595
13400
19036
16986
26065
29026
25308
14427
28835
26100
15249
24494
10934
12360
11526
6186
7414
22388
7431
2844
3722
15237
14927
12907
23386
18558
13143
27767
28583
26881
15023
19178
10282
4059
12517
12699
9437
7825
3478
14625
10277
18727
9119
21212
1088
20645
3750
8502
19385
17534
17699
23107
2771
8978
12367
26157
3888
25510
23925
8823
22392
15300
28002
9026
25712
16871
21725
11501
1048
25203
26126
11325
20282
11597
8889
21370
8594
18992
6225
27979
6526
23924
27439
9297
9254
16158
11806
13143
11668
12083
21966
10412
3736
26320
25790
29448
19543
17515
17301
20591
19070
13428
8269
9353
25025
23510
7075
3620
12502
13300
7951
25380
13576
11742
11029
22831
27900
22836
12326
15921
4919
4292
2685
8655
613
28476
14455
26508
22343
1757
23452
11414
21537
1721
27119
22914
1583
10546
2886
20438
199
17190
15818
20127
28932
3200
19310
26833
26036
1636
19106
7307
12281
21791
22315
19246
20267
13122
15754
12611
14879
9206
377
12768
17279
3848
5683
18863
14394
8569
15653
20945
25759
7823
11073
1044
11023
383
4229
13411
8372
23335
20719
20653
15126
19386
9899
11746
2508
25653
24357
23740
4860
1086
6508
22139
4934
18543
17354
25680
3465
3007
16626
5576
17183
4051
6620
28206
4434
10849
11618
12806
10536
8689
9811
25663
28075
19710
13761
583
21716
14470
675
2928
15556
7184
1419
26842
2079
18774
22522
5544
28133
15500
11121
21668
19551
17741
19875
338
4943
7845
19496
15479
16534
5660
17494
14609
25370
1255
21544
17086
15725
22220
26366
7633
5756
27786
4475
7835
22912
3350
19732
21045
18850
853
12714
14754
24946
8941
21444
29889
16786
17292
21721
9672
22952
9215
633
24675
16823
22177
18113
2548
20749
14480
10182
2857
12266
14657
17045
5178
24359
6777
2575
13210
7630
21641
4316
2576
6934
2112
8818
23720
19404
539
3392
18709
9754
4025
13384
26577
2555
7849
5478
29656
22329
15660
2514
10947
6669
19559
22477
7381
26336
1405
20591
10318
23046
1259
12894
29981
9723
21712
53
5479
22251
9798
24188
8358
20175
13924
4935
29082
28126
16765
28739
26807
8777
7605
7755
15447
3516
232
22828
29852
7989
19771
10170
1036
27382
29416
7369
7105
27481
13774
18936
19732
29924
19477
4442
26452
3401
15730
25534
7879
2495
625
4687
11273
14582
12442
3072
18098
19026
2252
17950
27016
28375
4472
4404
25757
10241
18125
9214
7722
8251
4502
3806
8176
23979
8249
4628
3733
23979
6514
11612
26474
13492
16299
14099
28074
5093
17171
16173
472
19423
10475
3840
24150
21300
8244
26259
1541
2721
11825
9263
10972
16328
13069
25500
10307
27670
6480
20392
21649
12995
2005
24476
2839
24656
8575
7265
29750
2099
23438
6574
27874
10266
10414
22025
1566
25010
18284
9459
27731
110
25074
15055
22790
14495
10556
3097
12166
17036
23490
3815
6383
1847
4643
15574
26503
19571
22840
2605
21670
22630
15531
19544
2896
25945
17921
10814
20955
12558
20273
25038
12668
15347
10094
11810
6195
27002
14907
18361
14038
14749
28528
26774
22948
3172
12348
25804
22743
5188
4761
20765
27819
20293
16661
7067
16238
4583
24234
13546
17141
14507
8584
6161
6207
25030
17971
12402
22032
9230
7115
12423
332
5643
15549
23280
15167
4249
25436
14262
9438
198
5027
13609
20491
28041
27028
6729
2624
21262
26627
26117
12122
11564
8630
24681
6594
26601
13435
4979
12183
20550
23754
18867
2545
15655
12148
17713
19904
13936
1975
5694
14134
7003
25655
4625
11396
22684
17707
14020
20298
14334
16489
2420
25898
25119
3453
8845
28072
16888
20176
16607
7438
13930
5475
9984
29585
23975
4049
25841
7911
6024
1536
22046
19379
27191
3023
775
19875
20730
21147
16526
5065
13988
18946
7315
15459
22400
16160
13531
15640
6336
6491
29431
26618
18318
15767
26203
12293
19816
22045
26556
25840
29933
24954
21572
27124
27978
22347
23352
18708
19847
9878
23773
3835
28824
1089
19295
27576
23601
9178
13217
29938
15669
19000
26556
3987
4767
29112
22632
24583
27509
19189
26775
27442
20495
18347
918
18473
17047
24270
7182
6894
4148
7307
10729
9325
14748
24
13253
8350
9203
2822
14640
1224
21822
17548
11564
26589
16660
4196
27524
20521
29737
24300
24315
20233
18999
25234
8706
12398
19504
22240
19292
23653
5900
22
9330
20648
6398
22583
5350
21953
25406
19990
23178
17228
7539
4742
20170
551
15290
17694
21073
21380
18346
15388
11613
13698
16974
26671
26096
6479
25264
15389
6484
1164
21763
15814
28164
4513
14749
3515
26467
10155
29857
19645
27384
7396
739
23906
14300
16029
11600
11725
13761
29947
3465
1726
13645
20440
4750
9741
3271
14
1482
9755
7530
29597
1921
5694
4111
16670
15561
578
3178
15419
26575
6914
29167
27314
820
13467
19695
12420
25192
9809
18719
5010
11535
8716
25450
16285
24810
28721
22651
2644
14828
181
2242
16749
12228
6353
9771
27789
13283
12949
13208
9858
19863
18728
13524
27035
2195
9571
9456
3740
19380
4527
8750
916
19596
10552
23553
14406
15625
16205
17050
453
22738
19292
23554
4966
1997
9677
2756
15280
22627
22316
1490
18842
11044
15014
15878
19592
938
1686
23332
20318
6213
8434
27586
25809
25338
27492
16567
10963
13697
9970
17768
6435
5614
11322
11402
7612
20999
20510
29244
19978
12826
735
15173
223
22101
1051
19815
23039
9089
19499
13358
21654
4285
17296
17464
29623
14788
10383
16938
4837
20353
4706
11273
25968
16028
29027
9932
13379
25889
9176
3358
8715
9911
18531
8938
2013
25934
5105
1404
5023
24604
14762
26677
28889
8411
20493
4864
29551
7229
21802
4389
27582
26508
22014
29902
18888
27393
9834
8620
23282
25363
18330
8349
11626
13213
23640
19991
9147
28745
21396
20522
23350
12510
23551
28591
20921
20397
3456
26825
27626
1610
1214
1560
4471
23228
1463
29711
26973
17649
8331
20255
13012
26661
28604
991
9874
28596
20982
25373
27342
12378
15895
27044
24889
15799
1987
22162
6196
11795
18987
3822
13406
26553
5382
17877
26133
13197
17588
23106
847
2272
13361
20211
28933
18318
21202
15160
23266
18537
10533
20608
915
2781
24004
2156
18580
25992
671
24776
14139
19658
28598
27545
16212
10332
21774
12345
23530
15715
11804
24377
17987
1517
20940
23272
19835
18495
8432
13102
7032
25318
10062
14299
28099
10419
22808
16679
6411
23479
11455
20550
13137
16405
24448
5701
26737
22574
24399
20267
14641
6203
20996
8980
7720
18289
2253
3908
6784
17037
23362
20168
12355
9776
10819
16806
20195
3627
3485
2958
27106
21292
29861
16596
7697
24309
28649
10787
23235
23048
7406
7877
5603
28403
16857
13324
16692
25462
23584
29828
12500
16946
19996
1207
26722
815
18014
23270
10795
27851
26228
7901
19144
26089
849
3193
26750
29499
20332
19986
22547
27739
4215
4503
2494
21072
17827
19186
16535
17763
25366
5387
4709
21714
6594
7783
22529
24608
1053
9676
22460
3634
17578
17956
6075
18427
27501
2826
24278
17834
29164
23178
15573
3379
27681
24419
24451
21860
13605
17338
9623
15323
22725
20684
7037
29320
28467
5918
280
5873
15595
29092
15859
9525
23400
21934
27952
20902
24760
28583
15088
276
21761
7013
3655
19442
1432
4459
11302
21389
28149
20925
6712
20875
11609
13749
26547
16428
26019
3179
28653
11614
2272
14512
21139
25672
6447
25444
22926
7559
24027
8014
7836
15788
15027
17843
11582
16459
28654
22884
7848
26804
20161
20912
17679
1770
4661
20578
24550
681
23757
23204
18647
2381
14068
9787
28054
20515
11583
27332
4427
5610
5347
18615
27750
20374
6458
9332
13186
11465
2216
27386
8269
28729
18299
2300
6851
29312
22878
1401
6345
22987
957
24993
25369
15026
11132
29775
11893
22715
27107
22672
4677
2454
11287
2427
29181
24098
18111
18719
5563
26679
16105
20184
25408
10756
22484
2259
16421
21714
10012
22766
21053
10970
24111
16422
2348
5243
16197
20593
4310
13305
13266
8987
22111
905
17766
27644
25003
5877
16363
6918
2556
8821
27102
4316
19577
25938
6575
12350
17652
16588
5117
8706
3910
29228
1480
6258
10824
24030
3203
15134
7335
16469
474
5798
17375
18240
3443
18730
470
26158
2001
9378
4979
29103
13695
909
25042
26622
13259
19046
19562
24728
4104
23472
309
5585
6082
11133
5967
15638
2619
19654
2107
3093
25452
25834
27686
5247
20917
4508
1406
22918
20238
12737
22021
3933
13646
23415
6908
3258
18814
26470
27986
22918
26295
4647
4855
8729
15780
10822
24367
24752
476
2827
4197
2281
5013
8235
7528
25930
12743
15286
18848
2982
28024
17222
13267
18022
16989
20175
27632
5803
22998
1971
5074
25645
6618
16281
10726
28751
3456
11446
23503
10284
14273
27700
12565
19286
5936
26446
21569
25031
18084
10417
28013
16108
3991
17633
10483
20981
14160
8115
26784
7158
16438
8210
9155
23057
24492
19882
28160
27948
1328
21663
8232
21953
25715
27150
17591
1651
29948
9160
3035
18032
25930
1048
10493
6273
25033
20976
27254
9194
5443
391
16352
21882
8601
1860
21291
9445
21742
19451
7393
29422
17466
21978
27727
13181
25480
15318
21185
25428
831
24220
19812
3113
1620
305
9386
26654
27633
6641
5848
3077
7032
28552
1311
21985
412
28954
1431
28506
18405
15176
4280
5871
13506
2007
25404
8986
23678
16589
10766
24509
10809
579
27622
18782
7236
7008
15436
4870
20001
21284
7947
3385
26188
15610
25371
2953
14564
3154
1459
9321
18330
12092
15192
8189
20451
16948
23527
14129
3538
4294
14990
20699
11225
12612
9481
18461
25973
1269
29683
22326
22553
7630
25712
25094
29592
27435
28047
14156
589
5858
23477
25271
24302
15021
3460
14754
1970
3340
28883
11860
13986
13874
2559
25211
2838
18393
20024
5163
19662
19708
27490
18568
3690
29554
13662
9635
26989
18061
23791
3930
23919
23621
5553
18222
8642
15366
2976
16964
18706
8211
28824
2692
28437
1384
4255
1276
19777
24279
12791
9439
20339
16633
4359
382
16187
18021
10017
19528
6082
10160
23458
6354
3781
5364
928
18776
20730
10256
5740
9436
18467
4565
12128
16905
12301
16383
24533
8430
17014
13676
24221
13706
310
28581
20440
16497
22954
457
6026
29037
16969
5836
11743
20751
17552
12671
15879
8282
29279
21619
24070
17746
2536
6198
11003
21189
28933
11888
5971
22300
25565
193
12358
25875
5126
2798
18724
28080
3255
1102
3469
26576
13291
21564
17327
843
4235
9558
9126
3514
1178
3196
27613
10066
15747
14968
7608
21032
3209
13579
19684
28774
20124
2042
1001
1602
4840
19725
6035
14447
27180
15856
11024
10471
7421
28351
11314
18008
14262
26792
27875
21792
29989
1840
1858
22088
16808
15818
19472
26369
5750
9157
25143
2226
11199
2496
3829
16040
28574
9864
487
25754
25720
11511
6225
9493
16215
17539
27502
477
20684
25377
22269
20673
27217
479
19113
20377
16298
8585
16747
22048
17742
18242
24274
28942
20739
4455
14982
19313
20671
21821
21419
22744
3333
27644
2237
19548
21535
29739
26377
12219
1468
18646
9244
28685
19125
4709
25415
11775
13295
12162
10175
7389
404
4450
6331
27495
15257
27665
23160
5929
25839
14579
28673
29172
18575
7262
25072
10111
13354
21449
28682
14822
16447
14279
19860
11924
18988
15275
23700
2283
27437
3875
16025
4193
14677
22356
1689
6287
26374
1201
12216
22213
15781
17241
27737
4356
24503
29161
20819
7857
20610
19502
29032
13409
3781
18892
25333
29121
4167
25385
1405
7956
29261
17430
18501
20290
16138
26542
26577
18864
27744
15145
17429
13525
2386
15166
17881
3242
14327
15053
11099
11289
4555
10131
24698
14688
5375
26384
13809
15894
21769
21566
202
27382
15348
18704
17673
7839
15246
20602
26703
12990
5748
14133
26515
8134
5651
20749
11376
26331
12154
28828
7620
16709
15311
8671
7749
20687
11407
27910
12933
3176
19477
13136
6911
11177
1840
936
19016
17086
21538
22072
6429
27286
12557
9296
11773
24560
45
23149
20891
12199
28329
4864
5260
13641
19887
19361
10680
1294
17272
23613
10822
13101
13101
17733
630
14941
18669
25999
8380
16560
18071
14809
13846
628
24105
25619
1540
503
25121
22432
19054
23450
27296
667
13443
17183
20028
24123
24829
13652
24089
5651
3105
7190
29737
3736
28484
24758
29735
13216
11318
24158
28025
25165
1138
28482
27136
2678
5337
22257
25110
24392
22060
28758
1411
5503
15941
21439
29627
17122
11444
68
22774
20901
13610
28863
989
18446
23621
724
1662
4940
1234
29687
6457
2372
4522
3593
5051
9859
2203
6513
10603
24263
5272
12014
29766
27565
9806
5745
14688
21250
12165
13814
12151
25776
12677
13141
20574
12650
20217
22237
23942
27804
21924
6751
176
2798
16697
11579
12658
18900
24445
23261
19515
29717
5276
19281
3634
15082
1379
24674
12684
19896
14840
1187
22024
3869
20680
12599
16520
17250
4836
16814
15054
3112
23566
15230
5911
10263
3162
24921
5515
27607
18182
25030
3676
29810
20663
7310
21244
22042
8337
10280
18291
23177
17820
10315
27047
8500
22914
19919
2102
27750
6733
17156
863
6651
8739
6774
16914
11901
8047
22429
15860
26229
23811
19536
2392
14475
3198
29988
12869
11535
10269
1160
11065
4441
11476
14464
12941
4390
10735
15044
2141
23820
8552
9356
472
17291
22482
23738
5544
529
22520
21404
3110
16331
10940
5502
806
20491
11843
20028
8378
28464
21188
19443
2905
2664
10259
22198
13407
20994
7242
21900
21167
15795
1256
21639
9438
23738
21729
14983
619
14249
6387
3729
581
23680
15584
7739
20523
27427
27767
28901
2243
25308
24697
5148
4324
4956
3698
17731
2303
10941
15983
29822
3088
17239
21461
12526
17329
19542
3861
17948
3792
16601
21678
10725
10281
13614
24816
804
11041
28936
6057
19636
24244
754
1136
28568
12063
4834
22652
20718
15775
8635
20540
25215
2227
18353
14094
25908
14247
17955
20209
18039
4556
11887
5116
21189
1853
29933
28345
19246
5221
4403
8882
29465
11509
10018
4385
29924
14852
3389
26994
6980
18377
17534
2195
26956
12239
22641
22864
26487
10597
13073
20878
15153
1312
2347
12695
3165
2280
11040
22411
13853
15443
7645
19670
3305
17663
407
3229
8868
3797
6576
15848
28526
24110
24395
25482
12702
17037
24698
15541
3986
7772
12771
25491
15436
15118
8186
24954
23750
19227
23717
7603
11022
1363
27273
14327
25378
27681
23909
4246
7830
485
26446
6356
947
27194
8190
20001
20583
9240
11894
24569
23364
24666
20060
8801
9784
4599
10107
3535
23826
3824
11138
11200
5187
14764
1880
6918
18797
2141
11164
26627
8978
13963
9335
9925
11157
23877
6279
1740
3117
18173
2661
26482
12839
29073
5283
22624
3672
15390
2511
3850
25566
20001
15051
7106
4765
23283
14024
23562
25424
1540
20189
4402
15503
5876
20679
3012
29753
26958
11104
2871
15132
13765
29353
4323
12839
10988
3299
16511
2730
5810
26714
28296
25812
11765
5402
6929
5048
25778
492
6824
27319
27033
11226
19174
9262
1905
22187
9015
5216
3291
18238
26700
23409
23943
1023
6248
4931
10675
29111
14013
22837
25825
18662
25001
13942
416
1931
25342
26195
8775
2166
29866
5808
19744
19040
21422
21650
17579
438
3218
27223
25028
29918
20632
18972
7293
3232
255
17968
8695
20621
10806
10873
9283
5807
1167
9699
14090
26510
5894
22865
5028
5760
5026
24773
1153
26448
22775
25084
3238
25993
22307
28267
2263
19291
23591
9556
22523
198
27525
7571
20819
14683
18444
102
26842
19611
9802
10933
22473
22048
3798
27502
4161
8824
28627
11666
5273
27754
6750
14863
23747
29058
19482
2362
18349
13073
11918
17225
13272
15795
1148
4091
478
25944
10546
27321
21907
26700
8254
14381
25100
18404
18235
29261
27229
23214
17279
8854
20968
24030
69
21067
23088
19552
23429
17789
2625
11699
11366
22249
27495
12514
2693
4325
14810
13239
1646
6718
16291
16252
21099
11391
11009
15686
17005
14590
8900
4284
29796
29868
28314
29865
27287
27754
19417
20716
21896
28395
2415
3262
20644
6262
22129
23337
10588
6939
12928
18586
13657
5571
11191
11108
16963
22200
26794
10320
6790
12046
14604
6586
18266
19271
6451
15553
17025
2221
12621
15273
616
21389
18536
27612
27651
17017
27302
14591
23956
10230
3178
13966
22154
14369
1426
9117
12921
28221
25789
19711
16619
10393
26297
4886
6016
9100
26791
29394
17673
9413
14667
18289
7154
3203
15902
11157
26572
13204
25749
26881
29786
5279
10847
21940
26000
12273
7409
8921
16846
3198
28632
9818
19944
1281
14704
25960
16733
11495
1706
4407
27260
16374
29048
10766
25929
14950
21924
22502
4506
24025
19383
10645
5656
6582
2585
1656
25207
16347
16929
18406
25897
15561
28224
15841
23194
19280
18154
16279
775
19860
27038
4388
6234
26087
15154
8516
17389
13430
1018
21896
13807
26753
8893
19463
3335
17830
27471
4894
4177
14400
23300
75
6313
27876
22268
5859
17156
10422
22139
24284
6635
19177
5024
19221
21616
26530
27737
9006
9961
28755
7254
120
1860
16147
19584
5195
3977
23407
16442
8155
7808
16094
14582
14121
13971
6850
19981
7479
23625
18472
1763
6612
14001
13139
25833
5618
9670
23571
14624
25983
28678
21878
26103
539
14377
22039
12086
18354
15447
28528
2861
29607
20975
17443
20080
4946
646
16413
18777
623
4885
26893
7235
18887
10032
3068
24505
19702
2991
9129
15685
1670
7359
11789
8561
21736
10180
26999
16442
25627
1880
19304
1586
22855
13099
21667
4153
20097
8080
22930
20720
12966
19823
27955
8205
29856
7376
2710
25910
10367
18191
11596
18389
1902
29737
26950
29990
16269
302
16432
11897
2182
12088
13483
25037
1540
11502
29190
21637
19583
28472
18710
8901
24648
23017
17106
856
393
26168
26766
10761
20711
14714
5502
22613
20803
8805
28955
7073
9107
15387
25322
11289
3828
8805
12678
5368
26660
11868
3357
16243
16692
22067
1496
11340
15085
18602
12196
21830
21122
8963
2591
11833
29
14446
10798
20833
23251
9753
27906
2358
1492
23228
19999
5320
8385
2677
17040
5045
20897
20398
27640
7589
18817
29136
18930
3902
24090
7478
25733
15212
22793
4676
27045
22823
25474
14195
13656
18725
23948
11562
27435
25441
11142
23786
7113
19527
26463
24154
925
17360
20904
28565
1302
9721
27702
26584
19976
28144
4062
22061
13357
26856
3089
16754
19679
28564
950
3335
23641
1250
21249
27429
26691
2391
21215
10157
28270
17679
4311
29195
11391
25215
4113
12693
11288
1815
9277
1264
29959
19692
23325
19668
16548
26415
6423
6227
1331
7373
15914
24972
14975
13515
22401
11667
22258
13617
28176
20528
7648
2487
26076
19039
4054
189
8085
15342
2004
17362
22959
8315
7054
16284
4336
29954
19051
10759
12533
20382
24484
28447
15355
9459
18314
7756
27478
10572
21373
2006
1101
29021
10845
27177
24413
14899
27366
2498
6594
5722
26212
29553
20389
9619
22189
24725
9573
11241
11836
22107
1623
12672
20554
16978
28484
15221
24735
2314
25793
22460
4321
26894
27834
15166
423
28599
66
4141
1097
13012
9863
3661
12565
6605
13280
11106
7682
22854
22347
19519
14961
23971
8543
11867
10949
7027
27088
12036
9342
22882
10849
13663
26128
15035
28829
2904
13634
5247
7045
21083
24611
23261
24744
13528
29866
8025
24635
7548
879
16982
3419
22192
10953
18315
10411
21903
25342
7500
10291
11036
6734
21140
1051
9214
6175
29881
12118
26161
11480
19164
17244
6092
12425
11989
19620
18643
26366
14255
2543
27245
7590
5963
25789
18543
630
6200
10446
25972
20052
27090
13361
3138
18230
14412
12353
24406
20645
24471
20567
8478
19987
14164
14570
8764
26153
10542
27407
22519
1150
29951
26116
8740
12266
21905
27283
12896
4457
14082
15220
24510
11172
28581
4000
5754
19346
16353
160
9991
17177
27080
18469
7164
17596
9391
15929
13749
19934
19688
12620
27436
19639
15088
6176
1905
13345
9811
21153
17802
23893
6374
18664
11417
11307
22665
17172
653
15370
23684
16997
2547
27116
5466
16064
14712
14858
8345
4813
11144
28033
17433
14932
24025
2521
21108
25930
15866
919
23436
10021
1165
6162
5037
18934
17469
27702
6106
18123
19425
6143
11472
28324
3259
16938
14388
17972
8148
29085
22785
25644
27119
16571
10576
21144
25444
8036
23426
17663
15308
23214
27684
16473
29376
2721
11759
16846
6776
17866
11321
2553
24009
22793
877
3620
16083
21618
21592
24232
20703
20730
26228
17822
7301
13157
15318
2745
21193
15097
20408
6501
8311
24444
29326
7688
3518
11086
886
16646
28952
12207
19199
29313
11352
26428
2933
27435
18046
878
28019
8750
21608
24248
2924
5261
7405
24595
14358
28598
9692
11119
11452
24355
11915
10778
2043
15433
21864
2929
8431
27168
21488
3982
2833
2840
411
12119
276
18457
12997
28295
27207
10957
28895
6484
22570
12652
1079
6928
17603
17123
24399
29055
11478
6315
9833
19874
28100
8050
22803
6532
5218
20644
10514
8052
23484
10925
26523
23760
5735
9520
28408
9294
26829
3655
15778
19399
16308
23209
2679
3911
10332
27079
9318
21811
3394
19151
11685
7846
3553
10840
14378
8772
1484
1245
23176
24969
12170
19699
25081
17905
5571
29841
27200
2400
3497
19330
28151
26157
12540
830
6420
22872
27909
15738
21035
7655
11241
2720
15502
14795
19913
6232
29919
27749
7477
23095
22718
19648
19146
24152
13905
1069
345
17457
3469
10194
6788
1620
12703
19328
8802
19123
18552
6712
4861
9588
20719
16103
18660
6221
7250
14925
12454
7169
12675
19931
264
11745
15931
25762
5897
29837
26831
12595
17294
6652
29141
434
14624
11845
26114
23426
968
21019
6490
12182
607
27210
28285
25619
3431
5535
10545
22237
19056
23220
12169
25672
4965
4452
21434
17215
4289
24617
29810
27936
7621
5303
4722
22245
17148
837
22023
18117
21856
28514
299
28815
2076
4936
786
5507
16823
11331
4097
5879
4551
16266
1551
15869
27070
29337
3084
1360
306
9246
5648
7927
14549
10370
6524
1698
17559
28547
26167
15767
3413
2818
20934
5489
7754
21721
17349
929
3052
21446
6808
13956
14064
14711
29825
11134
20400
9261
18846
20706
18507
24494
28633
9408
11217
11509
17458
5128
10056
13625
20896
19822
16443
11830
25311
24197
9903
12660
1478
12956
4106
14638
3264
24522
29349
9441
5657
26101
18702
24503
16807
13561
25350
21792
22969
6567
3301
10428
11695
19710
24053
8943
9532
16849
20774
4843
17398
7029
23856
18877
19985
4314
3515
29601
28837
9217
9042
4494
5318
27744
5349
28478
17657
699
20270
10627
7266
23572
27407
25314
13282
27812
4257
22814
14661
1383
4009
2060
8413
27865
27289
4750
2180
7156
4352
7369
16373
13394
18215
28044
17491
23564
26522
5148
24264
16792
22127
7882
16716
19534
3196
6350
17347
13806
5516
8360
15189
15878
16772
23602
13743
14061
28353
22275
27570
9057
29644
13943
22451
17859
18339
16294
17776
14861
21443
18392
8006
13570
26274
1074
9457
5823
7425
3156
19629
19293
11516
11170
5171
4641
4773
25267
25054
9478
17542
22624
18535
23539
12920
17338
17750
1259
3633
11878
22473
1428
270
479
21350
2897
7905
807
15072
21682
10315
11053
10976
28184
22223
22499
2825
3348
17766
27879
12826
11661
26856
1361
5200
9776
25052
29302
17387
28685
11181
9860
113
11451
10339
21463
14348
24597
28623
5772
16279
8938
16825
27255
7122
9049
19755
9947
12397
13873
14179
25224
25534
11035
2937
7086
27163
27989
6389
14550
3026
17570
24411
3139
5373
11102
955
26074
5699
29578
1846
28331
8516
18672
25586
15639
27721
21693
1938
16470
5567
16117
11694
1101
3504
20984
8188
7019
25325
20929
21570
28352
14851
22333
7843
20224
9787
8798
22650
21839
14728
24497
20170
23245
19521
22108
15236
17242
13802
23526
10064
25721
9644
21759
3174
19500
19095
17714
26520
20772
8643
24442
19124
23494
23127
3320
20071
9266
18470
12721
1105
3199
13570
21275
2796
3091
19736
18032
26685
3538
11558
6750
5611
27554
4861
8785
23407
308
2852
26279
21080
11495
27073
16557
11342
20200
19877
7765
29466
8347
26838
6924
17898
10409
4551
20694
19852
24287
15078
16538
4177
2989
29640
9788
6895
4501
24926
302
4809
27778
2933
2241
15625
6
18798
3319
26558
15027
11084
2377
23375
7923
9301
17625
24684
13852
8320
14536
14492
29750
1074
18669
2739
7066
4810
9635
11567
29736
16289
22728
3866
19223
24970
19491
19229
20120
29163
15788
5148
10247
18165
4875
24522
3818
22500
19206
17670
820
3743
8514
571
11169
27184
9662
18236
1994
19297
6155
8082
11939
28884
18300
1162
206
14143
26743
26678
13306
18883
1826
23554
13400
6701
24428
17218
5554
13635
11241
12726
17378
19755
19649
4899
23291
29312
23135
1637
24961
29291
9719
6900
4527
4371
14414
11085
18515
11158
7763
1821
41
15942
1727
13442
28995
26156
7012
4549
16143
18253
23628
3521
14361
13277
14772
7652
18941
7908
9290
13903
13551
25361
27155
24430
29733
17922
11867
24600
29080
25982
2773
5473
11924
4501
25267
17272
7009
8632
28173
23152
26885
21801
3025
17598
11431
17797
25251
372
2057
4541
20627
15608
6254
17783
16390
5987
12057
28257
6939
11137
24240
9713
22962
12516
14214
24582
29788
27575
3214
4314
20727
6451
26115
104
24050
13898
17901
19301
14271
19959
194
4898
11919
6448
29033
28310
18788
11090
2919
25727
28579
27159
11792
27894
16028
26006
22476
22168
29933
2042
26482
27012
8493
28950
27116
2543
12848
15018
28196
3471
11329
4742
8370
23248
11191
13755
27910
6331
24846
830
8410
29777
4341
20203
27671
26721
22561
20147
18890
28847
28541
21724
25859
7035
27026
22976
15930
9875
14346
20479
13346
2027
25221
28068
1627
12764
11824
29538
25447
13022
6720
3858
12799
17413
413
16823
20487
29326
13322
9377
28173
11864
7453
24033
18899
4480
23361
11181
20707
7707
1660
10405
9734
3234
14826
11361
15998
3002
17251
11446
16024
323
21656
5175
24089
22069
28350
14576
21395
11673
305
25921
23537
7758
19954
18788
18590
13315
6321
9297
27374
7982
19703
7108
11216
4529
24821
3566
13883
12073
21364
29907
18748
13020
11434
12837
11441
9785
27413
9189
27810
27718
5110
27699
11829
1416
16487
419
14731
22808
9717
12105
7142
5772
25565
24710
16653
20386
4629
536
8811
25993
6795
3912
15366
24581
16749
26807
10718
20515
12348
8528
18233
23810
6227
6414
25226
29066
6834
9957
21875
22903
28414
5369
5027
23979
6432
21680
20718
11061
28568
5881
13406
11715
9793
28772
6296
2895
1932
17015
23410
14280
25543
17995
8091
8123
24410
3317
7189
7596
19627
5416
499
24393
10786
5526
24725
23570
3558
21795
10983
2126
27676
24389
13841
13822
23162
26489
16717
25094
13504
16479
15726
15400
4474
169
23523
5236
3487
7064
12832
29466
12481
19683
23859
29619
25209
24936
23189
28767
16731
4172
7245
20760
4913
27438
4582
4427
280
27651
5873
13784
14130
21600
5536
24956
21769
5411
193
1608
12476
19377
7426
24957
9061
7638
928
4270
2574
24117
9390
19306
4641
22987
10066
15906
20426
21000
20334
20706
18651
26207
10842
2781
17807
22731
4089
15929
28142
4282
23889
16970
23660
1316
18279
2721
8954
19207
13343
17880
19676
22733
13538
669
22073
29956
16576
12499
20956
6910
9557
15959
9469
26751
18740
3629
25834
29182
19558
23977
3464
19799
17299
3476
21115
5579
12549
6421
24786
25893
654
14463
24978
14192
15132
17051
14149
1708
5902
11457
14970
21811
27417
24440
18563
22509
28069
14397
21691
23979
14726
25156
20130
2026
4984
11246
7605
17534
24019
8743
19779
24673
23206
14757
15218
8339
1809
29367
16399
14063
10824
7722
5875
14593
8514
790
7103
12935
21539
28794
13266
6266
302
3396
14644
5287
20994
28601
29173
15014
7344
18952
16039
551
3709
1257
15242
11870
6976
7993
25934
24153
22067
8161
8746
581
8951
15849
19868
490
20996
3134
13108
27650
6531
27752
9289
27525
2705
8462
18891
10050
3766
4931
16953
13828
12540
8547
25698
19517
22892
27984
13670
14960
6145
28768
21893
15096
20970
11762
15587
11966
14896
5047
9616
27779
9152
25258
25305
11857
3720
20548
21907
7487
1831
15212
21315
14372
111
23365
3889
23004
21350
23911
7964
3847
29031
6209
18944
20001
17971
10883
8319
9220
22282
24288
6999
1434
19546
8656
13292
23266
29205
11551
7105
7388
26764
4772
21760
3227
4490
2001
26231
2192
2264
10547
6039
1296
16757
1335
21297
11080
18570
29617
20300
10853
23905
3652
12287
19803
12308
1931
13069
17865
13483
26527
25254
16599
7651
23366
19826
12141
25368
22410
20685
27632
2957
26725
28928
19714
4412
26578
7147
22983
2547
27447
10188
26452
7451
28827
16255
26112
759
5676
20329
20594
8555
21935
13545
22559
15302
3371
11052
10670
25781
1738
14654
5091
28463
19935
1157
9227
16513
8304
8562
19060
12104
18750
21864
19555
17578
14471
15667
24689
26499
5997
21635
5055
27932
5180
3966
13234
8551
15018
256
10685
16756
21263
15776
21571
11198
23285
799
4063
1590
9361
23123
13694
4464
21339
9601
28394
5810
25269
23083
2309
7618
14718
13716
5550
19898
17682
25137
4801
9053
1745
21838
25809
29360
13966
17381
16910
7252
24532
20973
15194
10245
20448
28888
14709
11787
14841
13103
23949
10110
12538
2611
24080
3608
16327
5983
29858
10362
1120
4660
25767
9217
2850
21576
14930
16817
15309
1840
421
16193
22814
15615
26439
19614
20855
11148
1402
5696
604
1703
22159
13142
4314
16239
16751
26994
22222
16609
7356
29694
27621
3123
15264
472
1051
194
23641
22713
2034
24062
8906
1200
9677
5345
20815
532
22846
28569
12580
23450
272
4739
6592
4587
27331
29695
1581
19553
16305
15289
25600
20278
24764
10864
20750
2167
11058
20743
24880
19444
14805
10139
20645
834
15484
17812
7718
8330
16381
20299
1780
16653
25038
14725
27592
28721
14420
5525
18275
7077
27166
13875
27356
21930
1091
24458
450
18501
15202
25330
7945
6359
5469
4942
7194
27306
29106
14912
11988
15487
11563
20121
8493
6602
4846
12437
11675
25618
17963
29950
2696
15129
20177
6404
13412
27620
862
13862
16121
22416
15544
419
28776
27366
11713
12322
24672
17172
3586
13012
2659
15150
3133
17504
28104
14331
6294
9779
9950
609
16082
18998
15738
6259
25402
5502
10232
2616
25716
26353
1385
11261
3124
6513
8627
21190
18835
9651
8362
22421
22663
17373
7571
2149
11230
12027
16480
17524
21807
2782
18133
7889
28132
10223
20500
29886
15726
732
2503
11442
3438
10240
29055
12914
16753
7682
4104
5588
23685
12466
4361
22701
6192
18285
1202
17422
312
17682
4946
28471
26817
29431
6360
24949
9654
26861
1188
1732
3945
10043
19527
7383
20283
18582
20298
7036
2617
754
18976
26302
19573
29689
25355
25765
24326
26557
13187
24639
20592
24485
23110
23761
268
5823
25062
9922
9036
26250
18007
12981
6293
7534
20365
26576
26116
17015
9964
28733
17769
28940
1388
7342
4982
26743
3107
29308
29653
22646
299
26597
23483
23410
20358
23751
5585
15420
10026
14621
11671
28033
27602
17964
5567
24319
20893
1683
17686
857
6769
5456
6150
8157
19150
11132
11252
28610
10440
17257
27608
10740
13854
21092
10502
4212
14843
22439
19633
24869
7060
7656
29254
11014
25620
4821
5334
22865
12857
29372
23723
25978
11180
29873
4135
331
17357
21739
5293
4149
8997
9253
21241
29203
345
8095
3416
21541
534
29401
22762
7594
7057
22017
24961
2677
3190
6647
1895
22399
6019
25618
18377
17200
1843
28864
23883
25552
26956
29176
29701
12305
8429
20943
11508
15127
29038
14924
13020
5925
14325
5782
19871
21382
4151
14832
412
13694
21479
2307
6093
27499
4277
823
14699
12472
29687
8582
8024
26643
14110
7725
8948
28891
5020
26809
20370
10411
11733
3390
16336
2411
15525
6207
145
26028
21040
6909
9722
12519
15568
22168
16370
19845
22991
7421
2317
22678
22355
16693
25674
6465
24419
10974
11709
5791
7783
2079
16202
25869
11822
8890
28280
3699
15098
4777
29727
12490
11687
9450
1361
27255
7970
17732
23453
961
25153
25770
29991
17509
12464
2017
326
13235
12992
18387
19026
27127
26819
11581
22996
8641
20471
27628
12340
11921
2406
18419
24411
14093
4221
25773
11348
12191
19857
4801
13152
15010
6924
19496
8871
25740
21513
9198
15327
4505
27585
10705
7985
24404
22286
981
9397
19110
28610
28089
1031
7368
16509
25443
21461
27082
27568
9161
9274
17425
20315
28778
8787
27239
18274
17659
29331
16140
3209
21010
26997
7146
1715
4982
7903
354
5964
23652
25816
10926
21742
26847
24646
14603
28642
16107
11685
2562
1620
27311
19987
21935
26090
28775
25526
20716
22786
1209
6856
2347
22219
3854
9493
23935
8836
23748
641
21152
17401
26457
8430
15495
23304
3076
98
28299
25535
18135
861
27156
15447
27201
25443
17889
2328
20970
14957
25114
22179
21814
27461
20751
2020
13306
14686
17208
13407
21679
14713
808
18136
23143
16303
17792
2572
22753
16091
4459
10888
23305
7967
2687
20506
3411
26928
22834
733
11886
24300
29264
10052
28113
20015
12072
17771
11053
29280
1178
2732
13993
1986
20868
13489
24641
15013
22413
23746
7456
26872
4635
761
4840
13674
27619
8251
10603
26805
15336
28841
27457
14600
8893
25570
4616
20965
19694
15669
26597
20872
24754
16943
29211
21974
6784
204
6987
29197
23951
20796
2421
4938
27909
7261
18612
25529
21864
5567
28686
7200
4408
26144
28153
19653
28066
2769
16970
24112
24790
13568
14985
25896
6863
20548
17871
13647
20752
1210
19196
14703
22006
21617
19641
19916
5231
14606
21797
3447
20173
26835
10648
934
29331
15153
20587
3750
24274
7558
27862
19064
27478
19199
21313
4341
9747
15536
24340
6852
16746
19888
21555
15105
11505
17549
11373
23088
2155
9522
26536
28680
6357
13536
5966
5689
28689
26554
9439
22963
10464
13653
18379
14294
2853
9692
24987
18952
25228
19327
25804
18327
9215
17360
3432
27072
4909
14805
20161
13416
679
23049
18448
7036
6585
24415
19077
5274
27321
28516
28237
7785
18522
16616
28431
21375
2661
23418
10327
27889
19097
6132
22568
4664
29844
26000
1736
11105
17157
28249
24521
17836
21298
12969
1225
27883
13736
20302
9509
11057
18819
7746
25194
7341
715
23625
5068
9728
17043
15395
13969
6140
27879
6538
10804
27723
8890
18893
8828
26048
17142
9701
20236
14793
29023
21461
12676
12759
11764
28538
23817
6935
6284
19011
20628
13351
18989
25696
29431
6032
17443
13401
18525
21675
19939
29329
19398
28829
18222
4579
1229
11717
14280
27818
2862
13303
25631
21890
2415
7395
20428
26232
20682
3065
21595
17662
22768
10584
19710
22200
22969
7154
5601
11494
5181
1892
17175
24579
7073
11750
5510
14655
23467
19791
12473
26329
9446
8104
18219
11861
21852
15000
14445
18886
18065
12393
6549
10833
22977
26259
3033
15946
9765
8634
3792
14946
16878
20968
15878
23952
2718
21388
8607
2537
17531
27432
5218
3330
11888
29789
21543
10092
14789
5989
28979
2854
18382
5528
20040
17711
8139
23073
10010
24257
8060
13802
9203
24938
11122
1433
25242
20192
29174
10201
22729
23057
13985
27947
26387
25874
4089
24283
5966
18878
6624
11297
28085
25006
23177
18125
19069
1317
17550
29079
1926
25610
19234
11129
26901
6708
18915
22143
26901
24441
8697
19630
17498
22682
23930
20238
24908
28019
14521
875
23249
21145
18524
27686
22503
11702
15811
11572
19371
9714
17004
21297
5324
6238
8778
2225
19298
27693
721
16199
28486
15770
5830
15985
8452
6112
6223
3361
10483
20744
10588
10084
18241
29112
7771
10744
17166
29934
28668
6537
9648
15672
4186
14973
28262
12965
23550
17561
17010
623
3760
15497
22745
15942
1482
1198
22054
14057
10911
8889
11153
27851
18974
29394
3315
26745
16490
20482
3031
15158
3371
12680
831
7558
4005
5445
26875
3907
23006
20237
10883
3119
5734
3628
19061
13568
11178
17468
3977
28441
26357
15130
26292
15331
20876
5960
18428
13718
2794
21460
28877
6165
10492
6060
20075
20849
17857
23302
24756
10864
13540
11991
20335
19274
15620
9396
9195
3150
26864
19524
1592
29574
4655
4236
21257
1883
10196
9686
15602
12990
7498
20831
19156
24342
3243
15583
15191
21100
8886
9947
8316
22426
21939
28651
18052
13911
8048
3599
17061
11264
23124
25005
17190
4131
29242
8448
12366
9438
24486
4320
22429
1984
25151
17937
26326
4746
9872
17869
25847
18758
27816
4163
17536
26107
9167
11941
16370
23567
21892
9784
4831
15016
4789
22022
25499
4031
470
7866
19822
1308
12186
12251
3292
13690
6540
5970
24788
16412
23839
20635
11523
28007
1151
5411
467
16670
23704
16837
10237
15597
26621
15068
613
7763
13442
2465
11794
20264
10331
1616
21572
28869
20219
1216
18911
3111
7186
13700
25876
7377
10687
13751
5385
18190
19162
12204
4860
12867
29041
15097
28464
2015
6518
5429
9778
19960
7894
27924
16577
24577
5893
8149
29799
2464
15718
25062
5576
22904
15114
7804
6634
2154
21555
18371
20344
17069
575
1557
6288
29616
16654
11104
7983
23172
16534
24113
19485
780
28390
6062
1710
4283
20563
7861
13099
6281
2923
25027
5538
24390
2831
18524
26544
738
6895
16888
17808
7470
18445
448
13438
11452
11553
21422
10976
4439
21887
461
11571
20277
12875
13281
912
9791
21142
14012
22424
418
15391
4314
24808
18223
22838
21352
25313
29733
14592
19473
7203
3038
19922
26994
20842
1475
24768
1818
12266
16655
2280
23837
6933
21507
7119
14197
7650
4613
28209
75
11383
19953
4389
12543
8176
3580
3895
9841
3313
24840
29315
16869
27878
25589
13863
25072
3416
8631
26890
15682
1638
5522
9519
14923
27030
22990
29121
4680
27604
3682
11107
15339
23635
21849
27883
8163
25429
1778
18005
28742
26618
17320
21963
848
19261
12178
2272
22677
20809
29163
8359
28800
4685
17878
13723
8067
17221
12844
12748
21177
16527
207
6516
10162
22056
4399
24678
17485
12530
12683
22580
15500
6355
14543
22701
25616
26722
24973
18293
23883
24136
3004
22683
28822
27234
12759
13241
14455
25603
2341
5632
18482
2549
12149
4997
24605
16548
29675
18443
5430
12358
11023
20931
25065
1918
19984
20681
4992
14957
15326
5228
15446
18330
4263
20620
15564
17022
3861
20
12626
6203
12004
1108
8752
24153
6105
9709
17054
12132
4504
28836
24490
21879
19767
19555
23798
16103
16588
5142
1061
1914
10370
22859
26596
14634
13479
18513
1656
17340
24885
20634
29895
6889
21743
14999
1043
4200
24709
24449
16333
5565
23285
17175
27445
19405
13083
21243
5508
29671
26385
12921
7938
13108
5780
10886
27742
19259
29399
5750
12952
24284
26385
19199
1174
24480
4199
8569
28680
5260
9370
21365
10825
2655
14893
8270
28412
4328
5865
3921
3999
8603
23194
18289
21711
28975
5528
19453
24586
4927
25203
13890
5564
27940
3090
13090
22420
7289
28011
27453
18901
7381
25170
29726
16388
10063
14349
14801
14391
20214
18722
24743
28817
11916
19384
26880
17243
24912
22685
18182
6192
24241
2072
18108
22181
5162
1198
14602
18803
29209
18407
14056
6590
13577
13783
22978
23641
28132
14131
14384
24698
9205
15479
29868
27474
4864
26748
14717
6128
25786
2899
18672
20027
11324
6780
12208
22838
7978
3162
11642
13539
21569
25698
26481
5147
15833
25812
5140
20317
9943
25876
15016
19149
11356
21236
16623
22572
24336
7692
5052
20122
10592
23725
10149
21916
6857
28710
14754
14836
1872
2748
4727
29794
4799
1209
11293
26984
27021
16433
17302
13316
18661
8670
2465
6369
6258
25440
28941
594
3133
10346
20717
20077
10423
7218
18345
17280
12280
9451
8468
20505
12200
13196
20299
23351
14405
1592
20335
17778
24377
13989
1094
19390
29011
9912
25760
5269
5352
24701
5864
8485
11399
2933
28562
21822
16503
16907
9103
28784
26359
17571
19289
14911
7119
15940
14614
27876
23884
11301
15654
24613
25291
23101
14003
24302
3013
9763
5924
14717
10817
11788
23203
22216
21073
28117
20391
7576
21377
29494
12712
24088
23417
8353
15351
537
24293
29965
4765
18177
17618
26772
19142
12909
19873
3146
13564
29238
19261
19488
13955
78
7628
13510
28647
5053
17980
19038
18981
15709
24884
1694
9797
24653
10047
1500
1542
10693
7817
6308
5222
25435
3080
24365
14697
29305
27511
28261
28543
23124
24101
18850
29555
8081
8713
28202
13134
26693
23592
8467
12402
24828
10161
28551
19481
26561
51
21024
7254
7868
27332
18828
3303
6764
13193
18000
6069
17056
22613
10964
10181
23066
29814
9736
1147
8527
14290
20633
11572
14234
29101
326
15414
15614
28877
4895
12175
5280
2271
25781
13148
5955
20962
22804
19071
4155
17156
25140
27564
9770
6104
14097
2836
12271
185
10336
27150
20827
7321
8723
5061
6422
15401
20475
22037
14279
1722
10564
19559
10346
12698
9060
22653
3660
8216
11725
14167
25372
6865
11731
11494
19322
2180
20683
1593
2365
1019
28743
23192
8340
13818
4605
21115
29220
1432
19504
19851
9507
6420
15762
19853
19118
1174
18858
29130
9390
583
13298
4763
13801
1381
16257
3123
9914
13292
11068
12279
14311
16163
11824
29004
29982
16429
26471
5554
24214
15975
25405
3721
22395
17519
29926
17866
18694
18784
16996
28084
25720
6646
9199
9521
14380
1809
18996
24294
15101
64
6573
29413
16227
24749
4769
22561
17531
1240
28115
11745
23567
29872
21818
15962
17392
28096
3828
12438
23232
27177
10522
18952
3823
19722
28473
18203
21531
23821
18849
6632
23885
1775
12397
10113
26524
23518
2674
14055
1110
7142
2152
24677
7014
23970
16992
758
22066
27172
13196
21651
24349
71
10603
4525
19793
15429
29080
17676
9250
17930
660
3136
19705
19410
19601
16229
12928
28627
6637
14039
5769
8789
8716
19136
9112
25708
26246
7530
29233
9443
29181
23582
9514
16137
28107
5659
1566
27188
29687
10816
21470
6699
20304
11175
26109
16257
3756
9038
14885
16745
29429
27006
25535
8145
16142
10999
10206
12389
24881
9439
28184
24063
9373
14050
10200
13833
26061
18118
17373
25748
5286
8843
2447
25591
26370
4909
18200
126
13947
3085
16872
19728
92
18759
4225
22586
6110
14431
4975
991
222
9511
1406
15948
23561
11606
29781
19622
6076
17154
21722
11363
25997
522
13306
28719
5431
1506
28845
25730
4592
22069
15458
11036
10828
19683
3622
16938
10467
14950
24282
17041
24461
25688
2989
18023
13647
2770
13997
19723
26276
5720
7438
28625
6242
20744
27344
18025
28603
26190
13755
9547
18259
5565
20583
5440
1600
24205
28730
12067
9155
23012
29109
9969
25053
2098
27992
8700
11221
11989
4775
7497
24061
12214
6123
6655
9310
3467
24680
7913
6009
14787
17460
621
26704
8043
6061
28305
8601
11143
10372
24108
10508
15833
4077
5561
24284
8421
14261
5505
26763
25388
19354
20824
7602
1829
3832
16913
11649
28512
1178
17658
19652
18639
18279
22708
3034
692
21013
17987
18188
7738
12096
28696
23571
22525
4257
24207
7299
24870
6064
4062
20258
25419
1238
4213
27248
5070
27478
15249
9935
28656
2908
5939
23647
27539
28647
26682
4584
26013
14669
22772
3751
3117
21468
3674
1995
2077
27882
15646
3299
3946
19708
23557
5717
27298
4122
9318
2369
7952
24567
18656
6609
3827
24595
6608
1367
29594
3290
5951
25607
24312
28723
29358
3781
26543
9385
12128
4972
7267
27774
8271
17565
23834
8180
29635
21133
12303
8953
29854
20255
9872
18510
3216
13700
13105
9825
21419
12699
19467
27370
14659
20131
2445
14017
23913
5340
23402
12393
10312
7021
10168
18583
939
4002
26763
574
1487
15418
15879
1341
12026
25751
19851
21594
15803
9308
1419
7222
28360
27239
10944
13019
17370
19741
3388
17635
25081
26791
29
11745
10164
16549
328
11103
26903
3444
11677
28391
25214
27556
29732
7240
29660
19584
28835
15463
5244
6606
22686
3604
3845
9982
16623
21216
29724
26364
15203
24805
29507
15232
6551
9671
8133
13231
27127
5037
23027
8804
3428
18242
12713
3160
25482
12373
29096
669
4188
10693
7276
3226
14297
17473
13209
7273
15041
19285
3637
245
14090
3144
21829
26993
19167
29963
16577
16294
5000
9604
1451
8428
4198
14164
17940
6033
2889
23389
6702
13429
4082
20330
16656
24731
7804
6217
2004
22845
25502
11993
23090
15944
21489
14920
19290
10657
21235
5867
26951
26235
21823
28402
11015
2374
18918
28955
8407
28159
28696
21461
17941
9130
11792
4597
3862
19596
17166
12218
12441
12668
24212
11884
4964
15701
3156
24254
26358
24391
6473
29662
20626
4649
4416
1641
7023
29687
6948
21782
4198
11997
13243
22139
21127
25035
3088
24989
20983
20254
7208
9777
9274
7772
21661
14239
23473
24817
14845
26184
19208
27671
2198
16186
2320
12966
17827
15695
12653
1127
13829
16852
13124
27072
15343
10604
28460
18432
11945
19443
8686
25505
29220
24313
3277
27233
8552
3103
22050
29749
5639
17610
27420
7837
3796
6092
20803
27975
28139
9809
29103
11968
3013
18579
9041
18356
5535
13853
6788
17481
9648
21827
12986
15221
16140
16264
12454
1044
19367
4505
793
1358
22115
4566
9195
25912
10658
6350
23887
8798
16159
29342
27118
25524
24274
6159
13881
29809
26364
27021
17290
6013
18848
6629
21234
4988
22893
3688
12384
18612
14545
13178
19970
13013
24096
5517
15277
4754
11867
9164
19904
4379
14859
17023
6255
9133
29534
20136
15294
2251
23510
8937
8264
12358
15566
5850
23699
14811
15890
6083
9775
6788
25613
6097
19801
19709
11614
5078
816
29833
20594
20720
10564
5453
14095
16820
20938
19982
13308
6233
22233
6818
21522
6849
25529
7088
19051
19228
28251
4941
25311
8026
11729
27277
14123
1530
16986
2089
12960
17802
8274
3555
14875
18839
15360
5322
12011
6299
25304
1671
18884
23889
8490
10406
7090
4019
23846
26141
29599
22097
7435
1262
6475
25516
28539
20598
3399
15526
29039
16359
9680
7313
26266
907
2504
11627
6230
20867
24278
7886
22539
13162
8128
7381
29920
15218
17752
118
17712
17351
28567
1499
18613
5042
27015
23505
25640
414
15383
1031
23126
25063
14696
19392
25971
17201
1019
8553
8068
25297
16439
6959
14811
919
14340
21083
22490
2092
21201
10202
25795
19768
11701
20761
1162
15068
14266
3154
21835
29649
4185
14961
1064
18882
10705
3387
12435
11725
11940
26855
13374
4732
3815
4538
5651
24507
25621
28141
2952
23175
14695
28747
19295
2748
19508
20458
17817
10126
23612
16004
9775
27798
965
17192
23032
18022
20579
5467
29747
2520
2322
19474
7252
6137
24012
19255
6997
25985
17397
9949
19160
8444
8696
14808
11193
4557
5266
5362
14683
28878
27718
811
3028
5035
18003
2412
23057
8582
7879
22805
11102
16554
18631
24706
29043
18995
13962
6040
14980
7711
15989
10493
22507
24686
25301
10052
5595
6919
21766
20278
5797
19484
27441
15178
24519
15444
23942
17577
379
1822
16734
17833
18376
5365
12540
17419
712
2854
23460
15692
16917
15801
2537
15776
16839
27838
25829
22434
4757
17595
19065
16907
7080
16506
8437
1599
8303
2379
25528
8682
10553
12262
26515
5281
23979
15407
22701
24691
24613
22513
16736
17882
14666
19273
3659
1506
17112
29488
23940
28221
23435
19357
21480
515
12216
29917
8467
20519
8649
3995
5553
19202
16258
8420
24484
16589
180
23537
11281
1145
22402
28017
19028
7068
23642
29039
8574
10754
4879
8867
15328
28314
4576
6808
28830
16792
13078
13649
7311
21727
17644
19216
17281
10254
27637
11765
26844
27817
11654
14477
28962
4056
12494
24342
17477
6136
23381
26051
23243
28260
11270
14923
26575
15847
28083
1757
2639
11161
15406
16303
9240
3050
5519
26522
19657
3156
14639
16501
7325
26294
978
12640
6702
19824
6982
24179
2312
364
26583
1907
28624
14205
16830
1551
6404
21266
3308
15396
2427
25066
1699
11668
4469
13570
14542
24126
23079
29181
16979
404
1827
24309
13044
14882
14133
20027
15413
22797
26743
18348
24705
1719
2554
17887
3271
8958
9153
12931
24354
17933
14350
2405
5953
18819
15976
20495
12945
9055
26028
29924
15811
4208
24233
28856
19090
14718
25235
4503
7515
21978
22852
8572
49
1758
2812
9672
10716
18317
28956
11423
12602
13306
13828
18555
2125
6156
9050
21422
15211
11431
21346
1023
15639
21931
6231
4729
13001
7818
15584
26868
6148
8436
11793
6197
10194
14605
15870
27263
9274
21178
8686
21877
4484
28866
10432
6609
5023
25835
28031
26586
7266
25729
3961
29257
24012
16544
3986
7013
24362
19570
3881
510
4359
15674
13060
20905
6631
5282
18168
15906
26460
3206
14135
944
8425
24567
13905
19800
26754
11936
16386
10372
14017
26700
9629
8029
19596
13615
15042
13959
9538
25275
20821
20249
10950
3881
11154
17581
9163
29323
9839
5623
8881
23974
12919
17306
24894
26824
7106
28000
8760
29845
8373
29129
2897
18002
7158
22493
7970
22200
12804
23860
23828
3626
14109
4778
7507
1615
28711
23023
7290
14903
4998
16172
15229
17918
9830
10123
14742
23289
14476
29855
23134
22849
28984
2383
17203
6143
1228
1525
4695
14033
1737
28523
17659
22198
9653
1518
23814
8365
24541
1104
23268
29540
23628
14849
17458
3459
24973
2200
26748
15801
2055
26234
15002
7392
4969
8557
13535
6197
10083
18230
20230
18172
23106
14241
10371
2759
15760
10537
17476
10301
17993
17096
16193
17974
1946
3651
21433
3271
12204
24533
19072
20611
27119
4074
28003
8440
12631
17890
14637
29066
12473
11220
23591
5579
25461
10314
14690
11221
20851
2167
27875
15196
19263
14068
3170
27561
24072
955
832
12628
1840
19904
9591
5311
330
7595
13751
19314
1837
4741
24732
14310
15961
18323
19889
11422
4989
10932
28996
2192
13099
3223
17389
8714
17291
26911
6276
17715
27867
7108
6695
29707
3365
16287
5019
10047
234
25122
29361
2071
29863
446
16382
22176
25121
12623
3599
111
29907
8947
2303
19358
12170
26044
28073
5813
22956
10701
29881
20823
24161
6576
26882
3878
22863
8253
13926
29449
3376
19639
1521
9591
20085
24255
1768
21559
13230
11719
21670
13138
20666
325
2496
9188
26370
6921
15001
19326
17622
14882
16501
18136
21459
13383
22014
20674
21637
5940
20124
1365
1932
27997
10956
22017
22252
19076
13576
11834
795
11598
24972
21461
11924
3821
7001
8294
10742
22003
3972
4717
13237
20473
22853
11048
3856
14867
1723
1845
27160
28199
9562
29092
26196
26871
27461
18448
15947
17390
6634
16743
28988
1607
14556
17264
11780
21558
25558
22522
19913
5882
3591
3150
26355
26444
20551
6564
17664
22274
14761
14824
26825
24324
13916
23021
21195
17729
17821
7142
5119
24455
237
10460
2414
14794
27724
14194
12704
29635
6717
2617
5517
10308
12119
8225
13105
2670
14789
769
1296
29550
15593
28121
226
5861
27494
21421
23590
15315
4916
5062
9771
5153
15522
12185
19947
19598
26380
9003
19233
9449
11620
1103
26109
92
9328
9214
9114
24117
9983
16763
19
1928
14884
246
14141
18731
28019
14084
4046
2935
19146
20169
8089
11020
8707
4388
618
11439
13392
26204
27240
1364
27307
23349
1456
12987
8916
10571
7104
25251
3686
13475
27180
18570
20073
17673
13653
18093
1757
24052
21028
20903
14221
29117
8275
29280
3506
15246
10719
23250
11450
14311
24614
15109
14013
2423
28096
22929
19346
11552
24532
23032
25027
28064
17954
21453
15738
1608
9546
17495
25660
574
14751
16233
6044
23026
15514
15902
14624
2585
9152
2426
16897
3766
17535
910
12541
15631
191
1887
3535
24723
24919
4915
22788
12874
26368
8526
20834
5914
2373
16494
12840
17124
2727
18884
16503
24593
4786
1127
27179
13938
3554
20428
24057
27441
27690
6598
19425
4233
14838
22960
28956
9757
27875
28096
28983
595
12974
19817
6509
15348
12663
19350
8824
21743
14586
25327
16336
19373
2807
19867
9663
6361
10295
10072
10154
14337
16671
29579
18570
7861
22540
23879
17618
26767
21975
22954
27363
11302
19123
3872
26650
1787
29574
5474
29882
14161
802
16218
9886
9961
12438
19549
22674
29085
29622
2828
13423
22645
2408
8345
506
1300
2224
24476
28067
552
23782
25430
11854
12906
5655
8504
21045
11581
20330
20927
2094
27484
13497
11980
7445
2287
7882
119
1373
7504
9300
21148
6501
11708
29493
13359
13008
1718
14187
17427
8622
7970
19210
20476
27228
1217
5332
18273
12798
25662
15552
14893
23147
5401
3225
6944
7689
11107
13416
15414
24963
22716
6562
1464
4424
6055
14823
23784
14125
5363
17563
22747
13333
6773
19575
16913
7990
24907
11538
27141
26922
27090
18386
26421
8843
21611
3365
22884
2719
16781
8298
27682
15849
14860
5499
26625
20916
26674
20409
11393
2037
14325
10493
21722
27450
68
8635
11793
24976
20173
8934
28250
23615
27320
24671
8811
25283
4388
1695
4354
27522
9994
2037
13371
1206
13888
9997
28474
10562
6758
9868
12600
21083
20361
10674
18534
20429
19310
327
21757
9483
15613
20007
9451
19285
21030
18262
14568
25419
19957
18923
22941
6303
27312
6312
7510
11200
16309
5984
28114
23068
22204
17066
20503
12565
27741
9037
9347
17051
15716
7456
2886
1329
3816
12337
26966
24846
6951
11535
26617
26909
6810
19558
9564
10474
2223
17074
21674
24884
29411
19788
24304
21615
6855
14808
10533
10948
197
26232
27999
15914
3688
7237
23595
7504
25927
20562
8703
2878
8449
5320
6139
15259
1231
15704
2085
9806
9130
23759
4690
14893
19899
28995
6509
3106
13803
23394
14054
14000
19626
18405
6266
29666
25643
29862
7171
27922
26776
22226
800
5225
3898
6940
26836
5129
28996
28921
14935
8126
29032
19626
23020
18931
24973
5881
28390
8776
5627
18796
29128
1605
7202
5395
1271
9197
11609
14794
7119
8385
7020
14271
13610
10919
27563
16798
22400
26559
15719
7336
11038
21103
3314
10410
16386
28287
22643
14776
13415
28270
9925
18895
29875
23479
24290
1146
2676
12251
22293
16147
20636
29313
418
10598
16584
4334
3748
8985
893
25819
16321
18283
16922
25987
28693
3309
626
27688
24437
14041
25958
4362
2936
2185
27841
3579
9684
6869
15830
1977
29368
12819
7642
6139
29769
24227
10473
3518
3212
17718
29337
25885
6002
16260
28224
11047
25921
28850
8736
20358
12891
11046
1073
22179
19584
5266
2110
29268
18488
24293
7597
17856
7112
15239
23995
13233
15818
10820
16751
25382
28539
16089
27619
10893
8701
25843
21940
4622
24693
7028
1332
13936
24427
2405
12468
20363
7672
14578
25983
2512
8871
3580
20368
22335
25171
20716
5569
17342
1536
22320
12724
6427
14761
10344
17320
23462
12539
15613
28084
13585
22641
29417
3873
23420
8174
16341
13783
22198
7272
9766
24710
16143
19698
21431
14831
14870
12147
26752
8564
13683
25424
21288
26463
10186
7984
13783
10000
26876
29396
14437
10461
28390
20206
14334
21810
28380
7028
11946
20579
14300
28064
21641
6795
17763
13072
21626
8985
25219
24730
17549
15255
20155
8837
11718
6693
23174
1853
16693
20050
1250
1130
6863
5992
21336
27549
4154
26069
4577
16100
23000
25229
14165
14641
2025
8280
4066
3
17265
5637
24734
4814
27244
21241
20003
15314
27934
19529
17168
20979
15931
24770
28462
22794
762
26150
20344
4916
22219
1273
27369
21571
26503
17886
12565
4880
26166
16631
11235
13431
28620
5969
24597
25865
3562
20952
11179
7848
10482
4699
28828
2765
29469
3642
25560
231
29792
22256
11500
28364
29881
8869
19935
