19183
11854
54274
27851
26441
63660
32632
80910
78581
25306
42019
38129
23942
6255
54812
26113
63465
36414
87009
55070
32038
61713
44689
7979
53253
81628
51647
37906
64376
1318
19056
83560
29524
89683
27763
55966
53343
60396
36876
48277
2054
95247
2758
25997
17854
73923
68462
81319
10337
55472
52742
58727
17185
97431
83058
86790
95412
34706
24697
76140
52376
43753
76052
81900
49788
20168
37866
3132
80564
91094
67761
98970
2694
70519
41319
36900
44442
9782
18220
71132
65254
87314
46211
82439
1097
29270
85581
96509
80328
10278
89002
32704
70384
65054
14604
20172
85222
52471
39656
82138
59917
7417
81109
62611
94289
38780
99512
38731
48562
34084
26215
30168
37750
72427
28959
38847
1697
14541
35357
82025
24819
24359
14729
95203
5765
29333
15376
90988
98156
55032
89478
74426
78802
70587
53389
73091
9368
52901
28174
74282
3337
54390
4451
57439
26817
33410
96287
44866
47951
47996
26891
89123
88707
57972
84326
94472
3657
16054
1812
18166
87439
91291
92592
66241
78230
45981
55684
3950
15235
83858
94585
34924
38248
99036
92364
81417
48798
88651
42635
96750
52999
85878
85873
41706
43850
86551
52530
63860
2606
54343
82026
90045
61986
74618
72638
56568
20599
28322
60519
35834
12180
55104
87111
66781
70492
79475
64550
19290
84478
7186
32392
37477
93064
18265
95535
53267
4817
64417
17127
23775
35112
99153
30172
97098
73771
2810
53667
10722
31132
30538
62909
59664
1994
50020
26445
88838
45847
90996
8128
30325
14534
40521
84154
7598
75138
96041
60865
96307
60458
94344
20082
95571
93497
50254
9021
83620
53064
79040
94343
548
25930
73604
60213
27924
39976
86658
33114
85823
94006
41243
32500
8540
98116
16654
32491
89606
29047
9708
85914
89505
4053
22348
1428
13902
88955
10450
97523
58371
89490
8218
58920
15421
81822
19133
59697
21798
22143
92812
23973
32502
50407
56473
57394
64875
89479
89885
54481
18526
15946
56747
24383
19999
79096
25812
33901
68051
36262
47776
26422
42104
55994
85342
57525
54168
20827
33575
92318
59323
26387
16291
8177
76794
72764
65571
58021
78595
71809
12502
97121
87755
69250
21505
24106
64698
63669
74359
32749
99931
38488
59171
58387
10834
60866
15913
65003
98045
49488
57321
73720
92227
89965
81897
85373
79081
63821
43394
57677
35630
72248
71150
39737
41498
9007
80195
22548
72676
70906
55297
88959
9394
30821
47347
20229
8039
79612
85232
6084
29100
58905
96157
37679
65222
78054
23052
44304
41875
66446
18333
93857
38694
89483
33594
96545
98491
13789
19093
71167
84696
90743
76479
10442
37916
23826
30671
45955
3438
32255
68391
48890
7513
64548
86569
72735
42603
9621
33391
830
92419
51724
94688
47465
57560
28282
60362
56051
58424
95808
43570
59472
86551
20049
69914
24467
60227
586
86774
63665
49193
55165
28907
56706
19714
15476
45794
78669
41449
79185
95851
50220
47262
90539
97686
4822
35174
74400
77225
93598
70208
20795
69422
73111
57197
39336
13930
17424
56274
704
97442
5468
72222
26349
62174
8288
58178
24320
3309
15979
3506
99160
66200
67120
89700
63886
71942
24874
54638
49167
34824
24847
86314
4246
14310
59863
43582
44593
77288
16209
61649
91082
21677
33871
33783
203
58511
91961
24524
61820
7941
44382
60981
90493
11502
67033
70731
83444
91907
25369
48963
43083
66568
51629
47329
80879
11493
7263
25472
5133
23472
3473
96215
61501
37345
46350
61705
95856
54664
2581
57677
78957
46963
35010
69450
58465
2043
40181
58261
10302
65550
23576
53385
32119
75205
17066
29350
86698
40681
71174
91831
64154
74647
4398
25655
28344
50749
3712
24201
21765
6293
98230
722
69608
49592
70172
44425
67987
10353
2686
78289
92255
42614
48026
40726
17820
81444
70076
20870
22125
57602
12702
2631
32250
33452
28287
76946
553
48351
1147
22318
70997
15729
23040
40605
81673
9564
85031
49660
36269
4069
27949
28525
46684
92327
69251
80856
90123
55680
1726
12249
13282
30780
14880
61884
64233
59519
38831
81138
24223
56330
19809
95220
72060
59201
35825
53733
68766
37208
3394
5035
57630
47695
33560
20666
56375
19164
1522
46498
74844
3248
75099
88126
34029
6332
50011
14614
65851
88842
12104
90074
45172
31913
1646
33584
91115
37472
3670
59881
91032
23416
81268
65014
87463
14829
85680
43838
50345
3554
6689
25189
6803
98140
13315
57184
4472
79678
88150
70324
68520
254
76750
30045
48520
78397
79981
39635
32221
83651
99516
39605
7067
80784
4620
94531
11965
6652
54721
62310
10207
77762
3851
33362
75903
17167
6898
80375
13197
11400
67051
81718
11654
60154
28115
60174
54903
8096
16161
3476
8100
15677
43081
15167
12814
64053
26050
41131
70706
97124
19794
97265
91238
23645
30627
83493
57164
53877
80221
70362
65277
47272
68432
93283
23778
12899
53458
78681
20995
69619
82157
45447
1649
41591
76967
30815
5644
3017
88298
92702
16493
8092
89967
24084
48090
36946
7577
5254
90823
87798
91968
56100
51423
76752
49384
75201
89651
19194
70235
26999
5165
68744
72446
23166
10335
49413
53981
32332
68783
42280
25034
85276
66724
15002
9360
31166
68300
33290
36421
59124
21088
44741
31576
72511
21494
97312
47713
11145
32858
34300
38144
38024
3044
26943
77542
29732
76356
31524
62064
45139
90156
87098
46768
73232
18452
72480
4399
86753
5770
57172
62229
26859
1913
10157
99370
39759
23822
63435
67257
56680
14087
5401
11056
17132
48696
88599
46864
25053
36475
25280
70192
42983
12378
33312
32567
47183
5793
36966
33936
11563
10490
12517
54774
28756
39026
70497
68515
62848
50284
52124
35881
64372
73878
63289
97856
22574
68240
61072
47627
4715
86352
34172
64050
15082
67484
12970
62265
73277
49936
12553
1193
76779
25070
72319
5535
80449
42816
90402
43297
9453
42527
95530
73825
16405
58820
88033
38979
27060
65457
2959
48128
51809
37131
28530
83243
4615
41500
45509
94245
7789
58062
11790
84568
99485
84109
6455
79934
43278
13209
39583
52731
72088
35114
42908
4845
10286
47293
60177
53698
12750
63136
1826
80911
267
46709
64154
21234
88209
9663
31831
12350
84078
59973
96918
83563
60435
19725
79849
3713
32935
19432
72796
21375
70898
32056
26221
97536
79349
86398
51235
92099
49534
69413
73010
66153
16122
53516
3739
20684
63180
35571
33034
47258
11896
29953
90222
90216
90182
90176
90172
90172
90172
90163
90153
90147
90141
90139
90120
90119
90115
90084
90082
90070
90046
90043
90042
90025
90024
90018
89979
89976
89968
89963
89952
89947
89942
89928
89922
89917
89915
89906
89904
89893
89889
89848
89828
89825
89789
89782
89754
89745
89733
89687
89671
89663
89650
89601
89595
89587
89586
89561
89560
89543
89540
89539
89528
89527
89525
89510
89502
89493
89492
89486
89482
89481
89471
89469
89467
89465
89417
89414
89403
89387
89371
89369
89364
89348
89321
89319
89319
89310
89302
89297
89290
89284
89282
89276
89261
89255
89253
89243
89234
89213
89212
89203
89202
89201
89176
89161
89143
89140
89130
89129
89117
89099
89094
89091
89084
89079
89071
89051
89039
89034
89030
89021
88984
88967
88959
88949
88942
88925
88906
88898
88881
88872
88868
88856
88852
88845
88806
88788
88780
88771
88769
88755
88748
88744
88736
88728
88727
88723
88715
88713
88701
88701
88665
88656
88653
88637
88634
88629
88606
88605
88601
88592
88589
88584
88575
88568
88554
88531
88529
88528
88521
88510
88494
88442
88416
88413
88413
88395
88379
88376
88332
88323
88314
88306
88285
88280
88268
88260
88258
88256
88251
88249
88248
88245
88222
88221
88205
88195
88179
88171
88166
88111
88102
88087
88078
88068
88060
88059
88055
88054
88044
88043
88033
88024
88005
87996
87995
87992
87992
87984
87980
87977
87975
87952
87939
87938
87906
87894
87862
87845
87834
87828
87819
87792
87768
87735
87707
87701
87688
87684
87684
87671
87663
87649
87625
87614
87610
87609
87606
87593
87577
87567
87560
87544
87530
87498
87484
87479
87463
87456
87456
87442
87441
87383
87377
87369
87365
87358
87339
87332
87326
87303
87272
87235
87234
87233
87232
87226
87225
87218
87209
87196
87194
87189
87185
87168
87144
87116
87113
87092
87083
87082
87082
87066
87063
87060
87028
87027
87026
87018
87015
87008
87004
86984
86982
86979
86975
86974
86969
86946
86942
86917
86884
86877
86872
86865
86836
86824
86814
86803
86801
86794
86791
86782
86781
86752
86747
86745
86741
86741
86732
86723
86723
86703
86699
86673
86650
86647
86635
86632
86607
86590
86574
86559
86557
86551
86532
86531
86519
86513
86505
86488
86484
86482
86479
86457
86441
86435
86413
86403
86398
86396
86394
86389
86369
86364
86360
86357
86345
86342
86316
86316
86299
86295
86295
86286
86269
86265
86261
86233
86230
86223
86221
86220
86219
86204
86202
86195
86184
86183
86178
86178
86177
86149
86146
86142
86139
86137
86135
86118
86107
86100
86090
86083
86080
86079
86075
86072
86060
86057
86045
86016
86010
85986
85986
85984
85974
85945
85938
85927
85922
85920
85916
85885
85880
85873
85868
85841
85823
85819
85811
85798
85797
85794
85792
85769
85769
85766
85743
85738
85721
85704
85701
85681
85664
85660
85660
85652
85652
85636
85626
85609
85604
85591
85569
85564
85535
85502
85500
85491
85484
85471
85466
85447
85443
85439
85431
85430
85421
85420
85407
85381
85363
85361
85356
85335
85319
85315
85310
85307
85303
85288
85284
85282
85239
85236
85234
85219
85186
85149
85140
85132
85100
85087
85082
85073
85054
85050
85046
85038
85025
85021
85013
85011
85010
85006
84978
84976
84948
84945
84938
84932
84930
84926
84920
84896
84886
84880
84868
84850
84847
84805
84804
84800
84794
84765
84758
84754
84732
84724
84719
84705
84693
84684
84682
84681
84654
84650
84649
84619
84611
84610
84610
84575
84568
84558
84549
84544
84534
84533
84531
84529
84487
84482
84474
84473
84470
84457
84456
84443
84415
84392
84371
84364
84355
84345
84344
84329
84319
84309
84289
84288
84278
84269
84268
84264
84254
84205
84196
84189
84187
84164
84163
84161
84118
84117
84112
84100
84099
84090
84074
84070
84056
84051
84048
84041
84025
84024
84022
84021
84016
84006
83997
83996
83992
83983
83980
83980
83978
83975
83973
83964
83956
83906
83901
83900
83856
83851
83850
83844
83803
83800
83799
83791
83787
83781
83775
83760
83743
83740
83731
83729
83729
83719
83714
83713
83708
83704
83702
83669
83665
83664
83662
83658
83658
83654
83633
83621
83620
83591
83585
83585
83566
83550
83530
83519
83514
83513
83497
83482
83480
83472
83471
83455
83451
83435
83431
83416
83405
83382
83363
83351
83351
83305
83296
83293
83284
83283
83264
83256
83253
83247
83246
83240
83229
83224
83213
83212
83209
83199
83181
83153
83145
83140
83135
83134
83132
83118
83109
83108
83105
83097
83097
83093
83089
83085
83065
83060
83056
83009
82994
82992
82992
82985
82972
82962
82951
82941
82938
82936
82934
82924
82908
82875
82875
82873
82839
82818
82818
82802
82799
82799
82781
82767
82734
82706
82681
82675
82637
82611
82603
82600
82594
82575
82572
82570
82570
82557
82546
82539
82537
82530
82521
82514
82496
82491
82489
82489
82484
82465
82457
82450
82421
82417
82411
82408
82371
82369
82369
82367
82363
82359
82352
82351
82344
82311
82294
82282
82281
82281
82277
82272
82244
82229
82218
82205
82178
82142
82125
82100
82083
82057
82054
82038
82029
82001
81982
81967
81957
81939
81932
81923
81921
81920
81906
81900
81894
81886
81883
81881
81879
81868
81863
81858
81854
81847
81825
81824
81822
81783
81772
81770
81744
81716
81696
81694
81681
81679
81677
81675
81645
81637
81633
81633
81631
81621
81607
81593
81569
81558
81558
81550
81530
81526
81517
81508
81505
81497
81488
81472
81444
81443
81442
81442
81440
81440
81438
81422
81418
81415
81414
81398
81395
81386
81338
81335
81314
81312
81306
81296
81290
81287
81260
81216
81216
81202
81199
81194
81180
81166
81161
81156
81136
81131
81096
81093
81059
81030
81008
80998
80997
80995
80991
80990
80988
80983
80982
80982
80978
80963
80960
80938
80937
80931
80926
80902
80893
80892
80891
80876
80861
80830
80822
80803
80788
80787
80775
80774
80771
80761
80759
80739
80735
80725
80721
80703
80671
80662
80652
80634
80612
80611
80597
80595
80585
80583
80559
80528
80515
80509
80505
80488
80457
80454
80451
80437
80434
80402
80396
80387
80382
80376
80371
80366
80366
80359
80358
80338
80337
80321
80319
80309
80275
80271
80267
80265
80263
80261
80259
80254
80218
80217
80216
80205
80204
80180
80171
80165
80165
80127
80119
80117
80116
80115
80112
80109
80093
80087
80081
80074
80045
80035
80031
80024
80017
80011
80010
79999
79992
79988
79972
79960
79949
79947
79927
79913
79908
79899
79888
79842
79841
79836
79828
79826
79813
79812
79795
79793
79785
79773
79767
79763
79744
79733
79726
79720
79711
79704
79698
79696
79634
79624
79619
79612
79592
79590
79581
79574
79568
79566
79565
79560
79544
79541
79531
79522
79516
79514
79483
79445
79445
79424
79395
79387
79379
79376
79376
79365
79354
79352
79319
79314
79309
79308
79296
79273
79269
79260
79250
79233
79228
79199
79197
79195
79178
79174
79170
79152
79122
79121
79119
79117
79111
79109
79094
79091
79063
79042
79029
79005
78962
78921
78901
78897
78884
78880
78872
78864
78864
78843
78841
78834
78832
78815
78793
78786
78781
78780
78778
78771
78751
78750
78747
78733
78730
78728
78721
78715
78711
78687
78680
78679
78673
78667
78657
78635
78634
78630
78613
78612
78611
78610
78607
78580
78576
78548
78531
78528
78525
78502
78473
78471
78466
78462
78441
78426
78422
78412
78409
78393
78385
78381
78381
78369
78365
78351
78338
78338
78337
78317
78311
78310
78300
78294
78291
78290
78274
78260
78254
78234
78232
78207
78204
78198
78179
78169
78169
78167
78161
78148
78147
78146
78145
78136
78134
78131
78122
78115
78103
78098
78097
78093
78071
78070
78047
78043
78038
78035
78032
78010
77993
77977
77962
77954
77918
77910
77880
77878
77876
77874
77865
77858
77857
77849
77844
77840
77840
77818
77802
77800
77781
77768
77761
77749
77737
77721
77720
77718
77713
77692
77683
77664
77643
77634
77633
77609
77609
77587
77584
77577
77568
77555
77551
77501
77497
77480
77468
77459
77447
77438
77425
77425
77423
77416
77396
77396
77383
77381
77361
77349
77348
77311
77309
77306
77301
77300
77262
77259
77229
77212
77210
77177
77148
77147
77146
77128
77125
77117
77117
77108
77105
77082
77080
77072
77055
77045
77036
77032
77032
77023
77023
77013
76990
76986
76945
76938
76931
76921
76914
76884
76843
76840
76831
76826
76821
76818
76817
76816
76792
76788
76777
76776
76769
76755
76727
76716
76713
76713
76672
76668
76665
76663
76656
76641
76626
76623
76619
76610
76608
76593
76591
76591
76582
76564
76541
76532
76531
76531
76528
76500
76493
76492
76492
76488
76465
76451
76449
76442
76432
76419
76407
76403
76394
76371
76368
76352
76350
76349
76331
76325
76309
76307
76289
76289
76287
76282
76271
76239
76237
76235
76235
76228
76227
76211
76208
76206
76194
76194
76182
76175
76149
76138
76137
76131
76124
76120
76119
76115
76107
76102
76093
76090
76083
76055
76048
76046
76027
76025
76024
76013
76005
75987
75985
75982
75970
75962
75933
75920
75920
75907
75890
75878
75877
75872
75870
75869
75838
75834
75826
75826
75823
75812
75808
75807
75791
75785
75780
75780
75773
75749
75740
75735
75711
75709
75687
75670
75666
75656
75654
75633
75631
75627
75612
75604
75591
75590
75578
75561
75550
75549
75542
75534
75531
75527
75519
75500
75488
75483
75469
75469
75462
75455
75449
75441
75433
75417
75408
75407
75324
75313
75305
75301
75291
75290
75261
75261
75257
75251
75248
75215
75203
75200
75193
75156
75136
75104
75095
75085
75083
75071
75060
75018
75014
75002
75001
74996
74984
74978
74976
74954
74951
74937
74933
74921
74892
74881
74873
74860
74850
74824
74818
74812
74802
74802
74796
74792
74778
74777
74773
74771
74769
74767
74766
74762
74753
74734
74728
74725
74712
74677
74653
74649
74642
74631
74624
74622
74605
74583
74581
74571
74553
74548
74546
74542
74527
74527
74521
74519
74515
74489
74488
74467
74462
74448
74424
74420
74414
74401
74401
74361
74349
74340
74333
74309
74290
74263
74254
74230
74222
74212
74210
74204
74203
74194
74177
74161
74155
74150
74149
74118
74118
74115
74104
74103
74102
74092
74089
74057
74050
74006
73983
73978
73957
73948
73939
73931
73928
73910
73897
73891
73871
73870
73853
73807
73800
73766
73748
73732
73704
73703
73689
73673
73662
73657
73656
73655
73621
73609
73599
73588
73551
73546
73535
73511
73510
73505
73505
73503
73499
73484
73465
73457
73454
73453
73453
73437
73437
73409
73399
73398
73395
73386
73383
73381
73378
73374
73347
73345
73342
73331
73330
73325
73317
73317
73311
73292
73278
73273
73266
73245
73235
73226
73212
73210
73209
73209
73199
73180
73169
73158
73143
73138
73135
73125
73110
73109
73106
73091
73069
73045
73032
73031
73030
73018
73003
72998
72994
72979
72972
72969
72961
72929
72923
72922
72899
72887
72884
72860
72855
72844
72840
72833
72826
72824
72822
72813
72794
72782
72779
72776
72771
72765
72758
72753
72733
72720
72711
72692
72674
72665
72661
72652
72645
72645
72642
72621
72611
72602
72595
72591
72557
72547
72540
72537
72534
72530
72525
72525
72513
72501
72488
72480
72463
72453
72438
72433
72414
72403
72401
72398
72398
72382
72369
72365
72362
72360
72354
72353
72341
72340
72327
72319
72284
72280
72251
72248
72242
72234
72230
72226
72219
72208
72198
72195
72188
72183
72179
72169
72167
72157
72155
72152
72151
72149
72142
72138
72137
72116
72095
72079
72064
72052
72046
72042
72038
72026
72024
72010
72006
72004
72001
71982
71972
71968
71967
71956
71945
71931
71901
71885
71876
71873
71873
71866
71828
71807
71801
71761
71760
71760
71745
71733
71728
71719
71718
71711
71671
71669
71651
71644
71640
71639
71630
71626
71618
71611
71610
71609
71582
71581
71575
71553
71549
71549
71538
71507
71488
71486
71478
71465
71463
71452
71437
71418
71408
71403
71399
71390
71387
71368
71353
71341
71336
71319
71277
71268
71266
71249
71238
71218
71209
71206
71204
71193
71189
71178
71173
71170
71165
71159
71153
71151
71143
71143
71130
71103
71096
71095
71074
71071
71062
71033
71029
71024
71021
71004
70991
70986
70978
70970
70945
70942
70931
70919
70912
70911
70911
70901
70895
70891
70884
70870
70868
70862
70861
70852
70842
70836
70833
70831
70827
70827
70810
70805
70802
70784
70781
70771
70764
70753
70722
70720
70720
70696
70689
70668
70664
70662
70649
70642
70623
70603
70597
70596
70596
70574
70556
70555
70537
70529
70518
70517
70513
70511
70511
70510
70486
70478
70473
70470
70463
70453
70453
70451
70446
70434
70426
70420
70404
70376
70362
70345
70343
70332
70309
70303
70283
70272
70248
70246
70239
70195
70193
70177
70172
70171
70170
70153
70111
70100
70096
70094
70080
70076
70073
70062
70051
70051
70049
70044
70042
70031
70019
70011
69995
69979
69957
69935
69909
69899
69876
69872
69870
69866
69846
69842
69833
69831
69792
69785
69784
69783
69769
69759
69757
69745
69737
69718
69716
69713
69701
69684
69681
69667
69625
69605
69593
69591
69588
69583
69576
69569
69567
69559
69535
69535
69534
69532
69529
69522
69512
69511
69499
69491
69483
69466
69456
69423
69415
69376
69373
69372
69359
69359
69353
69351
69333
69320
69299
69299
69286
69265
69263
69235
69226
69224
69221
69210
69205
69203
69191
69187
69181
69171
69162
69151
69151
69137
69131
69128
69124
69122
69120
69111
69110
69084
69071
69071
69060
69053
69022
69014
69013
69010
69004
68972
68969
68923
68909
68878
68877
68876
68859
68845
68841
68820
68788
68787
68783
68781
68771
68766
68762
68759
68744
68740
68734
68681
68679
68667
68664
68664
68661
68652
68647
68636
68633
68615
68589
68580
68576
68571
68571
68553
68543
68529
68523
68512
68511
68504
68494
68489
68480
68471
68467
68450
68447
68440
68436
68419
68410
68408
68391
68390
68384
68374
68347
68330
68318
68312
68309
68291
68290
68286
68285
68284
68273
68271
68254
68251
68243
68228
68226
68226
68215
68215
68173
68164
68163
68149
68147
68136
68135
68105
68095
68089
68087
68066
68057
68052
68027
68024
68024
68003
68003
68001
67999
67984
67967
67939
67933
67931
67923
67907
67907
67887
67865
67860
67849
67849
67836
67817
67817
67817
67814
67804
67795
67769
67763
67750
67738
67730
67728
67726
67703
67696
67686
67666
67646
67635
67634
67610
67601
67597
67594
67592
67589
67568
67555
67539
67529
67523
67513
67492
67488
67474
67436
67428
67414
67414
67404
67401
67400
67398
67396
67394
67394
67390
67376
67373
67368
67366
67365
67363
67361
67352
67351
67347
67343
67336
67314
67309
67307
67298
67297
67292
67289
67288
67270
67258
67257
67254
67249
67233
67231
67222
67206
67204
67187
67185
67176
67148
67140
67094
67084
67079
67056
67056
67053
67025
67024
67020
67017
66994
66981
66961
66960
66957
66943
66941
66904
66894
66880
66867
66864
66862
66841
66837
66801
66797
66793
66791
66781
66781
66770
66751
66751
66740
66739
66703
66702
66699
66698
66666
66661
66631
66624
66607
66593
66589
66586
66558
66555
66545
66520
66515
66486
66441
66415
66393
66391
66387
66375
66373
66360
66354
66345
66336
66316
66315
66314
66312
66309
66304
66299
66282
66247
66236
66224
66216
66198
66169
66164
66161
66158
66150
66148
66147
66143
66124
66112
66108
66084
66058
66030
66027
66014
66000
65999
65994
65984
65979
65978
65967
65965
65948
65943
65942
65942
65930
65899
65881
65869
65861
65855
65853
65853
65830
65817
65815
65806
65781
65770
65747
65722
65717
65717
65703
65703
65697
65691
65684
65681
65677
65674
65659
65642
65634
65607
65603
65586
65577
65567
65546
65542
65529
65525
65518
65517
65484
65481
65461
65455
65441
65433
65432
65424
65416
65411
65398
65398
65386
65374
65372
65358
65357
65354
65350
65346
65333
65328
65312
65302
65279
65267
65252
65247
65235
65229
65213
65212
65206
65177
65166
65159
65156
65151
65147
65140
65121
65120
65112
65087
65076
65069
65052
65030
65028
65027
65016
64988
64963
64957
64948
64943
64928
64917
64884
64874
64870
64865
64862
64852
64842
64834
64830
64807
64756
64754
64750
64744
64733
64731
64703
64696
64694
64681
64678
64671
64671
64655
64654
64651
64643
64631
64614
64606
64604
64602
64593
64574
64560
64546
64543
64537
64531
64527
64500
64480
64465
64453
64447
64442
64436
64435
64427
64414
64413
64406
64404
64399
64397
64396
64395
64384
64384
64383
64374
64337
64333
64330
64329
64328
64322
64321
64308
64302
64302
64294
64283
64262
64258
64257
64256
64240
64233
64229
64220
64219
64214
64206
64205
64193
64191
64184
64167
64164
64158
64156
64154
64145
64126
64078
64071
64065
64041
64032
64028
64027
64012
63985
63982
63971
63959
63941
63922
63915
63903
63901
63894
63889
63886
63886
63883
63854
63853
63852
63845
63817
63797
63788
63786
63774
63766
63766
63765
63764
63757
63734
63732
63725
63719
63717
63699
63696
63671
63658
63646
63630
63625
63589
63586
63579
63569
63567
63560
63552
63551
63543
63535
63531
63526
63523
63520
63511
63455
63444
63433
63431
63420
63416
63408
63402
63394
63391
63388
63382
63376
63358
63356
63352
63311
63310
63309
63298
63297
63292
63280
63275
63271
63256
63256
63247
63233
63222
63202
63200
63196
63187
63170
63170
63152
63132
63130
63117
63082
63073
63058
63054
63048
63018
63002
62990
62976
62966
62956
62953
62942
62925
62906
62901
62885
62882
62835
62823
62816
62796
62788
62788
62785
62782
62778
62770
62769
62763
62759
62751
62745
62741
62734
62723
62703
62693
62684
62679
62670
62650
62636
62632
62622
62618
62590
62581
62579
62575
62573
62567
62562
62540
62528
62526
62521
62519
62513
62490
62490
62473
62461
62450
62450
62424
62414
62407
62403
62402
62386
62383
62374
62372
62371
62370
62367
62364
62361
62349
62345
62323
62309
62307
62299
62291
62282
62276
62275
62272
62268
62257
62253
62244
62243
62226
62216
62212
62184
62182
62181
62179
62168
62156
62152
62142
62137
62123
62121
62119
62117
62108
62075
62065
62062
62043
62038
62035
62028
62024
62001
62001
61996
61990
61982
61970
61966
61948
61916
61916
61875
61869
61865
61842
61822
61802
61796
61787
61752
61750
61748
61727
61710
61699
61667
61658
61648
61632
61619
61615
61611
61608
61601
61592
61585
61582
61573
61570
61566
61566
61551
61540
61500
61490
61473
61461
61431
61408
61404
61400
61387
61386
61385
61379
61371
61367
61351
61322
61321
61304
61293
61289
61273
61270
61257
61257
61213
61196
61193
61191
61177
61147
61144
61141
61138
61135
61132
61129
61127
61116
61104
61101
61077
61070
61064
61053
61049
61047
61012
61004
60996
60978
60974
60973
60970
60965
60963
60943
60942
60942
60932
60913
60909
60891
60882
60874
60855
60837
60829
60813
60788
60775
60740
60721
60715
60706
60705
60704
60701
60695
60694
60690
60678
60665
60654
60619
60612
60611
60606
60604
60601
60599
60599
60568
60555
60547
60541
60540
60537
60535
60534
60519
60514
60505
60498
60486
60445
60444
60429
60421
60413
60410
60410
60407
60397
60389
60383
60379
60378
60377
60367
60361
60350
60343
60335
60309
60288
60269
60263
60261
60231
60228
60227
60226
60221
60209
60207
60205
60186
60170
60167
60162
60158
60145
60131
60110
60104
60100
60077
60066
60063
60061
60061
60054
60042
60022
60019
60015
60009
59991
59990
59986
59972
59971
59940
59931
59920
59911
59897
59897
59891
59871
59870
59860
59854
59850
59846
59846
59803
59799
59772
59768
59768
59755
59755
59736
59722
59715
59697
59692
59681
59656
59649
59648
59646
59608
59605
59590
59586
59585
59577
59575
59554
59538
59522
59518
59509
59505
59478
59475
59474
59460
59456
59452
59445
59438
59417
59389
59381
59344
59338
59333
59332
59332
59329
59328
59301
59301
59297
59297
59286
59284
59279
59261
59253
59223
59202
59202
59197
59188
59175
59172
59147
59118
59112
59094
59050
59049
59048
59028
59019
59001
58985
58975
58975
58967
58959
58954
58954
58939
58922
58909
58904
58899
58883
58883
58867
58858
58846
58835
58833
58828
58779
58777
58770
58766
58750
58748
58741
58734
58714
58705
58705
58703
58691
58685
58676
58663
58654
58648
58643
58631
58626
58621
58609
58606
58602
58597
58588
58554
58552
58552
58546
58498
58480
58473
58469
58463
58455
58452
58448
58440
58386
58386
58385
58379
58371
58364
58360
58336
58327
58317
58312
58306
58295
58274
58265
58246
58232
58231
58216
58192
58181
58170
58165
58161
58150
58145
58102
58091
58063
58061
58024
58022
58012
58003
57991
57990
57957
57954
57947
57940
57934
57932
57926
57914
57889
57876
57866
57845
57828
57818
57813
57795
57783
57768
57757
57741
57737
57731
57726
57721
57721
57710
57708
57693
57691
57690
57672
57647
57625
57617
57615
57589
57584
57578
57577
57574
57567
57558
57523
57520
57491
57487
57486
57474
57455
57454
57445
57445
57440
57438
57429
57422
57415
57410
57407
57392
57391
57388
57374
57360
57336
57322
57311
57299
57289
57285
57284
57257
57248
57246
57243
57231
57218
57200
57190
57174
57143
57122
57105
57095
57091
57083
57051
57039
57037
57018
56988
56983
56969
56966
56956
56950
56949
56942
56935
56934
56931
56925
56924
56920
56917
56872
56865
56864
56860
56843
56841
56825
56813
56797
56786
56776
56763
56756
56743
56737
56725
56712
56694
56662
56652
56648
56641
56640
56640
56631
56626
56616
56606
56592
56588
56588
56570
56554
56542
56518
56511
56505
56503
56494
56485
56484
56481
56475
56474
56471
56457
56454
56431
56410
56396
56380
56368
56366
56363
56362
56358
56357
56345
56333
56325
56300
56298
56282
56280
56265
56256
56255
56251
56247
56242
56216
56216
56202
56195
56177
56154
56106
56100
56096
56078
56078
56073
56070
56068
56061
56057
56033
56024
56022
56021
56019
56017
55984
55977
55975
55966
55958
55954
55951
55949
55947
55945
55940
55914
55913
55897
55884
55883
55879
55872
55856
55851
55851
55850
55843
55825
55825
55803
55798
55793
55782
55780
55777
55729
55697
55692
55667
55665
55663
55652
55648
55646
55642
55638
55630
55624
55614
55602
55587
55560
55548
55524
55518
55505
55502
55499
55494
55493
55481
55461
55443
55439
55415
55412
55407
55400
55344
55343
55340
55339
55335
55332
55323
55323
55312
55308
55299
55291
55290
55286
55281
55279
55272
55268
55261
55258
55256
55239
55237
55217
55215
55198
55196
55191
55163
55154
55153
55152
55150
55143
55135
55130
55127
55127
55122
55118
55112
55098
55097
55083
55079
55067
55055
55052
55043
55032
55032
55013
55012
55010
55005
54994
54991
54989
54977
54956
54944
54934
54925
54923
54886
54873
54865
54855
54849
54847
54845
54827
54811
54789
54775
54769
54767
54752
54745
54743
54740
54730
54714
54705
54702
54695
54694
54689
54675
54670
54666
54625
54624
54618
54611
54611
54606
54604
54599
54597
54576
54561
54557
54537
54525
54515
54493
54481
54478
54474
54469
54461
54461
54455
54446
54437
54437
54376
54368
54358
54343
54333
54306
54293
54279
54269
54240
54239
54234
54230
54223
54222
54222
54216
54208
54205
54198
54192
54192
54186
54169
54160
54160
54159
54154
54149
54133
54119
54119
54117
54112
54098
54097
54078
54071
54051
54048
54036
54019
54011
54006
54000
53999
53984
53976
53976
53975
53967
53935
53927
53909
53897
53894
53889
53885
53882
53881
53874
53873
53869
53864
53859
53847
53846
53811
53809
53809
53807
53806
53787
53784
53783
53780
53772
53768
53765
53749
53749
53721
53720
53695
53682
53680
53649
53642
53621
53615
53592
53581
53576
53555
53555
53550
53537
53524
53453
53452
53443
53438
53432
53430
53423
53405
53393
53383
53381
53381
53380
53361
53358
53338
53314
53308
53302
53290
53289
53287
53279
53274
53250
53229
53209
53188
53162
53152
53143
53129
53129
53123
53121
53116
53094
53091
53086
53082
53064
53043
53042
53039
53021
53016
52988
52988
52981
52978
52939
52937
52923
52919
52915
52895
52890
52881
52867
52854
52851
52820
52816
52813
52790
52787
52778
52767
52765
52756
52750
52735
52725
52722
52721
52711
52695
52670
52667
52659
52657
52656
52632
52625
52620
52614
52610
52602
52579
52576
52570
52556
52550
52548
52536
52536
52505
52502
52501
52488
52480
52480
52471
52435
52420
52388
52384
52375
52368
52358
52339
52330
52320
52317
52291
52275
52250
52227
52190
52185
52183
52177
52177
52172
52171
52157
52149
52123
52122
52118
52110
52109
52073
52071
52042
52013
51999
51998
51994
51985
51965
51958
51952
51949
51946
51932
51928
51911
51904
51902
51889
51889
51884
51880
51880
51868
51862
51856
51855
51853
51847
51830
51826
51808
51804
51797
51788
51781
51779
51765
51760
51753
51745
51745
51736
51732
51724
51720
51720
51718
51716
51701
51694
51685
51658
51641
51637
51633
51626
51608
51600
51588
51585
51581
51577
51571
51564
51562
51560
51555
51508
51483
51437
51424
51421
51420
51407
51402
51398
51391
51387
51378
51364
51349
51338
51326
51325
51317
51299
51288
51261
51259
51217
51211
51208
51203
51193
51166
51150
51148
51143
51140
51140
51140
51136
51113
51108
51085
51063
51060
51059
51035
51028
51026
51012
50996
50986
50975
50973
50967
50960
50952
50944
50942
50938
50930
50926
50925
50913
50911
50908
50887
50883
50873
50867
50856
50842
50832
50818
50816
50798
50797
50797
50795
50789
50781
50773
50765
50756
50741
50735
50730
50703
50691
50687
50677
50668
50652
50636
50622
50607
50603
50590
50587
50587
50555
50544
50535
50524
50521
50517
50515
50509
50495
50481
50479
50477
50475
50475
50469
50466
50456
50456
50453
50442
50441
50435
50433
50411
50395
50386
50382
50380
50378
50373
50361
50350
50348
50338
50324
50314
50301
50285
50285
50277
50272
50271
50266
50253
50247
50247
50246
50240
50234
50232
50220
50204
50192
50183
50178
50163
50149
50139
50123
50118
50116
50096
50074
50054
50044
50035
50018
50000
49992
49992
49956
49954
49935
49925
49903
49901
49897
49896
49882
49866
49862
49861
49859
49847
49843
49839
49836
49832
49815
49813
49771
49768
49764
49756
49749
49747
49746
49716
49712
49708
49706
49684
49668
49650
49648
49642
49630
49623
49583
49556
49554
49540
49507
49497
49444
49436
49412
49391
49386
49345
49343
49332
49327
49325
49323
49321
49315
49284
49266
49252
49230
49228
49214
49210
49168
49167
49141
49127
49114
49104
49101
49097
49095
49091
49090
49083
49059
49057
49031
49024
49021
49020
49005
48963
48959
48946
48934
48908
48903
48902
48894
48886
48880
48879
48872
48866
48856
48842
48829
48821
48810
48792
48789
48785
48781
48778
48752
48717
48711
48690
48684
48674
48672
48649
48633
48629
48614
48595
48593
48593
48586
48581
48571
48570
48561
48558
48557
48550
48539
48534
48530
48529
48523
48505
48503
48487
48482
48473
48460
48454
48453
48449
48447
48434
48424
48418
48384
48374
48372
48356
48356
48336
48332
48316
48315
48297
48295
48287
48266
48260
48256
48231
48228
48203
48181
48180
48178
48177
48176
48175
48164
48156
48153
48144
48141
48141
48140
48131
48126
48122
48120
48117
48099
48095
48092
48084
48084
48058
48043
48039
48037
48036
48025
48020
48005
47987
47969
47969
47946
47901
47880
47877
47874
47872
47868
47863
47863
47838
47824
47784
47782
47777
47769
47755
47746
47746
47744
47735
47715
47707
47699
47698
47692
47688
47683
47680
47676
47622
47605
47604
47601
47592
47589
47584
47573
47567
47566
47519
47517
47502
47502
47500
47492
47488
47478
47470
47455
47449
47431
47427
47420
47407
47400
47398
47398
47381
47373
47368
47351
47341
47336
47331
47328
47326
47288
47273
47272
47271
47257
47256
47250
47240
47224
47212
47194
47183
47181
47177
47155
47129
47123
47114
47096
47082
47064
47054
47052
47047
47035
47031
47011
46997
46996
46991
46986
46980
46975
46934
46920
46918
46902
46891
46889
46872
46863
46860
46858
46857
46849
46836
46830
46830
46829
46801
46784
46764
46751
46746
46730
46718
46716
46704
46703
46692
46684
46654
46644
46582
46581
46578
46545
46545
46534
46519
46513
46498
46439
46427
46416
46405
46398
46368
46355
46338
46305
46304
46299
46292
46291
46289
46277
46248
46246
46236
46224
46221
46199
46185
46174
46158
46152
46151
46143
46141
46138
46135
46134
46116
46111
46089
46080
46070
46039
46033
46028
46013
45983
45981
45974
45953
45951
45941
45938
45936
45933
45917
45913
45870
45870
45869
45868
45861
45855
45851
45839
45837
45832
45828
45802
45797
45770
45762
45759
45748
45737
45734
45727
45721
45703
45694
45687
45686
45671
45660
45654
45645
45644
45639
45637
45632
45628
45603
45574
45563
45551
45537
45534
45526
45512
45510
45494
45488
45487
45469
45465
45464
45449
45442
45439
45432
45425
45419
45407
45389
45385
45374
45369
45345
45324
45316
45281
45280
45253
45242
45225
45180
45178
45177
45176
45124
45114
45092
45053
45050
45049
45043
45042
45028
45027
44991
44978
44973
44946
44942
44930
44929
44921
44909
44904
44895
44893
44881
44864
44852
44839
44834
44818
44811
44801
44794
44788
44782
44779
44766
44764
44753
44738
44735
44714
44690
44690
44678
44677
44677
44673
44673
44668
44655
44651
44645
44627
44619
44611
44595
44585
44584
44571
44560
44537
44501
44489
44481
44466
44464
44456
44423
44411
44409
44404
44402
44395
44377
44370
44370
44361
44348
44334
44318
44318
44305
44298
44288
44281
44278
44277
44251
44211
44210
44209
44209
44206
44161
44156
44146
44143
44132
44125
44124
44124
44117
44109
44105
44105
44096
44087
44086
44083
44082
44063
44047
44042
44040
44018
44008
43996
43995
43993
43984
43984
43965
43962
43947
43935
43926
43870
43857
43852
43841
43830
43799
43790
43783
43780
43763
43756
43754
43748
43742
43739
43739
43730
43716
43711
43706
43703
43676
43674
43653
43633
43624
43623
43606
43594
43587
43586
43582
43564
43564
43561
43549
43542
43538
43528
43513
43510
43502
43499
43485
43474
43470
43463
43463
43461
43452
43445
43424
43421
43405
43378
43374
43366
43365
43357
43350
43335
43317
43313
43292
43292
43284
43275
43262
43261
43241
43236
43229
43217
43211
43185
43185
43178
43176
43174
43170
43155
43138
43130
43115
43095
43079
43078
43076
43066
43059
43055
43037
43035
43031
43019
43018
43016
43016
43006
43001
42995
42992
42990
42974
42963
42955
42950
42919
42909
42900
42895
42887
42884
42867
42865
42857
42856
42806
42804
42802
42785
42771
42749
42740
42730
42726
42714
42704
42703
42702
42699
42690
42665
42660
42658
42651
42649
42644
42644
42633
42630
42627
42624
42615
42589
42587
42580
42580
42575
42566
42559
42553
42550
42544
42544
42532
42519
42509
42498
42483
42464
42447
42440
42437
42387
42356
42353
42330
42323
42310
42310
42289
42282
42275
42273
42269
42266
42219
42206
42162
42150
42146
42144
42122
42118
42113
42112
42089
42085
42079
42075
42066
42065
42064
42056
42048
42037
42034
42030
42028
42022
42015
42014
42010
42007
42006
42005
41973
41967
41959
41958
41958
41947
41931
41926
41925
41923
41910
41906
41891
41886
41878
41864
41845
41843
41834
41801
41786
41726
41720
41710
41707
41700
41681
41674
41659
41643
41615
41606
41589
41560
41556
41553
41546
41545
41541
41529
41529
41527
41515
41514
41511
41509
41507
41492
41489
41489
41475
41467
41466
41457
41429
41421
41392
41389
41386
41382
41375
41367
41345
41323
41302
41300
41256
41249
41247
41247
41245
41244
41234
41232
41231
41203
41196
41190
41168
41166
41165
41136
41129
41121
41076
41064
41046
41043
41030
41023
41020
41017
41003
40971
40961
40952
40948
40939
40932
40913
40908
40901
40899
40897
40892
40890
40888
40882
40882
40881
40874
40872
40866
40855
40843
40829
40782
40776
40759
40754
40750
40743
40724
40717
40712
40704
40676
40659
40634
40624
40612
40605
40582
40577
40551
40548
40513
40482
40481
40472
40466
40431
40423
40415
40404
40390
40380
40366
40340
40336
40296
40286
40278
40227
40150
40128
40106
40102
40075
40070
40055
40039
40038
40017
40016
40014
40006
40000
39995
39992
39977
39967
39967
39965
39959
39936
39923
39914
39908
39903
39883
39860
39850
39840
39824
39811
39808
39799
39797
39780
39770
39765
39756
39748
39732
39727
39705
39704
39700
39699
39693
39689
39689
39680
39668
39650
39647
39645
39645
39645
39643
39630
39620
39617
39611
39596
39582
39573
39566
39558
39551
39549
39545
39543
39536
39528
39496
39494
39485
39458
39456
39426
39421
39416
39413
39402
39358
39345
39331
39315
39306
39300
39296
39283
39282
39269
39267
39263
39258
39254
39221
39220
39219
39197
39192
39187
39162
39130
39124
39120
39111
39109
39068
39062
39057
39033
39024
39024
38972
38961
38958
38944
38935
38918
38904
38901
38897
38896
38889
38885
38879
38878
38875
38870
38846
38825
38821
38809
38797
38765
38758
38740
38739
38731
38720
38698
38692
38686
38677
38672
38665
38641
38636
38634
38629
38623
38609
38596
38580
38580
38544
38536
38526
38516
38468
38464
38455
38436
38426
38416
38402
38402
38389
38368
38367
38360
38359
38358
38354
38341
38336
38331
38329
38325
38325
38308
38300
38295
38289
38288
38281
38280
38249
38241
38237
38200
38187
38184
38151
38148
38127
38126
38117
38113
38094
38092
38085
38073
38069
38052
38042
38028
38026
37993
37992
37983
37982
37982
37971
37950
37943
37919
37908
37885
37859
37853
37849
37843
37842
37833
37832
37829
37819
37815
37805
37792
37792
37782
37781
37781
37778
37775
37752
37735
37727
37725
37719
37706
37702
37696
37685
37681
37662
37658
37649
37635
37633
37632
37628
37615
37613
37602
37600
37581
37563
37509
37501
37491
37479
37478
37475
37475
37465
37461
37456
37448
37447
37441
37423
37423
37402
37398
37362
37344
37299
37290
37276
37265
37264
37247
37228
37224
37210
37145
37137
37135
37133
37127
37126
37114
37112
37095
37093
37064
37064
37064
37060
37053
37012
37010
37002
37001
36990
36938
36936
36908
36904
36892
36891
36891
36888
36887
36857
36838
36809
36808
36799
36796
36780
36755
36754
36753
36750
36719
36699
36681
36661
36654
36645
36633
36604
36594
36590
36576
36556
36548
36523
36479
36476
36475
36466
36454
36443
36441
36439
36401
36395
36385
36378
36373
36369
36359
36345
36344
36328
36309
36292
36286
36276
36275
36261
36251
36245
36242
36221
36221
36220
36205
36202
36199
36184
36180
36174
36162
36125
36096
36089
36088
36087
36087
36084
36078
36074
36070
36064
36052
36045
36033
36027
36023
36009
36007
35996
35990
35978
35970
35964
35929
35920
35912
35909
35909
35905
35898
35897
35890
35878
35872
35866
35865
35863
35863
35848
35848
35837
35807
35796
35780
35774
35764
35749
35748
35741
35732
35718
35714
35711
35703
35674
35649
35647
35634
35634
35632
35625
35615
35614
35600
35585
35574
35572
35568
35555
35551
35515
35506
35502
35501
35501
35501
35495
35492
35489
35476
35473
35472
35472
35449
35441
35440
35430
35422
35420
35409
35390
35375
35374
35365
35359
35358
35347
35344
35333
35331
35322
35297
35277
35276
35264
35259
35244
35236
35222
35209
35208
35175
35172
35164
35154
35152
35145
35142
35105
35095
35087
35078
35066
35063
35054
35049
35041
35026
35003
35001
35000
34997
34995
34994
34987
34981
34977
34969
34952
34948
34925
34924
34915
34899
34868
34859
34840
34822
34816
34802
34789
34785
34781
34775
34770
34761
34759
34738
34705
34679
34677
34671
34665
34664
34641
34638
34617
34604
34604
34579
34563
34535
34527
34517
34516
34504
34495
34461
34422
34416
34404
34383
34381
34375
34369
34356
34352
34339
34329
34325
34324
34321
34320
34316
34310
34295
34276
34270
34254
34250
34236
34218
34210
34196
34184
34182
34177
34169
34144
34137
34132
34120
34119
34119
34118
34114
34110
34081
34074
34070
34063
34019
33998
33997
33982
33973
33963
33959
33953
33948
33901
33894
33871
33833
33814
33812
33809
33762
33749
33726
33723
33720
33699
33696
33692
33688
33679
33677
33648
33640
33639
33625
33618
33614
33612
33598
33569
33530
33525
33518
33506
33506
33498
33494
33488
33483
33477
33470
33466
33459
33442
33414
33399
33397
33394
33390
33390
33384
33382
33343
33343
33304
33297
33290
33276
33268
33260
33243
33240
33229
33223
33221
33219
33205
33196
33167
33162
33154
33141
33135
33131
33124
33101
33081
33055
33046
33033
33032
33030
33028
33024
33019
32999
32988
32982
32950
32946
32942
32936
32923
32882
32868
32847
32820
32818
32807
32803
32790
32778
32771
32766
32758
32757
32746
32744
32741
32720
32715
32699
32697
32695
32681
32675
32666
32662
32652
32633
32627
32624
32619
32617
32599
32591
32554
32543
32516
32504
32489
32484
32480
32459
32452
32414
32400
32385
32385
32379
32372
32363
32360
32338
32329
32319
32305
32295
32289
32275
32267
32245
32220
32215
32205
32200
32177
32177
32169
32167
32162
32162
32150
32146
32140
32136
32134
32134
32114
32113
32109
32107
32106
32096
32087
32086
32077
32071
32055
32040
32020
32019
32015
32015
32012
32005
31986
31984
31983
31968
31964
31930
31928
31893
31885
31875
31871
31822
31787
31753
31741
31717
31710
31693
31687
31669
31667
31653
31651
31649
31646
31643
31634
31632
31629
31593
31590
31581
31561
31557
31554
31541
31524
31522
31518
31517
31511
31511
31505
31464
31461
31440
31425
31420
31409
31405
31397
31379
31374
31360
31358
31354
31352
31339
31336
31335
31325
31323
31317
31316
31305
31300
31292
31287
31278
31276
31272
31260
31259
31235
31230
31223
31192
31183
31162
31150
31139
31123
31114
31107
31089
31086
31081
31064
31051
31048
31025
31003
31002
30997
30989
30956
30954
30935
30932
30922
30921
30913
30895
30884
30860
30852
30842
30839
30832
30824
30824
30816
30814
30803
30794
30773
30746
30736
30725
30724
30698
30687
30685
30676
30676
30662
30657
30645
30589
30578
30561
30541
30537
30531
30531
30494
30493
30491
30483
30481
30480
30475
30474
30466
30449
30446
30444
30427
30399
30397
30381
30365
30355
30346
30343
30318
30314
30285
30285
30284
30281
30273
30273
30261
30253
30250
30239
30227
30226
30207
30203
30202
30183
30182
30180
30167
30146
30142
30131
30113
30111
30105
30104
30092
30073
30072
30070
30062
30057
30053
30051
30034
30020
30014
30011
30004
30000
29982
29972
29972
29955
29948
29937
29922
29913
29912
29907
29902
29897
29886
29883
29881
29871
29856
29845
29845
29837
29827
29826
29823
29823
29810
29805
29803
29800
29795
29784
29776
29766
29765
29765
29752
29752
29742
29723
29714
29684
29683
29678
29671
29648
29619
29614
29570
29531
29526
29483
29470
29469
29467
29460
29456
29454
29447
29444
29441
29415
29414
29414
29412
29406
29405
29392
29386
29386
29361
29357
29344
29334
29311
29309
29304
29296
29294
29286
29269
29241
29225
29218
29202
29202
29200
29196
29181
29169
29168
29165
29137
29135
29135
29129
29125
29124
29123
29116
29109
29100
29085
29078
29072
29072
29070
29058
29055
29052
28997
28995
28987
28968
28955
28944
28941
28917
28916
28891
28889
28845
28835
28791
28787
28786
28779
28772
28767
28747
28742
28742
28729
28704
28693
28679
28671
28663
28642
28639
28636
28631
28623
28611
28606
28603
28602
28600
28592
28560
28554
28543
28534
28533
28523
28520
28516
28515
28507
28499
28495
28476
28476
28473
28471
28437
28415
28414
28394
28376
28352
28311
28308
28299
28290
28283
28270
28269
28259
28258
28251
28250
28245
28224
28221
28204
28145
28143
28140
28132
28131
28124
28121
28098
28094
28092
28079
28078
28076
28075
28073
28028
28014
28014
28011
28010
28009
27992
27991
27988
27978
27971
27954
27950
27944
27936
27935
27930
27926
27913
27908
27893
27880
27879
27874
27862
27848
27844
27842
27830
27827
27820
27813
27803
27797
27796
27789
27778
27766
27754
27740
27739
27735
27716
27707
27701
27695
27692
27684
27683
27676
27673
27664
27656
27656
27634
27623
27622
27610
27608
27606
27582
27575
27575
27558
27555
27538
27529
27527
27516
27512
27480
27479
27429
27427
27411
27400
27384
27384
27382
27348
27346
27344
27340
27334
27332
27329
27326
27325
27322
27307
27298
27296
27291
27286
27285
27282
27263
27262
27221
27219
27213
27208
27205
27199
27194
27178
27170
27156
27153
27151
27147
27145
27143
27140
27127
27122
27121
27114
27099
27098
27097
27093
27091
27087
27073
27044
27037
27031
27028
27017
27005
26994
26988
26979
26978
26976
26970
26955
26928
26916
26889
26851
26849
26799
26798
26739
26738
26731
26729
26723
26707
26703
26675
26665
26657
26640
26638
26634
26619
26613
26596
26596
26590
26590
26569
26566
26560
26549
26549
26522
26501
26468
26448
26448
26397
26396
26388
26379
26373
26369
26368
26366
26363
26355
26352
26346
26324
26319
26305
26293
26290
26279
26265
26216
26202
26184
26170
26169
26167
26158
26147
26139
26129
26128
26120
26108
26108
26096
26095
26071
26068
26045
26017
26016
26015
26015
26013
26013
25985
25971
25968
25934
25923
25917
25906
25889
25864
25853
25827
25823
25817
25810
25810
25800
25799
25799
25795
25795
25787
25786
25773
25766
25763
25760
25725
25723
25715
25710
25701
25696
25695
25682
25671
25668
25658
25656
25653
25644
25634
25622
25618
25606
25606
25594
25576
25576
25560
25547
25535
25535
25528
25508
25500
25498
25490
25485
25481
25479
25462
25457
25443
25424
25416
25413
25411
25409
25404
25396
25371
25364
25352
25338
25318
25294
25294
25264
25260
25247
25204
25196
25192
25180
25172
25170
25152
25142
25120
25112
25112
25101
25095
25094
25077
25061
25060
25055
25040
25029
25018
25011
24987
24984
24971
24964
24949
24922
24904
24887
24870
24864
24859
24846
24835
24818
24816
24806
24796
24795
24795
24770
24769
24759
24751
24748
24742
24737
24732
24724
24701
24696
24662
24653
24645
24644
24639
24633
24625
24623
24618
24615
24614
24612
24601
24584
24572
24571
24551
24534
24531
24516
24498
24491
24471
24471
24463
24456
24456
24439
24437
24435
24419
24414
24383
24348
24336
24329
24325
24318
24316
24305
24299
24294
24291
24268
24268
24257
24250
24249
24248
24247
24229
24192
24189
24178
24164
24163
24159
24158
24156
24156
24138
24131
24131
24128
24124
24119
24119
24117
24102
24092
24088
24082
24077
24061
24049
24045
24010
24002
24002
23972
23970
23966
23964
23908
23908
23898
23889
23887
23886
23863
23859
23850
23842
23840
23828
23826
23823
23823
23816
23812
23801
23800
23798
23791
23777
23729
23724
23723
23703
23701
23684
23675
23673
23668
23667
23657
23638
23636
23623
23618
23609
23593
23574
23558
23549
23545
23535
23535
23532
23525
23523
23520
23507
23507
23496
23495
23486
23464
23456
23421
23415
23402
23401
23384
23341
23324
23323
23320
23307
23301
23296
23296
23264
23262
23261
23256
23250
23235
23222
23220
23200
23194
23177
23177
23171
23161
23159
23156
23148
23147
23139
23128
23120
23118
23113
23112
23111
23105
23093
23084
23067
23037
23033
23027
23022
23022
23009
22994
22988
22984
22969
22956
22947
22945
22915
22912
22876
22872
22867
22849
22842
22832
22801
22798
22796
22771
22767
22753
22741
22722
22716
22714
22678
22669
22644
22638
22634
22624
22624
22623
22614
22600
22592
22576
22567
22542
22524
22519
22507
22507
22500
22499
22496
22465
22464
22459
22446
22425
22406
22389
22381
22377
22374
22373
22362
22355
22332
22330
22321
22320
22311
22310
22303
22294
22278
22272
22264
22203
22202
22195
22174
22159
22155
22143
22140
22136
22135
22128
22122
22111
22110
22105
22097
22084
22082
22081
22080
22069
22063
22055
22054
22052
22042
22039
22033
22031
22021
21997
21949
21939
21931
21926
21903
21895
21894
21892
21892
21883
21858
21855
21845
21836
21830
21829
21828
21826
21813
21813
21798
21797
21786
21761
21743
21743
21733
21718
21688
21675
21672
21654
21654
21652
21646
21628
21620
21612
21609
21602
21580
21580
21580
21575
21550
21533
21526
21514
21503
21503
21502
21493
21481
21476
21466
21463
21438
21433
21431
21430
21422
21417
21415
21411
21405
21400
21399
21390
21383
21382
21379
21377
21377
21368
21366
21366
21364
21361
21323
21322
21297
21297
21293
21279
21217
21217
21216
21203
21201
21201
21194
21192
21183
21167
21160
21151
21143
21140
21132
21119
21117
21115
21114
21092
21086
21039
21035
21032
20972
20956
20946
20944
20927
20922
20920
20887
20867
20858
20848
20838
20830
20829
20821
20815
20797
20797
20787
20783
20783
20769
20769
20767
20744
20734
20708
20683
20656
20648
20644
20634
20631
20614
20590
20584
20561
20560
20547
20528
20522
20520
20519
20509
20505
20505
20492
20472
20416
20406
20394
20391
20383
20375
20362
20359
20357
20354
20353
20350
20344
20341
20338
20334
20332
20327
20300
20292
20280
20266
20246
20243
20238
20238
20215
20192
20190
20190
20180
20164
20162
20156
20154
20150
20150
20139
20123
20094
20086
20078
20067
20051
20036
20032
20031
20027
20018
19981
19974
19970
19958
19951
19945
19942
19939
19919
19914
19913
19894
19868
19865
19839
19831
19821
19814
19797
19796
19791
19784
19781
19768
19737
19729
19713
19711
19685
19664
19659
19655
19644
19638
19619
19618
19598
19566
19553
19543
19539
19537
19523
19522
19515
19514
19512
19506
19505
19502
19497
19494
19468
19464
19462
19461
19451
19451
19446
19438
19435
19433
19402
19395
19385
19379
19371
19366
19365
19363
19362
19351
19343
19328
19324
19318
19303
19297
19296
19282
19272
19237
19235
19229
19207
19200
19189
19172
19167
19157
19151
19150
19143
19142
19119
19106
19073
19056
19037
19035
19034
19019
19019
19013
18977
18971
18963
18938
18928
18927
18919
18908
18896
18894
18892
18884
18881
18871
18858
18848
18823
18821
18816
18777
18772
18747
18745
18740
18731
18727
18720
18701
18694
18668
18666
18664
18642
18624
18621
18589
18588
18585
18576
18571
18555
18555
18543
18523
18521
18518
18510
18498
18496
18464
18459
18445
18440
18435
18432
18428
18427
18412
18374
18366
18360
18356
18338
18338
18335
18335
18326
18325
18267
18264
18259
18259
18252
18248
18240
18239
18237
18234
18198
18185
18133
18126
18123
18119
18115
18084
18066
18058
18020
18011
18004
17985
17985
17982
17964
17949
17948
17937
17934
17932
17929
17925
17904
17898
17885
17883
17867
17863
17812
17793
17781
17755
17755
17738
17707
17705
17697
17689
17687
17679
17645
17628
17618
17613
17612
17600
17599
17595
17589
17577
17576
17570
17570
17569
17550
17534
17531
17520
17511
17507
17506
17504
17502
17496
17486
17485
17470
17453
17448
17444
17438
17384
17380
17374
17362
17361
17353
17339
17332
17324
17311
17306
17301
17287
17268
17261
17225
17224
17221
17183
17133
17126
17116
17108
17105
17099
17080
17063
17061
17041
17022
17015
17010
17007
17001
16979
16967
16962
16955
16955
16897
16877
16877
16872
16869
16867
16857
16857
16843
16835
16831
16830
16827
16827
16825
16823
16820
16819
16814
16805
16804
16794
16781
16772
16742
16731
16724
16706
16705
16687
16677
16674
16663
16659
16656
16655
16651
16650
16641
16640
16626
16616
16615
16590
16568
16566
16566
16562
16553
16552
16550
16527
16514
16513
16506
16473
16471
16455
16453
16439
16435
16431
16416
16406
16405
16398
16386
16385
16383
16378
16378
16372
16357
16344
16344
16338
16258
16249
16248
16244
16244
16211
16204
16202
16186
16182
16154
16121
16099
16064
16064
16051
16029
16016
16009
15996
15993
15986
15984
15976
15969
15945
15938
15937
15935
15931
15924
15919
15913
15911
15899
15880
15873
15856
15849
15845
15841
15832
15818
15816
15804
15798
15777
15751
15742
15741
15729
15700
15692
15684
15683
15680
15678
15668
15663
15656
15613
15593
15577
15555
15535
15534
15530
15517
15513
15502
15498
15489
15469
15440
15412
15411
15410
15405
15374
15373
15354
15339
15322
15317
15306
15303
15300
15290
15284
15276
15260
15258
15214
15210
15210
15207
15193
15185
15183
15180
15171
15170
15170
15169
15164
15157
15154
15151
15144
15125
15106
15105
15091
15088
15080
15071
15061
15051
15046
15046
15008
14997
14964
14958
14945
14936
14918
14906
14901
14889
14873
14873
14851
14835
14835
14833
14804
14801
14800
14798
14797
14781
14781
14776
14776
14755
14754
14737
14734
14727
14718
14706
14704
14698
14695
14692
14690
14671
14655
14651
14648
14646
14625
14618
14612
14599
14599
14585
14582
14577
14571
14567
14561
14556
14552
14538
14531
14520
14509
14507
14501
14501
14487
14464
14459
14448
14442
14429
14429
14423
14409
14400
14394
14381
14365
14364
14356
14329
14323
14317
14313
14308
14305
14284
14284
14277
14272
14262
14261
14254
14242
14223
14213
14208
14193
14186
14186
14184
14169
14165
14135
14133
14126
14108
14093
14090
14087
14075
14072
14066
14051
14042
14032
14025
14015
13999
13975
13972
13968
13967
13965
13942
13937
13927
13918
13903
13899
13896
13889
13885
13875
13857
13853
13853
13850
13849
13837
13819
13743
13742
13740
13738
13736
13735
13734
13732
13727
13715
13710
13684
13681
13679
13677
13674
13664
13655
13604
13598
13574
13573
13551
13547
13544
13512
13509
13467
13465
13455
13450
13439
13433
13409
13405
13402
13399
13396
13374
13350
13348
13342
13338
13329
13329
13319
13306
13293
13281
13279
13273
13266
13265
13264
13261
13252
13247
13222
13220
13216
13209
13204
13178
13169
13168
13161
13152
13137
13135
13134
13133
13120
13110
13107
13102
13077
13075
13063
13060
13059
13052
13043
12976
12972
12955
12932
12924
12902
12898
12888
12878
12868
12865
12851
12842
12818
12815
12812
12808
12805
12804
12771
12771
12767
12750
12731
12728
12701
12676
12670
12605
12595
12574
12567
12560
12555
12549
12535
12499
12484
12469
12460
12453
12449
12421
12407
12393
12385
12374
12354
12349
12337
12330
12329
12327
12316
12311
12309
12278
12276
12275
12268
12262
12257
12255
12252
12233
12217
12203
12199
12181
12175
12168
12162
12118
12111
12103
12097
12093
12088
12072
12069
12047
12044
12022
11987
11983
11944
11929
11916
11905
11900
11883
11879
11858
11841
11839
11815
11815
11799
11783
11780
11778
11773
11772
11764
11745
11744
11736
11725
11716
11709
11703
11701
11693
11691
11689
11670
11656
11654
11650
11627
11611
11609
11602
11574
11552
11537
11534
11533
11521
11515
11505
11493
11481
11470
11468
11459
11454
11446
11433
11407
11380
11351
11346
11342
11335
11326
11315
11311
11298
11270
11268
11251
11249
11234
11226
11213
11200
11193
11193
11189
11185
11167
11159
11155
11144
11144
11134
11130
11124
11124
11122
11117
11112
11105
11074
11063
11058
11053
11047
11046
11036
11024
11015
11011
11009
11007
10984
10970
10966
10959
10944
10938
10935
10932
10931
10927
10905
10899
10883
10880
10875
10875
10873
10861
10848
10848
10838
10832
10814
10807
10795
10778
10770
10765
10765
10757
10747
10733
10710
10706
10703
10703
10685
10672
10655
10652
10644
10638
10624
10621
10619
10618
10612
10598
10593
10591
10588
10584
10568
10566
10549
10539
10520
10502
10487
10464
10458
10458
10454
10438
10433
10427
10420
10405
10397
10392
10384
10384
10382
10382
10375
10359
10351
10344
10340
10334
10334
10327
10327
10324
10323
10308
10307
10304
10296
10295
10287
10285
10242
10235
10219
10191
10174
10172
10168
10161
10152
10146
10136
10133
10106
10101
10096
10096
10082
10062
10059
10052
10027
10013
9990
9982
9972
9934
9908
9906
9899
9895
9884
9883
9877
9876
9875
9846
9844
9844
9843
9831
9814
9804
9800
9799
9777
9776
9776
9775
9763
9754
9740
9740
9723
9720
9714
9714
9712
9702
9679
9670
9651
9650
9650
9605
9581
9568
9567
9558
9558
9537
9534
9500
9494
9478
9458
9455
9420
9412
9392
9369
9360
9349
9334
9276
9260
9249
9241
9235
9227
9225
9222
9219
9217
9206
9200
9177
9175
9169
9167
9158
9144
9135
9125
9124
9118
9116
9106
9085
9084
9078
9076
9074
9073
9072
9069
9052
9047
9043
9038
9020
9019
9013
9003
8995
8976
8963
8935
8924
8896
8877
8864
8862
8849
8816
8814
8791
8784
8780
8772
8764
8763
8743
8717
8705
8686
8672
8667
8650
8636
8629
8624
8623
8622
8611
8604
8597
8558
8557
8554
8551
8529
8516
8504
8504
8494
8482
8470
8459
8449
8441
8431
8429
8419
8412
8398
8397
8392
8379
8370
8357
8343
8315
8310
8303
8285
8222
8219
8204
8191
8187
8176
8162
8153
8146
8141
8132
8130
8126
8119
8115
8103
8099
8078
8078
8072
8065
8064
8060
8023
8023
8021
8021
8016
8010
7998
7994
7990
7980
7980
7978
7974
7973
7961
7960
7959
7949
7949
7930
7906
7904
7886
7848
7830
7830
7822
7807
7806
7804
7794
7756
7748
7738
7734
7732
7731
7709
7702
7701
7697
7685
7681
7679
7679
7669
7668
7650
7649
7630
7595
7592
7581
7579
7576
7560
7557
7550
7530
7518
7505
7505
7490
7479
7469
7467
7431
7430
7424
7424
7413
7412
7409
7407
7386
7380
7379
7368
7356
7355
7349
7348
7343
7302
7295
7267
7258
7234
7228
7218
7218
7214
7186
7177
7166
7157
7143
7139
7138
7129
7116
7103
7099
7097
7084
7078
7059
7037
7037
7034
7008
7005
7003
6990
6967
6961
6924
6923
6893
6889
6884
6877
6872
6870
6869
6824
6817
6776
6775
6772
6772
6756
6750
6731
6728
6722
6709
6707
6701
6701
6676
6674
6665
6642
6638
6632
6619
6616
6603
6589
6584
6578
6559
6553
6546
6529
6529
6520
6518
6479
6471
6467
6460
6454
6453
6451
6445
6431
6414
6409
6398
6376
6374
6361
6347
6342
6341
6328
6326
6316
6310
6306
6295
6280
6279
6238
6237
6236
6230
6229
6228
6223
6214
6211
6186
6174
6162
6144
6143
6139
6133
6114
6104
6100
6098
6089
6089
6078
6073
6048
6043
6030
6017
6005
5995
5968
5960
5934
5925
5918
5917
5897
5894
5886
5881
5879
5874
5861
5857
5821
5821
5820
5819
5811
5803
5791
5784
5780
5771
5757
5738
5735
5723
5721
5720
5715
5707
5702
5683
5666
5660
5656
5649
5647
5640
5635
5619
5610
5603
5593
5574
5572
5564
5556
5556
5553
5546
5529
5498
5497
5493
5491
5464
5460
5457
5455
5446
5429
5422
5417
5392
5368
5367
5362
5326
5311
5310
5309
5307
5305
5300
5274
5261
5257
5253
5252
5235
5218
5217
5197
5193
5163
5160
5160
5157
5146
5139
5135
5132
5109
5102
5091
5084
5082
5082
5081
5061
5055
5044
5033
5019
5010
5003
4994
4989
4981
4961
4956
4955
4935
4910
4909
4906
4896
4892
4835
4823
4807
4805
4780
4776
4776
4768
4764
4748
4728
4712
4704
4699
4699
4689
4684
4669
4669
4660
4658
4657
4655
4613
4606
4577
4568
4562
4561
4559
4558
4543
4540
4535
4505
4473
4472
4468
4442
4422
4420
4418
4401
4391
4384
4363
4359
4352
4349
4346
4335
4332
4329
4328
4325
4324
4323
4314
4308
4274
4272
4271
4271
4270
4249
4249
4234
4230
4223
4222
4209
4207
4197
4191
4189
4177
4171
4170
4170
4162
4148
4145
4137
4119
4107
4065
4056
4054
4047
4024
4021
4014
4003
3975
3940
3928
3922
3914
3913
3907
3900
3877
3873
3846
3843
3840
3838
3838
3831
3830
3822
3822
3817
3815
3811
3799
3797
3796
3788
3777
3764
3762
3761
3760
3755
3754
3747
3742
3738
3731
3719
3715
3715
3702
3701
3700
3700
3698
3690
3684
3598
3562
3547
3529
3521
3495
3493
3488
3479
3474
3473
3453
3430
3400
3392
3386
3381
3371
3365
3357
3339
3312
3298
3287
3277
3272
3272
3266
3257
3254
3247
3235
3229
3218
3159
3147
3141
3138
3138
3130
3081
3067
3060
3055
3037
3026
3010
3005
3004
2970
2962
2952
2929
2927
2917
2898
2869
2867
2863
2849
2846
2841
2837
2836
2833
2831
2813
2804
2788
2784
2776
2760
2742
2732
2707
2687
2660
2660
2656
2653
2626
2616
2599
2589
2589
2567
2558
2552
2543
2541
2540
2537
2520
2517
2515
2503
2498
2487
2471
2469
2461
2442
2437
2436
2421
2409
2407
2361
2354
2353
2350
2349
2339
2335
2332
2303
2293
2286
2235
2234
2223
2213
2212
2193
2154
2131
2128
2109
2096
2094
2065
2032
2030
2028
2028
1999
1983
1955
1943
1910
1900
1898
1844
1838
1830
1815
1813
1806
1790
1768
1755
1753
1747
1727
1723
1675
1649
1609
1608
1605
1594
1593
1585
1550
1548
1539
1523
1488
1485
1475
1450
1445
1435
1432
1409
1408
1386
1379
1357
1345
1313
1303
1301
1298
1280
1262
1247
1245
1224
1223
1217
1210
1207
1185
1183
1180
1171
1164
1155
1154
1152
1151
1119
1106
1097
1088
1083
1066
1058
1036
1016
1015
1001
980
974
972
959
947
943
926
905
883
878
864
825
794
777
776
768
748
738
724
717
716
712
706
704
668
642
639
627
625
624
619
610
596
576
574
570
543
536
475
454
449
444
437
437
436
424
419
418
416
408
405
399
397
384
368
364
357
344
340
318
307
305
269
263
257
254
232
211
208
198
176
148
145
145
140
135
123
118
96
84
68
66
40
27
21
6
