99297
31045
97534
79505
51526
16204
26297
58348
35901
58874
11078
60613
11098
29222
66596
13481
38610
82748
22509
28198
72185
87917
11412
84803
96352
44746
57460
77863
25176
68091
34309
40825
15488
48196
20331
67014
64400
62980
25362
301
21854
52793
77266
49305
82015
60214
79138
36977
59314
18000
65176
31499
5917
92940
32655
2269
37687
6467
96484
62863
90910
30794
3689
6398
95342
24020
73413
59742
3352
15127
76395
25206
84272
53661
90863
66287
13876
86354
19617
73190
4354
84793
21042
26623
77733
70049
28892
15420
92868
25376
78284
83779
72522
98325
90177
67864
22345
79942
43958
25697
95070
20353
67255
79342
90367
74471
61982
20595
77177
81599
10137
81531
82744
31179
8154
60477
17580
53398
92250
10449
95126
86886
94228
84001
85211
84405
68217
23908
64348
12176
65957
75770
48881
49564
71464
55600
24035
49798
76195
17564
31397
86333
99095
30493
33864
23601
90971
51445
93351
83221
78246
88478
86459
72474
88831
71670
73231
57048
95578
37579
69224
61535
29701
34458
11099
1166
90058
51487
50964
82606
69051
98714
68939
84499
29207
19155
24452
36530
70600
17804
36103
48846
22634
22562
37672
27817
94232
10904
84865
89810
64835
70442
67697
94537
21252
78797
12055
11310
46636
63019
93916
15687
78085
79207
16538
7293
98363
57343
60175
85315
75147
96279
34162
14133
18841
88186
58302
29426
99090
43167
19236
80278
29961
3286
74815
51213
82083
86870
62524
45071
66241
72792
77110
44327
52000
93649
67972
50363
50992
28147
35678
42491
40778
86192
72976
59620
90731
31278
89046
89821
90797
24634
86451
20759
27920
61266
71972
26355
64488
50848
71426
47082
23641
48537
7761
91993
58538
75733
42356
25882
20232
94386
68373
77363
96931
57701
36983
87662
88979
42381
93835
96128
83367
80287
16887
27640
57905
88860
53995
22394
39708
41774
85828
79701
6663
93589
71694
65201
85674
30402
7435
22258
41141
75808
99621
54424
49861
52956
42086
38840
95337
52273
34968
95057
48912
68208
22697
6818
57068
93044
45564
13128
34818
31392
92830
57833
41333
80876
23034
27007
11279
30469
49265
68772
22629
48887
23196
72490
1843
81634
27682
13533
33907
79003
8590
99172
47211
31287
22342
20631
24331
84258
50111
75502
32002
59293
33335
73335
40170
72722
342
67801
19543
49607
36573
58525
14846
59769
31015
16690
41403
75050
30223
91662
70405
55165
90834
17616
2804
13176
54599
43487
97434
4710
18989
29436
64004
68677
19123
4174
41399
19465
71975
77294
85425
24900
35819
271
84669
83187
33313
42424
58237
79888
34086
28642
35053
41273
62610
37857
70801
17209
81345
84588
21919
16686
30376
85923
85363
49500
6449
43114
85317
94776
20409
70742
19676
56228
87366
20697
39415
20679
63121
14004
568
13560
58998
51973
71185
37960
6183
41986
55169
3880
26574
93441
20566
56951
95716
22282
22803
2166
65396
8120
96942
85805
78863
32971
58386
66229
53668
14153
3260
33142
44510
20180
63054
3508
72154
34239
41469
78337
76225
12990
82217
19152
6431
19135
92455
18500
41417
15258
20666
23166
39730
33960
8971
18593
83283
83709
1174
53304
97863
20787
86446
42373
40967
65852
62233
29473
91
20054
7810
92668
33045
6379
28172
55828
41867
20627
74328
99636
52237
11346
22802
91968
61659
48126
26913
44942
31835
44440
98246
29698
65227
1044
72071
22546
66896
50657
52020
66987
70711
59830
76008
20108
82562
4180
92289
40781
41160
82969
40417
93397
94316
63220
1717
55975
11346
28631
17269
43181
73071
15516
89232
54650
16560
77655
77196
83457
28312
29216
66796
99024
5399
42804
35484
4313
63337
27773
45094
4497
10743
1863
97894
21411
65083
99612
77386
92781
44595
11007
52315
34018
26523
57899
88668
59436
35554
82216
59245
80219
11433
42393
95595
33184
1550
31079
53849
64887
58853
98943
85736
85948
806
83630
7359
82242
99594
1097
91375
60541
12104
60042
94559
54980
17941
99579
14416
53496
81796
90013
33715
9581
32406
45662
59117
33956
76741
12966
15195
51946
28261
931
37894
45419
914
45253
27661
16860
46350
35389
93754
58455
95431
88313
13435
13373
4245
44203
83221
2393
34216
33288
28326
82974
78950
87443
33283
72043
16761
48478
23990
45022
65762
61884
90441
83028
7138
34455
99888
53488
86196
93642
28295
81627
98308
58082
11352
18905
2285
10925
21298
52853
44213
65976
35828
39515
69771
69111
11559
86532
33941
35549
47906
99703
13785
38347
82731
20923
89154
98972
90764
75350
92614
35411
73330
7274
93494
84682
42531
95779
95608
80181
48633
56173
46157
813
12041
15928
69924
39952
18812
3865
75501
66718
19921
5638
21418
2652
26562
26924
17976
33678
2275
10591
69089
91957
34217
62583
76639
76749
74715
88599
56930
39700
61125
19440
40513
73166
35368
26789
13118
70533
47006
4971
37251
66927
10609
75021
85932
53523
1946
3908
3553
20573
30851
72643
12530
81421
51578
5521
74522
26293
94121
31452
82345
71598
67244
22858
61116
18965
65999
90586
89498
13006
95557
43101
96285
22518
18123
98569
92394
36421
2478
95947
56994
49681
84942
85876
31102
36521
91397
21976
79166
1870
53429
61512
73468
37025
722
34584
55990
83074
41522
45488
12432
53431
88590
8717
92302
23065
7287
84696
59486
26117
96995
32832
92150
81938
18708
39605
34811
10105
61581
30329
28328
31362
91841
1796
68388
8916
52733
24378
91990
94255
86219
4422
47687
91161
29491
39989
14226
53130
41037
90064
79247
54384
22896
87750
36322
57956
27355
87485
84413
88936
17815
12741
20299
26008
30890
88687
51276
99975
29417
43266
94230
15636
64040
58269
6797
9884
14610
37375
63014
71999
27439
58614
26384
66687
46364
79058
24643
73719
82896
25409
79007
711
38150
99306
43071
69040
4345
94348
69015
50115
53966
79598
65751
18007
54219
88901
27891
85182
26276
90905
73533
70068
65871
99917
53107
12235
95328
94103
85954
78224
19512
64962
78935
57662
80620
38358
43055
1318
32706
28422
51433
86673
24372
17184
21032
94944
22437
48923
96478
65066
56180
70011
35134
22052
69929
4593
50639
65257
98696
52946
59833
18208
17908
55120
92223
14880
93478
51630
16198
26185
80052
67631
12858
20777
1168
50242
15721
23605
99165
28551
5023
71697
98562
56509
10101
68491
61103
77093
50100
59799
30039
26285
78008
47947
81405
70231
79179
74884
21861
95378
1069
18265
79361
30279
55394
80529
80521
87467
20487
96038
16018
25510
84087
14581
98372
10541
99424
59475
87634
65877
19274
17673
92162
13634
81972
73568
217
61151
48452
38430
56529
49521
73048
35891
96152
28442
32772
76673
15910
53259
89063
31928
95122
73150
62861
93494
83691
62286
69321
71325
28163
4947
88998
20325
34934
70970
93893
35151
48474
42345
89934
5003
8218
62982
57246
20722
7776
90019
97395
23686
59630
2810
71967
71104
75961
34828
80950
76004
13466
50271
47330
41629
55219
52680
78307
90153
40003
72200
41656
88477
30898
31590
9832
55468
10924
83431
76191
18701
89802
89938
42387
49432
92749
30706
36889
68710
81887
17839
44714
95353
68111
8396
36983
39682
77429
15290
29835
33784
3842
87843
22261
51092
19434
48445
6561
30358
48228
99104
49059
38030
89042
7799
3815
81791
54857
40704
66853
36744
58543
27920
32098
43006
52668
85433
82688
46449
17075
28875
80233
20917
16719
18846
72010
36153
67292
94923
82863
15520
94027
48275
69903
83069
72426
73718
81213
27283
30774
64418
80380
89317
8690
28830
32324
61359
30615
31364
7808
47690
60240
4394
84959
76959
23240
56969
29464
6884
68244
12327
38757
62271
76954
8660
61693
65732
98730
59258
9368
29504
23676
89748
35173
32367
34930
67497
10078
65545
98862
34238
13235
75454
54984
98194
52413
78225
71516
81877
85109
39760
10556
40218
2032
87511
65230
80077
53243
63960
39335
62611
93464
79363
68711
28638
28082
3641
12487
38160
69186
27701
88751
98773
3155
43735
96968
55568
38312
84836
53797
39774
24596
64354
79992
42980
68217
45223
39409
37812
25535
78744
16776
19000
58108
1839
63990
86190
5481
92829
40703
91019
20531
45806
6145
40038
5893
19465
11959
44206
4301
65756
332
45249
46462
80324
4582
31031
41899
43991
68844
67435
22736
1972
2787
97196
3811
83129
99738
25644
75958
40441
16664
12841
86247
22809
52880
8493
42274
64839
52699
62927
30595
53031
8176
93410
49707
12758
24441
7959
73102
9637
75394
12190
27961
94533
9386
31773
94014
9124
57417
69972
65918
90433
82814
68517
29594
52046
77010
88220
16885
46061
67499
63832
15444
75676
57242
65152
4786
98036
73111
94240
7673
64857
6430
35635
75742
32168
83760
69756
57645
57529
56080
23563
64315
38894
8432
93909
90940
1795
98482
24177
47856
65981
88010
63301
58009
61604
44805
79148
59640
34268
73388
83666
15477
96171
35653
91219
28339
19413
77327
85984
76942
33407
25899
41257
88654
50684
51519
95946
52479
66353
20124
16687
48686
8134
79988
23048
69738
41145
2196
45731
91765
91936
29397
7242
88107
65050
14813
32799
815
92140
18783
94109
41900
61035
51719
30554
11719
19590
26500
64198
85943
46624
80885
50981
71110
77226
74029
40849
34723
92577
2932
26489
866
32329
33731
88973
13731
48545
38124
14546
57037
56908
8655
98937
34295
60374
29491
46014
79964
72344
26564
82259
18968
7449
33241
90079
1027
23622
47280
35751
16200
50212
62240
17066
98893
12323
22391
28976
77220
76868
43522
34258
50128
68529
49547
84423
45256
95391
30437
41572
67735
57001
23832
3055
80802
73425
9486
81830
97047
56766
33933
29599
23330
96173
63017
38575
8496
89927
89926
89869
89869
89868
89866
89846
89842
89841
89835
89831
89831
89826
89820
89818
89810
89801
89796
89794
89785
89783
89778
89754
89752
89750
89749
89735
89732
89728
89725
89718
89708
89694
89693
89690
89681
89659
89659
89650
89650
89631
89629
89619
89608
89605
89602
89598
89594
89591
89589
89561
89551
89541
89540
89538
89531
89526
89526
89523
89504
89495
89494
89487
89483
89478
89478
89478
89478
89475
89475
89458
89452
89450
89437
89433
89429
89429
89425
89423
89416
89412
89407
89393
89388
89386
89379
89378
89376
89363
89363
89341
89319
89319
89317
89308
89304
89299
89299
89283
89268
89263
89262
89253
89249
89248
89233
89233
89221
89215
89210
89203
89194
89187
89186
89179
89172
89167
89161
89160
89160
89156
89152
89150
89141
89139
89137
89134
89121
89108
89090
89051
89042
89038
89030
89011
88992
88987
88985
88975
88967
88926
88917
88916
88912
88912
88911
88890
88884
88877
88874
88861
88854
88846
88843
88837
88832
88826
88821
88818
88796
88791
88789
88788
88788
88782
88778
88759
88756
88755
88748
88726
88719
88711
88707
88698
88697
88690
88685
88679
88678
88673
88641
88638
88638
88635
88627
88626
88601
88596
88595
88589
88586
88577
88575
88573
88573
88562
88561
88556
88551
88542
88540
88526
88523
88514
88502
88475
88468
88467
88466
88460
88459
88459
88434
88423
88422
88405
88404
88391
88383
88383
88361
88353
88352
88352
88351
88349
88344
88341
88340
88335
88320
88316
88312
88310
88308
88300
88300
88293
88284
88283
88278
88267
88266
88262
88260
88254
88253
88248
88247
88240
88238
88236
88228
88222
88219
88217
88217
88212
88210
88206
88205
88185
88178
88167
88152
88136
88134
88129
88127
88127
88125
88124
88119
88113
88109
88084
88081
88074
88073
88073
88071
88067
88059
88054
88053
88051
88038
88016
88010
88001
87993
87988
87987
87980
87976
87966
87951
87931
87927
87918
87916
87915
87907
87891
87880
87870
87869
87868
87863
87846
87841
87840
87838
87831
87822
87820
87816
87792
87790
87778
87774
87770
87767
87764
87754
87751
87750
87747
87739
87739
87738
87736
87735
87734
87726
87719
87717
87716
87709
87706
87698
87697
87695
87695
87692
87674
87647
87645
87640
87640
87639
87622
87604
87591
87560
87545
87534
87521
87512
87512
87506
87489
87483
87449
87440
87438
87437
87431
87430
87430
87403
87402
87399
87393
87390
87388
87385
87379
87376
87375
87374
87369
87364
87349
87342
87335
87335
87328
87323
87312
87291
87281
87276
87261
87252
87249
87247
87246
87227
87220
87215
87213
87193
87193
87187
87181
87179
87173
87172
87164
87161
87157
87145
87133
87130
87105
87103
87100
87097
87076
87067
87065
87063
87063
87059
87054
87052
87050
87047
87027
87012
87008
87005
87003
87002
86997
86995
86991
86985
86982
86980
86956
86952
86950
86929
86922
86910
86908
86889
86888
86884
86876
86874
86872
86871
86867
86862
86860
86854
86853
86849
86841
86836
86831
86830
86824
86812
86810
86801
86794
86788
86762
86749
86748
86747
86726
86723
86715
86714
86698
86684
86676
86674
86671
86670
86669
86668
86668
86660
86638
86630
86624
86623
86617
86614
86606
86598
86581
86578
86573
86571
86561
86545
86543
86535
86534
86505
86502
86496
86495
86489
86484
86484
86462
86451
86450
86450
86439
86438
86437
86434
86419
86413
86412
86410
86398
86394
86393
86363
86360
86357
86350
86343
86337
86330
86327
86326
86325
86324
86314
86313
86311
86301
86301
86288
86283
86268
86264
86260
86260
86256
86250
86243
86238
86236
86229
86229
86213
86210
86208
86206
86204
86189
86189
86184
86149
86147
86141
86140
86139
86135
86127
86107
86102
86096
86091
86085
86082
86056
86048
86040
86038
86018
86009
86006
85995
85988
85970
85963
85961
85954
85944
85943
85935
85934
85929
85922
85916
85914
85912
85911
85905
85904
85899
85871
85855
85850
85848
85828
85824
85799
85792
85790
85788
85785
85773
85768
85766
85755
85754
85746
85737
85731
85731
85698
85692
85686
85656
85653
85646
85644
85638
85637
85632
85626
85624
85621
85614
85609
85603
85601
85591
85578
85563
85560
85560
85559
85550
85547
85537
85509
85503
85501
85496
85483
85477
85473
85469
85465
85462
85460
85456
85456
85447
85431
85425
85423
85423
85415
85414
85413
85413
85410
85407
85401
85369
85367
85361
85346
85342
85334
85327
85320
85308
85299
85288
85278
85239
85214
85214
85212
85195
85186
85181
85176
85175
85170
85167
85158
85151
85142
85140
85140
85135
85130
85125
85122
85121
85120
85119
85115
85112
85105
85105
85103
85099
85097
85090
85090
85081
85059
85056
85051
85049
85049
85046
85044
85031
85004
84999
84997
84991
84989
84986
84983
84972
84970
84969
84931
84930
84913
84904
84897
84892
84883
84882
84868
84866
84860
84856
84855
84850
84841
84835
84832
84822
84821
84812
84808
84793
84788
84776
84774
84769
84766
84766
84764
84762
84758
84755
84737
84737
84715
84709
84703
84703
84692
84692
84692
84670
84670
84668
84664
84662
84659
84655
84648
84646
84637
84635
84626
84616
84594
84591
84591
84587
84585
84585
84583
84552
84551
84522
84514
84493
84491
84491
84490
84486
84484
84480
84473
84466
84456
84454
84448
84430
84424
84419
84416
84381
84380
84372
84370
84368
84367
84354
84347
84322
84317
84295
84291
84291
84287
84278
84273
84257
84255
84253
84252
84251
84243
84242
84238
84233
84233
84223
84223
84218
84213
84207
84204
84197
84192
84191
84187
84184
84174
84174
84163
84147
84146
84144
84143
84139
84136
84135
84129
84123
84121
84112
84091
84083
84082
84078
84063
84061
84061
84059
84052
84050
84043
84043
84039
84036
84026
84022
84018
84012
83994
83984
83978
83971
83957
83929
83928
83927
83901
83898
83893
83889
83888
83875
83875
83859
83857
83853
83850
83845
83840
83835
83834
83833
83828
83825
83820
83811
83797
83785
83769
83756
83748
83745
83737
83737
83730
83725
83718
83708
83698
83685
83683
83682
83679
83676
83655
83652
83645
83641
83633
83631
83625
83619
83618
83613
83611
83605
83604
83600
83598
83594
83593
83588
83580
83573
83569
83564
83562
83558
83548
83528
83523
83512
83506
83497
83496
83489
83485
83474
83467
83467
83462
83456
83442
83435
83431
83422
83421
83418
83416
83409
83401
83396
83392
83386
83380
83374
83365
83358
83353
83345
83344
83331
83329
83321
83302
83297
83295
83291
83287
83282
83263
83262
83254
83231
83224
83223
83218
83208
83206
83191
83190
83186
83174
83169
83155
83154
83154
83142
83140
83133
83121
83109
83097
83096
83087
83073
83069
83067
83043
83043
83027
83026
83021
83003
83003
82994
82987
82975
82966
82936
82919
82915
82898
82894
82864
82862
82848
82844
82843
82842
82840
82840
82838
82836
82831
82826
82824
82817
82813
82807
82803
82800
82797
82793
82790
82777
82774
82768
82762
82761
82761
82742
82739
82739
82714
82712
82708
82702
82700
82699
82687
82664
82653
82651
82635
82632
82615
82611
82607
82604
82601
82601
82598
82578
82574
82554
82554
82547
82539
82536
82525
82519
82502
82496
82490
82488
82484
82478
82471
82471
82468
82465
82448
82443
82439
82438
82429
82423
82414
82406
82402
82388
82380
82375
82375
82362
82362
82352
82348
82338
82338
82330
82317
82309
82303
82297
82289
82285
82284
82283
82280
82274
82272
82271
82261
82260
82259
82235
82220
82218
82209
82194
82191
82189
82185
82179
82170
82163
82150
82148
82146
82141
82116
82109
82097
82093
82089
82087
82064
82060
82058
82055
82039
82023
82010
81996
81972
81969
81964
81951
81934
81932
81928
81916
81906
81906
81905
81890
81876
81873
81866
81861
81859
81843
81840
81837
81828
81825
81823
81815
81808
81803
81799
81789
81784
81783
81779
81778
81772
81762
81761
81744
81742
81732
81730
81727
81724
81722
81717
81715
81701
81701
81698
81696
81694
81693
81687
81682
81658
81649
81644
81643
81642
81630
81627
81624
81623
81618
81609
81604
81596
81594
81591
81589
81586
81583
81571
81570
81563
81555
81549
81547
81547
81544
81530
81504
81504
81503
81499
81491
81465
81458
81445
81442
81422
81409
81408
81395
81394
81391
81384
81380
81375
81370
81342
81334
81330
81325
81317
81307
81296
81288
81279
81273
81272
81258
81237
81234
81223
81216
81210
81199
81199
81196
81196
81194
81193
81184
81184
81183
81172
81171
81168
81168
81140
81139
81136
81130
81121
81106
81090
81088
81070
81068
81068
81065
81047
81041
81039
81038
81032
81024
81017
81007
81001
80997
80991
80990
80990
80975
80963
80959
80957
80950
80949
80946
80945
80938
80929
80922
80919
80918
80916
80902
80900
80876
80871
80870
80863
80860
80844
80844
80840
80837
80835
80828
80823
80816
80815
80788
80782
80782
80775
80775
80761
80761
80759
80759
80757
80755
80754
80748
80746
80744
80743
80725
80725
80725
80722
80712
80711
80710
80704
80690
80669
80661
80656
80655
80654
80642
80639
80635
80625
80620
80615
80610
80604
80602
80602
80600
80599
80592
80586
80566
80565
80565
80564
80562
80562
80551
80547
80538
80528
80493
80478
80478
80469
80464
80453
80449
80437
80437
80431
80427
80420
80398
80375
80371
80352
80347
80343
80338
80305
80295
80286
80282
80279
80274
80268
80265
80264
80255
80241
80231
80226
80225
80223
80207
80204
80199
80186
80183
80180
80176
80162
80157
80154
80154
80145
80144
80134
80134
80129
80106
80099
80095
80083
80078
80066
80060
80058
80058
80056
80051
80047
80033
80022
80015
80013
80010
80007
80004
79991
79987
79985
79974
79969
79966
79956
79955
79944
79929
79929
79920
79918
79913
79913
79912
79906
79902
79902
79895
79880
79843
79838
79834
79796
79790
79769
79769
79759
79746
79725
79723
79713
79700
79696
79691
79687
79678
79669
79667
79664
79642
79634
79619
79618
79594
79583
79577
79574
79552
79551
79538
79527
79521
79514
79514
79513
79510
79508
79507
79500
79494
79492
79486
79480
79477
79462
79459
79448
79448
79440
79439
79438
79434
79431
79430
79430
79428
79424
79420
79411
79401
79387
79383
79380
79379
79345
79338
79326
79318
79312
79308
79307
79304
79299
79298
79290
79282
79280
79272
79270
79268
79266
79264
79262
79251
79251
79244
79240
79234
79227
79223
79222
79222
79220
79212
79210
79207
79205
79201
79185
79177
79166
79164
79160
79157
79147
79146
79144
79137
79132
79124
79119
79117
79093
79089
79080
79072
79064
79056
79053
79051
79048
79027
79026
79025
79015
79013
79010
79005
79002
78999
78980
78980
78968
78967
78966
78963
78959
78953
78940
78933
78929
78918
78912
78890
78870
78870
78860
78857
78850
78850
78843
78839
78837
78828
78817
78808
78808
78807
78807
78788
78773
78771
78768
78766
78751
78749
78735
78732
78725
78716
78709
78708
78707
78701
78699
78675
78670
78657
78655
78642
78627
78610
78610
78609
78601
78600
78599
78597
78587
78584
78577
78570
78558
78545
78535
78535
78531
78529
78525
78522
78507
78501
78491
78479
78478
78476
78474
78473
78472
78465
78463
78452
78451
78450
78440
78439
78438
78431
78428
78427
78425
78420
78409
78401
78394
78393
78391
78380
78370
78360
78335
78335
78335
78329
78329
78324
78323
78322
78313
78295
78291
78283
78274
78266
78247
78245
78236
78233
78223
78220
78218
78217
78208
78204
78201
78198
78174
78166
78163
78135
78132
78132
78131
78119
78109
78105
78097
78089
78088
78082
78081
78074
78073
78073
78072
78066
78052
78048
78040
78035
78022
78022
77998
77974
77967
77959
77955
77947
77947
77944
77944
77943
77943
77935
77930
77917
77909
77908
77907
77871
77870
77869
77869
77864
77863
77845
77829
77825
77815
77802
77799
77772
77759
77757
77752
77752
77736
77730
77725
77723
77705
77704
77704
77696
77684
77684
77680
77677
77665
77663
77661
77656
77649
77632
77629
77628
77615
77614
77613
77611
77595
77583
77581
77581
77570
77565
77548
77547
77544
77544
77542
77536
77523
77521
77519
77504
77503
77502
77499
77493
77481
77469
77468
77462
77460
77458
77451
77448
77439
77435
77433
77432
77431
77408
77408
77397
77397
77396
77394
77394
77393
77386
77380
77363
77362
77359
77356
77355
77354
77349
77344
77344
77342
77333
77331
77323
77319
77316
77307
77302
77300
77299
77292
77287
77285
77280
77274
77272
77270
77268
77267
77262
77261
77260
77253
77251
77243
77240
77231
77231
77230
77229
77222
77217
77216
77213
77209
77183
77175
77174
77169
77162
77146
77139
77138
77135
77130
77128
77127
77125
77122
77111
77109
77106
77092
77074
77067
77064
77040
77037
77035
77030
77023
77019
77014
77007
76982
76963
76935
76928
76920
76918
76911
76907
76906
76905
76900
76897
76896
76894
76889
76887
76884
76881
76878
76872
76869
76845
76835
76831
76830
76824
76817
76814
76805
76800
76791
76789
76775
76764
76762
76761
76761
76760
76759
76758
76758
76754
76734
76731
76718
76711
76709
76702
76684
76674
76654
76652
76645
76643
76638
76608
76605
76583
76581
76580
76550
76544
76541
76540
76539
76536
76511
76505
76501
76492
76488
76469
76461
76461
76457
76454
76437
76436
76413
76401
76384
76366
76365
76360
76358
76345
76281
76263
76257
76249
76243
76236
76226
76221
76219
76208
76208
76204
76193
76186
76185
76184
76176
76165
76158
76156
76143
76142
76140
76139
76136
76110
76109
76102
76096
76092
76073
76064
76058
76054
76050
76048
76040
76036
76026
76018
76017
76014
76011
76007
75999
75997
75997
75977
75975
75974
75959
75958
75956
75945
75930
75921
75917
75914
75911
75908
75874
75873
75834
75831
75828
75827
75819
75809
75804
75801
75800
75791
75789
75785
75776
75770
75759
75751
75748
75744
75738
75733
75731
75717
75716
75716
75710
75708
75698
75696
75690
75688
75673
75671
75668
75667
75666
75650
75636
75634
75628
75626
75625
75623
75618
75602
75593
75580
75575
75564
75549
75531
75531
75525
75523
75516
75502
75487
75476
75468
75467
75456
75456
75456
75433
75430
75429
75423
75422
75416
75411
75411
75402
75401
75398
75378
75370
75370
75364
75361
75361
75359
75358
75358
75357
75344
75335
75333
75332
75322
75321
75320
75319
75317
75305
75300
75295
75288
75283
75283
75279
75278
75255
75248
75242
75229
75228
75228
75226
75225
75224
75216
75215
75208
75193
75175
75166
75166
75152
75139
75129
75128
75127
75123
75113
75102
75096
75082
75079
75073
75062
75023
75019
75015
75005
75000
74994
74993
74992
74985
74981
74977
74976
74964
74963
74948
74947
74947
74927
74926
74902
74900
74897
74893
74887
74878
74867
74860
74831
74825
74824
74809
74796
74795
74792
74791
74788
74787
74784
74782
74780
74771
74763
74763
74757
74742
74740
74731
74731
74726
74717
74714
74712
74701
74695
74691
74688
74678
74668
74663
74652
74646
74646
74638
74637
74629
74628
74620
74614
74612
74602
74600
74598
74594
74585
74578
74554
74553
74546
74543
74538
74531
74529
74498
74479
74463
74453
74441
74440
74431
74422
74419
74418
74413
74413
74411
74410
74404
74401
74401
74394
74388
74379
74377
74375
74374
74369
74366
74362
74362
74355
74354
74352
74350
74341
74339
74338
74330
74324
74322
74311
74308
74302
74298
74297
74290
74287
74281
74281
74271
74268
74266
74264
74258
74246
74242
74241
74238
74236
74235
74233
74229
74228
74226
74224
74218
74218
74207
74202
74179
74168
74152
74151
74150
74150
74149
74127
74126
74123
74117
74110
74106
74105
74100
74082
74066
74064
74052
74042
74040
74038
74034
74032
74027
74025
74024
74019
74018
74009
74004
74002
73992
73987
73977
73975
73966
73957
73944
73942
73918
73918
73910
73905
73892
73891
73887
73886
73884
73882
73881
73881
73876
73874
73874
73872
73860
73856
73831
73830
73828
73825
73823
73783
73781
73776
73767
73762
73754
73752
73737
73730
73722
73712
73704
73693
73675
73675
73669
73666
73660
73658
73650
73637
73625
73620
73611
73609
73605
73601
73592
73592
73587
73586
73580
73574
73570
73558
73548
73544
73541
73539
73516
73510
73500
73492
73488
73476
73464
73463
73460
73459
73457
73455
73452
73451
73445
73442
73439
73429
73426
73418
73411
73408
73399
73399
73392
73373
73351
73348
73342
73336
73330
73305
73287
73286
73279
73257
73248
73246
73216
73213
73211
73205
73191
73184
73177
73173
73166
73164
73160
73150
73144
73094
73089
73088
73086
73082
73071
73071
73064
73055
73050
73045
73044
73044
73043
73041
73040
73024
73018
73016
72998
72997
72996
72986
72981
72972
72941
72940
72924
72923
72912
72908
72891
72890
72889
72875
72871
72853
72851
72851
72850
72812
72809
72809
72807
72798
72793
72783
72782
72777
72773
72767
72766
72762
72755
72746
72746
72745
72745
72741
72699
72691
72684
72680
72679
72641
72633
72606
72603
72599
72598
72589
72572
72566
72564
72560
72556
72548
72548
72542
72540
72495
72484
72475
72475
72470
72436
72428
72426
72426
72422
72422
72420
72411
72406
72398
72398
72384
72380
72374
72364
72363
72359
72357
72355
72355
72343
72335
72325
72323
72323
72313
72304
72300
72289
72289
72287
72286
72284
72277
72270
72267
72266
72263
72258
72256
72256
72242
72209
72205
72189
72178
72178
72175
72149
72142
72134
72134
72131
72128
72124
72120
72119
72116
72116
72116
72110
72088
72074
72062
72050
72048
72047
72039
72031
72031
72031
72030
72017
72011
71999
71996
71992
71989
71976
71969
71965
71965
71964
71964
71960
71954
71947
71946
71936
71932
71927
71926
71912
71907
71903
71902
71901
71898
71893
71884
71858
71850
71844
71844
71843
71843
71843
71834
71832
71806
71799
71789
71784
71754
71751
71743
71741
71738
71737
71730
71730
71712
71712
71692
71685
71683
71676
71656
71656
71654
71650
71648
71648
71642
71642
71636
71619
71606
71605
71602
71601
71589
71583
71574
71565
71565
71560
71548
71544
71543
71538
71515
71513
71512
71510
71493
71491
71481
71476
71468
71463
71462
71461
71458
71450
71439
71427
71420
71415
71409
71402
71399
71396
71373
71359
71356
71329
71327
71326
71325
71314
71293
71291
71288
71271
71254
71245
71232
71228
71225
71224
71224
71223
71218
71216
71213
71211
71179
71178
71159
71144
71138
71114
71112
71110
71105
71104
71097
71088
71088
71087
71087
71085
71069
71062
71058
71049
71033
71031
71029
71026
71021
71016
70999
70989
70983
70981
70977
70972
70955
70947
70929
70923
70917
70909
70902
70895
70894
70892
70882
70876
70872
70864
70861
70852
70846
70845
70842
70835
70831
70831
70827
70826
70824
70817
70812
70812
70808
70793
70793
70774
70773
70772
70770
70765
70762
70758
70754
70744
70741
70738
70738
70730
70728
70718
70704
70689
70650
70647
70644
70638
70624
70617
70615
70611
70610
70593
70591
70579
70578
70570
70570
70563
70556
70554
70550
70548
70543
70537
70534
70532
70529
70518
70516
70511
70501
70499
70498
70498
70489
70456
70452
70445
70439
70437
70437
70421
70412
70372
70367
70360
70350
70343
70337
70335
70335
70327
70321
70320
70316
70315
70308
70307
70305
70303
70300
70295
70285
70280
70267
70258
70247
70246
70245
70240
70220
70212
70207
70204
70203
70188
70183
70180
70173
70169
70166
70159
70159
70154
70151
70150
70146
70146
70142
70138
70136
70133
70132
70131
70125
70119
70111
70106
70103
70103
70102
70090
70090
70089
70086
70084
70072
70070
70065
70035
70022
70015
70014
70012
70010
69996
69993
69992
69983
69978
69959
69957
69956
69951
69947
69934
69923
69921
69901
69891
69884
69870
69861
69857
69856
69851
69844
69830
69827
69826
69820
69815
69815
69813
69812
69802
69791
69788
69785
69777
69772
69770
69767
69764
69758
69752
69749
69746
69729
69728
69719
69717
69715
69697
69695
69693
69693
69691
69689
69685
69675
69666
69655
69651
69648
69645
69639
69639
69629
69629
69621
69606
69594
69593
69582
69563
69555
69541
69532
69532
69526
69508
69500
69490
69489
69481
69468
69468
69459
69458
69454
69454
69449
69449
69433
69419
69417
69387
69385
69383
69374
69373
69362
69357
69353
69353
69341
69336
69329
69329
69307
69301
69299
69297
69289
69286
69281
69275
69263
69262
69260
69259
69256
69239
69235
69232
69221
69219
69215
69211
69203
69181
69168
69155
69133
69127
69123
69119
69097
69095
69091
69089
69087
69085
69080
69076
69070
69069
69068
69062
69061
69054
69053
69053
69047
69043
69043
69037
69026
69026
69022
68996
68996
68992
68990
68989
68982
68965
68959
68956
68954
68945
68945
68944
68940
68939
68938
68937
68927
68924
68921
68915
68908
68904
68900
68874
68863
68855
68852
68850
68811
68787
68770
68766
68765
68753
68751
68744
68740
68737
68727
68723
68708
68699
68689
68678
68663
68654
68648
68636
68635
68625
68617
68615
68608
68603
68594
68594
68591
68574
68570
68563
68539
68529
68529
68526
68522
68503
68502
68502
68498
68495
68495
68490
68483
68481
68477
68469
68460
68452
68445
68433
68414
68401
68391
68390
68388
68386
68368
68362
68360
68350
68348
68348
68345
68343
68337
68315
68311
68298
68288
68283
68260
68259
68246
68221
68203
68194
68191
68186
68184
68176
68169
68165
68160
68154
68152
68152
68145
68136
68133
68129
68129
68129
68120
68113
68109
68108
68094
68083
68080
68075
68074
68074
68050
68042
68012
68006
67994
67993
67988
67983
67977
67976
67949
67948
67943
67938
67923
67922
67921
67913
67912
67910
67897
67894
67884
67875
67863
67861
67860
67855
67848
67848
67842
67841
67827
67824
67820
67819
67814
67802
67788
67781
67781
67772
67765
67759
67755
67747
67747
67743
67743
67730
67728
67724
67720
67718
67714
67711
67706
67704
67700
67698
67690
67685
67671
67670
67664
67662
67662
67653
67644
67631
67623
67622
67605
67603
67602
67601
67601
67592
67589
67579
67575
67556
67552
67545
67540
67532
67531
67528
67526
67516
67504
67493
67489
67467
67461
67456
67436
67435
67434
67434
67428
67416
67401
67396
67395
67394
67377
67374
67372
67368
67343
67342
67342
67336
67333
67325
67323
67308
67307
67305
67301
67301
67296
67296
67295
67289
67271
67270
67270
67267
67240
67237
67224
67214
67214
67213
67208
67204
67202
67187
67172
67147
67137
67136
67130
67129
67126
67124
67102
67090
67090
67070
67068
67063
67038
67036
67023
67018
67016
67004
67001
66989
66978
66963
66959
66957
66956
66951
66935
66932
66921
66896
66889
66882
66879
66878
66875
66872
66864
66863
66850
66845
66844
66843
66835
66825
66823
66807
66805
66801
66798
66779
66761
66761
66745
66744
66731
66724
66714
66710
66710
66704
66695
66688
66670
66659
66655
66654
66652
66650
66646
66645
66643
66637
66633
66604
66604
66600
66599
66590
66585
66578
66576
66568
66566
66540
66539
66517
66511
66494
66477
66466
66466
66454
66407
66406
66390
66382
66378
66356
66334
66317
66312
66304
66301
66300
66299
66288
66286
66282
66276
66273
66272
66265
66245
66241
66230
66187
66181
66180
66154
66131
66125
66123
66119
66102
66100
66099
66086
66085
66076
66071
66068
66055
66054
66053
66050
66035
66028
66027
66014
66002
66001
65993
65982
65979
65974
65972
65971
65964
65959
65957
65941
65940
65934
65925
65906
65899
65894
65889
65881
65868
65865
65863
65859
65847
65842
65834
65829
65826
65818
65802
65801
65795
65783
65781
65779
65773
65757
65752
65747
65744
65717
65715
65709
65707
65702
65696
65695
65688
65680
65667
65638
65623
65622
65622
65618
65617
65616
65604
65601
65585
65576
65566
65563
65559
65551
65530
65528
65527
65526
65523
65520
65519
65517
65509
65506
65506
65502
65499
65495
65482
65473
65472
65469
65465
65462
65454
65440
65438
65437
65434
65430
65427
65421
65419
65416
65408
65405
65391
65390
65369
65361
65360
65347
65346
65346
65321
65314
65310
65308
65301
65296
65286
65277
65242
65229
65220
65211
65197
65195
65176
65162
65151
65149
65141
65131
65123
65105
65104
65104
65077
65065
65054
65053
65040
65026
65026
64987
64981
64977
64972
64971
64962
64957
64956
64955
64951
64946
64944
64935
64930
64885
64876
64872
64859
64838
64833
64831
64829
64824
64821
64814
64814
64813
64811
64781
64778
64772
64765
64750
64749
64736
64731
64712
64710
64709
64706
64705
64696
64686
64680
64675
64675
64662
64662
64661
64657
64648
64646
64641
64631
64627
64623
64619
64619
64615
64601
64593
64586
64579
64576
64562
64539
64533
64525
64522
64511
64487
64482
64479
64472
64472
64470
64467
64465
64453
64453
64452
64448
64447
64439
64431
64425
64420
64419
64385
64383
64380
64356
64338
64330
64327
64314
64312
64305
64289
64286
64285
64277
64272
64251
64235
64234
64231
64211
64206
64197
64183
64181
64180
64178
64178
64167
64161
64153
64140
64140
64139
64120
64114
64108
64108
64106
64106
64105
64105
64105
64084
64083
64082
64078
64068
64064
64053
64053
64044
64039
64039
64032
64031
64021
64008
63995
63991
63984
63964
63961
63953
63943
63938
63928
63926
63924
63919
63917
63915
63915
63902
63898
63887
63885
63881
63873
63871
63868
63855
63846
63835
63834
63831
63831
63831
63828
63825
63801
63798
63798
63795
63791
63786
63780
63760
63742
63734
63728
63720
63719
63712
63700
63698
63688
63682
63680
63678
63677
63663
63656
63651
63648
63643
63633
63633
63617
63617
63615
63615
63615
63605
63599
63587
63584
63581
63579
63564
63561
63559
63550
63537
63534
63525
63522
63519
63512
63506
63493
63490
63483
63481
63479
63479
63468
63464
63456
63445
63436
63430
63421
63421
63417
63415
63415
63406
63400
63400
63393
63390
63375
63370
63354
63353
63350
63342
63340
63330
63330
63320
63318
63309
63307
63290
63290
63282
63278
63272
63271
63263
63257
63242
63227
63226
63217
63215
63213
63211
63200
63195
63193
63189
63179
63176
63172
63171
63168
63164
63155
63154
63141
63141
63137
63134
63121
63112
63110
63109
63107
63099
63084
63059
63055
63048
63047
63046
63046
63045
63020
63015
63009
63002
62994
62994
62983
62972
62967
62956
62950
62939
62927
62921
62918
62898
62882
62882
62871
62857
62855
62848
62842
62807
62806
62804
62801
62784
62770
62769
62768
62764
62758
62732
62726
62726
62716
62711
62698
62675
62674
62674
62673
62659
62657
62656
62656
62624
62622
62618
62618
62616
62613
62608
62607
62606
62605
62605
62601
62592
62588
62579
62574
62572
62572
62561
62559
62547
62530
62524
62522
62519
62514
62511
62503
62492
62485
62482
62481
62479
62471
62464
62463
62456
62451
62448
62414
62397
62393
62382
62374
62372
62370
62368
62360
62352
62350
62347
62342
62338
62334
62327
62314
62311
62306
62305
62295
62284
62283
62283
62280
62262
62262
62258
62253
62244
62241
62238
62203
62185
62173
62169
62165
62158
62152
62142
62139
62134
62133
62131
62130
62127
62086
62073
62062
62059
62057
62035
62033
62023
62021
62014
62014
62014
62013
62013
62006
62000
61998
61997
61997
61978
61966
61964
61956
61949
61947
61945
61942
61940
61930
61919
61916
61905
61898
61896
61893
61889
61887
61884
61881
61879
61871
61864
61862
61861
61852
61848
61843
61833
61826
61824
61824
61823
61821
61820
61816
61809
61799
61797
61790
61789
61786
61786
61767
61767
61766
61765
61765
61757
61750
61735
61727
61727
61714
61708
61706
61701
61697
61696
61696
61693
61691
61689
61677
61668
61663
61659
61657
61652
61643
61633
61632
61631
61628
61623
61620
61597
61595
61590
61590
61587
61584
61571
61570
61568
61565
61557
61555
61545
61541
61530
61523
61520
61519
61517
61516
61516
61513
61510
61493
61493
61492
61491
61488
61487
61467
61464
61455
61431
61430
61429
61428
61421
61417
61417
61417
61415
61409
61400
61390
61381
61375
61374
61371
61361
61354
61351
61349
61336
61321
61312
61311
61306
61293
61283
61261
61260
61257
61246
61244
61238
61226
61218
61216
61213
61198
61194
61184
61182
61176
61159
61158
61156
61153
61150
61123
61123
61115
61114
61113
61108
61104
61099
61094
61093
61089
61082
61082
61071
61062
61052
61051
61046
61041
61024
61024
61022
61020
61019
61012
61002
61002
60999
60999
60988
60987
60987
60985
60984
60984
60979
60979
60978
60977
60959
60955
60953
60950
60936
60933
60928
60927
60910
60908
60900
60900
60900
60894
60885
60879
60879
60870
60870
60866
60856
60853
60846
60834
60832
60831
60820
60814
60799
60779
60775
60774
60773
60768
60747
60728
60716
60713
60701
60696
60694
60689
60675
60673
60664
60663
60661
60657
60657
60649
60632
60619
60618
60617
60608
60604
60604
60604
60603
60577
60573
60555
60554
60549
60548
60548
60547
60541
60535
60533
60532
60531
60529
60529
60529
60526
60517
60514
60499
60494
60488
60487
60480
60465
60462
60458
60434
60418
60406
60405
60402
60395
60392
60388
60379
60378
60373
60359
60350
60349
60348
60337
60335
60322
60311
60301
60298
60294
60282
60280
60267
60262
60258
60253
60249
60249
60245
60240
60225
60217
60213
60205
60202
60198
60196
60166
60158
60155
60144
60137
60124
60120
60117
60112
60110
60108
60102
60099
60096
60091
60089
60081
60079
60067
60054
60051
60050
60033
60033
60032
60032
60031
60031
60022
60020
60013
60013
59999
59991
59990
59987
59965
59958
59948
59930
59916
59908
59906
59905
59903
59903
59897
59897
59873
59873
59871
59843
59834
59833
59830
59828
59822
59800
59797
59785
59757
59747
59739
59738
59736
59693
59691
59684
59673
59665
59648
59644
59629
59628
59621
59597
59595
59590
59588
59570
59567
59551
59547
59546
59546
59546
59545
59539
59539
59533
59532
59531
59518
59518
59512
59511
59509
59504
59501
59500
59497
59497
59497
59478
59474
59473
59472
59464
59463
59456
59455
59452
59445
59439
59439
59413
59406
59385
59360
59346
59343
59343
59320
59307
59289
59286
59281
59280
59278
59275
59273
59259
59253
59245
59242
59238
59236
59230
59228
59211
59209
59194
59185
59185
59183
59178
59172
59171
59170
59156
59156
59152
59151
59139
59131
59126
59123
59104
59101
59098
59076
59073
59059
59049
59038
59037
59023
59009
58998
58982
58970
58969
58969
58968
58964
58957
58954
58949
58944
58943
58937
58934
58930
58929
58927
58924
58920
58918
58898
58894
58887
58874
58870
58852
58846
58845
58844
58843
58842
58810
58802
58797
58786
58780
58768
58760
58747
58738
58722
58719
58710
58700
58694
58694
58690
58690
58689
58683
58674
58670
58663
58661
58649
58649
58647
58645
58632
58618
58605
58593
58585
58584
58582
58581
58571
58551
58550
58550
58547
58537
58532
58527
58520
58509
58507
58495
58481
58465
58459
58457
58456
58451
58447
58438
58433
58433
58433
58433
58433
58432
58421
58413
58408
58378
58375
58367
58346
58340
58335
58333
58330
58312
58309
58305
58299
58296
58292
58289
58281
58276
58272
58270
58269
58248
58243
58240
58237
58236
58235
58233
58231
58231
58229
58205
58202
58191
58181
58147
58147
58141
58137
58131
58130
58124
58122
58119
58117
58115
58115
58097
58095
58088
58087
58086
58084
58082
58031
58030
58029
58016
58014
58014
58010
58010
58004
58003
57992
57974
57971
57970
57935
57925
57923
57905
57903
57899
57888
57888
57884
57881
57873
57856
57855
57837
57823
57823
57820
57813
57811
57809
57802
57801
57784
57754
57748
57747
57745
57739
57723
57716
57715
57709
57708
57704
57688
57687
57683
57680
57679
57674
57667
57665
57659
57657
57642
57634
57632
57628
57628
57599
57590
57573
57561
57546
57539
57539
57535
57518
57516
57515
57514
57507
57502
57495
57483
57466
57463
57461
57451
57435
57425
57409
57408
57389
57354
57351
57350
57349
57337
57322
57289
57275
57272
57271
57263
57262
57257
57248
57242
57239
57231
57225
57215
57205
57201
57199
57196
57191
57186
57182
57171
57169
57164
57159
57140
57128
57114
57112
57101
57096
57096
57095
57090
57083
57053
57052
57051
57050
57050
57040
57036
57030
57009
57007
57006
57005
57002
56984
56978
56969
56961
56929
56919
56909
56904
56902
56891
56890
56885
56878
56869
56845
56844
56842
56837
56834
56823
56810
56797
56773
56770
56769
56765
56753
56752
56742
56737
56728
56712
56705
56701
56699
56698
56693
56692
56688
56682
56673
56665
56664
56655
56639
56615
56613
56580
56569
56568
56568
56566
56558
56553
56552
56541
56539
56532
56529
56523
56522
56512
56512
56510
56504
56500
56490
56488
56485
56483
56481
56479
56477
56476
56467
56467
56467
56465
56462
56454
56447
56436
56426
56425
56425
56421
56414
56412
56408
56402
56398
56394
56393
56390
56388
56388
56378
56372
56370
56361
56356
56355
56342
56340
56330
56324
56315
56305
56298
56297
56293
56291
56290
56290
56286
56277
56271
56270
56269
56264
56253
56239
56229
56220
56217
56212
56207
56206
56205
56203
56202
56195
56188
56178
56170
56154
56151
56150
56146
56127
56122
56119
56113
56111
56108
56104
56099
56095
56092
56089
56088
56082
56082
56079
56073
56066
56065
56062
56061
56058
56057
56054
56046
56046
56044
56043
56043
56038
56027
56021
55988
55984
55975
55972
55952
55952
55947
55938
55926
55920
55907
55905
55905
55898
55898
55887
55877
55874
55854
55853
55851
55845
55844
55842
55837
55835
55828
55825
55818
55817
55815
55814
55812
55810
55808
55807
55805
55800
55800
55794
55790
55788
55785
55784
55783
55781
55779
55776
55771
55761
55760
55748
55747
55739
55738
55735
55714
55699
55697
55692
55692
55691
55685
55678
55677
55668
55664
55664
55664
55656
55653
55652
55645
55637
55637
55634
55615
55613
55612
55610
55607
55591
55590
55588
55588
55586
55582
55577
55575
55572
55571
55568
55540
55536
55527
55525
55518
55512
55511
55501
55496
55493
55489
55489
55487
55487
55485
55484
55472
55466
55460
55453
55444
55443
55434
55431
55426
55425
55422
55418
55416
55414
55408
55405
55401
55394
55376
55375
55360
55359
55352
55350
55340
55337
55335
55334
55313
55312
55311
55310
55308
55306
55296
55295
55292
55286
55276
55275
55272
55271
55270
55269
55261
55241
55241
55221
55213
55213
55213
55203
55202
55198
55196
55186
55185
55184
55183
55179
55175
55172
55170
55169
55166
55163
55149
55147
55131
55119
55118
55117
55117
55101
55100
55098
55087
55083
55059
55048
55044
55035
55024
55023
55021
55010
55008
55008
55003
55001
55000
54999
54972
54969
54930
54925
54923
54921
54911
54908
54897
54895
54884
54865
54864
54862
54857
54854
54849
54834
54832
54827
54821
54820
54812
54809
54792
54786
54780
54774
54769
54731
54731
54723
54719
54705
54699
54697
54695
54690
54684
54680
54674
54667
54648
54645
54627
54623
54621
54620
54599
54586
54565
54564
54558
54554
54549
54548
54545
54528
54526
54520
54520
54505
54504
54489
54487
54483
54482
54481
54477
54474
54464
54463
54445
54429
54416
54416
54416
54414
54384
54370
54368
54366
54356
54349
54341
54335
54333
54324
54319
54307
54296
54287
54270
54261
54261
54259
54250
54243
54236
54228
54225
54221
54217
54216
54209
54205
54200
54195
54195
54191
54191
54186
54155
54153
54143
54139
54135
54133
54126
54115
54114
54111
54110
54093
54087
54085
54083
54072
54067
54066
54059
54032
54030
54009
53992
53991
53989
53989
53984
53979
53970
53962
53949
53949
53942
53934
53933
53933
53918
53913
53901
53901
53901
53898
53872
53869
53854
53834
53832
53795
53783
53780
53780
53758
53749
53748
53747
53734
53733
53722
53716
53691
53690
53689
53684
53681
53678
53676
53668
53667
53658
53658
53656
53656
53646
53625
53620
53619
53602
53594
53591
53587
53572
53571
53570
53568
53559
53555
53555
53548
53546
53536
53535
53531
53530
53518
53515
53506
53505
53505
53494
53491
53481
53476
53474
53469
53463
53452
53451
53451
53449
53445
53444
53441
53436
53421
53409
53402
53397
53393
53393
53390
53377
53376
53373
53361
53359
53354
53348
53337
53336
53334
53334
53329
53319
53314
53310
53310
53304
53303
53299
53299
53288
53275
53270
53260
53259
53255
53250
53249
53244
53229
53229
53205
53194
53194
53193
53185
53180
53179
53177
53176
53154
53150
53134
53129
53123
53117
53114
53112
53087
53085
53081
53074
53071
53032
53028
53021
53009
53007
53004
52994
52981
52980
52975
52970
52965
52965
52962
52953
52946
52934
52933
52926
52924
52921
52909
52905
52902
52896
52893
52893
52891
52886
52882
52872
52821
52818
52808
52803
52802
52796
52795
52784
52776
52764
52758
52747
52728
52717
52707
52702
52692
52672
52662
52662
52657
52656
52646
52645
52634
52629
52619
52591
52582
52573
52572
52562
52557
52549
52547
52539
52536
52527
52488
52482
52467
52447
52428
52425
52423
52421
52395
52389
52383
52375
52367
52355
52353
52350
52348
52339
52321
52313
52292
52287
52285
52284
52280
52273
52259
52249
52243
52237
52233
52227
52223
52215
52212
52204
52192
52187
52185
52180
52178
52177
52171
52158
52143
52141
52131
52106
52096
52096
52089
52086
52081
52067
52062
52051
52050
52042
52033
52031
52029
52025
52013
52002
52001
51996
51995
51977
51974
51969
51965
51924
51911
51910
51907
51898
51897
51896
51896
51894
51889
51874
51867
51861
51860
51855
51850
51849
51847
51846
51846
51845
51842
51835
51830
51829
51827
51823
51816
51811
51809
51800
51794
51761
51751
51744
51742
51735
51733
51729
51727
51724
51718
51715
51702
51692
51692
51679
51669
51665
51662
51662
51656
51654
51638
51634
51619
51617
51613
51612
51611
51598
51595
51579
51567
51567
51561
51553
51546
51532
51530
51512
51506
51502
51495
51486
51486
51480
51475
51474
51473
51472
51469
51462
51448
51443
51439
51426
51423
51417
51414
51367
51366
51356
51353
51347
51345
51332
51323
51316
51311
51295
51285
51279
51276
51260
51244
51242
51238
51237
51235
51222
51220
51210
51210
51200
51195
51194
51186
51168
51165
51164
51162
51154
51143
51140
51138
51133
51122
51119
51118
51107
51107
51097
51077
51070
51063
51049
51048
51039
51036
51030
51030
51028
51022
51013
51002
51000
50999
50999
50986
50982
50972
50970
50967
50961
50934
50918
50912
50902
50892
50888
50887
50873
50872
50864
50863
50859
50858
50842
50829
50822
50819
50797
50792
50788
50783
50778
50762
50759
50756
50756
50748
50733
50726
50703
50684
50674
50673
50649
50642
50641
50629
50626
50610
50610
50606
50586
50580
50569
50569
50568
50542
50539
50537
50520
50517
50513
50501
50484
50480
50478
50471
50458
50428
50426
50426
50422
50416
50413
50410
50400
50396
50381
50381
50380
50376
50351
50350
50349
50349
50338
50324
50323
50315
50311
50304
50302
50296
50293
50288
50279
50260
50258
50252
50252
50241
50230
50226
50218
50214
50200
50196
50175
50173
50164
50138
50124
50112
50101
50098
50091
50088
50087
50079
50063
50060
50043
50032
50032
50028
50027
50022
50004
50003
49996
49990
49987
49984
49980
49976
49975
49974
49974
49971
49960
49947
49944
49935
49932
49930
49926
49926
49896
49883
49879
49874
49873
49871
49868
49860
49855
49851
49846
49844
49842
49841
49838
49828
49824
49822
49820
49815
49793
49785
49784
49757
49756
49752
49752
49732
49731
49721
49714
49714
49698
49697
49697
49689
49683
49682
49681
49680
49677
49677
49675
49675
49673
49669
49655
49650
49641
49639
49636
49626
49621
49600
49595
49591
49590
49590
49582
49579
49573
49573
49570
49557
49534
49531
49526
49515
49513
49512
49506
49497
49496
49489
49486
49474
49473
49465
49457
49449
49438
49436
49430
49422
49419
49410
49395
49389
49382
49374
49357
49350
49345
49343
49334
49334
49332
49306
49304
49294
49283
49283
49282
49281
49271
49269
49260
49260
49260
49259
49258
49249
49232
49232
49226
49225
49220
49211
49210
49205
49199
49197
49196
49196
49193
49184
49182
49174
49158
49153
49153
49131
49131
49124
49120
49102
49079
49058
49051
49042
49024
49019
49015
49014
49004
49003
49001
49001
48999
48985
48980
48968
48961
48952
48935
48928
48923
48916
48907
48907
48905
48894
48891
48884
48882
48879
48865
48860
48857
48834
48832
48825
48821
48816
48806
48795
48791
48788
48782
48782
48776
48773
48770
48769
48766
48761
48756
48755
48755
48750
48749
48748
48734
48723
48720
48717
48708
48699
48699
48695
48689
48688
48684
48682
48682
48674
48668
48656
48638
48638
48633
48628
48626
48623
48621
48612
48606
48602
48593
48587
48580
48563
48561
48551
48548
48547
48547
48539
48521
48517
48514
48508
48505
48502
48491
48489
48488
48486
48482
48464
48464
48453
48452
48451
48444
48433
48419
48384
48377
48372
48370
48351
48349
48348
48343
48342
48335
48335
48333
48324
48322
48317
48315
48313
48307
48304
48301
48295
48290
48287
48281
48270
48266
48261
48252
48228
48194
48190
48189
48188
48187
48187
48184
48177
48165
48161
48148
48139
48132
48132
48128
48116
48116
48113
48109
48100
48096
48095
48093
48083
48063
48061
48058
48058
48056
48041
48028
48027
48016
48016
48011
48004
47995
47978
47971
47970
47946
47945
47940
47940
47939
47937
47929
47927
47918
47905
47904
47900
47896
47894
47886
47880
47870
47856
47853
47845
47845
47834
47824
47812
47799
47798
47792
47784
47772
47759
47756
47737
47732
47730
47724
47722
47720
47720
47704
47694
47688
47687
47687
47683
47676
47673
47662
47660
47659
47651
47649
47648
47640
47638
47636
47620
47618
47618
47615
47607
47601
47584
47581
47579
47574
47573
47565
47562
47557
47551
47546
47541
47539
47533
47524
47522
47517
47500
47496
47493
47477
47470
47469
47468
47460
47448
47447
47436
47425
47425
47403
47399
47398
47391
47383
47383
47379
47368
47367
47362
47349
47347
47345
47339
47338
47318
47296
47289
47289
47287
47283
47279
47264
47255
47248
47248
47236
47208
47207
47206
47195
47192
47190
47189
47186
47174
47163
47155
47151
47138
47132
47130
47130
47127
47113
47101
47096
47095
47094
47084
47077
47065
47050
47039
47038
47026
47019
47004
46997
46995
46983
46978
46977
46965
46961
46960
46939
46936
46934
46927
46924
46919
46905
46899
46890
46875
46839
46836
46833
46826
46825
46817
46815
46807
46790
46781
46774
46774
46774
46772
46753
46750
46749
46736
46736
46732
46727
46724
46712
46683
46679
46678
46667
46665
46665
46663
46660
46652
46650
46647
46645
46639
46630
46619
46614
46614
46608
46590
46550
46541
46536
46535
46530
46529
46526
46512
46509
46505
46503
46489
46488
46486
46470
46467
46461
46456
46451
46447
46446
46444
46438
46438
46435
46435
46434
46433
46428
46416
46414
46404
46404
46401
46399
46371
46370
46357
46354
46353
46340
46334
46328
46322
46320
46319
46319
46314
46307
46285
46284
46282
46277
46276
46251
46249
46244
46238
46234
46222
46199
46184
46182
46173
46170
46170
46167
46162
46158
46151
46149
46145
46144
46140
46132
46124
46123
46117
46105
46105
46091
46086
46080
46076
46067
46053
46049
46017
46006
45996
45976
45971
45957
45956
45954
45943
45942
45932
45919
45912
45912
45906
45898
45895
45894
45890
45883
45872
45869
45868
45859
45858
45855
45851
45850
45841
45828
45824
45809
45808
45807
45797
45791
45789
45778
45758
45757
45741
45734
45732
45729
45709
45692
45677
45667
45664
45663
45661
45657
45656
45655
45650
45642
45638
45638
45629
45610
45601
45596
45592
45575
45573
45573
45571
45570
45556
45554
45552
45532
45529
45528
45517
45500
45500
45480
45475
45473
45465
45442
45440
45432
45429
45422
45403
45394
45368
45366
45363
45358
45355
45349
45326
45323
45323
45318
45317
45303
45303
45299
45296
45295
45275
45264
45262
45256
45254
45245
45243
45242
45226
45225
45201
45166
45165
45155
45155
45155
45147
45145
45144
45139
45134
45114
45111
45088
45088
45082
45081
45076
45062
45051
45043
45040
45038
45024
45024
45023
45015
44998
44998
44996
44992
44974
44960
44958
44950
44935
44923
44916
44908
44899
44892
44885
44862
44856
44856
44849
44840
44835
44826
44825
44820
44815
44814
44804
44791
44791
44788
44776
44775
44770
44765
44764
44755
44744
44736
44730
44730
44724
44717
44708
44707
44689
44685
44685
44680
44677
44670
44637
44634
44633
44618
44615
44605
44605
44601
44591
44586
44586
44580
44566
44561
44558
44535
44533
44528
44527
44519
44507
44487
44484
44483
44477
44477
44467
44452
44448
44439
44426
44426
44424
44413
44408
44401
44399
44391
44386
44376
44376
44374
44368
44352
44328
44317
44313
44304
44271
44267
44266
44264
44264
44253
44228
44224
44208
44183
44173
44173
44172
44171
44163
44163
44159
44154
44140
44121
44110
44109
44095
44087
44083
44071
44069
44068
44060
44057
44054
44051
44051
44045
44017
44009
44003
44002
43997
43980
43976
43975
43974
43974
43973
43969
43968
43968
43966
43965
43957
43951
43949
43920
43915
43914
43905
43880
43872
43864
43862
43858
43852
43842
43841
43838
43837
43831
43823
43823
43822
43822
43822
43820
43813
43801
43798
43792
43790
43789
43785
43785
43781
43778
43777
43767
43763
43757
43743
43738
43736
43735
43710
43687
43681
43676
43668
43654
43651
43646
43645
43633
43627
43607
43603
43602
43586
43579
43577
43568
43563
43557
43556
43539
43538
43538
43535
43533
43531
43503
43496
43487
43480
43474
43454
43444
43442
43437
43433
43425
43417
43412
43411
43411
43408
43403
43392
43369
43359
43358
43357
43351
43340
43325
43322
43313
43303
43293
43292
43290
43288
43256
43239
43233
43232
43227
43224
43223
43222
43222
43205
43203
43189
43169
43168
43168
43166
43163
43156
43145
43133
43132
43129
43124
43107
43106
43052
43049
43046
43042
43035
43023
43016
43008
43004
43002
43001
42999
42983
42976
42970
42969
42965
42957
42949
42947
42946
42940
42936
42921
42882
42875
42867
42848
42847
42837
42829
42823
42822
42812
42786
42779
42772
42769
42766
42763
42760
42751
42742
42740
42736
42723
42712
42701
42686
42683
42670
42665
42661
42657
42656
42655
42649
42648
42641
42635
42628
42627
42618
42614
42613
42610
42608
42595
42585
42574
42557
42555
42552
42546
42542
42539
42525
42520
42510
42484
42472
42469
42463
42459
42442
42439
42433
42433
42428
42426
42422
42418
42405
42387
42383
42378
42374
42373
42351
42349
42329
42321
42319
42316
42308
42287
42262
42240
42238
42237
42233
42216
42205
42199
42193
42177
42167
42159
42151
42149
42146
42145
42144
42119
42116
42106
42093
42087
42085
42079
42067
42065
42059
42058
42056
42048
42046
42042
42029
42026
42021
42012
42004
42000
41999
41993
41993
41986
41983
41969
41968
41964
41960
41957
41944
41943
41942
41939
41921
41917
41907
41904
41902
41899
41887
41881
41877
41871
41867
41858
41850
41843
41833
41821
41815
41815
41813
41800
41791
41781
41778
41761
41760
41753
41750
41748
41746
41739
41736
41724
41721
41718
41709
41682
41674
41673
41670
41668
41660
41659
41658
41651
41648
41647
41644
41643
41641
41612
41601
41598
41596
41596
41591
41591
41584
41584
41584
41579
41562
41559
41553
41551
41545
41530
41510
41503
41494
41491
41487
41475
41456
41446
41442
41442
41435
41433
41423
41409
41395
41393
41388
41384
41382
41382
41382
41377
41375
41369
41363
41342
41330
41326
41326
41318
41310
41307
41302
41298
41290
41286
41286
41275
41272
41272
41271
41261
41238
41237
41237
41236
41227
41224
41222
41222
41220
41219
41218
41205
41201
41195
41192
41191
41156
41149
41140
41132
41119
41118
41104
41101
41092
41082
41077
41077
41069
41057
41053
41053
41033
41032
41029
41024
41014
41012
41008
41006
40986
40984
40978
40969
40962
40948
40946
40946
40945
40941
40936
40935
40920
40903
40900
40893
40887
40884
40882
40871
40860
40858
40846
40841
40837
40817
40816
40813
40810
40805
40803
40799
40789
40789
40787
40786
40785
40781
40775
40771
40757
40739
40725
40724
40722
40721
40720
40710
40701
40695
40688
40678
40676
40666
40663
40662
40659
40655
40642
40641
40635
40631
40609
40594
40590
40583
40582
40581
40571
40569
40564
40562
40561
40552
40549
40542
40510
40489
40485
40481
40478
40457
40449
40445
40437
40433
40432
40419
40414
40411
40408
40402
40391
40387
40379
40379
40375
40375
40364
40361
40354
40353
40347
40346
40338
40337
40335
40330
40327
40327
40322
40321
40321
40318
40317
40316
40309
40307
40303
40282
40281
40278
40274
40268
40262
40259
40257
40255
40253
40231
40225
40220
40213
40210
40186
40178
40170
40166
40153
40152
40150
40140
40136
40133
40131
40119
40098
40096
40094
40089
40085
40073
40033
40020
40018
40018
40014
40004
39999
39988
39986
39978
39964
39952
39947
39921
39913
39906
39898
39898
39897
39890
39889
39887
39885
39882
39881
39881
39879
39876
39872
39870
39863
39844
39842
39840
39819
39816
39815
39812
39800
39788
39784
39783
39780
39773
39773
39772
39764
39764
39760
39748
39745
39733
39727
39726
39705
39703
39700
39698
39695
39694
39692
39685
39682
39681
39675
39670
39670
39669
39668
39663
39643
39642
39630
39626
39609
39599
39596
39595
39586
39582
39581
39569
39546
39544
39536
39534
39524
39510
39509
39490
39481
39476
39471
39468
39431
39431
39424
39422
39418
39414
39412
39410
39391
39379
39345
39310
39306
39304
39301
39274
39272
39271
39268
39247
39237
39236
39234
39232
39221
39221
39210
39208
39207
39203
39195
39192
39186
39175
39170
39164
39151
39150
39115
39114
39112
39107
39106
39104
39097
39089
39089
39085
39082
39075
39061
39047
39037
39031
39022
39021
39021
39017
38999
38989
38988
38983
38967
38966
38966
38964
38963
38960
38951
38944
38931
38920
38914
38910
38905
38902
38890
38888
38886
38868
38866
38861
38858
38845
38837
38832
38830
38830
38809
38808
38806
38763
38746
38742
38739
38739
38728
38722
38695
38694
38690
38671
38669
38668
38665
38660
38655
38644
38643
38638
38635
38627
38622
38616
38608
38606
38605
38599
38594
38594
38591
38578
38569
38553
38524
38523
38522
38515
38510
38501
38496
38490
38489
38488
38486
38485
38463
38459
38446
38445
38436
38427
38426
38424
38410
38404
38402
38394
38381
38380
38365
38357
38348
38343
38343
38343
38329
38317
38293
38289
38284
38267
38260
38251
38242
38228
38205
38202
38199
38194
38180
38171
38171
38166
38164
38150
38140
38132
38132
38129
38129
38117
38114
38110
38105
38099
38094
38090
38079
38076
38071
38057
38053
38051
38050
38037
38037
38037
38027
38006
38006
38004
38001
37988
37987
37972
37966
37962
37952
37939
37931
37924
37923
37916
37916
37907
37899
37898
37894
37893
37890
37889
37888
37888
37874
37866
37861
37844
37844
37839
37837
37829
37828
37824
37815
37809
37806
37779
37771
37770
37768
37765
37746
37745
37738
37722
37722
37720
37714
37705
37691
37686
37686
37678
37663
37659
37653
37639
37622
37620
37613
37606
37605
37604
37592
37591
37586
37585
37581
37579
37576
37573
37573
37571
37557
37554
37549
37546
37546
37541
37529
37519
37513
37509
37503
37501
37496
37495
37488
37488
37483
37478
37476
37475
37463
37460
37447
37444
37442
37436
37409
37409
37408
37398
37397
37386
37372
37370
37364
37358
37352
37317
37296
37293
37291
37286
37283
37276
37255
37255
37253
37252
37252
37247
37228
37219
37198
37198
37189
37182
37176
37175
37173
37169
37168
37166
37155
37148
37145
37137
37134
37126
37124
37123
37121
37121
37110
37102
37091
37088
37084
37083
37078
37068
37059
37053
37051
37048
37047
37046
37036
37035
37027
37019
37017
36966
36954
36946
36931
36931
36927
36913
36908
36896
36895
36888
36887
36883
36876
36873
36869
36865
36865
36865
36860
36857
36845
36831
36817
36816
36792
36775
36768
36762
36761
36759
36753
36749
36741
36735
36716
36714
36711
36697
36696
36695
36694
36691
36680
36648
36622
36622
36611
36610
36601
36593
36576
36573
36566
36532
36522
36519
36507
36505
36500
36493
36488
36479
36479
36471
36468
36465
36447
36433
36431
36429
36418
36416
36408
36402
36395
36391
36391
36391
36387
36382
36378
36365
36350
36340
36336
36335
36329
36327
36326
36314
36313
36313
36310
36302
36301
36288
36286
36285
36284
36280
36275
36269
36265
36260
36260
36255
36238
36226
36224
36223
36222
36221
36219
36216
36204
36191
36178
36173
36156
36143
36141
36140
36127
36127
36126
36115
36115
36112
36107
36089
36086
36062
36061
36037
36035
36034
36031
36026
36020
36018
36007
35997
35991
35989
35984
35973
35966
35962
35961
35961
35960
35953
35952
35951
35951
35921
35911
35904
35900
35897
35885
35884
35883
35874
35873
35872
35870
35858
35852
35850
35837
35834
35826
35825
35817
35815
35814
35803
35799
35785
35780
35771
35753
35730
35729
35719
35719
35709
35706
35705
35688
35686
35679
35668
35668
35666
35665
35659
35649
35648
35635
35632
35629
35622
35621
35619
35596
35595
35590
35586
35573
35569
35553
35552
35547
35542
35537
35536
35533
35531
35528
35522
35521
35519
35508
35505
35490
35476
35473
35458
35447
35447
35443
35434
35423
35419
35411
35406
35404
35367
35367
35355
35351
35348
35345
35336
35334
35325
35316
35307
35288
35286
35282
35277
35275
35267
35265
35260
35242
35238
35234
35232
35225
35216
35201
35201
35199
35198
35196
35195
35194
35191
35190
35185
35184
35180
35157
35151
35150
35146
35141
35141
35133
35132
35123
35118
35113
35105
35104
35104
35087
35085
35078
35051
35041
35040
35040
35029
35022
35020
35012
35007
34991
34989
34983
34976
34969
34968
34967
34947
34939
34937
34934
34932
34911
34906
34900
34885
34879
34870
34863
34850
34850
34846
34837
34817
34817
34794
34780
34778
34762
34760
34723
34722
34720
34711
34710
34704
34687
34686
34679
34649
34644
34643
34636
34635
34630
34608
34604
34600
34599
34587
34583
34575
34571
34569
34568
34564
34564
34562
34560
34558
34539
34512
34512
34505
34498
34497
34493
34485
34484
34481
34477
34469
34465
34460
34457
34454
34448
34445
34444
34443
34442
34438
34429
34408
34408
34398
34391
34389
34380
34380
34377
34366
34366
34359
34356
34354
34285
34275
34273
34273
34270
34263
34260
34246
34237
34232
34223
34211
34209
34208
34199
34198
34180
34176
34172
34160
34149
34148
34127
34113
34108
34090
34087
34086
34084
34084
34082
34074
34067
34064
34062
34061
34059
34053
34043
34032
34030
34029
34026
34022
34017
34011
34006
33996
33996
33994
33986
33982
33981
33976
33966
33956
33950
33943
33937
33922
33916
33913
33904
33900
33891
33890
33886
33884
33868
33866
33866
33861
33850
33843
33833
33799
33782
33769
33768
33768
33752
33742
33741
33733
33708
33701
33700
33697
33696
33693
33666
33665
33664
33659
33654
33652
33650
33630
33616
33611
33609
33599
33592
33590
33584
33578
33577
33569
33562
33547
33545
33540
33538
33536
33519
33518
33515
33507
33504
33504
33499
33485
33477
33469
33459
33452
33430
33404
33402
33402
33401
33395
33394
33394
33388
33387
33387
33371
33367
33366
33353
33336
33326
33305
33302
33295
33295
33292
33283
33271
33271
33269
33250
33248
33248
33227
33223
33218
33204
33196
33188
33184
33184
33178
33167
33161
33109
33100
33079
33069
33066
33063
33060
33057
33051
33049
33047
33037
33033
33031
33006
32999
32992
32983
32980
32971
32959
32950
32938
32927
32914
32908
32901
32898
32897
32894
32889
32888
32886
32885
32882
32882
32881
32880
32865
32857
32849
32847
32847
32843
32842
32822
32819
32819
32790
32786
32775
32752
32745
32744
32738
32735
32733
32733
32732
32727
32726
32714
32708
32701
32677
32666
32657
32648
32640
32619
32617
32616
32613
32609
32607
32604
32602
32597
32596
32593
32593
32590
32585
32566
32566
32560
32558
32555
32537
32533
32528
32517
32513
32508
32507
32499
32491
32481
32470
32465
32458
32453
32443
32433
32419
32417
32399
32399
32398
32397
32379
32372
32370
32370
32360
32352
32349
32344
32341
32332
32328
32325
32321
32316
32302
32297
32293
32291
32289
32279
32277
32276
32273
32269
32269
32267
32240
32233
32233
32232
32222
32204
32200
32198
32193
32192
32177
32176
32170
32169
32161
32137
32133
32126
32090
32083
32080
32074
32071
32067
32063
32063
32063
32057
32056
32056
32052
32047
32047
32047
32041
32041
32031
32011
32001
31998
31965
31965
31964
31955
31954
31940
31937
31934
31928
31921
31920
31912
31906
31901
31898
31894
31888
31877
31874
31874
31873
31868
31853
31839
31830
31826
31808
31804
31801
31797
31771
31769
31761
31761
31760
31757
31746
31744
31734
31722
31722
31719
31719
31718
31715
31703
31691
31689
31667
31651
31651
31632
31630
31624
31622
31621
31616
31612
31598
31597
31581
31578
31565
31564
31562
31555
31554
31531
31528
31524
31521
31496
31492
31480
31474
31466
31457
31445
31442
31438
31432
31431
31429
31427
31410
31405
31405
31405
31401
31401
31377
31376
31363
31349
31342
31337
31334
31324
31320
31318
31315
31310
31309
31291
31287
31265
31261
31253
31250
31241
31241
31241
31239
31232
31216
31209
31185
31184
31173
31165
31152
31125
31116
31116
31098
31093
31084
31081
31068
31061
31058
31055
31046
31044
31041
31026
31010
31005
30991
30989
30989
30985
30985
30984
30978
30972
30966
30952
30948
30947
30934
30933
30923
30908
30900
30896
30896
30891
30888
30885
30878
30873
30871
30871
30864
30862
30854
30849
30847
30840
30838
30826
30820
30818
30806
30786
30783
30779
30779
30769
30765
30751
30747
30739
30737
30733
30729
30716
30710
30707
30704
30699
30678
30675
30657
30656
30647
30644
30643
30640
30627
30626
30624
30618
30608
30607
30602
30599
30576
30557
30553
30553
30548
30540
30537
30535
30532
30523
30507
30497
30491
30484
30484
30467
30459
30447
30446
30439
30431
30429
30420
30420
30411
30411
30408
30388
30387
30383
30372
30371
30365
30364
30360
30351
30341
30335
30334
30331
30325
30315
30308
30304
30300
30297
30286
30274
30267
30265
30263
30252
30250
30243
30237
30231
30215
30199
30192
30188
30184
30184
30180
30173
30165
30154
30151
30137
30133
30122
30108
30104
30089
30087
30082
30079
30078
30064
30060
30056
30052
30049
30045
30045
30044
30042
30042
30040
30031
30028
30024
30019
30017
30002
29998
29992
29991
29989
29987
29986
29980
29978
29976
29959
29958
29948
29944
29934
29928
29927
29926
29912
29888
29886
29885
29881
29881
29866
29863
29858
29848
29837
29795
29782
29745
29743
29739
29738
29736
29734
29730
29718
29715
29712
29709
29699
29675
29670
29666
29644
29619
29589
29556
29546
29540
29539
29524
29522
29518
29515
29515
29514
29514
29511
29506
29506
29502
29501
29500
29498
29486
29483
29451
29449
29439
29427
29417
29414
29401
29400
29391
29382
29355
29344
29343
29341
29329
29325
29314
29312
29304
29301
29285
29277
29267
29243
29240
29240
29235
29231
29228
29210
29207
29206
29205
29204
29201
29199
29193
29191
29188
29183
29175
29169
29167
29146
29146
29126
29123
29116
29102
29101
29083
29077
29074
29072
29060
29055
29044
29044
29030
29030
29029
29021
28976
28975
28972
28969
28960
28959
28958
28949
28932
28917
28917
28916
28915
28913
28910
28905
28894
28890
28878
28874
28873
28870
28868
28868
28861
28855
28853
28853
28852
28845
28835
28830
28811
28810
28799
28793
28790
28788
28775
28767
28763
28756
28751
28721
28719
28715
28712
28710
28705
28702
28686
28683
28683
28632
28621
28615
28603
28595
28595
28578
28572
28555
28554
28539
28536
28533
28528
28526
28511
28507
28506
28492
28488
28475
28463
28461
28456
28455
28447
28436
28431
28426
28423
28391
28384
28383
28382
28382
28381
28377
28376
28372
28368
28361
28354
28341
28337
28328
28321
28320
28308
28305
28304
28302
28299
28299
28292
28287
28283
28281
28273
28269
28266
28262
28255
28247
28246
28246
28242
28231
28227
28215
28215
28208
28196
28188
28186
28182
28166
28164
28162
28153
28151
28148
28128
28120
28119
28108
28107
28107
28094
28088
28081
28077
28074
28067
28065
28064
28052
28049
28047
28039
28020
28019
28014
28006
28006
27989
27988
27985
27976
27974
27970
27966
27966
27960
27939
27938
27935
27934
27927
27914
27907
27906
27893
27891
27889
27888
27884
27867
27867
27861
27861
27851
27838
27826
27816
27808
27799
27798
27797
27786
27775
27775
27769
27758
27746
27724
27701
27695
27690
27689
27685
27678
27676
27661
27654
27649
27647
27644
27638
27635
27634
27620
27619
27617
27613
27609
27596
27592
27590
27582
27581
27571
27564
27563
27556
27555
27552
27545
27545
27537
27534
27529
27520
27520
27518
27511
27504
27495
27489
27474
27472
27469
27463
27458
27455
27455
27450
27445
27443
27441
27440
27439
27438
27436
27436
27436
27432
27427
27424
27419
27418
27409
27408
27404
27399
27397
27385
27376
27369
27369
27349
27339
27328
27315
27305
27299
27298
27292
27292
27292
27292
27276
27269
27226
27221
27219
27217
27205
27204
27199
27192
27191
27176
27174
27169
27163
27159
27149
27144
27139
27128
27122
27088
27079
27079
27038
27035
27006
26999
26996
26995
26983
26980
26978
26969
26968
26962
26955
26949
26948
26937
26926
26926
26920
26907
26899
26894
26885
26884
26877
26877
26872
26868
26864
26860
26854
26846
26846
26845
26834
26833
26833
26826
26811
26806
26796
26761
26760
26757
26752
26750
26726
26722
26720
26718
26714
26699
26699
26696
26692
26689
26688
26678
26676
26662
26660
26653
26648
26628
26627
26626
26613
26606
26605
26601
26583
26575
26574
26559
26558
26554
26539
26520
26509
26506
26504
26493
26484
26472
26470
26466
26465
26464
26451
26443
26440
26437
26433
26432
26422
26416
26414
26410
26409
26405
26397
26396
26389
26367
26362
26347
26341
26335
26318
26309
26303
26289
26277
26263
26252
26249
26234
26223
26202
26186
26183
26182
26178
26172
26161
26159
26157
26152
26140
26132
26131
26117
26091
26078
26067
26066
26065
26060
26052
26044
26041
26039
26033
26027
26027
26025
26008
25998
25996
25982
25977
25966
25966
25960
25946
25934
25934
25933
25921
25917
25911
25904
25900
25888
25876
25858
25843
25841
25822
25816
25815
25815
25814
25812
25797
25795
25784
25782
25774
25765
25760
25759
25759
25758
25755
25742
25741
25733
25722
25706
25694
25686
25667
25666
25659
25652
25645
25640
25639
25639
25635
25634
25628
25615
25613
25610
25600
25583
25583
25572
25569
25561
25537
25528
25520
25518
25510
25507
25506
25505
25502
25497
25472
25470
25464
25463
25457
25457
25456
25450
25436
25418
25409
25409
25392
25387
25381
25364
25359
25357
25352
25348
25342
25336
25331
25330
25327
25324
25312
25308
25268
25265
25261
25253
25253
25248
25235
25232
25228
25217
25215
25211
25211
25210
25208
25207
25205
25185
25162
25150
25126
25121
25109
25081
25078
25075
25072
25067
25065
25062
25058
25056
25053
25046
25040
25038
25038
25025
24985
24984
24981
24959
24950
24949
24945
24930
24910
24908
24905
24896
24887
24870
24869
24858
24856
24854
24854
24844
24843
24840
24820
24819
24814
24795
24794
24793
24787
24785
24785
24781
24769
24756
24749
24747
24741
24733
24714
24708
24703
24700
24697
24687
24681
24667
24656
24634
24624
24615
24611
24607
24606
24602
24599
24597
24597
24589
24589
24580
24580
24579
24579
24576
24572
24570
24559
24555
24555
24554
24550
24531
24526
24526
24511
24510
24505
24505
24499
24497
24492
24468
24448
24442
24425
24409
24404
24395
24393
24374
24373
24350
24329
24326
24313
24304
24303
24282
24272
24271
24261
24255
24251
24249
24244
24242
24234
24232
24230
24227
24195
24192
24181
24178
24177
24173
24172
24164
24161
24159
24151
24141
24139
24135
24118
24118
24109
24106
24103
24102
24098
24096
24084
24073
24071
24058
24053
24042
24034
24017
23999
23998
23996
23988
23971
23951
23945
23940
23931
23925
23894
23871
23854
23843
23830
23811
23806
23794
23791
23780
23768
23732
23721
23714
23709
23708
23701
23693
23690
23671
23663
23662
23659
23656
23648
23647
23640
23626
23609
23598
23595
23582
23580
23575
23562
23562
23560
23558
23550
23530
23518
23517
23517
23514
23509
23506
23504
23500
23497
23496
23486
23483
23480
23480
23479
23476
23468
23440
23440
23439
23434
23431
23420
23414
23403
23386
23386
23384
23373
23372
23361
23357
23345
23342
23338
23333
23331
23329
23321
23313
23312
23290
23287
23276
23257
23241
23227
23208
23205
23200
23192
23181
23173
23158
23157
23153
23142
23136
23134
23127
23102
23094
23089
23087
23086
23082
23078
23067
23055
23054
23045
23042
23037
23027
23026
23019
23000
22985
22965
22964
22964
22964
22962
22950
22948
22938
22937
22937
22931
22930
22925
22919
22912
22912
22904
22885
22883
22865
22863
22856
22848
22845
22842
22828
22826
22814
22804
22794
22776
22771
22762
22754
22744
22744
22738
22734
22732
22726
22718
22715
22712
22703
22657
22653
22652
22646
22640
22627
22615
22611
22609
22608
22592
22584
22578
22570
22570
22570
22568
22562
22559
22553
22549
22546
22536
22522
22517
22512
22511
22508
22498
22497
22489
22482
22479
22477
22466
22465
22454
22450
22442
22435
22419
22418
22408
22401
22399
22398
22392
22392
22377
22364
22355
22349
22347
22341
22340
22335
22335
22333
22327
22326
22323
22320
22312
22296
22283
22282
22279
22271
22268
22264
22262
22259
22258
22253
22226
22221
22212
22207
22193
22192
22189
22181
22165
22155
22154
22153
22149
22147
22143
22142
22134
22129
22120
22111
22110
22109
22102
22097
22093
22080
22079
22078
22068
22059
22059
22050
22035
22015
22004
21999
21998
21972
21963
21958
21945
21941
21939
21919
21914
21913
21909
21901
21887
21882
21856
21846
21842
21838
21828
21815
21814
21807
21791
21786
21781
21770
21756
21755
21728
21726
21717
21713
21706
21702
21697
21688
21672
21665
21658
21656
21631
21623
21613
21611
21610
21585
21580
21580
21573
21568
21564
21553
21539
21535
21515
21514
21510
21509
21503
21503
21501
21501
21497
21480
21463
21462
21458
21449
21448
21444
21440
21437
21437
21434
21428
21423
21420
21418
21407
21402
21391
21380
21336
21333
21324
21309
21303
21297
21292
21289
21284
21275
21260
21258
21255
21247
21236
21235
21228
21226
21217
21216
21208
21201
21190
21189
21188
21185
21182
21178
21174
21165
21160
21143
21141
21135
21131
21109
21108
21105
21101
21099
21096
21068
21036
21033
21027
21017
21011
20990
20988
20988
20971
20969
20958
20955
20952
20950
20948
20940
20936
20934
20930
20928
20926
20897
20891
20875
20862
20861
20846
20846
20843
20843
20836
20825
20817
20797
20788
20777
20771
20763
20761
20751
20749
20748
20734
20731
20722
20719
20718
20707
20706
20705
20701
20690
20681
20671
20653
20645
20643
20642
20634
20629
20623
20620
20614
20601
20601
20601
20594
20576
20570
20562
20561
20560
20556
20552
20551
20550
20550
20543
20529
20512
20495
20487
20484
20483
20475
20465
20463
20455
20455
20447
20436
20433
20426
20418
20400
20399
20392
20392
20387
20379
20378
20369
20368
20351
20341
20339
20338
20331
20329
20320
20313
20312
20309
20299
20287
20282
20282
20279
20276
20266
20261
20246
20227
20223
20221
20220
20218
20188
20185
20185
20179
20178
20164
20164
20159
20154
20150
20150
20140
20130
20117
20115
20085
20081
20078
20077
20076
20075
20074
20067
20065
20062
20062
20061
20059
20055
20044
20041
20025
20020
20019
20017
19999
19992
19983
19983
19979
19979
19975
19972
19972
19967
19958
19949
19948
19944
19935
19925
19922
19920
19916
19913
19897
19895
19883
19871
19870
19857
19842
19842
19836
19834
19834
19793
19790
19788
19782
19767
19757
19756
19755
19735
19733
19732
19729
19726
19722
19717
19715
19711
19709
19704
19704
19702
19699
19695
19692
19668
19663
19660
19660
19649
19645
19642
19632
19628
19624
19601
19594
19592
19585
19577
19553
19552
19547
19543
19541
19537
19533
19530
19528
19524
19522
19521
19520
19519
19510
19495
19493
19491
19488
19483
19461
19455
19445
19438
19437
19431
19428
19419
19397
19389
19389
19384
19381
19371
19368
19347
19334
19328
19321
19314
19314
19309
19309
19296
19291
19287
19282
19273
19260
19247
19220
19188
19187
19185
19184
19182
19178
19178
19164
19162
19153
19151
19126
19114
19106
19104
19102
19094
19093
19092
19083
19073
19072
19067
19049
19048
19043
19041
19035
19035
19027
19025
19022
19020
19017
19008
19000
18992
18991
18979
18969
18963
18961
18952
18943
18934
18930
18926
18923
18918
18892
18891
18890
18886
18878
18876
18873
18853
18853
18848
18847
18844
18839
18839
18836
18836
18835
18833
18826
18823
18801
18764
18763
18741
18730
18722
18713
18700
18699
18696
18691
18651
18646
18644
18638
18633
18632
18629
18625
18622
18613
18610
18604
18597
18597
18592
18581
18581
18568
18564
18544
18529
18527
18522
18522
18518
18506
18496
18493
18482
18481
18480
18478
18475
18474
18471
18456
18453
18448
18448
18447
18439
18430
18428
18425
18416
18416
18411
18397
18391
18386
18385
18383
18380
18377
18375
18370
18363
18361
18357
18351
18324
18324
18322
18310
18309
18307
18302
18291
18286
18282
18274
18271
18262
18258
18258
18248
18241
18232
18217
18217
18208
18206
18204
18189
18189
18188
18184
18182
18174
18173
18162
18152
18152
18147
18121
18118
18113
18111
18110
18109
18095
18094
18088
18084
18069
18063
18062
18059
18044
18037
18031
18030
18027
18018
18017
18015
18011
18005
18002
17998
17997
17993
17975
17972
17970
17963
17954
17953
17924
17914
17908
17904
17899
17890
17887
17887
17882
17877
17867
17850
17843
17836
17829
17827
17808
17802
17784
17781
17777
17776
17770
17764
17757
17755
17754
17748
17748
17744
17744
17744
17734
17726
17718
17717
17716
17714
17705
17704
17699
17697
17693
17691
17689
17678
17637
17623
17620
17619
17584
17582
17580
17575
17575
17573
17566
17564
17562
17536
17536
17533
17531
17523
17520
17506
17504
17500
17499
17496
17493
17488
17487
17485
17473
17461
17456
17450
17449
17428
17428
17416
17410
17409
17408
17406
17405
17398
17395
17386
17385
17382
17380
17372
17360
17357
17354
17352
17329
17328
17326
17323
17322
17321
17317
17315
17304
17304
17302
17299
17295
17292
17288
17287
17284
17268
17237
17228
17223
17220
17218
17210
17205
17191
17189
17187
17187
17183
17181
17179
17155
17145
17144
17143
17131
17126
17126
17122
17113
17110
17104
17095
17093
17092
17091
17087
17076
17069
17060
17057
17045
17035
17033
17030
17025
17025
17025
17024
17019
17018
17011
17004
17001
16980
16978
16971
16969
16966
16964
16962
16962
16960
16942
16936
16935
16933
16925
16916
16915
16904
16902
16901
16896
16890
16883
16879
16877
16864
16854
16853
16844
16839
16836
16833
16830
16823
16809
16791
16786
16785
16783
16767
16764
16757
16753
16737
16724
16720
16705
16700
16691
16690
16689
16676
16664
16657
16656
16649
16631
16629
16619
16597
16587
16582
16577
16554
16536
16535
16528
16523
16513
16503
16499
16499
16494
16491
16489
16487
16483
16476
16475
16469
16467
16448
16448
16429
16428
16427
16425
16422
16418
16413
16412
16399
16394
16394
16381
16374
16345
16322
16311
16305
16305
16303
16301
16300
16295
16295
16290
16282
16267
16263
16259
16238
16234
16234
16233
16181
16170
16164
16162
16156
16144
16142
16128
16124
16123
16105
16097
16086
16082
16073
16069
16068
16066
16065
16063
16051
16024
16024
16014
16012
16001
15999
15988
15979
15967
15961
15956
15952
15936
15934
15932
15923
15917
15916
15906
15896
15894
15886
15873
15854
15849
15839
15837
15824
15823
15817
15816
15813
15810
15800
15783
15775
15773
15764
15748
15727
15716
15706
15696
15695
15693
15681
15670
15668
15665
15664
15663
15661
15652
15648
15645
15644
15640
15630
15628
15624
15620
15618
15607
15598
15594
15592
15592
15591
15585
15578
15568
15555
15555
15547
15542
15537
15535
15525
15521
15520
15518
15516
15515
15515
15512
15509
15506
15481
15478
15465
15464
15458
15458
15455
15451
15450
15450
15447
15445
15441
15434
15403
15392
15388
15378
15375
15373
15354
15353
15349
15344
15342
15339
15321
15319
15314
15295
15295
15291
15289
15274
15270
15261
15256
15242
15233
15231
15229
15215
15193
15179
15177
15176
15176
15161
15141
15138
15128
15125
15114
15114
15097
15080
15071
15063
15061
15058
15040
15029
15025
15025
15019
15018
15015
15007
15005
15000
14997
14995
14985
14984
14980
14976
14973
14970
14967
14956
14952
14945
14943
14919
14917
14894
14890
14890
14884
14878
14875
14865
14861
14859
14856
14853
14838
14836
14830
14825
14812
14805
14800
14798
14788
14778
14777
14768
14764
14759
14742
14725
14689
14689
14670
14660
14658
14645
14639
14638
14637
14635
14627
14623
14622
14612
14611
14600
14590
14584
14580
14572
14564
14559
14551
14523
14523
14505
14504
14482
14481
14473
14465
14464
14461
14457
14445
14439
14431
14427
14426
14422
14418
14407
14392
14385
14377
14368
14361
14357
14353
14330
14327
14323
14322
14321
14315
14315
14299
14290
14284
14281
14267
14263
14261
14253
14248
14247
14243
14242
14234
14231
14231
14228
14221
14218
14215
14210
14210
14209
14207
14203
14198
14187
14170
14168
14164
14151
14148
14138
14134
14119
14115
14115
14114
14114
14110
14108
14101
14095
14072
14072
14067
14058
14048
14042
14034
14027
14026
14021
14018
14014
14006
14005
14002
14002
13998
13992
13990
13989
13979
13976
13962
13960
13945
13939
13939
13929
13923
13916
13916
13909
13896
13891
13886
13881
13875
13868
13848
13848
13840
13839
13837
13837
13825
13812
13786
13785
13783
13781
13777
13774
13768
13759
13758
13742
13738
13735
13734
13729
13728
13720
13699
13690
13669
13661
13649
13633
13609
13607
13601
13598
13587
13574
13560
13543
13543
13543
13536
13534
13521
13515
13504
13479
13475
13460
13437
13433
13431
13429
13423
13412
13408
13400
13390
13377
13372
13362
13337
13326
13321
13311
13305
13299
13293
13292
13283
13281
13279
13273
13267
13266
13262
13256
13256
13247
13234
13225
13224
13221
13221
13220
13211
13208
13208
13192
13187
13183
13167
13157
13151
13148
13144
13142
13137
13133
13133
13133
13115
13104
13104
13097
13096
13093
13090
13088
13084
13067
13053
13043
13034
13033
13028
13018
13015
13010
13009
12986
12986
12984
12982
12977
12973
12958
12949
12927
12918
12917
12917
12903
12892
12891
12884
12883
12873
12869
12847
12845
12835
12834
12833
12828
12827
12803
12791
12783
12780
12775
12768
12762
12757
12749
12747
12737
12729
12721
12715
12715
12707
12703
12681
12674
12671
12666
12665
12659
12651
12644
12639
12639
12634
12630
12629
12627
12624
12616
12606
12603
12599
12595
12594
12585
12580
12577
12575
12570
12570
12564
12559
12515
12515
12507
12504
12502
12501
12496
12491
12485
12471
12467
12467
12466
12461
12459
12458
12456
12456
12455
12451
12451
12441
12438
12437
12437
12435
12426
12421
12414
12407
12399
12392
12390
12388
12384
12376
12354
12346
12346
12343
12339
12335
12326
12324
12311
12304
12304
12301
12292
12291
12289
12268
12264
12259
12253
12247
12236
12234
12232
12215
12195
12193
12187
12185
12179
12159
12158
12150
12140
12134
12133
12127
12127
12126
12114
12107
12086
12083
12071
12069
12067
12061
12055
12054
12052
12038
12032
12012
12009
12003
12002
12001
11998
11966
11957
11948
11937
11923
11911
11904
11887
11885
11878
11868
11858
11849
11835
11823
11817
11802
11802
11800
11800
11790
11785
11785
11784
11778
11776
11775
11771
11769
11750
11748
11739
11735
11733
11729
11726
11725
11724
11721
11715
11709
11691
11679
11674
11671
11669
11663
11659
11656
11655
11652
11652
11649
11646
11641
11625
11619
11616
11607
11599
11592
11591
11582
11573
11570
11569
11530
11526
11513
11512
11503
11498
11494
11488
11479
11471
11464
11458
11443
11432
11427
11427
11424
11395
11393
11388
11385
11385
11373
11364
11340
11335
11335
11332
11331
11329
11327
11319
11307
11289
11284
11281
11278
11271
11260
11258
11247
11237
11226
11211
11201
11197
11196
11194
11191
11190
11186
11177
11171
11153
11153
11146
11142
11119
11119
11114
11111
11109
11105
11100
11079
11076
11072
11063
11063
11049
11049
11048
11043
11042
11039
11039
11034
11032
11029
10993
10976
10975
10958
10957
10937
10928
10920
10913
10910
10907
10906
10894
10893
10888
10884
10878
10833
10825
10815
10807
10801
10781
10779
10779
10779
10766
10755
10752
10740
10733
10733
10728
10712
10705
10702
10692
10679
10670
10670
10670
10668
10659
10639
10636
10623
10612
10611
10610
10595
10588
10568
10568
10558
10549
10547
10546
10544
10543
10538
10535
10534
10531
10528
10518
10490
10482
10480
10478
10476
10467
10463
10463
10462
10459
10457
10450
10446
10445
10439
10435
10425
10424
10420
10409
10408
10403
10394
10379
10374
10370
10370
10368
10363
10352
10351
10349
10349
10319
10318
10317
10311
10305
10295
10283
10282
10267
10256
10247
10239
10226
10219
10206
10201
10195
10191
10179
10176
10172
10165
10163
10159
10152
10151
10144
10139
10137
10129
10129
10123
10107
10102
10094
10088
10088
10083
10081
10060
10039
10012
10008
9999
9996
9991
9982
9977
9976
9974
9951
9940
9923
9920
9919
9917
9914
9906
9881
9874
9862
9862
9855
9829
9822
9816
9814
9806
9800
9792
9785
9775
9766
9766
9743
9742
9734
9729
9727
9727
9718
9711
9706
9703
9671
9670
9669
9668
9659
9652
9650
9637
9627
9623
9617
9600
9598
9590
9588
9583
9576
9570
9570
9564
9563
9547
9541
9538
9529
9526
9523
9513
9512
9510
9497
9482
9482
9473
9460
9456
9435
9420
9410
9392
9384
9384
9382
9381
9380
9380
9374
9368
9365
9364
9362
9349
9337
9330
9322
9319
9315
9299
9299
9298
9297
9292
9287
9286
9284
9278
9276
9275
9265
9262
9261
9238
9236
9235
9234
9218
9207
9188
9179
9178
9175
9158
9157
9153
9145
9139
9136
9136
9135
9124
9120
9110
9107
9073
9065
9065
9063
9058
9056
9051
9039
9034
9033
9029
9021
9016
9012
9012
9009
9008
9007
9006
9006
9003
8999
8989
8959
8957
8951
8937
8926
8925
8924
8920
8910
8908
8882
8882
8864
8863
8857
8850
8830
8821
8807
8800
8793
8775
8768
8767
8762
8760
8758
8755
8739
8738
8738
8735
8722
8718
8714
8706
8702
8689
8685
8677
8676
8658
8651
8622
8615
8609
8598
8592
8586
8571
8570
8564
8563
8548
8526
8520
8516
8503
8485
8484
8482
8481
8474
8473
8465
8460
8455
8451
8446
8439
8434
8429
8426
8422
8412
8407
8405
8405
8363
8357
8350
8346
8345
8345
8343
8337
8336
8329
8327
8317
8317
8296
8293
8289
8284
8278
8272
8267
8260
8260
8243
8240
8238
8235
8228
8218
8215
8205
8204
8201
8197
8191
8183
8183
8176
8176
8168
8131
8125
8123
8121
8111
8102
8100
8090
8082
8081
8070
8063
8062
8055
8047
8028
8027
8023
8023
8019
8016
8009
8007
8005
7995
7994
7983
7977
7957
7950
7939
7932
7929
7925
7921
7912
7908
7903
7898
7890
7887
7878
7876
7875
7875
7865
7855
7846
7843
7842
7842
7833
7831
7830
7822
7819
7817
7811
7808
7807
7804
7798
7785
7780
7776
7760
7757
7749
7749
7735
7734
7725
7718
7708
7700
7693
7679
7676
7674
7660
7659
7657
7653
7652
7651
7650
7648
7647
7644
7627
7614
7612
7605
7604
7603
7602
7600
7596
7593
7590
7588
7587
7581
7580
7580
7576
7575
7563
7552
7540
7525
7517
7513
7510
7504
7496
7491
7485
7466
7458
7443
7442
7440
7434
7432
7420
7416
7408
7396
7392
7388
7388
7382
7371
7363
7337
7335
7333
7327
7323
7313
7312
7308
7308
7280
7267
7264
7258
7257
7249
7246
7242
7232
7220
7196
7194
7191
7187
7184
7145
7143
7141
7139
7127
7121
7115
7115
7114
7103
7102
7079
7071
7066
7052
7020
7020
7013
6955
6945
6938
6919
6910
6910
6904
6897
6886
6882
6867
6860
6855
6850
6844
6841
6840
6815
6804
6803
6791
6790
6775
6769
6769
6766
6744
6743
6741
6738
6734
6726
6705
6705
6674
6670
6659
6646
6642
6634
6627
6610
6586
6582
6582
6572
6566
6562
6549
6541
6534
6527
6524
6516
6510
6510
6496
6493
6492
6489
6486
6474
6471
6469
6468
6468
6462
6461
6457
6449
6447
6437
6422
6420
6415
6411
6406
6403
6401
6382
6374
6372
6368
6366
6346
6336
6331
6327
6324
6322
6302
6295
6291
6290
6285
6275
6273
6269
6257
6255
6254
6247
6235
6234
6203
6201
6200
6198
6193
6193
6189
6188
6185
6172
6160
6158
6156
6156
6152
6149
6145
6129
6114
6112
6109
6100
6095
6093
6090
6087
6075
6074
6071
6063
6045
6043
6042
6016
6014
6013
6008
6004
5985
5980
5970
5941
5933
5932
5929
5927
5918
5915
5909
5909
5900
5886
5881
5881
5866
5846
5840
5839
5835
5825
5823
5816
5803
5798
5788
5777
5776
5775
5772
5766
5750
5748
5745
5738
5735
5734
5715
5703
5702
5701
5698
5694
5687
5687
5683
5681
5676
5653
5653
5643
5637
5630
5620
5615
5609
5606
5605
5602
5601
5599
5598
5598
5590
5586
5570
5569
5568
5564
5564
5551
5546
5530
5529
5528
5522
5522
5510
5504
5495
5493
5485
5483
5476
5463
5456
5427
5422
5419
5417
5411
5406
5404
5378
5369
5367
5352
5337
5318
5315
5307
5303
5288
5283
5271
5265
5264
5252
5236
5226
5223
5221
5214
5200
5200
5198
5193
5193
5182
5179
5178
5176
5173
5164
5156
5133
5132
5130
5125
5118
5117
5116
5110
5107
5105
5104
5104
5103
5098
5093
5080
5074
5054
5052
5021
5020
4995
4980
4976
4961
4961
4957
4949
4946
4942
4942
4941
4933
4932
4930
4929
4924
4923
4922
4914
4898
4898
4896
4891
4887
4885
4876
4874
4869
4864
4861
4851
4851
4846
4832
4831
4830
4829
4815
4814
4809
4789
4760
4760
4759
4757
4747
4736
4730
4728
4719
4711
4704
4700
4691
4674
4668
4657
4657
4655
4652
4651
4650
4650
4645
4626
4620
4609
4605
4605
4604
4602
4600
4598
4592
4573
4571
4569
4564
4558
4558
4549
4542
4539
4539
4523
4522
4511
4508
4504
4499
4498
4489
4489
4485
4473
4461
4460
4449
4440
4428
4419
4414
4411
4408
4405
4405
4397
4396
4388
4387
4379
4378
4371
4368
4364
4339
4333
4327
4326
4324
4322
4322
4317
4308
4296
4293
4288
4285
4273
4253
4249
4241
4238
4226
4225
4217
4212
4186
4184
4180
4164
4152
4143
4139
4138
4132
4110
4105
4100
4098
4089
4071
4059
4054
4044
4043
4027
4014
4010
4010
4008
3998
3994
3993
3990
3986
3976
3974
3972
3969
3969
3955
3947
3932
3930
3926
3905
3904
3903
3895
3890
3888
3885
3883
3879
3854
3853
3841
3836
3836
3827
3822
3819
3809
3797
3780
3772
3758
3755
3746
3740
3729
3727
3726
3719
3711
3709
3699
3677
3675
3667
3660
3660
3656
3651
3649
3646
3638
3612
3571
3562
3546
3545
3544
3544
3532
3515
3512
3510
3509
3508
3506
3494
3493
3481
3462
3460
3452
3449
3448
3444
3442
3435
3430
3422
3420
3416
3414
3408
3405
3400
3392
3377
3376
3366
3354
3342
3338
3329
3314
3313
3308
3302
3286
3283
3278
3265
3256
3254
3246
3221
3210
3209
3207
3202
3184
3182
3179
3164
3160
3158
3155
3147
3141
3140
3135
3116
3116
3093
3081
3081
3078
3076
3066
3061
3059
3055
3050
3050
3045
3044
3018
3014
2995
2991
2990
2990
2990
2988
2986
2982
2972
2961
2961
2961
2957
2954
2946
2946
2944
2928
2920
2916
2914
2912
2898
2887
2883
2882
2874
2867
2863
2860
2859
2857
2856
2853
2847
2838
2837
2832
2821
2817
2815
2802
2796
2795
2779
2761
2760
2744
2742
2726
2697
2694
2689
2686
2681
2669
2668
2666
2664
2657
2654
2648
2646
2613
2612
2606
2602
2568
2568
2555
2548
2534
2506
2498
2491
2488
2482
2472
2471
2466
2436
2426
2426
2418
2412
2408
2404
2396
2389
2378
2375
2371
2340
2306
2302
2281
2271
2271
2271
2271
2266
2260
2259
2234
2226
2216
2210
2208
2206
2204
2197
2182
2179
2175
2174
2173
2170
2166
2159
2153
2148
2146
2142
2134
2132
2131
2118
2111
2107
2102
2100
2097
2089
2088
2087
2082
2078
2077
2077
2067
2066
2056
2056
2052
2049
2041
2041
2040
2038
2037
2036
2023
2013
2013
2013
2010
1999
1996
1981
1963
1962
1961
1960
1943
1941
1928
1926
1923
1921
1911
1906
1886
1886
1884
1884
1878
1878
1871
1858
1855
1852
1849
1846
1841
1837
1827
1822
1815
1815
1814
1808
1801
1788
1784
1782
1781
1781
1760
1758
1749
1736
1734
1729
1727
1727
1721
1706
1705
1704
1686
1678
1675
1656
1644
1630
1619
1608
1599
1594
1594
1591
1580
1570
1562
1550
1543
1542
1528
1521
1507
1496
1495
1492
1485
1480
1460
1453
1446
1424
1420
1413
1405
1403
1387
1379
1378
1367
1356
1354
1349
1349
1349
1344
1341
1337
1333
1319
1309
1275
1269
1266
1264
1250
1244
1242
1238
1236
1230
1212
1205
1203
1201
1198
1196
1192
1172
1172
1162
1160
1128
1124
1120
1115
1112
1089
1082
1068
1060
1059
1053
1049
1039
1039
1023
1021
993
972
970
967
963
942
939
933
921
912
904
895
895
884
850
847
846
839
835
832
824
805
802
793
791
786
785
785
784
783
781
780
765
764
757
756
750
750
744
734
721
719
719
718
708
696
679
670
668
659
648
643
637
636
627
626
611
606
601
600
594
588
588
585
584
579
565
557
556
555
546
541
534
534
531
527
516
516
514
493
488
488
485
485
485
482
482
470
467
466
464
449
438
424
416
411
406
399
398
396
390
389
378
372
371
368
365
347
340
335
331
321
318
316
308
306
301
301
299
293
292
288
255
255
252
247
233
226
222
208
200
189
159
156
146
142
135
133
123
122
121
120
119
116
116
108
104
102
100
96
92
84
82
79
78
71
70
63
63
62
58
42
37
37
22
21
17
9
