22553
29025
16224
25211
4097
7693
11688
8257
9798
17204
17236
26813
16581
17635
19831
2357
7990
28274
29888
16213
27916
9537
2108
2496
14174
6378
2150
724
29859
23682
18964
28764
22707
5189
327
26804
19234
12016
11414
5384
5572
28650
2197
22153
22637
28381
24511
627
26655
24399
16840
24572
10289
25300
3420
815
1678
11922
7891
7889
5604
26856
13006
28311
8397
13333
1467
27631
1701
12881
9368
7274
17883
11565
29427
10521
9946
290
17500
6602
1042
10693
7526
11331
5993
17298
18498
14024
5572
26389
28265
11176
29597
17623
15839
7994
7309
17306
11978
9010
6540
21346
22636
24423
2911
22064
4944
19210
22354
28797
25812
23396
9490
9690
11079
21835
3340
5929
12211
15264
2319
10477
2792
8268
4452
18631
16263
11761
12289
4593
20772
18829
25939
13408
13253
5202
11824
24549
24412
10531
23346
26576
10279
9188
12618
27711
1024
22310
3640
13235
7574
12311
64
10366
20580
4517
5349
13195
16278
23991
17788
13402
19172
20079
3163
2425
1633
21339
3327
2398
1870
3025
28974
18502
12214
17945
16213
19590
10255
26205
9177
24182
14869
15594
10900
5449
20111
16250
24996
12741
10241
19136
2496
29413
15567
5659
8191
17200
3350
17870
25950
11573
27247
24925
75
15813
19222
22640
5403
5829
18845
14581
11
10066
175
10912
15515
26638
3514
16863
15731
20107
5999
24579
25872
27918
238
4063
21471
9941
28285
17421
21514
25533
18698
21589
11346
7920
20581
23102
13750
15778
14035
20113
25845
20562
7377
17712
17200
10891
4576
9283
998
16927
3863
26871
14846
10453
7286
6317
20394
11924
23738
18260
7457
18789
9849
25155
26709
6782
18257
16811
22561
2292
6925
18406
29206
14302
6118
22758
1546
17046
2042
2544
3974
12257
29415
25172
29062
13054
7841
19457
24978
1579
7717
8787
26720
23919
3942
23430
701
26914
26871
26850
26839
26819
26816
26796
26787
26779
26774
26756
26753
26724
26698
26694
26680
26674
26668
26664
26659
26646
26608
26594
26593
26570
26560
26534
26528
26510
26507
26505
26459
26437
26432
26423
26416
26414
26395
26392
26392
26389
26374
26370
26369
26357
26353
26346
26345
26339
26333
26310
26307
26279
26268
26247
26236
26206
26177
26175
26172
26169
26169
26162
26144
26127
26124
26108
26106
26101
26076
26039
26030
26026
26024
26009
25998
25989
25987
25984
25984
25984
25983
25982
25974
25973
25968
25947
25940
25933
25923
25922
25921
25904
25895
25885
25866
25854
25852
25842
25839
25837
25835
25833
25825
25822
25804
25797
25791
25784
25772
25768
25767
25766
25728
25726
25719
25710
25668
25649
25627
25621
25611
25611
25592
25590
25580
25568
25568
25553
25553
25552
25540
25522
25507
25481
25474
25465
25463
25450
25444
25433
25422
25408
25405
25319
25317
25316
25305
25256
25252
25241
25229
25228
25217
25214
25203
25192
25172
25165
25159
25157
25157
25153
25129
25129
25125
25115
25077
25071
25060
25055
25051
25046
25027
25026
25025
25012
25002
24974
24971
24967
24958
24958
24937
24883
24876
24874
24872
24860
24845
24827
24824
24817
24814
24805
24805
24802
24779
24775
24768
24766
24751
24746
24745
24742
24738
24723
24722
24721
24704
24704
24671
24635
24609
24609
24607
24604
24584
24579
24561
24561
24559
24523
24520
24509
24507
24505
24493
24489
24480
24439
24439
24429
24415
24375
24369
24323
24322
24321
24320
24307
24302
24302
24274
24270
24265
24264
24258
24255
24253
24252
24246
24245
24244
24242
24163
24140
24137
24118
24106
24088
24087
24078
24054
24052
24043
24042
24035
24025
24021
24021
24016
24014
23992
23975
23962
23961
23949
23949
23933
23921
23910
23909
23909
23901
23893
23885
23873
23865
23859
23855
23850
23847
23845
23808
23807
23804
23800
23783
23752
23732
23711
23696
23689
23668
23651
23643
23637
23615
23599
23548
23540
23540
23531
23506
23496
23481
23453
23444
23424
23416
23406
23394
23386
23377
23374
23351
23341
23297
23267
23266
23251
23247
23241
23218
23215
23194
23192
23190
23184
23163
23160
23153
23151
23139
23128
23103
23101
23096
23090
23085
23078
23075
23073
23064
23061
23057
23039
23032
23020
23019
23007
23003
22996
22990
22979
22974
22964
22942
22936
22929
22925
22903
22900
22894
22889
22875
22840
22825
22817
22807
22795
22779
22771
22765
22759
22752
22749
22743
22741
22697
22692
22685
22663
22658
22646
22634
22617
22612
22608
22603
22602
22583
22569
22550
22547
22523
22517
22513
22507
22502
22497
22496
22495
22486
22473
22466
22426
22414
22398
22395
22357
22353
22352
22351
22344
22339
22330
22329
22304
22297
22297
22296
22285
22278
22277
22276
22268
22263
22263
22257
22256
22247
22231
22225
22223
22218
22205
22194
22179
22175
22142
22126
22120
22111
22106
22106
22097
22092
22074
22073
22058
22031
22015
22012
22005
22004
21971
21961
21956
21930
21899
21895
21883
21869
21842
21834
21826
21819
21819
21805
21798
21792
21771
21769
21747
21739
21737
21728
21694
21686
21684
21678
21664
21661
21652
21642
21641
21629
21619
21613
21604
21596
21589
21575
21574
21573
21560
21558
21539
21538
21532
21532
21531
21519
21518
21516
21488
21480
21450
21437
21405
21404
21391
21386
21360
21346
21326
21324
21323
21318
21302
21284
21256
21240
21229
21215
21214
21214
21213
21213
21201
21199
21194
21190
21188
21179
21174
21155
21153
21113
21110
21082
21076
21062
21062
21044
21042
21034
21021
21018
21007
21006
21005
20993
20981
20977
20954
20940
20935
20913
20900
20893
20883
20873
20870
20864
20855
20849
20840
20840
20824
20823
20820
20801
20789
20776
20759
20748
20744
20742
20728
20720
20714
20688
20680
20669
20631
20627
20619
20616
20608
20602
20575
20573
20560
20552
20533
20518
20516
20504
20501
20495
20494
20494
20492
20481
20474
20472
20460
20457
20453
20449
20441
20433
20430
20429
20425
20425
20417
20377
20374
20365
20364
20363
20357
20356
20354
20330
20293
20288
20278
20264
20260
20244
20212
20196
20187
20168
20155
20150
20149
20130
20127
20113
20112
20065
20062
20062
20058
20054
20054
20043
20041
20024
20021
20017
20003
20001
19998
19996
19991
19991
19990
19987
19979
19962
19944
19925
19899
19893
19888
19881
19878
19861
19851
19838
19837
19763
19757
19755
19741
19735
19686
19678
19664
19650
19650
19628
19613
19610
19596
19589
19588
19568
19567
19559
19523
19509
19507
19499
19472
19469
19441
19434
19429
19415
19408
19367
19337
19311
19309
19306
19304
19292
19282
19271
19270
19241
19222
19213
19205
19201
19194
19182
19175
19171
19166
19162
19154
19135
19130
19120
19110
19094
19081
19044
19011
18984
18956
18956
18950
18918
18913
18904
18903
18895
18895
18893
18888
18861
18859
18849
18832
18832
18828
18826
18824
18808
18795
18793
18792
18782
18779
18770
18761
18759
18753
18753
18749
18741
18733
18732
18723
18700
18689
18670
18660
18647
18637
18630
18609
18603
18600
18578
18557
18552
18539
18522
18519
18514
18499
18494
18482
18478
18468
18462
18459
18437
18435
18430
18409
18404
18401
18397
18392
18374
18368
18368
18357
18325
18318
18289
18284
18269
18254
18241
18239
18229
18215
18191
18181
18179
18158
18156
18156
18152
18144
18116
18109
18093
18080
18057
18048
18046
18038
18038
18011
18007
18001
17997
17996
17989
17987
17973
17959
17953
17950
17895
17886
17886
17878
17867
17865
17853
17841
17839
17830
17830
17790
17770
17758
17753
17749
17739
17736
17731
17723
17718
17712
17689
17686
17686
17670
17666
17666
17661
17654
17652
17637
17622
17617
17609
17607
17606
17605
17584
17567
17566
17560
17558
17548
17541
17540
17539
17536
17534
17526
17524
17502
17501
17494
17470
17465
17462
17444
17433
17417
17399
17397
17373
17369
17366
17351
17348
17326
17320
17320
17309
17276
17250
17245
17242
17235
17234
17231
17222
17215
17204
17169
17164
17154
17150
17139
17137
17130
17114
17113
17093
17092
17084
17077
17052
17051
17048
17042
17026
17014
17009
17005
16999
16998
16979
16976
16975
16968
16965
16945
16944
16941
16926
16910
16907
16887
16861
16861
16851
16843
16840
16827
16825
16824
16816
16811
16799
16794
16775
16763
16758
16742
16734
16717
16671
16633
16632
16620
16620
16588
16587
16532
16502
16496
16493
16465
16457
16457
16454
16439
16422
16387
16377
16354
16341
16324
16321
16318
16303
16290
16275
16270
16270
16263
16261
16247
16236
16219
16218
16210
16195
16178
16171
16126
16123
16113
16098
16096
16079
16071
16070
16032
16031
16029
16027
16010
15997
15973
15963
15962
15961
15942
15942
15939
15932
15921
15901
15900
15896
15869
15864
15864
15851
15850
15833
15828
15803
15787
15771
15759
15734
15727
15717
15700
15676
15675
15663
15653
15627
15623
15622
15618
15616
15611
15591
15569
15567
15567
15545
15523
15521
15514
15514
15507
15485
15484
15480
15477
15476
15475
15471
15468
15453
15448
15441
15437
15427
15426
15424
15424
15399
15388
15384
15383
15381
15381
15369
15361
15359
15352
15351
15349
15348
15344
15338
15333
15306
15298
15289
15282
15281
15270
15258
15252
15250
15246
15242
15240
15219
15215
15213
15207
15193
15193
15190
15179
15179
15174
15165
15135
15130
15128
15111
15110
15088
15087
15084
15075
15074
15071
15066
15065
15025
15009
14998
14995
14990
14989
14988
14987
14970
14960
14960
14955
14948
14936
14927
14922
14897
14890
14890
14884
14880
14876
14873
14869
14860
14860
14854
14850
14830
14823
14818
14817
14814
14804
14802
14802
14798
14778
14763
14760
14753
14742
14740
14727
14719
14712
14708
14683
14679
14671
14660
14650
14632
14618
14613
14591
14584
14580
14562
14551
14547
14525
14520
14517
14498
14493
14489
14460
14453
14441
14431
14420
14366
14359
14359
14358
14349
14346
14313
14307
14283
14254
14251
14233
14230
14222
14192
14184
14179
14159
14141
14139
14128
14124
14111
14107
14082
14080
14080
14067
14058
14029
14027
14026
14022
14022
14015
14014
14008
14004
14002
13986
13980
13972
13949
13949
13949
13944
13944
13942
13929
13915
13890
13883
13873
13841
13824
13804
13803
13803
13793
13783
13783
13778
13758
13749
13717
13674
13667
13645
13635
13626
13609
13603
13597
13579
13572
13569
13559
13555
13552
13517
13516
13512
13500
13496
13496
13482
13445
13439
13437
13433
13415
13376
13355
13348
13338
13321
13294
13287
13283
13272
13270
13262
13254
13247
13246
13243
13239
13238
13226
13213
13201
13199
13181
13168
13129
13126
13124
13123
13114
13114
13098
13082
13081
13081
13080
13063
13039
13035
13007
12998
12992
12986
12966
12963
12959
12943
12940
12933
12931
12931
12920
12900
12889
12880
12877
12873
12858
12843
12804
12791
12788
12772
12766
12756
12743
12717
12698
12688
12680
12675
12658
12634
12626
12624
12607
12604
12597
12567
12561
12556
12529
12505
12501
12495
12491
12456
12428
12424
12419
12409
12385
12380
12376
12352
12302
12291
12264
12261
12259
12253
12250
12240
12229
12211
12204
12187
12179
12159
12157
12152
12127
12112
12107
12104
12096
12089
12083
12083
12079
12043
12035
12031
12007
12007
11998
11995
11993
11989
11981
11970
11968
11966
11954
11948
11938
11933
11922
11907
11905
11904
11888
11881
11873
11872
11849
11838
11828
11822
11813
11809
11798
11798
11795
11790
11772
11771
11770
11758
11753
11753
11749
11744
11743
11734
11729
11728
11718
11709
11702
11689
11689
11688
11675
11670
11669
11659
11659
11643
11638
11633
11612
11607
11594
11590
11586
11563
11560
11560
11531
11531
11522
11511
11502
11467
11464
11463
11460
11458
11450
11449
11411
11411
11404
11402
11394
11349
11339
11331
11321
11299
11289
11285
11273
11244
11234
11234
11233
11229
11229
11224
11215
11214
11213
11205
11193
11192
11183
11177
11169
11165
11158
11132
11129
11125
11104
11092
11091
11089
11085
11082
11080
11061
11050
11021
11010
11007
11005
10998
10990
10982
10953
10949
10938
10931
10921
10920
10907
10896
10893
10885
10880
10879
10872
10853
10853
10841
10774
10763
10758
10756
10693
10688
10688
10685
10681
10674
10663
10663
10648
10637
10625
10604
10601
10598
10587
10559
10554
10550
10514
10498
10492
10491
10477
10466
10465
10431
10418
10411
10386
10371
10355
10307
10300
10299
10291
10284
10275
10251
10223
10206
10188
10183
10164
10163
10148
10147
10127
10107
10107
10104
10089
10086
10086
10084
10078
10074
10057
10055
10046
10044
10044
10037
10037
10022
10008
10005
9992
9984
9980
9975
9968
9939
9939
9927
9920
9913
9900
9900
9895
9895
9891
9844
9838
9832
9825
9798
9793
9764
9755
9751
9749
9741
9731
9721
9713
9704
9697
9674
9669
9667
9666
9663
9654
9623
9598
9598
9575
9567
9558
9536
9535
9528
9520
9453
9446
9429
9423
9420
9409
9406
9397
9378
9377
9375
9362
9322
9306
9300
9293
9290
9267
9254
9245
9241
9236
9235
9200
9199
9193
9181
9164
9161
9141
9129
9128
9128
9124
9119
9113
9112
9086
9078
9075
9069
9064
9053
9044
9044
9037
9025
9023
9006
9001
8984
8974
8963
8938
8931
8930
8929
8924
8915
8910
8909
8906
8905
8892
8888
8880
8842
8833
8824
8819
8804
8789
8779
8765
8759
8747
8723
8720
8714
8694
8685
8684
8674
8670
8665
8653
8639
8631
8624
8620
8617
8614
8603
8592
8589
8580
8580
8580
8553
8531
8526
8496
8492
8489
8485
8469
8462
8461
8449
8436
8432
8425
8412
8406
8390
8380
8380
8364
8357
8344
8308
8232
8189
8178
8177
8144
8107
8102
8096
8074
8050
7999
7995
7986
7983
7980
7927
7925
7906
7906
7897
7895
7889
7888
7883
7862
7847
7846
7834
7807
7800
7793
7792
7782
7781
7751
7742
7738
7732
7723
7719
7718
7711
7688
7661
7645
7642
7632
7631
7619
7612
7589
7587
7587
7578
7577
7577
7567
7564
7560
7553
7545
7544
7539
7534
7527
7518
7516
7510
7506
7441
7416
7400
7392
7391
7379
7364
7363
7355
7351
7348
7346
7343
7342
7321
7320
7318
7305
7302
7300
7287
7276
7265
7264
7248
7244
7237
7235
7230
7220
7217
7213
7209
7208
7204
7150
7141
7113
7106
7106
7100
7072
7037
7033
7031
7023
7019
7017
7006
7004
6999
6967
6955
6949
6925
6925
6920
6904
6870
6870
6860
6858
6842
6840
6839
6837
6831
6825
6815
6813
6806
6801
6790
6787
6775
6771
6768
6750
6750
6743
6723
6710
6710
6705
6702
6702
6686
6685
6673
6668
6667
6657
6654
6654
6615
6604
6604
6599
6596
6594
6582
6569
6565
6564
6546
6538
6518
6515
6506
6502
6479
6470
6459
6434
6421
6413
6401
6388
6373
6365
6365
6352
6341
6339
6337
6335
6328
6312
6302
6281
6269
6261
6257
6248
6230
6217
6216
6211
6203
6192
6189
6179
6178
6177
6170
6169
6168
6133
6132
6108
6105
6092
6085
6077
6062
6054
6049
6045
6025
6025
6006
5964
5960
5957
5949
5941
5935
5931
5925
5921
5907
5906
5896
5881
5862
5857
5839
5835
5831
5777
5770
5767
5753
5746
5709
5705
5699
5694
5690
5677
5668
5665
5664
5657
5618
5611
5610
5609
5591
5555
5551
5546
5542
5540
5532
5521
5517
5482
5474
5473
5461
5443
5440
5436
5431
5425
5393
5376
5375
5356
5341
5337
5320
5307
5305
5293
5277
5276
5273
5270
5257
5253
5252
5248
5237
5234
5210
5209
5207
5195
5182
5171
5170
5157
5151
5151
5147
5141
5127
5118
5117
5110
5105
5095
5093
5068
5059
5057
5053
5012
5008
4991
4988
4963
4950
4947
4945
4944
4942
4941
4939
4939
4937
4929
4923
4916
4908
4894
4893
4890
4888
4883
4864
4853
4836
4827
4809
4801
4794
4756
4754
4753
4750
4744
4733
4724
4710
4708
4698
4697
4690
4685
4685
4680
4651
4644
4638
4633
4633
4624
4622
4620
4607
4589
4560
4529
4528
4505
4501
4498
4495
4477
4465
4460
4457
4451
4438
4434
4430
4420
4414
4401
4389
4374
4349
4341
4340
4333
4308
4291
4274
4263
4261
4259
4252
4251
4230
4225
4192
4182
4181
4174
4170
4169
4166
4165
4151
4143
4135
4131
4108
4106
4097
4095
4074
4068
4068
4066
4041
4040
4036
4034
4029
4014
4010
3998
3984
3981
3968
3957
3956
3951
3951
3948
3948
3941
3940
3938
3936
3924
3921
3917
3877
3871
3866
3866
3863
3862
3862
3861
3856
3853
3846
3836
3835
3833
3824
3817
3802
3801
3792
3788
3784
3775
3766
3737
3719
3712
3671
3670
3666
3659
3644
3644
3639
3634
3632
3615
3602
3601
3585
3582
3568
3557
3553
3531
3525
3521
3513
3506
3497
3476
3473
3465
3464
3441
3440
3439
3434
3430
3421
3408
3405
3398
3390
3380
3379
3373
3365
3352
3346
3336
3314
3276
3271
3253
3251
3225
3216
3208
3204
3201
3197
3173
3163
3142
3130
3122
3116
3109
3095
3084
3081
3062
3062
3056
3056
3030
2997
2990
2963
2960
2955
2947
2946
2923
2923
2896
2866
2861
2858
2833
2823
2795
2788
2770
2757
2756
2751
2743
2722
2709
2702
2695
2695
2691
2681
2679
2676
2671
2668
2662
2642
2638
2620
2617
2616
2612
2608
2606
2604
2585
2580
2549
2547
2540
2531
2524
2523
2507
2502
2498
2475
2460
2444
2441
2438
2389
2387
2367
2366
2366
2311
2298
2295
2294
2292
2290
2278
2273
2266
2261
2258
2248
2246
2243
2239
2222
2220
2208
2207
2198
2195
2194
2190
2160
2157
2152
2151
2112
2099
2092
2088
2073
2073
2070
2068
2066
2048
2044
2038
2015
2015
2014
2012
2010
2009
1996
1994
1983
1982
1981
1980
1974
1957
1948
1942
1941
1911
1894
1860
1857
1845
1838
1829
1821
1816
1802
1789
1784
1778
1764
1762
1751
1751
1726
1720
1712
1707
1704
1703
1696
1689
1685
1679
1670
1659
1614
1611
1611
1609
1600
1576
1570
1568
1566
1562
1561
1560
1559
1557
1553
1552
1541
1538
1534
1513
1502
1496
1489
1484
1484
1473
1459
1459
1431
1427
1414
1377
1376
1363
1342
1338
1336
1331
1305
1301
1292
1290
1259
1255
1254
1254
1230
1229
1229
1227
1224
1203
1180
1171
1169
1166
1166
1151
1148
1121
1113
1113
1103
1098
1089
1070
1069
1062
1037
1022
1012
1002
997
994
988
976
930
925
901
880
872
870
837
833
825
817
793
791
746
737
729
714
710
707
691
675
665
660
651
648
647
644
621
613
612
592
581
575
573
562
548
543
521
521
511
502
500
493
445
442
441
420
409
379
367
347
344
335
325
325
301
297
295
294
278
278
270
270
259
258
254
251
248
238
232
223
211
179
167
167
164
154
144
130
130
105
98
89
85
72
61
56
53
45
31
23
17
