50152
50064
21844
38683
22535
86921
19213
52104
36757
45149
34029
47211
1946
45618
26155
84337
74640
5731
2010
69412
50053
47851
68895
22074
46712
95968
86771
73120
76575
66584
11189
43079
16649
49385
98114
55536
36307
17327
23992
89416
62477
58021
52979
64423
19991
79134
65112
94632
1218
83474
80396
51271
31325
65644
89697
94390
61612
76468
67510
54539
59405
78699
13971
76054
28084
12085
47942
80743
45765
71935
70160
8242
29956
23139
89017
66300
18626
54129
77284
19844
53955
57680
87467
85281
39676
77164
79671
1289
53633
63533
72180
29390
42232
86151
5444
86668
14589
53386
83764
60354
25321
53924
84948
71630
93415
73965
54282
28393
44446
31566
64589
98401
5598
52056
34
45275
29221
96057
62916
99206
59590
51448
28596
18174
37600
50392
21195
68541
20130
4959
28895
61804
75235
30195
33434
68650
4160
4068
13396
64958
35634
77985
79711
57584
46394
96098
19211
75615
92155
82127
91173
51746
33576
36121
86272
87528
86513
7467
72421
22995
12426
17668
84799
87661
47863
34585
72664
68375
38653
2412
33333
90639
80397
29396
48224
26791
25494
67435
18758
17650
65915
9931
85748
15843
62404
72020
19723
65269
95840
92144
88265
24618
9812
73064
28632
57675
7650
1296
26050
62655
3708
75735
53295
457
21483
1519
43601
46978
68954
62359
80980
51221
88643
83080
67064
51047
71452
86787
32669
67292
78931
20934
91911
5095
10350
20543
79122
34352
38191
21524
97008
58251
97259
50303
58708
35095
68174
2309
82073
53480
81021
63053
4702
69664
62485
71766
37063
33937
74906
69732
1230
70189
7018
9493
75285
17369
30036
70759
51721
68227
92284
48729
42830
5895
15384
1538
40990
99910
20200
39415
53391
17573
18820
74445
87237
81305
62563
40652
15243
37469
26737
16473
7659
33755
25966
99296
51124
72354
86407
2846
56933
78691
67927
99763
939
99664
17653
41929
99574
54205
81345
52965
71778
165
27410
75367
97823
89974
16020
13066
43795
59109
45891
67806
92864
88209
83454
43989
60563
69862
63187
17496
48553
47466
33611
49492
47130
51264
7774
46705
5470
5471
99670
77248
5636
43433
68968
3459
33407
1340
32877
93554
60449
78768
61361
53313
66977
44815
13654
27540
14677
93193
61388
79583
40660
94999
45427
87790
62616
53201
34495
84438
58672
50518
61686
80661
93951
47006
472
43710
48346
33350
37264
8795
28470
14977
62109
11800
59793
92115
55692
90822
85309
17081
70405
25969
28432
15833
13759
91048
85386
64607
75486
44059
15125
53525
41072
25428
16883
57896
85490
65230
7598
39106
74025
36069
54084
52486
47869
13877
44602
3561
4699
29911
36994
91457
55880
65427
7290
85991
72827
92676
50598
64666
53087
82075
34543
94159
7503
51426
68408
92993
33008
76006
32100
7034
12075
2536
59520
76296
16413
4122
96210
37464
50385
33204
28921
6265
14983
52563
92257
4163
61592
59207
85181
14679
41283
19724
25191
65138
87502
93599
58132
20511
69605
6584
43897
98033
9120
3417
90681
41885
23892
86891
95701
74277
20096
40975
96895
51431
93538
89152
55594
55130
48359
40775
86162
5994
76851
27705
71133
80706
37656
45617
1217
7261
68553
45114
21646
77673
64883
90240
90237
90235
90210
90147
90146
90136
90107
90105
90095
90095
89975
89854
89829
89816
89781
89751
89749
89702
89583
89533
89471
89461
89458
89449
89434
89431
89400
89383
89368
89353
89324
89313
89306
89289
89278
89263
89259
89250
89223
89206
89205
89195
89175
89140
89139
89087
89046
89030
89021
89018
89014
89004
88971
88889
88833
88830
88809
88788
88690
88668
88658
88632
88622
88616
88608
88599
88575
88570
88557
88556
88530
88515
88487
88429
88407
88328
88310
88254
88243
88227
88215
88212
88201
88170
88167
88126
88122
88120
88112
88046
88041
88012
88004
87983
87982
87977
87916
87884
87868
87789
87784
87750
87708
87696
87681
87677
87640
87640
87618
87617
87604
87603
87589
87565
87555
87552
87550
87539
87526
87467
87460
87452
87298
87264
87263
87251
87228
87208
87202
87122
87108
87100
87071
87062
87062
87046
87041
87031
87019
87009
86997
86996
86992
86982
86892
86889
86883
86856
86856
86843
86841
86799
86775
86765
86746
86709
86647
86595
86565
86443
86436
86295
86289
86276
86274
86223
86177
86154
86150
86135
86117
86107
86092
86078
86045
86044
86006
86004
85999
85994
85977
85967
85936
85911
85892
85889
85850
85850
85836
85835
85821
85820
85790
85777
85742
85711
85704
85702
85651
85637
85630
85630
85618
85573
85567
85506
85484
85459
85453
85357
85334
85320
85312
85311
85289
85280
85230
85169
85129
85091
85060
85052
85043
85022
84981
84932
84906
84903
84855
84847
84845
84845
84821
84792
84787
84739
84725
84720
84687
84687
84668
84650
84637
84627
84625
84612
84596
84568
84550
84448
84422
84384
84383
84367
84357
84346
84345
84276
84257
84247
84242
84237
84205
84148
84135
84107
84079
84031
84019
84011
83989
83975
83968
83916
83913
83878
83875
83856
83794
83786
83775
83772
83721
83716
83702
83692
83685
83657
83647
83581
83578
83531
83512
83511
83470
83468
83443
83425
83404
83394
83297
83293
83277
83265
83236
83222
83178
83165
83161
83155
83148
83140
83022
83020
83017
83004
82987
82967
82965
82964
82962
82944
82944
82941
82939
82912
82904
82880
82878
82869
82810
82780
82753
82731
82703
82692
82617
82612
82609
82574
82548
82533
82532
82507
82484
82476
82436
82411
82383
82380
82340
82324
82320
82309
82305
82289
82289
82228
82219
82207
82173
82129
82118
82105
82079
82066
82061
82026
82025
82012
82010
82007
81998
81992
81964
81951
81932
81918
81913
81873
81867
81846
81842
81829
81827
81803
81799
81798
81794
81794
81762
81752
81719
81710
81690
81683
81674
81660
81636
81616
81576
81558
81523
81520
81501
81498
81474
81461
81448
81432
81429
81429
81408
81391
81368
81366
81362
81343
81311
81301
81286
81279
81264
81132
81082
81078
81073
81073
81019
81005
80990
80979
80953
80914
80903
80884
80856
80829
80824
80773
80772
80760
80734
80720
80691
80656
80642
80632
80555
80555
80540
80540
80530
80529
80504
80501
80440
80409
80370
80364
80364
80359
80294
80252
80248
80218
80193
80188
80136
80097
80088
80087
80082
80081
80058
80053
80046
80036
80030
80010
79993
79974
79968
79938
79924
79859
79858
79856
79854
79852
79842
79836
79829
79786
79749
79725
79680
79660
79659
79619
79586
79584
79565
79545
79539
79512
79498
79479
79474
79460
79456
79423
79404
79351
79338
79319
79277
79275
79272
79267
79258
79231
79222
79218
79218
79158
79125
79117
79114
79096
79050
79029
79009
79002
78986
78946
78940
78937
78877
78876
78875
78874
78852
78837
78818
78818
78807
78805
78801
78786
78784
78773
78750
78748
78719
78695
78694
78666
78655
78646
78643
78631
78623
78618
78581
78569
78547
78543
78540
78538
78491
78481
78473
78467
78458
78437
78417
78403
78386
78361
78348
78298
78264
78239
78208
78192
78145
78119
78086
78072
78043
78017
77980
77967
77941
77934
77905
77892
77833
77757
77754
77730
77706
77692
77662
77637
77597
77582
77554
77498
77492
77473
77419
77414
77402
77396
77387
77358
77346
77339
77335
77329
77272
77247
77235
77233
77191
77189
77187
77177
77167
77143
77106
77103
77074
77050
77011
76977
76970
76969
76950
76948
76927
76924
76913
76893
76891
76881
76875
76871
76848
76810
76803
76796
76772
76735
76712
76697
76695
76691
76670
76631
76620
76575
76553
76552
76552
76540
76526
76508
76508
76504
76479
76461
76453
76429
76405
76394
76391
76377
76371
76327
76313
76251
76239
76219
76217
76209
76209
76184
76165
76122
76095
76076
76034
76026
76024
76006
75996
75994
75992
75980
75940
75936
75921
75917
75913
75851
75819
75750
75732
75729
75727
75680
75663
75657
75625
75578
75574
75555
75540
75531
75527
75519
75466
75465
75464
75463
75454
75451
75449
75446
75427
75412
75402
75337
75323
75295
75253
75238
75187
75151
75109
75096
75087
75072
75066
75057
75057
74988
74987
74956
74946
74938
74893
74869
74860
74858
74838
74824
74823
74805
74801
74781
74766
74732
74687
74628
74611
74580
74541
74535
74525
74509
74505
74487
74484
74468
74462
74392
74377
74367
74317
74313
74310
74306
74291
74282
74279
74257
74238
74226
74214
74210
74170
74113
74081
74074
74054
73991
73973
73927
73893
73871
73866
73844
73821
73781
73764
73752
73677
73652
73650
73638
73622
73587
73573
73571
73569
73451
73430
73427
73385
73379
73320
73290
73281
73279
73273
73244
73236
73232
73227
73219
73218
73199
73189
73176
73170
73169
73134
73117
73117
73097
73057
73057
73047
73018
73016
73002
72948
72945
72933
72932
72930
72925
72917
72900
72885
72842
72808
72808
72764
72755
72732
72728
72679
72610
72587
72584
72583
72563
72561
72519
72500
72480
72454
72436
72393
72384
72330
72220
72213
72192
72187
72167
72160
72106
72088
72068
72064
72054
72052
71965
71953
71948
71924
71913
71845
71822
71784
71766
71755
71734
71679
71646
71624
71611
71605
71595
71583
71575
71575
71539
71458
71448
71443
71441
71380
71366
71312
71306
71306
71287
71277
71212
71201
71163
71158
71150
71148
71112
71111
71016
71005
70988
70977
70971
70947
70941
70930
70928
70925
70891
70871
70860
70808
70802
70801
70760
70757
70755
70736
70719
70713
70684
70680
70648
70648
70597
70592
70590
70580
70554
70533
70452
70443
70442
70441
70429
70389
70295
70293
70292
70278
70235
70201
70195
70192
70185
70162
70146
70124
70088
70083
70032
70007
69998
69974
69972
69929
69928
69917
69915
69909
69901
69850
69796
69765
69762
69761
69744
69736
69729
69717
69692
69678
69676
69672
69667
69650
69635
69622
69587
69584
69574
69522
69494
69463
69368
69366
69365
69352
69346
69300
69289
69269
69250
69230
69227
69211
69206
69191
69188
69182
69173
69159
69142
69129
69128
69123
69112
69111
69058
69056
69051
69026
69018
69009
68966
68906
68897
68890
68889
68886
68872
68870
68838
68809
68778
68763
68662
68643
68571
68566
68560
68541
68524
68507
68500
68464
68444
68440
68433
68418
68400
68338
68322
68292
68290
68257
68253
68228
68205
68202
68200
68132
68106
68056
68031
68009
68009
68004
67995
67938
67928
67902
67878
67867
67862
67832
67817
67817
67795
67786
67786
67773
67769
67760
67730
67649
67648
67619
67602
67566
67565
67521
67505
67500
67488
67488
67485
67474
67468
67467
67456
67436
67431
67417
67416
67405
67401
67394
67354
67328
67307
67301
67285
67284
67269
67254
67248
67234
67222
67216
67215
67125
67091
67089
67078
67062
67038
67018
67010
66947
66940
66886
66860
66855
66846
66829
66819
66818
66797
66778
66767
66745
66743
66664
66663
66624
66511
66509
66496
66483
66421
66414
66391
66381
66358
66326
66307
66303
66285
66263
66252
66204
66203
66203
66203
66203
66188
66175
66167
66156
66148
66143
66068
66056
66051
66040
66038
66034
66023
66001
65997
65970
65934
65927
65888
65849
65773
65754
65709
65707
65700
65661
65653
65646
65616
65606
65598
65598
65562
65550
65543
65541
65510
65485
65480
65436
65426
65425
65390
65387
65385
65338
65336
65288
65282
65258
65252
65219
65212
65208
65148
65143
65073
65032
64998
64961
64933
64877
64822
64761
64746
64727
64722
64705
64676
64634
64613
64610
64609
64562
64558
64515
64461
64448
64439
64407
64385
64372
64319
64313
64311
64295
64294
64288
64287
64283
64236
64225
64217
64182
64181
64177
64165
64119
64097
64090
64083
64039
64031
64018
64002
63985
63975
63972
63947
63947
63884
63866
63849
63838
63810
63787
63758
63732
63707
63663
63648
63646
63623
63622
63597
63555
63538
63502
63492
63477
63434
63420
63415
63352
63347
63346
63337
63322
63288
63228
63223
63202
63134
63094
63077
63047
62991
62986
62981
62969
62946
62944
62933
62925
62917
62899
62891
62871
62862
62859
62845
62804
62781
62741
62736
62677
62663
62652
62650
62649
62554
62531
62519
62507
62506
62505
62496
62496
62452
62451
62424
62423
62413
62411
62403
62400
62386
62308
62277
62257
62201
62198
62197
62196
62191
62146
62146
62144
62139
62138
62129
62111
62110
62086
62069
62057
62019
62004
61998
61964
61963
61961
61953
61948
61944
61914
61881
61880
61876
61868
61843
61842
61835
61812
61811
61788
61758
61758
61741
61727
61725
61715
61706
61702
61688
61682
61599
61587
61587
61549
61547
61520
61512
61492
61478
61430
61415
61376
61354
61321
61297
61293
61263
61253
61229
61174
61161
61158
61143
61133
61132
61130
61117
61109
61100
61093
61068
61000
60931
60860
60844
60843
60839
60773
60772
60763
60751
60743
60742
60727
60709
60696
60694
60678
60666
60660
60649
60642
60641
60625
60564
60546
60536
60513
60472
60400
60364
60296
60197
60190
60152
60135
60130
60120
60113
60107
60084
60054
60045
60029
59999
59953
59911
59908
59896
59873
59819
59819
59807
59752
59732
59687
59592
59590
59573
59566
59552
59533
59532
59502
59500
59477
59442
59420
59383
59342
59337
59335
59314
59290
59253
59232
59230
59218
59212
59202
59189
59174
59117
59083
59076
59073
59054
59045
59021
58983
58965
58933
58896
58874
58871
58852
58819
58798
58789
58788
58787
58776
58776
58772
58756
58740
58734
58729
58719
58709
58683
58681
58663
58633
58621
58602
58589
58582
58581
58523
58514
58498
58466
58419
58418
58412
58348
58298
58271
58268
58240
58237
58236
58233
58214
58207
58149
58112
58091
58067
58063
58033
58031
58007
57973
57966
57938
57867
57851
57851
57843
57841
57796
57762
57745
57743
57734
57694
57681
57668
57663
57645
57619
57615
57607
57489
57487
57479
57433
57423
57417
57413
57400
57394
57392
57348
57346
57346
57337
57317
57304
57299
57291
57275
57225
57213
57200
57189
57177
57099
57086
57069
57010
57008
56955
56934
56852
56817
56814
56797
56760
56743
56703
56700
56697
56676
56664
56592
56585
56543
56532
56526
56498
56474
56460
56403
56390
56383
56346
56337
56322
56316
56300
56294
56290
56251
56218
56203
56187
56171
56152
56131
56122
56090
56064
56036
56031
56030
56014
56014
55994
55971
55956
55925
55903
55880
55818
55800
55793
55789
55787
55783
55733
55732
55696
55695
55664
55618
55576
55563
55560
55535
55509
55506
55467
55440
55438
55434
55396
55382
55372
55351
55349
55304
55291
55286
55278
55249
55230
55223
55217
55187
55183
55148
55122
55066
55061
55060
55057
55054
55045
55023
55001
54971
54970
54929
54923
54922
54889
54857
54842
54840
54800
54756
54747
54730
54671
54598
54586
54576
54527
54517
54507
54482
54441
54405
54366
54342
54302
54275
54268
54256
54230
54153
54148
54115
54102
54078
54066
54059
54058
54053
54040
54027
54006
53997
53964
53884
53833
53803
53799
53797
53785
53777
53746
53716
53698
53653
53616
53585
53569
53522
53517
53480
53474
53468
53449
53430
53422
53419
53416
53369
53312
53291
53219
53194
53174
53135
53133
53129
53114
53098
53089
53066
53005
52962
52956
52939
52861
52836
52823
52818
52785
52785
52772
52711
52687
52679
52670
52643
52555
52548
52546
52515
52498
52481
52461
52430
52416
52397
52391
52341
52316
52272
52272
52268
52208
52187
52185
52175
52148
52131
52072
52048
51983
51896
51879
51845
51845
51841
51770
51765
51759
51705
51697
51683
51680
51675
51659
51659
51657
51623
51615
51615
51565
51547
51532
51524
51512
51510
51505
51504
51481
51361
51351
51336
51323
51273
51249
51211
51201
51172
51122
51106
51099
51084
51082
51057
51029
51029
51028
51018
51007
50987
50952
50951
50924
50916
50824
50778
50769
50763
50739
50737
50728
50696
50693
50659
50624
50610
50526
50519
50501
50498
50464
50452
50442
50431
50404
50385
50337
50289
50201
50169
50157
50151
50145
50119
50097
50093
50083
50062
50059
50059
50056
50053
50050
50030
49985
49976
49960
49950
49922
49918
49866
49862
49859
49854
49840
49831
49831
49802
49784
49769
49730
49730
49723
49722
49684
49667
49626
49600
49577
49562
49548
49457
49456
49455
49451
49428
49415
49407
49393
49383
49362
49361
49344
49328
49321
49308
49295
49264
49253
49249
49239
49235
49232
49201
49167
49164
49128
49110
49074
49062
49045
49020
48991
48991
48977
48951
48887
48875
48864
48830
48767
48759
48742
48736
48679
48659
48635
48592
48576
48559
48552
48544
48520
48467
48458
48457
48452
48433
48390
48352
48288
48249
48181
48171
48107
48106
48097
48089
48035
48014
48007
48003
47947
47933
47916
47905
47886
47882
47833
47829
47774
47742
47713
47694
47677
47667
47664
47647
47620
47610
47604
47579
47570
47563
47528
47495
47475
47450
47410
47407
47395
47392
47368
47318
47294
47252
47251
47191
47163
47158
47106
47091
47073
47063
47027
47014
47002
46996
46978
46974
46963
46956
46927
46875
46855
46843
46813
46783
46780
46776
46763
46724
46718
46712
46667
46628
46593
46565
46565
46561
46554
46539
46531
46527
46506
46495
46493
46488
46486
46435
46410
46385
46349
46332
46316
46309
46299
46294
46291
46281
46270
46259
46219
46177
46165
46163
46147
46142
46138
46125
46110
46109
46074
46062
46053
46010
45999
45993
45974
45966
45955
45924
45888
45869
45834
45829
45809
45735
45729
45691
45651
45643
45606
45582
45570
45568
45473
45458
45377
45365
45271
45222
45203
45195
45178
45170
45160
45126
45125
45089
45033
44948
44926
44899
44885
44876
44876
44852
44757
44747
44711
44667
44663
44617
44616
44615
44576
44508
44504
44453
44436
44424
44394
44380
44375
44370
44340
44321
44311
44311
44290
44242
44196
44187
44171
44158
44123
44117
44115
44072
44044
44016
44002
43966
43948
43890
43888
43884
43861
43841
43817
43797
43787
43783
43771
43767
43736
43734
43723
43711
43696
43694
43639
43638
43614
43589
43577
43574
43467
43425
43413
43391
43384
43372
43362
43319
43319
43301
43289
43273
43269
43240
43238
43235
43206
43133
43070
43066
43035
42981
42951
42940
42922
42916
42903
42898
42874
42871
42865
42849
42847
42838
42825
42807
42779
42772
42748
42744
42721
42719
42714
42644
42642
42628
42625
42619
42593
42588
42566
42561
42508
42499
42494
42437
42436
42433
42420
42408
42398
42384
42363
42329
42310
42269
42264
42232
42204
42204
42187
42183
42167
42155
42142
42101
42101
42096
42096
42075
42072
42033
42019
42014
42010
42009
41991
41990
41982
41954
41912
41900
41884
41876
41811
41782
41766
41747
41716
41714
41708
41695
41693
41686
41681
41652
41631
41626
41607
41605
41601
41586
41562
41561
41551
41506
41494
41493
41486
41481
41478
41452
41447
41381
41344
41343
41330
41327
41309
41302
41295
41200
41199
41160
41131
41118
41108
41091
41072
41056
41025
41018
41009
40983
40978
40950
40943
40941
40895
40878
40859
40853
40804
40797
40780
40758
40752
40731
40698
40695
40640
40588
40548
40531
40522
40496
40470
40451
40412
40369
40362
40344
40291
40276
40247
40246
40242
40205
40204
40181
40170
40159
40150
40148
40114
40077
40075
40069
40063
39987
39960
39953
39945
39920
39920
39913
39903
39894
39886
39883
39866
39842
39840
39836
39827
39815
39781
39751
39725
39714
39713
39691
39604
39584
39575
39557
39506
39491
39491
39490
39487
39452
39420
39402
39362
39348
39323
39317
39279
39262
39231
39225
39203
39199
39198
39187
39179
39141
39132
39118
39100
39097
39083
39025
39022
38999
38998
38980
38971
38948
38936
38921
38903
38891
38857
38848
38813
38800
38783
38758
38754
38739
38725
38724
38721
38695
38689
38683
38638
38591
38585
38574
38516
38423
38408
38399
38389
38357
38352
38324
38311
38300
38296
38285
38280
38270
38270
38268
38260
38209
38207
38192
38190
38186
38183
38169
38146
38125
38088
38070
38064
38064
38047
38035
38027
38017
37985
37962
37954
37910
37817
37799
37777
37752
37750
37722
37708
37703
37696
37664
37618
37603
37586
37570
37564
37481
37475
37440
37435
37428
37386
37385
37379
37379
37366
37292
37280
37249
37223
37199
37190
37157
37135
37096
37086
37070
37064
37063
37060
37045
37038
37018
36994
36946
36939
36920
36919
36913
36903
36893
36854
36834
36827
36810
36802
36758
36742
36723
36720
36718
36659
36640
36623
36574
36535
36523
36516
36507
36501
36495
36483
36471
36463
36438
36409
36399
36371
36275
36244
36200
36175
36145
36139
36100
36078
36072
35996
35993
35935
35915
35892
35886
35851
35840
35830
35810
35803
35803
35788
35782
35769
35731
35718
35693
35678
35666
35655
35654
35645
35629
35626
35603
35575
35537
35508
35496
35442
35431
35403
35356
35341
35304
35255
35243
35216
35209
35174
35173
35153
35128
35109
35099
35098
35091
35088
35076
35069
35058
35034
35016
34964
34958
34931
34930
34912
34901
34869
34864
34849
34790
34785
34764
34762
34743
34731
34727
34725
34717
34706
34648
34619
34570
34501
34473
34425
34388
34383
34378
34327
34276
34274
34272
34251
34246
34228
34209
34202
34173
34165
34163
34150
34144
34138
34102
34094
34084
34082
34055
34031
33981
33968
33962
33956
33939
33907
33894
33878
33847
33748
33738
33720
33711
33704
33686
33682
33649
33649
33630
33630
33625
33618
33607
33568
33537
33523
33474
33439
33418
33390
33333
33331
33325
33323
33274
33267
33226
33210
33200
33188
33179
33172
33106
33102
33069
33066
33034
33003
32954
32939
32920
32906
32850
32839
32837
32825
32814
32805
32787
32787
32753
32752
32712
32698
32693
32619
32602
32577
32530
32524
32473
32471
32428
32427
32410
32406
32403
32392
32361
32356
32349
32218
32209
32192
32160
32141
32124
32108
32076
32058
32050
32047
32032
32000
31965
31951
31939
31919
31909
31896
31869
31860
31857
31842
31834
31769
31765
31740
31719
31712
31693
31687
31680
31644
31643
31585
31580
31553
31532
31492
31481
31445
31436
31421
31412
31391
31331
31322
31319
31307
31288
31285
31273
31253
31215
31200
31196
31188
31160
31143
31079
31059
31049
31027
30994
30972
30956
30950
30950
30938
30936
30909
30873
30787
30786
30783
30782
30676
30663
30661
30600
30571
30556
30535
30514
30503
30502
30485
30474
30453
30437
30430
30417
30389
30389
30383
30383
30360
30355
30338
30164
30158
30118
30050
30038
30009
30007
29976
29917
29877
29864
29852
29838
29832
29831
29791
29784
29768
29754
29753
29739
29735
29717
29713
29691
29666
29624
29603
29586
29568
29548
29539
29530
29524
29493
29474
29472
29463
29385
29346
29346
29239
29223
29212
29201
29132
29017
29005
28977
28970
28969
28947
28871
28871
28803
28798
28781
28772
28770
28725
28711
28684
28613
28610
28581
28560
28503
28503
28494
28489
28436
28376
28374
28371
28358
28352
28349
28345
28325
28318
28269
28242
28240
28238
28237
28231
28204
28164
28152
28151
28121
28094
28068
28051
27990
27976
27942
27884
27858
27854
27836
27819
27806
27789
27781
27739
27734
27718
27715
27714
27692
27664
27663
27651
27648
27637
27548
27548
27544
27525
27501
27499
27430
27403
27399
27389
27388
27351
27325
27297
27288
27282
27267
27261
27251
27239
27212
27199
27190
27155
27149
27125
27123
27105
27099
27035
26993
26940
26940
26924
26900
26890
26867
26852
26830
26797
26746
26729
26725
26723
26666
26639
26614
26612
26609
26605
26592
26573
26569
26566
26566
26510
26481
26478
26475
26459
26449
26422
26418
26402
26385
26373
26359
26294
26280
26264
26246
26231
26218
26153
26148
26148
26122
26122
26097
26085
26060
26059
26054
26025
26002
25984
25972
25969
25951
25939
25929
25924
25922
25914
25908
25889
25883
25863
25806
25804
25794
25792
25757
25718
25694
25690
25659
25651
25604
25557
25554
25493
25491
25446
25429
25428
25427
25413
25399
25301
25298
25298
25261
25230
25228
25202
25193
25165
25151
25142
25123
25094
25081
25074
25063
25036
25031
24974
24963
24948
24926
24910
24901
24852
24852
24833
24789
24785
24764
24759
24727
24685
24655
24650
24636
24627
24563
24554
24545
24535
24478
24475
24440
24431
24402
24397
24377
24361
24335
24274
24231
24226
24218
24215
24213
24186
24182
24181
24175
24159
24095
24089
24077
24062
24060
24049
24018
23990
23985
23974
23945
23943
23896
23865
23814
23757
23745
23733
23717
23619
23616
23568
23546
23508
23492
23426
23305
23290
23284
23268
23261
23260
23243
23218
23169
23140
23139
23125
23122
23086
23076
23061
23040
23012
22999
22998
22916
22916
22909
22856
22837
22813
22790
22774
22705
22666
22655
22648
22644
22643
22634
22614
22610
22604
22527
22470
22466
22456
22447
22427
22413
22378
22372
22353
22341
22296
22293
22289
22241
22235
22229
22212
22207
22198
22187
22157
22146
22132
22128
22127
22108
22104
22095
22094
22092
22089
22088
22076
22076
22053
22034
22031
22028
22020
22008
21985
21983
21968
21919
21917
21899
21888
21875
21784
21768
21756
21722
21712
21702
21675
21672
21672
21614
21599
21581
21533
21527
21527
21498
21497
21495
21474
21461
21413
21386
21385
21356
21296
21282
21279
21242
21240
21233
21222
21213
21203
21197
21090
21084
21049
21045
21020
21015
20999
20990
20988
20978
20951
20934
20900
20894
20889
20862
20838
20793
20786
20710
20707
20678
20635
20609
20576
20564
20498
20484
20475
20473
20472
20428
20417
20401
20398
20398
20396
20383
20376
20364
20332
20330
20309
20305
20267
20262
20256
20205
20184
20099
19996
19964
19945
19910
19874
19871
19821
19781
19733
19686
19661
19654
19612
19581
19567
19550
19537
19537
19532
19528
19525
19519
19485
19478
19474
19417
19414
19392
19391
19368
19361
19354
19345
19342
19335
19333
19310
19302
19301
19294
19288
19272
19252
19241
19232
19230
19195
19192
19174
19154
19118
19082
19069
19058
19054
19008
18953
18944
18937
18921
18902
18829
18810
18806
18794
18754
18748
18742
18733
18706
18691
18673
18659
18624
18606
18581
18576
18549
18545
18535
18524
18521
18508
18506
18506
18488
18451
18441
18430
18427
18368
18341
18340
18303
18273
18263
18250
18242
18242
18242
18217
18207
18196
18182
18147
18146
18108
18096
18094
18080
18032
18025
18006
17945
17845
17835
17834
17826
17796
17738
17722
17696
17695
17626
17602
17550
17544
17520
17518
17481
17475
17471
17448
17418
17417
17395
17376
17367
17341
17255
17232
17226
17220
17205
17203
17188
17169
17039
17033
17030
17018
17000
16996
16912
16901
16885
16885
16870
16845
16825
16775
16764
16737
16725
16716
16699
16682
16664
16624
16623
16614
16614
16589
16576
16564
16550
16548
16543
16532
16511
16456
16350
16345
16342
16336
16325
16307
16286
16247
16244
16235
16230
16203
16197
16153
16125
16104
16079
16065
16043
16039
16031
16018
16003
16003
15996
15985
15983
15981
15971
15948
15916
15877
15873
15856
15855
15818
15809
15790
15772
15735
15723
15701
15664
15661
15643
15622
15612
15606
15599
15598
15597
15592
15560
15541
15507
15473
15468
15434
15417
15396
15395
15328
15239
15234
15218
15174
15168
15151
15125
15119
15089
15088
15038
15037
14985
14980
14974
14954
14952
14909
14906
14870
14867
14867
14867
14855
14848
14848
14840
14839
14838
14809
14775
14742
14726
14708
14670
14650
14619
14618
14596
14593
14589
14588
14583
14571
14565
14559
14552
14542
14529
14510
14490
14486
14480
14478
14477
14466
14465
14449
14442
14416
14382
14347
14304
14280
14276
14226
14212
14188
14140
14122
14097
14088
14082
14081
14074
14069
14063
14054
14053
14040
14037
14022
13997
13934
13910
13903
13900
13899
13883
13881
13857
13849
13839
13821
13804
13794
13765
13758
13716
13701
13696
13690
13690
13688
13672
13661
13637
13635
13625
13618
13604
13595
13579
13538
13533
13500
13493
13470
13425
13421
13409
13333
13316
13311
13255
13249
13245
13236
13206
13198
13180
13167
13158
13148
13147
13056
13051
13041
13033
13002
12949
12933
12924
12895
12884
12876
12874
12859
12850
12767
12753
12751
12717
12706
12706
12705
12688
12659
12635
12617
12606
12596
12571
12553
12541
12508
12494
12431
12369
12366
12340
12313
12270
12269
12267
12263
12224
12197
12195
12159
12148
12128
12081
12055
12041
12040
12034
12008
11985
11984
11930
11898
11847
11842
11751
11747
11734
11730
11723
11715
11706
11700
11700
11698
11687
11668
11616
11578
11569
11555
11553
11542
11520
11503
11488
11487
11468
11450
11447
11444
11441
11383
11329
11312
11302
11290
11264
11247
11211
11179
11170
11151
11122
11115
11084
11081
11052
11026
11026
11000
10992
10948
10939
10939
10922
10908
10897
10896
10881
10875
10868
10853
10850
10840
10738
10731
10722
10713
10676
10668
10652
10618
10609
10598
10587
10573
10555
10545
10513
10509
10498
10494
10486
10458
10443
10406
10405
10391
10388
10358
10356
10324
10319
10292
10288
10280
10257
10250
10247
10243
10221
10215
10211
10205
10185
10142
10121
10114
10089
10082
10063
10027
10003
9991
9943
9917
9915
9911
9877
9844
9826
9808
9777
9777
9758
9749
9748
9722
9698
9682
9673
9637
9612
9589
9544
9543
9543
9533
9490
9477
9444
9436
9413
9400
9398
9362
9361
9337
9330
9305
9272
9261
9252
9212
9190
9181
9126
9105
9091
9087
9083
9081
9077
9058
9051
9041
9000
8948
8942
8918
8899
8838
8782
8778
8775
8716
8681
8659
8658
8628
8623
8613
8554
8535
8521
8498
8496
8489
8475
8463
8442
8427
8380
8361
8342
8307
8299
8296
8273
8223
8220
8213
8159
8155
8149
8148
8137
8136
8124
8077
8052
8030
7958
7930
7874
7873
7863
7807
7805
7799
7676
7648
7632
7587
7565
7551
7547
7542
7526
7522
7511
7507
7502
7497
7494
7472
7410
7408
7386
7365
7362
7360
7290
7276
7269
7255
7237
7198
7154
7146
7141
7136
7135
7128
7116
7100
7090
7080
7078
7037
7035
7033
7024
6939
6889
6865
6839
6838
6834
6803
6798
6794
6729
6717
6709
6704
6696
6681
6669
6664
6647
6614
6578
6564
6546
6545
6531
6528
6456
6424
6417
6387
6382
6350
6342
6310
6302
6284
6266
6262
6262
6258
6229
6227
6217
6216
6205
6202
6199
6180
6172
6161
6141
6140
6128
6123
6119
6105
6082
6060
5999
5996
5968
5966
5965
5958
5891
5870
5841
5838
5837
5796
5758
5729
5725
5718
5701
5696
5690
5689
5647
5647
5640
5633
5582
5543
5527
5501
5488
5472
5469
5452
5437
5404
5400
5394
5391
5360
5360
5351
5324
5272
5192
5180
5135
5100
5092
5069
5059
5059
5012
5008
4917
4908
4839
4835
4828
4795
4775
4769
4740
4735
4722
4720
4715
4695
4654
4635
4633
4616
4594
4585
4548
4541
4533
4532
4515
4508
4500
4496
4469
4463
4458
4449
4432
4432
4426
4420
4418
4392
4344
4334
4289
4234
4223
4207
4196
4170
4168
4145
4145
4140
4117
4098
4075
4073
4061
4050
4019
4012
3982
3974
3959
3951
3948
3935
3927
3913
3911
3910
3895
3894
3842
3821
3812
3791
3693
3676
3662
3660
3657
3508
3486
3459
3450
3442
3438
3427
3412
3396
3385
3367
3362
3355
3329
3286
3266
3257
3227
3224
3218
3195
3173
3153
3140
3138
3124
3122
3116
3114
3103
3073
3072
3067
3058
3035
3032
3010
2996
2975
2957
2956
2919
2910
2907
2897
2856
2855
2790
2790
2753
2750
2733
2673
2657
2628
2616
2592
2581
2559
2557
2514
2514
2504
2491
2469
2429
2405
2388
2315
2279
2260
2232
2228
2218
2216
2204
2198
2193
2164
2138
2133
2088
2087
2056
2046
2041
2006
2002
1990
1966
1942
1927
1922
1829
1825
1787
1737
1736
1727
1726
1700
1666
1638
1618
1557
1526
1512
1504
1493
1482
1452
1409
1404
1370
1339
1330
1324
1308
1294
1291
1264
1253
1222
1183
1183
1136
1133
1088
1083
1064
1060
1021
1019
1000
964
859
843
816
806
801
687
657
646
623
601
590
586
582
569
510
502
491
459
427
394
384
374
332
315
291
268
264
251
237
230
216
178
169
146
139
130
87
50
