28250
12804
23829
476
12505
16612
10172
18229
1268
3731
20913
24256
82
24880
3979
21592
2854
11106
24821
7445
9696
2975
19814
14939
2036
19467
18178
12265
18225
17944
25292
22827
7101
19121
29656
19606
5734
9828
14188
7002
13559
5101
1258
19993
6333
11590
11585
9188
22696
12759
16633
2392
15734
6447
23683
17770
2266
11861
36
20491
6158
25328
19671
19611
14449
19327
9217
26535
5507
23405
3538
19066
4859
11148
15411
11192
29090
3348
20380
21786
16107
7013
530
1842
19813
24214
25964
28431
12427
2352
18923
24937
27680
14946
14548
18482
4273
118
15017
9780
23523
24907
5198
28382
12408
20609
9575
11498
23957
6307
9637
10065
13321
10167
18259
9486
10733
20575
7917
23161
22928
3192
24450
26960
18138
8999
21794
28763
9117
13164
14895
8992
8071
20093
13727
26831
17054
29654
14682
11012
5961
24319
27429
25634
10838
22040
11472
21572
12615
19390
14733
11895
28934
9183
8856
17073
24534
650
22188
10003
13814
7084
18996
28238
27177
9075
1421
20584
8729
16103
1596
21042
16774
5377
16677
27613
3769
28149
19185
22736
23891
10270
4632
22826
25805
19840
16251
20340
26842
8439
6695
17009
21875
25691
21599
25405
11118
23020
15989
19847
15476
23937
10890
2250
5666
3919
29863
9435
8420
19048
8523
2312
5670
13155
1490
1476
9347
17741
28168
12542
2532
4863
29551
760
6907
27502
26165
18025
20522
12154
7873
12350
12443
25115
14601
18109
29034
20816
27544
7454
16217
6067
16118
21887
25575
17608
23363
11274
11701
21531
23816
20586
2747
29719
21346
9654
27221
17511
27679
24096
6017
11904
6446
18460
7019
21047
6569
12405
11864
10465
26212
28081
22884
12330
26320
18459
6291
19684
6086
17992
17567
29902
8578
26666
29622
29924
6320
3195
23787
4000
27291
6156
15904
3738
968
29276
1137
7537
11681
19353
24354
7893
23786
17239
26576
20107
12050
2867
16143
18136
27211
10062
24391
5790
6729
365
12066
13049
3560
12206
17049
7204
18362
9306
10942
19331
8582
18431
3220
26615
7785
27575
10861
7923
21166
13789
28030
3216
16656
14173
21353
13867
588
15744
26009
7317
16109
8076
20366
26021
26634
13768
3225
14996
29426
20519
10679
14360
8951
13900
10975
23088
17827
28188
7363
8993
11977
5394
18561
4985
25919
16266
18853
26507
8362
21214
10176
24471
5642
543
26845
2276
20663
70
17273
26441
26942
4304
10801
5893
24556
28128
5333
12383
26317
12696
27728
8294
24442
16290
13280
26714
8908
8485
29573
17271
29699
9750
18094
5342
16645
14939
13970
13660
21362
1243
10101
18304
11900
20902
549
6456
19030
5882
25192
15347
24930
22920
29994
25725
15562
19626
28791
24471
4463
28364
11742
10514
8114
29836
22208
1111
21128
6179
14771
12490
13774
24872
794
25674
15774
1343
2131
11157
13577
27323
2856
14859
26595
9202
10584
12158
28828
9375
12981
3291
14092
1075
13806
28558
7263
6014
29670
28391
18545
14441
10881
2320
9314
11675
27994
1440
19370
125
18949
2947
3800
21806
17807
396
1008
4743
18906
6189
20471
1887
15832
4563
2962
5990
3121
16577
12005
9143
14969
6902
23585
2202
9222
9251
20230
7217
17043
9600
7342
5993
12548
17495
4151
6707
17891
11511
17802
6797
24052
8273
8684
9885
19188
17998
15875
28662
4575
4232
7805
25896
11135
7742
28099
20357
16993
18329
27574
10389
27929
11269
22734
16829
28764
26885
29888
23007
14748
17691
29804
8801
2316
14840
18686
27857
9190
4561
2871
13765
15146
17028
16014
26281
24771
14113
22990
18116
2442
20565
28505
6723
8186
21239
29905
13302
24476
29793
12661
9225
23836
12465
24378
26153
27305
13064
362
12847
23977
3233
26612
9123
20261
18978
11756
21384
3091
4747
9501
11885
1664
14358
18609
16202
11950
18514
5856
6426
24659
18517
22003
18496
7334
16381
21001
4639
5797
21363
17486
6127
948
20450
21602
27561
9429
3359
18946
18872
14458
4799
758
16122
19157
25719
8676
1107
20585
14532
13886
15244
3049
5889
10092
10383
28623
1093
21374
4420
28808
15212
16899
6108
12014
8502
3670
27795
18213
28968
16668
2671
3767
23778
25145
22924
25849
3821
384
16434
24705
14270
8030
27754
26511
18123
14489
25134
25568
12215
5907
24377
3779
22806
6837
22145
1308
10507
26293
19521
9475
19313
22192
19594
13091
23689
12519
8940
27510
27174
27173
27172
27165
27163
27163
27161
27160
27159
27156
27148
27129
27128
27127
27125
27122
27118
27112
27097
27096
27091
27084
27081
27079
27072
27072
27070
27066
27057
27054
27053
27048
27047
27044
27036
27033
27024
27023
27019
27017
27016
27014
27011
27010
27009
27009
27007
27004
27002
27001
26989
26981
26980
26967
26963
26962
26954
26951
26948
26946
26944
26943
26935
26928
26927
26914
26906
26904
26901
26893
26892
26881
26876
26875
26872
26872
26871
26867
26859
26857
26853
26847
26845
26839
26839
26837
26833
26823
26821
26820
26819
26813
26813
26812
26812
26812
26812
26811
26808
26807
26805
26804
26801
26789
26788
26783
26774
26761
26757
26753
26740
26727
26723
26715
26713
26712
26711
26709
26704
26702
26696
26693
26693
26683
26679
26672
26670
26669
26657
26653
26650
26631
26626
26622
26619
26614
26611
26608
26605
26604
26600
26586
26582
26578
26573
26570
26566
26561
26555
26548
26547
26544
26534
26527
26520
26518
26518
26510
26510
26507
26505
26497
26495
26491
26485
26485
26484
26478
26473
26472
26471
26470
26468
26464
26461
26459
26458
26458
26455
26455
26454
26453
26448
26439
26438
26435
26427
26427
26426
26410
26409
26409
26408
26397
26395
26384
26379
26375
26372
26368
26367
26357
26356
26355
26354
26347
26347
26347
26346
26341
26338
26336
26334
26331
26330
26329
26317
26312
26307
26301
26299
26294
26294
26289
26289
26289
26288
26285
26278
26276
26264
26263
26258
26255
26253
26250
26240
26236
26230
26223
26221
26220
26218
26218
26218
26217
26215
26208
26200
26187
26183
26180
26178
26175
26170
26158
26158
26155
26152
26151
26147
26145
26143
26140
26138
26131
26121
26121
26116
26109
26104
26103
26096
26096
26094
26093
26081
26072
26067
26066
26065
26059
26047
26044
26038
26037
26027
26022
26018
26016
25994
25993
25991
25986
25984
25975
25969
25966
25954
25950
25947
25943
25928
25924
25921
25920
25916
25911
25904
25899
25899
25893
25887
25880
25876
25874
25865
25865
25864
25861
25860
25856
25855
25855
25855
25846
25842
25836
25834
25827
25824
25823
25816
25811
25803
25798
25795
25794
25791
25789
25789
25787
25781
25780
25780
25778
25778
25776
25775
25772
25771
25770
25767
25760
25753
25745
25745
25742
25738
25735
25731
25730
25730
25729
25728
25718
25718
25715
25709
25706
25704
25700
25700
25699
25688
25687
25684
25684
25682
25680
25672
25658
25650
25649
25649
25642
25638
25636
25631
25628
25626
25623
25610
25610
25601
25595
25590
25582
25575
25568
25555
25549
25548
25541
25539
25534
25533
25527
25523
25515
25513
25508
25505
25494
25493
25486
25481
25471
25466
25463
25462
25460
25459
25450
25442
25438
25432
25431
25428
25428
25428
25428
25400
25398
25396
25393
25382
25379
25377
25376
25376
25375
25363
25359
25357
25346
25342
25341
25340
25339
25338
25336
25331
25320
25316
25315
25313
25312
25306
25305
25304
25302
25300
25294
25291
25290
25284
25275
25274
25271
25268
25265
25261
25250
25250
25247
25245
25244
25234
25228
25227
25217
25213
25212
25200
25193
25190
25176
25171
25166
25163
25157
25155
25152
25150
25149
25149
25144
25135
25133
25128
25121
25116
25109
25101
25096
25093
25092
25086
25072
25072
25068
25061
25060
25056
25043
25030
25029
25023
25023
25012
25009
25008
25007
25003
25003
24999
24995
24991
24990
24981
24980
24977
24975
24975
24968
24967
24964
24963
24960
24953
24949
24947
24940
24933
24933
24931
24927
24923
24921
24920
24918
24910
24909
24908
24907
24907
24906
24900
24893
24891
24888
24886
24884
24883
24882
24880
24864
24862
24860
24855
24850
24838
24831
24828
24818
24808
24806
24795
24785
24780
24778
24775
24773
24773
24768
24767
24766
24766
24765
24760
24757
24755
24746
24745
24744
24742
24741
24740
24738
24736
24731
24730
24728
24723
24720
24718
24718
24710
24708
24702
24699
24694
24693
24690
24689
24683
24683
24664
24661
24660
24659
24655
24652
24652
24648
24637
24635
24634
24630
24623
24617
24611
24611
24611
24611
24610
24606
24604
24600
24595
24593
24590
24585
24580
24550
24548
24535
24520
24518
24518
24517
24508
24508
24508
24504
24504
24503
24496
24493
24476
24475
24466
24466
24463
24460
24452
24452
24447
24443
24435
24433
24415
24411
24407
24404
24400
24395
24389
24379
24378
24377
24376
24367
24359
24343
24334
24331
24329
24328
24326
24325
24321
24320
24313
24309
24308
24308
24292
24290
24290
24288
24276
24272
24272
24263
24257
24254
24249
24238
24237
24229
24221
24219
24215
24209
24206
24197
24195
24192
24192
24182
24182
24181
24175
24164
24159
24145
24141
24140
24139
24137
24130
24126
24122
24121
24120
24118
24115
24114
24112
24111
24108
24106
24104
24085
24084
24083
24080
24071
24068
24067
24066
24066
24065
24064
24064
24060
24041
24022
24016
24014
24010
24009
24004
24003
23992
23991
23989
23989
23987
23975
23975
23974
23970
23969
23963
23958
23956
23949
23948
23947
23938
23937
23934
23930
23924
23923
23923
23920
23920
23918
23912
23910
23907
23903
23903
23899
23893
23888
23883
23883
23882
23882
23870
23867
23862
23860
23854
23851
23845
23840
23836
23834
23834
23826
23825
23823
23814
23811
23806
23804
23796
23796
23791
23773
23765
23760
23757
23752
23751
23747
23747
23728
23725
23716
23710
23710
23707
23705
23701
23696
23684
23683
23683
23682
23678
23678
23665
23663
23662
23659
23652
23643
23641
23637
23632
23616
23615
23614
23601
23599
23599
23588
23584
23580
23579
23578
23575
23574
23562
23559
23556
23547
23546
23543
23542
23534
23532
23530
23527
23526
23519
23518
23513
23500
23498
23496
23491
23487
23482
23482
23476
23472
23469
23465
23462
23460
23460
23459
23456
23451
23444
23440
23433
23425
23424
23424
23419
23415
23411
23409
23409
23407
23405
23403
23401
23400
23397
23396
23391
23390
23388
23387
23381
23378
23377
23362
23362
23358
23356
23356
23356
23348
23347
23344
23332
23310
23308
23307
23307
23306
23295
23289
23287
23287
23282
23280
23273
23272
23267
23264
23262
23262
23257
23251
23247
23238
23233
23231
23224
23217
23209
23196
23194
23188
23186
23177
23173
23173
23164
23163
23161
23161
23157
23154
23153
23151
23145
23126
23124
23120
23118
23117
23098
23088
23086
23084
23082
23078
23070
23069
23067
23060
23057
23057
23055
23045
23042
23028
23026
23019
23019
23015
23011
23001
22999
22999
22995
22991
22972
22969
22968
22966
22961
22959
22957
22955
22953
22949
22948
22946
22922
22919
22919
22908
22906
22905
22891
22889
22884
22883
22880
22880
22880
22873
22872
22863
22853
22851
22850
22850
22845
22842
22838
22834
22833
22830
22823
22817
22814
22812
22809
22804
22802
22799
22796
22786
22784
22781
22778
22777
22776
22772
22761
22757
22756
22755
22747
22747
22740
22736
22736
22724
22723
22722
22697
22697
22694
22691
22681
22681
22679
22675
22670
22669
22664
22662
22660
22655
22651
22647
22647
22633
22631
22631
22627
22625
22618
22617
22609
22609
22609
22608
22608
22608
22608
22600
22594
22585
22582
22577
22576
22575
22574
22573
22572
22557
22550
22549
22547
22546
22541
22539
22535
22533
22522
22521
22519
22514
22506
22504
22500
22493
22490
22489
22474
22468
22468
22467
22464
22462
22461
22461
22457
22456
22455
22453
22450
22450
22449
22447
22445
22439
22436
22436
22429
22428
22426
22421
22420
22403
22402
22397
22386
22384
22380
22380
22364
22344
22339
22335
22335
22333
22333
22323
22317
22314
22314
22312
22286
22282
22280
22279
22277
22276
22274
22273
22258
22253
22246
22234
22233
22228
22224
22221
22210
22209
22205
22201
22195
22192
22190
22186
22183
22182
22178
22178
22174
22174
22172
22165
22161
22158
22152
22150
22144
22139
22136
22133
22123
22122
22118
22110
22106
22101
22101
22100
22093
22086
22086
22085
22083
22078
22063
22061
22059
22053
22052
22050
22045
22043
22041
22038
22034
22007
22007
22006
21998
21992
21990
21982
21981
21980
21978
21944
21941
21939
21935
21932
21930
21921
21915
21898
21892
21891
21891
21886
21876
21869
21866
21866
21863
21862
21858
21856
21845
21840
21832
21825
21822
21815
21814
21810
21807
21806
21791
21791
21787
21786
21780
21779
21769
21768
21764
21762
21755
21754
21750
21748
21744
21740
21735
21731
21730
21728
21727
21722
21721
21714
21711
21700
21697
21691
21691
21690
21679
21675
21669
21668
21668
21665
21664
21657
21651
21645
21644
21642
21642
21641
21622
21618
21610
21610
21607
21595
21592
21591
21591
21588
21575
21575
21573
21555
21543
21529
21525
21525
21520
21519
21512
21504
21495
21492
21489
21488
21483
21482
21481
21473
21470
21462
21455
21451
21451
21450
21440
21432
21428
21427
21416
21409
21406
21394
21392
21389
21387
21385
21384
21384
21377
21377
21372
21368
21368
21366
21363
21363
21357
21354
21354
21350
21338
21335
21326
21320
21319
21317
21317
21309
21307
21306
21302
21301
21295
21291
21288
21280
21277
21272
21262
21260
21260
21256
21254
21253
21250
21249
21242
21241
21241
21239
21237
21234
21230
21218
21217
21214
21212
21207
21199
21198
21193
21187
21185
21181
21175
21164
21154
21152
21152
21144
21138
21138
21138
21137
21136
21125
21123
21108
21101
21097
21093
21090
21089
21083
21082
21082
21081
21080
21079
21078
21077
21077
21070
21062
21062
21061
21060
21058
21053
21044
21044
21041
21032
21031
21030
21028
21026
21023
21022
21021
21021
21018
21018
21017
21008
21006
20994
20993
20990
20970
20969
20967
20964
20962
20961
20959
20957
20955
20954
20949
20945
20940
20931
20928
20926
20917
20914
20905
20900
20895
20894
20894
20891
20887
20863
20857
20853
20841
20840
20834
20826
20825
20816
20810
20804
20803
20799
20796
20791
20791
20790
20787
20779
20779
20774
20773
20771
20765
20763
20757
20756
20745
20744
20743
20737
20733
20729
20727
20725
20723
20711
20708
20701
20699
20697
20688
20685
20684
20672
20668
20664
20650
20641
20625
20624
20623
20623
20621
20620
20612
20612
20612
20608
20600
20599
20595
20593
20592
20591
20584
20584
20576
20571
20569
20546
20538
20531
20529
20525
20524
20520
20516
20514
20510
20505
20497
20491
20490
20478
20472
20468
20468
20464
20459
20459
20457
20455
20446
20434
20431
20419
20418
20416
20415
20413
20406
20404
20397
20385
20365
20364
20357
20357
20356
20349
20348
20347
20345
20344
20340
20340
20330
20326
20325
20324
20323
20318
20316
20316
20296
20286
20285
20284
20284
20282
20279
20278
20274
20269
20259
20249
20248
20245
20243
20239
20232
20229
20224
20223
20223
20222
20207
20206
20204
20202
20192
20192
20169
20164
20141
20139
20133
20132
20120
20119
20118
20116
20114
20111
20111
20095
20092
20090
20089
20089
20089
20087
20085
20077
20071
20071
20068
20067
20067
20064
20055
20053
20044
20034
20021
20019
20017
20009
20007
20003
20003
20001
20000
20000
19996
19995
19981
19981
19980
19977
19975
19974
19970
19970
19965
19964
19953
19948
19947
19947
19926
19921
19916
19915
19908
19906
19906
19906
19905
19893
19893
19880
19875
19875
19873
19871
19863
19862
19862
19861
19860
19858
19853
19842
19839
19838
19837
19822
19820
19818
19815
19805
19800
19798
19794
19792
19792
19785
19784
19784
19783
19777
19776
19769
19764
19758
19758
19756
19753
19752
19751
19749
19748
19741
19740
19737
19732
19732
19731
19730
19729
19728
19727
19720
19708
19701
19699
19699
19691
19685
19684
19682
19678
19675
19674
19670
19669
19663
19660
19660
19651
19644
19638
19637
19635
19632
19629
19627
19626
19624
19622
19621
19620
19611
19611
19603
19602
19592
19590
19589
19585
19582
19573
19569
19567
19558
19550
19545
19541
19540
19531
19512
19510
19499
19497
19488
19485
19476
19467
19461
19460
19459
19458
19452
19451
19444
19443
19438
19437
19435
19433
19431
19427
19422
19420
19413
19410
19408
19403
19401
19399
19398
19378
19374
19370
19368
19366
19365
19363
19358
19352
19351
19339
19339
19322
19303
19301
19300
19293
19290
19285
19284
19279
19277
19276
19268
19266
19264
19264
19262
19262
19261
19251
19248
19247
19241
19239
19236
19232
19229
19229
19218
19213
19194
19191
19183
19182
19179
19176
19165
19165
19146
19144
19140
19135
19135
19132
19132
19130
19129
19126
19121
19120
19120
19118
19116
19109
19104
19098
19094
19094
19083
19083
19081
19080
19079
19071
19067
19064
19055
19053
19046
19038
19030
19029
19018
19014
19014
19007
19006
19001
18986
18983
18970
18969
18966
18955
18946
18940
18938
18937
18936
18926
18926
18926
18924
18920
18912
18911
18905
18903
18901
18889
18879
18874
18871
18869
18869
18865
18860
18854
18849
18846
18844
18841
18839
18838
18834
18833
18829
18829
18827
18824
18816
18808
18806
18792
18784
18783
18777
18770
18766
18762
18756
18749
18747
18746
18744
18744
18738
18736
18736
18736
18734
18728
18718
18711
18709
18700
18699
18692
18690
18683
18678
18676
18672
18672
18669
18666
18666
18665
18661
18659
18657
18653
18650
18644
18641
18637
18625
18625
18612
18610
18607
18603
18602
18595
18585
18583
18583
18577
18576
18557
18552
18550
18544
18535
18532
18531
18526
18524
18521
18513
18488
18487
18482
18478
18466
18462
18462
18459
18458
18454
18447
18446
18437
18437
18437
18427
18426
18424
18421
18411
18406
18396
18393
18392
18388
18387
18387
18382
18375
18370
18368
18365
18363
18362
18359
18358
18350
18349
18343
18339
18328
18322
18319
18317
18317
18302
18295
18294
18292
18290
18283
18276
18275
18268
18267
18266
18260
18260
18244
18243
18243
18241
18237
18235
18232
18232
18227
18222
18212
18209
18209
18203
18196
18195
18191
18188
18187
18185
18183
18169
18167
18166
18166
18166
18161
18160
18158
18156
18150
18146
18144
18133
18132
18129
18128
18126
18122
18116
18115
18113
18111
18104
18103
18099
18099
18098
18096
18096
18095
18093
18089
18079
18077
18076
18067
18046
18046
18039
18032
18027
18020
18014
18009
18007
18002
17998
17996
17994
17991
17989
17985
17981
17977
17976
17973
17969
17968
17967
17967
17966
17964
17957
17936
17933
17924
17922
17914
17912
17910
17908
17908
17905
17889
17885
17881
17879
17877
17870
17867
17866
17857
17849
17834
17832
17832
17828
17818
17813
17810
17801
17800
17794
17788
17786
17781
17775
17774
17772
17771
17766
17765
17762
17752
17746
17744
17744
17732
17731
17727
17726
17716
17714
17712
17709
17706
17704
17702
17700
17696
17684
17683
17682
17681
17679
17660
17660
17658
17657
17654
17652
17648
17647
17642
17641
17640
17638
17631
17631
17625
17624
17618
17607
17604
17603
17602
17598
17597
17596
17594
17593
17583
17581
17574
17574
17573
17572
17567
17566
17563
17562
17562
17559
17551
17550
17545
17542
17542
17541
17532
17532
17529
17523
17523
17506
17505
17502
17501
17484
17482
17477
17473
17472
17472
17457
17450
17447
17428
17425
17423
17418
17414
17413
17404
17396
17391
17388
17387
17385
17382
17376
17374
17370
17370
17369
17363
17362
17352
17345
17342
17342
17340
17338
17338
17336
17332
17332
17331
17324
17324
17313
17298
17289
17288
17285
17277
17277
17272
17271
17267
17263
17258
17249
17247
17243
17241
17241
17239
17236
17235
17232
17221
17219
17214
17206
17198
17195
17184
17180
17179
17174
17170
17163
17161
17153
17153
17151
17148
17147
17136
17133
17133
17132
17129
17126
17115
17103
17102
17098
17094
17093
17092
17084
17074
17073
17073
17069
17066
17060
17059
17056
17056
17045
17041
17036
17033
17024
17022
17020
17019
17018
17016
17016
17015
17015
16997
16994
16981
16979
16975
16972
16970
16966
16965
16949
16947
16947
16942
16937
16916
16902
16899
16894
16883
16879
16876
16874
16874
16867
16866
16861
16860
16856
16855
16846
16839
16839
16829
16826
16821
16818
16807
16803
16794
16783
16773
16771
16769
16762
16754
16749
16748
16746
16743
16739
16738
16737
16728
16727
16724
16719
16712
16705
16689
16685
16683
16681
16676
16673
16669
16668
16665
16662
16655
16651
16640
16635
16634
16634
16622
16613
16611
16610
16610
16606
16605
16600
16600
16599
16596
16593
16582
16572
16570
16566
16563
16559
16549
16546
16545
16538
16530
16529
16525
16523
16521
16514
16512
16507
16499
16498
16489
16487
16478
16473
16472
16469
16468
16455
16444
16429
16427
16426
16421
16419
16417
16416
16415
16414
16412
16409
16404
16404
16399
16399
16398
16385
16385
16379
16374
16373
16372
16369
16367
16360
16358
16354
16341
16326
16325
16315
16304
16294
16293
16287
16284
16283
16283
16280
16279
16274
16271
16255
16243
16236
16233
16226
16220
16215
16210
16204
16203
16197
16193
16187
16184
16179
16175
16168
16163
16161
16158
16156
16155
16152
16144
16143
16137
16136
16131
16126
16120
16114
16108
16101
16099
16087
16070
16068
16058
16057
16049
16044
16042
16042
16038
16029
16026
16016
16015
16015
16007
16005
16003
15999
15995
15993
15991
15988
15981
15979
15978
15977
15976
15963
15960
15952
15949
15946
15945
15937
15935
15931
15920
15913
15906
15905
15902
15900
15889
15887
15887
15883
15881
15873
15858
15847
15832
15829
15825
15823
15823
15822
15822
15811
15810
15809
15804
15797
15796
15794
15791
15779
15772
15770
15766
15753
15749
15735
15732
15732
15727
15726
15724
15720
15719
15717
15709
15708
15707
15705
15701
15695
15678
15677
15674
15674
15674
15671
15668
15654
15647
15647
15647
15638
15634
15632
15630
15629
15628
15623
15623
15620
15617
15614
15614
15612
15605
15604
15597
15589
15588
15574
15570
15568
15568
15557
15557
15542
15539
15538
15527
15524
15523
15515
15512
15500
15496
15495
15494
15489
15483
15482
15477
15461
15456
15450
15449
15445
15444
15441
15437
15410
15408
15400
15398
15390
15389
15386
15378
15374
15371
15362
15357
15355
15353
15353
15350
15348
15347
15346
15343
15342
15337
15334
15329
15325
15319
15314
15312
15309
15309
15308
15306
15303
15297
15294
15294
15293
15293
15279
15277
15275
15275
15270
15269
15260
15257
15255
15248
15247
15245
15241
15238
15228
15227
15223
15222
15221
15220
15218
15216
15214
15213
15213
15207
15202
15191
15190
15189
15181
15172
15155
15139
15139
15135
15131
15128
15125
15124
15119
15113
15113
15108
15104
15099
15098
15087
15086
15084
15074
15070
15069
15061
15061
15053
15052
15046
15045
15025
15022
15020
15020
15019
15017
15016
15014
15012
15006
15005
15005
14993
14990
14963
14960
14956
14956
14953
14944
14943
14938
14936
14934
14931
14927
14925
14911
14908
14898
14897
14892
14887
14872
14864
14862
14854
14854
14847
14841
14832
14832
14832
14821
14810
14805
14797
14789
14784
14783
14780
14779
14773
14764
14761
14760
14759
14751
14736
14726
14720
14718
14717
14705
14688
14685
14685
14678
14673
14661
14661
14657
14651
14650
14648
14643
14639
14631
14631
14629
14617
14605
14604
14602
14601
14599
14598
14596
14586
14584
14584
14581
14577
14574
14563
14559
14553
14544
14521
14511
14509
14507
14505
14502
14499
14498
14498
14494
14494
14492
14490
14488
14483
14453
14451
14448
14430
14428
14423
14421
14420
14409
14406
14404
14396
14391
14381
14380
14372
14371
14365
14361
14358
14353
14345
14333
14332
14330
14327
14323
14323
14323
14318
14315
14312
14298
14297
14293
14288
14279
14271
14261
14260
14259
14259
14255
14249
14240
14240
14238
14228
14224
14220
14216
14213
14206
14198
14193
14190
14178
14178
14176
14172
14156
14145
14144
14142
14142
14140
14136
14129
14125
14124
14121
14119
14109
14107
14104
14096
14095
14093
14089
14087
14059
14055
14041
14032
14031
14029
14028
14026
14023
14021
14008
14001
13999
13998
13996
13995
13990
13988
13984
13983
13982
13981
13974
13971
13968
13967
13964
13964
13961
13960
13955
13954
13951
13948
13945
13945
13944
13939
13934
13922
13913
13906
13904
13895
13889
13886
13881
13881
13874
13862
13855
13839
13838
13837
13830
13829
13824
13822
13808
13808
13799
13798
13786
13779
13779
13777
13769
13765
13754
13752
13745
13743
13743
13731
13726
13725
13720
13714
13707
13704
13688
13686
13681
13681
13679
13679
13676
13675
13674
13672
13669
13668
13667
13665
13664
13657
13652
13648
13644
13643
13641
13637
13637
13636
13636
13631
13628
13627
13622
13617
13612
13596
13594
13594
13591
13591
13590
13584
13570
13569
13568
13567
13565
13562
13562
13559
13553
13549
13541
13538
13537
13536
13533
13530
13527
13524
13520
13515
13513
13512
13503
13498
13496
13496
13492
13491
13491
13490
13485
13482
13481
13478
13475
13470
13458
13457
13456
13442
13434
13431
13428
13427
13427
13414
13409
13407
13406
13405
13386
13386
13385
13379
13378
13375
13365
13362
13354
13350
13348
13337
13331
13330
13317
13313
13313
13313
13309
13307
13303
13301
13297
13290
13290
13290
13289
13288
13279
13278
13268
13263
13251
13251
13248
13247
13237
13235
13233
13230
13229
13225
13212
13211
13208
13206
13203
13199
13197
13194
13188
13186
13173
13170
13160
13148
13143
13132
13131
13130
13124
13122
13119
13116
13116
13114
13107
13107
13105
13105
13105
13103
13099
13097
13096
13095
13091
13086
13086
13084
13080
13079
13078
13076
13076
13059
13053
13046
13042
13027
13027
13021
13021
13019
13015
13011
13011
13001
13001
12995
12987
12987
12984
12974
12971
12957
12955
12955
12944
12941
12940
12939
12935
12931
12929
12921
12911
12910
12910
12909
12901
12896
12891
12891
12887
12884
12883
12879
12878
12877
12861
12861
12860
12857
12851
12844
12842
12841
12836
12836
12827
12827
12820
12812
12809
12808
12807
12796
12791
12789
12787
12784
12783
12778
12776
12774
12773
12773
12771
12763
12763
12760
12759
12757
12755
12754
12749
12748
12724
12718
12713
12712
12707
12707
12702
12700
12692
12690
12672
12672
12669
12668
12659
12654
12648
12637
12636
12635
12622
12615
12613
12609
12596
12593
12588
12587
12585
12580
12579
12575
12567
12563
12556
12556
12553
12550
12536
12529
12520
12515
12515
12514
12514
12507
12502
12498
12497
12493
12484
12477
12475
12462
12461
12457
12457
12447
12442
12441
12432
12425
12422
12410
12407
12401
12384
12372
12367
12364
12360
12359
12358
12356
12355
12355
12346
12332
12327
12323
12315
12307
12299
12292
12291
12285
12282
12280
12279
12269
12259
12258
12256
12252
12247
12242
12239
12238
12237
12234
12234
12232
12224
12222
12219
12217
12213
12208
12208
12207
12199
12191
12183
12181
12179
12169
12169
12162
12153
12150
12149
12148
12147
12147
12140
12140
12138
12137
12126
12125
12118
12110
12104
12101
12099
12095
12093
12090
12085
12080
12077
12075
12075
12073
12070
12064
12057
12052
12051
12044
12035
12033
12029
12025
12023
12012
12012
12010
12010
12007
11999
11998
11998
11997
11988
11979
11979
11978
11978
11976
11961
11956
11942
11941
11935
11933
11919
11916
11911
11908
11897
11895
11882
11878
11875
11861
11859
11859
11857
11850
11848
11845
11844
11837
11828
11825
11822
11820
11792
11792
11789
11788
11787
11786
11780
11780
11775
11767
11753
11741
11729
11729
11729
11724
11722
11722
11718
11713
11713
11707
11706
11704
11694
11692
11692
11689
11685
11676
11675
11669
11668
11656
11655
11653
11649
11647
11619
11613
11607
11602
11592
11585
11583
11581
11578
11575
11570
11569
11561
11552
11542
11536
11535
11533
11532
11518
11511
11508
11497
11496
11496
11490
11487
11485
11480
11478
11476
11475
11472
11464
11457
11456
11455
11451
11440
11436
11430
11424
11418
11412
11411
11408
11407
11406
11400
11397
11397
11393
11386
11383
11376
11371
11371
11359
11355
11352
11351
11348
11347
11345
11341
11312
11309
11307
11306
11303
11300
11299
11292
11288
11286
11285
11282
11277
11261
11254
11253
11253
11250
11247
11242
11240
11237
11231
11228
11218
11212
11210
11208
11208
11202
11197
11189
11179
11171
11169
11160
11159
11153
11146
11145
11142
11142
11141
11140
11131
11129
11128
11127
11123
11121
11110
11108
11104
11101
11089
11078
11077
11073
11062
11061
11053
11051
11044
11038
11034
11033
11029
11027
11022
11021
11010
10996
10992
10991
10988
10984
10981
10974
10971
10965
10960
10954
10952
10952
10946
10946
10933
10930
10921
10921
10916
10914
10896
10890
10886
10886
10885
10881
10877
10868
10860
10858
10857
10855
10854
10849
10848
10843
10841
10833
10833
10827
10825
10820
10813
10813
10808
10806
10804
10802
10802
10788
10775
10769
10760
10758
10745
10739
10739
10734
10730
10712
10710
10704
10700
10699
10689
10668
10656
10651
10648
10647
10639
10637
10636
10632
10630
10627
10620
10620
10617
10610
10609
10594
10594
10593
10586
10586
10585
10580
10579
10576
10569
10563
10559
10559
10558
10557
10557
10551
10546
10546
10545
10544
10522
10521
10516
10514
10512
10509
10505
10500
10493
10491
10490
10488
10488
10479
10475
10474
10473
10472
10460
10457
10457
10455
10454
10446
10445
10439
10431
10429
10424
10424
10424
10423
10414
10408
10405
10401
10400
10400
10399
10397
10386
10384
10382
10381
10374
10372
10371
10362
10355
10354
10353
10346
10346
10343
10341
10341
10332
10331
10327
10321
10314
10311
10303
10303
10302
10298
10297
10297
10296
10295
10282
10278
10274
10272
10272
10271
10268
10267
10259
10251
10251
10251
10250
10249
10241
10241
10240
10237
10236
10235
10221
10221
10220
10218
10210
10199
10196
10194
10184
10178
10178
10174
10173
10166
10162
10162
10157
10157
10156
10150
10144
10144
10138
10134
10124
10123
10116
10114
10111
10092
10090
10075
10074
10063
10060
10059
10055
10053
10044
10039
10038
10036
10028
10024
10022
10020
10014
10006
10000
9998
9995
9994
9992
9980
9980
9979
9974
9965
9964
9963
9954
9953
9943
9940
9934
9930
9915
9915
9914
9907
9880
9878
9876
9874
9871
9868
9866
9857
9853
9851
9848
9846
9825
9823
9821
9819
9817
9811
9810
9793
9788
9767
9756
9755
9755
9748
9747
9746
9735
9733
9732
9730
9722
9714
9706
9703
9698
9698
9690
9687
9681
9674
9670
9663
9659
9657
9651
9650
9646
9643
9642
9640
9635
9632
9630
9627
9623
9619
9613
9613
9612
9607
9600
9595
9588
9586
9586
9585
9584
9584
9583
9581
9578
9573
9566
9558
9556
9549
9546
9543
9517
9509
9507
9505
9500
9499
9499
9497
9496
9495
9486
9485
9479
9479
9476
9476
9475
9464
9462
9460
9458
9454
9451
9447
9447
9447
9441
9435
9433
9429
9429
9417
9413
9409
9407
9406
9404
9403
9396
9392
9380
9373
9369
9368
9366
9361
9355
9345
9343
9342
9341
9341
9339
9335
9328
9314
9313
9278
9275
9269
9262
9259
9258
9257
9253
9241
9241
9238
9236
9235
9231
9228
9223
9216
9211
9210
9206
9205
9197
9195
9194
9186
9186
9184
9174
9169
9164
9146
9146
9144
9137
9131
9127
9120
9117
9115
9114
9113
9111
9103
9088
9087
9084
9074
9074
9065
9064
9062
9062
9062
9059
9059
9058
9053
9045
9044
9038
9035
9031
9022
9017
9015
9013
8991
8985
8972
8971
8966
8964
8960
8958
8952
8949
8941
8938
8920
8920
8917
8910
8909
8904
8899
8897
8893
8892
8887
8884
8876
8876
8875
8868
8866
8859
8842
8837
8836
8836
8835
8827
8825
8823
8816
8816
8809
8802
8799
8787
8777
8774
8773
8769
8767
8766
8764
8757
8756
8755
8748
8744
8741
8732
8729
8728
8726
8724
8722
8718
8717
8715
8703
8701
8677
8675
8672
8671
8666
8652
8652
8650
8648
8647
8646
8644
8643
8641
8639
8629
8628
8621
8608
8607
8605
8602
8602
8595
8595
8595
8591
8591
8591
8590
8588
8588
8584
8583
8582
8581
8581
8580
8576
8561
8545
8537
8531
8527
8521
8513
8512
8511
8508
8505
8503
8502
8498
8498
8496
8495
8485
8484
8480
8476
8469
8468
8466
8452
8448
8447
8445
8445
8445
8444
8439
8439
8428
8418
8417
8415
8415
8412
8403
8402
8402
8396
8395
8390
8390
8390
8388
8384
8381
8379
8378
8375
8368
8367
8359
8356
8355
8349
8332
8323
8319
8317
8312
8305
8304
8300
8299
8296
8295
8289
8278
8266
8265
8265
8263
8259
8250
8250
8248
8245
8238
8235
8235
8229
8226
8203
8203
8197
8196
8189
8184
8182
8180
8179
8178
8170
8162
8161
8149
8139
8138
8133
8131
8131
8126
8124
8117
8115
8112
8101
8096
8090
8086
8084
8082
8078
8072
8072
8063
8052
8051
8034
8030
8016
8015
8008
7991
7985
7984
7974
7972
7972
7971
7961
7958
7952
7944
7940
7938
7935
7934
7932
7931
7924
7920
7915
7914
7911
7910
7906
7900
7898
7894
7892
7890
7889
7885
7883
7880
7879
7879
7875
7875
7866
7864
7860
7859
7846
7846
7844
7843
7842
7838
7827
7823
7822
7816
7813
7810
7806
7803
7798
7795
7766
7764
7753
7751
7746
7742
7740
7730
7730
7723
7715
7713
7705
7699
7695
7693
7692
7687
7686
7683
7668
7660
7650
7625
7625
7623
7607
7607
7597
7595
7593
7591
7584
7579
7568
7568
7559
7554
7551
7549
7547
7542
7540
7533
7529
7527
7525
7524
7524
7515
7512
7512
7507
7504
7500
7496
7486
7475
7470
7468
7464
7463
7461
7447
7442
7441
7436
7430
7426
7422
7410
7410
7409
7406
7404
7402
7401
7399
7399
7395
7391
7385
7381
7357
7357
7356
7355
7355
7354
7354
7351
7350
7343
7334
7320
7313
7310
7309
7308
7299
7298
7295
7290
7283
7282
7282
7275
7273
7272
7264
7262
7258
7251
7251
7242
7226
7223
7212
7212
7208
7201
7200
7193
7193
7187
7185
7177
7175
7173
7167
7164
7164
7162
7162
7159
7157
7155
7147
7143
7142
7133
7131
7123
7119
7119
7118
7116
7101
7098
7090
7088
7080
7076
7072
7068
7067
7065
7063
7061
7059
7055
7043
7041
7039
7038
7027
7023
7010
7004
7003
6998
6996
6996
6993
6987
6981
6977
6965
6956
6955
6955
6955
6950
6950
6947
6945
6945
6945
6941
6935
6929
6927
6927
6925
6912
6909
6902
6899
6898
6893
6884
6877
6875
6874
6855
6852
6848
6847
6844
6841
6837
6835
6832
6819
6818
6818
6810
6808
6803
6796
6796
6793
6790
6787
6776
6768
6766
6766
6763
6745
6744
6742
6735
6724
6711
6711
6698
6693
6690
6688
6687
6679
6679
6675
6666
6664
6664
6652
6651
6649
6646
6641
6640
6638
6636
6635
6628
6625
6620
6619
6619
6605
6603
6602
6596
6587
6581
6577
6574
6573
6572
6570
6567
6563
6561
6560
6560
6548
6548
6544
6541
6539
6538
6532
6532
6530
6526
6524
6519
6503
6501
6494
6491
6486
6485
6483
6482
6466
6457
6449
6446
6439
6422
6415
6412
6403
6393
6393
6382
6381
6374
6374
6370
6366
6365
6363
6353
6344
6340
6337
6334
6328
6322
6318
6317
6315
6315
6313
6313
6306
6303
6298
6296
6287
6285
6285
6272
6267
6266
6265
6265
6264
6261
6260
6259
6256
6254
6254
6246
6244
6242
6237
6235
6222
6212
6211
6203
6200
6198
6194
6188
6188
6187
6177
6155
6153
6133
6127
6123
6120
6118
6117
6116
6116
6116
6107
6105
6098
6097
6094
6092
6092
6080
6077
6077
6072
6071
6066
6065
6060
6057
6053
6051
6051
6042
6039
6030
6028
6024
6016
6012
6011
6007
5998
5993
5988
5987
5979
5979
5971
5970
5970
5970
5962
5961
5959
5955
5949
5943
5942
5941
5934
5933
5932
5931
5927
5925
5923
5907
5905
5904
5904
5903
5895
5895
5891
5891
5889
5883
5883
5880
5880
5879
5879
5878
5874
5859
5855
5855
5853
5848
5846
5845
5840
5836
5819
5819
5787
5786
5784
5782
5780
5780
5779
5772
5771
5760
5754
5749
5747
5744
5742
5739
5735
5727
5726
5718
5712
5697
5688
5685
5684
5683
5677
5667
5661
5658
5655
5651
5647
5641
5636
5632
5620
5610
5604
5588
5586
5586
5584
5582
5579
5570
5567
5563
5557
5529
5529
5525
5519
5516
5513
5513
5512
5511
5507
5502
5501
5495
5489
5488
5485
5485
5478
5477
5475
5470
5466
5453
5449
5443
5438
5437
5436
5432
5429
5418
5413
5404
5395
5391
5390
5389
5383
5377
5373
5356
5349
5346
5340
5334
5319
5318
5315
5310
5310
5310
5308
5305
5302
5285
5283
5283
5270
5269
5267
5252
5251
5247
5234
5229
5226
5225
5221
5215
5214
5213
5213
5208
5207
5198
5195
5186
5171
5161
5157
5149
5149
5142
5128
5117
5117
5115
5114
5111
5105
5099
5098
5096
5091
5090
5090
5090
5088
5087
5065
5061
5034
5030
5029
5018
5011
5008
5005
5002
4994
4994
4992
4989
4989
4980
4975
4973
4972
4969
4966
4957
4952
4947
4942
4942
4941
4940
4938
4933
4933
4932
4926
4922
4919
4914
4901
4899
4899
4892
4883
4878
4867
4852
4846
4835
4821
4821
4815
4815
4811
4810
4809
4809
4802
4799
4792
4790
4787
4787
4779
4779
4778
4771
4764
4762
4758
4754
4749
4745
4739
4737
4737
4736
4734
4731
4731
4709
4705
4704
4695
4691
4690
4679
4677
4677
4665
4663
4663
4645
4625
4622
4617
4612
4604
4591
4571
4567
4561
4540
4526
4525
4524
4522
4507
4504
4501
4490
4483
4482
4480
4475
4473
4472
4469
4463
4459
4451
4443
4441
4439
4438
4428
4428
4426
4425
4424
4424
4423
4416
4406
4404
4392
4385
4385
4381
4381
4359
4350
4350
4349
4346
4346
4346
4346
4346
4345
4344
4341
4339
4322
4316
4316
4309
4294
4294
4293
4287
4285
4281
4279
4275
4269
4268
4258
4258
4255
4248
4248
4247
4238
4236
4227
4226
4221
4214
4211
4211
4205
4199
4197
4191
4188
4185
4181
4179
4172
4167
4167
4155
4155
4153
4149
4149
4146
4132
4130
4124
4123
4119
4117
4115
4114
4114
4110
4103
4101
4095
4094
4094
4093
4091
4088
4087
4078
4052
4041
4041
4040
4040
4026
4025
4024
4024
4022
4022
4015
4005
3996
3988
3986
3982
3977
3976
3969
3968
3951
3950
3948
3945
3943
3940
3939
3934
3931
3931
3931
3927
3910
3904
3901
3891
3880
3874
3871
3856
3851
3849
3845
3842
3836
3833
3832
3821
3819
3816
3813
3813
3810
3806
3799
3796
3794
3786
3773
3770
3766
3764
3763
3758
3754
3751
3746
3745
3743
3741
3739
3735
3729
3727
3727
3726
3725
3724
3723
3723
3720
3713
3712
3709
3693
3676
3670
3668
3662
3646
3645
3644
3639
3638
3638
3634
3630
3629
3627
3626
3623
3622
3619
3615
3610
3608
3608
3607
3600
3597
3574
3563
3558
3548
3544
3542
3542
3537
3532
3530
3525
3525
3523
3520
3519
3512
3511
3511
3509
3499
3495
3494
3488
3487
3486
3480
3479
3471
3459
3455
3455
3453
3450
3445
3439
3437
3435
3434
3429
3427
3420
3414
3410
3410
3397
3396
3392
3391
3390
3389
3386
3383
3383
3376
3373
3370
3369
3361
3359
3346
3345
3343
3341
3337
3325
3323
3308
3307
3306
3305
3302
3298
3292
3292
3286
3281
3276
3276
3272
3264
3260
3256
3248
3243
3240
3239
3224
3222
3218
3210
3205
3191
3182
3178
3177
3172
3168
3166
3160
3158
3155
3154
3151
3138
3128
3126
3100
3092
3090
3088
3066
3065
3063
3063
3059
3056
3049
3046
3041
3031
3018
3005
3001
2999
2998
2990
2990
2988
2986
2973
2961
2957
2953
2950
2934
2934
2920
2913
2910
2908
2899
2896
2892
2890
2886
2885
2883
2883
2876
2867
2865
2865
2856
2853
2848
2844
2839
2839
2836
2833
2830
2830
2828
2827
2824
2824
2820
2818
2817
2816
2802
2798
2797
2796
2795
2795
2790
2789
2787
2785
2782
2781
2777
2776
2774
2771
2769
2768
2759
2748
2747
2745
2741
2736
2735
2729
2727
2721
2705
2704
2704
2697
2697
2693
2690
2687
2683
2676
2661
2660
2659
2659
2655
2653
2645
2643
2639
2636
2632
2631
2629
2628
2621
2620
2614
2613
2613
2609
2601
2591
2588
2586
2585
2584
2581
2577
2574
2566
2564
2560
2547
2543
2537
2537
2533
2531
2530
2525
2520
2519
2508
2505
2504
2501
2499
2496
2493
2482
2472
2470
2458
2457
2455
2454
2445
2444
2443
2432
2430
2422
2412
2411
2409
2408
2401
2400
2394
2392
2389
2370
2364
2363
2358
2354
2352
2352
2344
2338
2336
2334
2331
2331
2325
2322
2319
2302
2293
2293
2288
2286
2282
2277
2272
2259
2253
2252
2250
2246
2241
2241
2240
2235
2228
2220
2216
2216
2213
2210
2209
2201
2196
2195
2192
2191
2190
2188
2182
2182
2179
2177
2175
2174
2172
2167
2164
2161
2161
2157
2157
2156
2154
2147
2139
2131
2130
2123
2120
2117
2108
2105
2103
2102
2095
2095
2092
2087
2086
2081
2075
2071
2064
2059
2050
2040
2030
2029
2024
2017
2013
1998
1998
1985
1972
1972
1970
1964
1963
1962
1961
1951
1942
1941
1941
1937
1934
1925
1925
1918
1910
1908
1908
1906
1904
1903
1899
1897
1895
1892
1887
1886
1884
1878
1876
1876
1874
1873
1872
1869
1864
1861
1861
1860
1828
1826
1825
1823
1821
1820
1819
1818
1817
1810
1802
1797
1771
1768
1766
1765
1752
1743
1739
1737
1729
1725
1714
1708
1704
1702
1695
1694
1687
1675
1673
1670
1667
1662
1659
1651
1650
1648
1645
1643
1642
1641
1637
1634
1622
1615
1611
1607
1601
1594
1581
1580
1571
1569
1554
1553
1550
1545
1543
1536
1535
1526
1523
1522
1521
1518
1513
1502
1501
1497
1496
1487
1486
1483
1477
1477
1475
1474
1471
1468
1464
1463
1459
1453
1450
1444
1431
1425
1415
1410
1406
1399
1390
1389
1389
1387
1378
1371
1368
1365
1356
1353
1348
1345
1341
1313
1306
1298
1292
1284
1283
1266
1264
1262
1261
1253
1248
1248
1237
1234
1231
1224
1219
1215
1213
1210
1208
1187
1186
1177
1171
1166
1160
1158
1157
1149
1149
1145
1137
1137
1135
1133
1125
1122
1104
1100
1096
1087
1083
1076
1075
1074
1066
1065
1064
1063
1058
1053
1039
1036
1032
1031
1021
1015
1004
1003
999
999
999
995
987
978
975
970
969
962
962
958
956
947
946
944
940
938
935
934
927
927
923
917
915
913
910
900
899
895
894
894
889
889
877
875
869
867
861
860
847
843
842
838
835
835
835
833
830
827
824
824
822
817
813
812
812
812
810
799
798
797
797
796
791
789
785
785
782
765
762
762
756
753
753
745
743
742
736
733
724
724
723
717
712
710
707
694
680
678
666
665
658
650
646
633
624
622
621
620
620
613
612
607
604
597
595
592
590
588
587
585
585
574
573
569
565
556
550
543
539
538
537
532
520
518
514
512
507
506
501
497
489
485
483
477
476
472
463
460
454
453
453
451
450
443
443
441
439
429
429
426
418
410
402
400
400
392
390
388
384
381
379
372
371
369
365
363
360
360
352
348
346
345
344
341
337
337
335
335
332
329
327
321
320
316
310
309
307
293
273
268
264
256
248
246
245
241
234
233
220
220
219
212
194
189
187
184
177
164
157
157
154
151
150
148
143
141
135
133
131
131
131
129
125
112
110
107
106
106
104
102
102
100
98
96
96
95
89
89
66
62
61
45
43
40
38
35
34
27
25
22
6
1
