47173
72331
66030
27022
76044
15317
62806
65192
36693
50057
97248
62914
47593
92949
65664
98828
85048
15198
68242
74410
97703
716
27927
1442
21400
7459
53365
54435
71069
65262
740
18242
53945
66770
61616
46342
82088
24422
11534
35133
74479
25135
98047
38425
18084
63711
53605
19485
95261
21847
10247
92964
38916
38174
10758
60316
61985
80476
14751
33054
62090
31843
51296
16035
98614
12912
62377
97054
53687
90264
32187
44518
15399
46586
82943
33483
26649
52901
52968
21910
74748
63216
31226
30016
17742
58336
90333
96080
38812
21436
29134
17254
53280
96783
33290
68246
26047
12019
81652
96086
2283
30191
40605
34034
76777
39900
67518
19778
92801
36838
58040
83902
16406
89266
13918
50501
63954
20603
46581
19119
58392
92067
36373
11672
5202
86015
96270
31250
98035
94274
27336
16670
24465
84293
67057
17594
40546
50927
37372
49699
87765
95412
33601
20524
1030
63872
87377
64984
827
50310
84103
59219
42377
36829
87243
47580
22844
99865
95182
37231
94139
38870
70254
34956
39516
37311
68902
80062
88238
6274
46113
92355
18038
79715
29231
35420
59939
16608
16757
60766
66918
17212
36338
25648
54041
23581
89580
76886
23447
1114
30469
17586
39984
723
68895
95852
54386
37797
75914
42624
60424
22028
51332
94814
18095
80563
30235
94386
13524
63344
71504
80442
80556
7842
22442
34598
31424
28374
27836
71223
29488
58305
88809
85825
75381
74056
81677
46119
11854
73944
88744
72278
12324
56428
67092
46771
53343
13679
41157
66867
77023
29013
63662
57580
36856
86104
8530
84632
14479
36366
55855
43967
11023
61016
46144
2756
35073
27822
48876
63279
1766
53972
35557
14090
10400
2649
77213
63743
16329
18370
30611
93352
63735
94273
67284
16943
96729
75814
1575
11208
28532
73782
71528
39556
51151
17672
58664
2576
61846
7540
65855
79964
61512
1412
94054
88264
20413
87619
68360
36742
5989
15323
46447
86077
25948
13731
3020
22677
5898
4596
50238
34430
94730
38118
73986
45881
72142
32651
48457
33989
56543
30664
13953
34408
32076
24360
39024
52490
11979
7384
5584
34321
22707
68383
20398
48655
82115
39770
87685
4365
44366
54275
38795
55449
92393
29134
17682
80887
78137
66140
14876
34680
96804
45182
85440
45233
85894
24465
14075
14225
31849
19659
48546
70909
88043
85296
35916
86510
25067
39953
90875
85785
94228
29670
57586
86621
58804
75269
67509
36941
57761
98737
87974
70917
60271
73414
16150
46165
97879
30225
60391
46081
66237
25289
16990
70632
26938
69258
73494
68357
9212
80721
54142
3440
26743
28081
6414
1900
3350
73923
55193
61111
89012
43167
32028
49284
32934
64531
11801
30813
11108
72192
93246
77345
13834
26588
64329
40772
95847
37823
9129
21411
18544
79623
24851
45288
7704
47617
47188
27406
37892
2381
88517
26905
45549
36898
92541
94835
1429
4342
42000
12537
92887
35247
6235
6721
61835
70564
63845
74034
8388
89326
95445
26932
85301
36649
88572
9358
84266
35760
36764
22159
54494
41634
65416
16395
78532
57957
11230
96313
62299
53230
8850
71538
88477
31437
78259
66665
2002
58456
40699
26742
47782
52497
53674
33084
89146
58599
58794
89764
94359
95558
28275
48853
53544
93691
65248
32076
68000
76478
44741
46652
46061
69944
18190
34538
1381
12802
1203
3383
71258
58255
30125
19041
10752
152
68477
16250
58751
43623
6014
69462
39181
50642
34668
9078
44333
16268
41154
12334
9099
2248
75338
55160
72192
93528
89698
73573
6330
7254
93309
77589
65509
39786
12982
92613
56290
97811
8863
31393
41434
31229
856
96967
98223
35524
6045
42557
68144
63552
71243
77243
65800
46581
32403
37992
56461
22102
27917
62792
45708
21226
56733
27569
77365
69715
20182
33655
83878
45397
65049
25312
92978
82257
22279
91202
17781
44677
50111
2277
8229
21354
79521
90381
84287
11924
28373
40748
50378
72642
19892
96086
93869
76625
40007
87586
46340
60189
21241
30218
21938
86290
71882
14917
68547
10514
22471
2680
55191
72582
4958
79772
10288
831
70153
94575
12755
14878
51675
79486
87520
71568
91924
97741
64545
31932
85327
27238
8473
6569
73808
30412
9211
45691
61681
94111
72557
84152
13143
27748
56734
34453
23872
67022
35284
94025
77949
64392
25255
29624
43878
12775
17544
35802
10517
82090
67734
12196
9328
92560
18765
83136
22972
44329
45179
84653
38440
17736
85157
67935
61836
41891
2389
85708
25265
37673
96085
3214
18417
21340
49190
62295
50468
66735
98098
60985
65177
82184
73181
90857
74744
8299
90345
14068
68980
51877
98721
23772
69613
83878
91707
47802
42121
10448
49862
67386
64474
45948
70600
82891
83640
36143
45187
34108
2878
59637
11445
84407
41821
979
75264
32918
25630
81961
46986
94610
33838
62060
18382
19804
62290
10089
67606
4412
20538
17468
88150
85012
79768
75103
67903
63409
11246
29442
13869
30476
89079
25315
14883
47253
42646
6499
80171
68276
88460
43509
62886
22299
5569
81268
42103
84212
7709
26061
4976
44599
43529
93126
45963
23298
84581
13867
3059
95827
59661
16928
26303
48741
58595
57538
95994
1241
64037
92517
85869
68850
36026
48755
7501
41596
46375
65956
25808
70437
92017
30784
15036
51898
40262
61000
91548
24844
91219
94607
20671
50880
27888
63327
15973
86483
37217
11967
4077
1255
20836
89946
86457
56863
55054
93958
14811
17781
76266
40619
88218
68283
87755
3255
20181
44369
80607
28082
69213
71826
22689
6237
39058
50577
85916
55032
53413
23133
83351
73842
40740
4188
80140
27197
61051
35194
37507
92214
52976
13773
49185
41194
98408
36940
60801
34942
97661
41408
63024
66875
29586
85713
89464
68645
52643
91732
40029
6056
14865
23380
96250
55606
43920
76390
99155
21323
11585
36663
13537
80913
66788
62722
38459
65197
16014
15613
139
13676
57021
63163
96903
2960
65228
86367
71605
34223
78099
27986
56631
9316
67718
52881
81274
11639
29272
80430
49314
57209
33445
62852
54474
233
41926
92933
81782
57941
24898
98273
87969
98272
77788
84872
1232
43017
87591
89189
77240
82042
17175
33872
7710
84893
3105
88985
12884
32377
85767
62199
5938
19212
41403
60412
35797
99681
69698
17580
73974
94596
15853
61943
92868
9994
63167
10452
53011
67110
99641
46603
65504
33168
96827
73215
34414
99933
62200
47298
48662
47967
25849
54601
83531
83604
15013
35680
83286
1063
53260
90156
90141
90137
90133
90132
90116
90102
90075
90068
90057
90052
90045
90044
90026
89989
89987
89982
89968
89962
89946
89946
89938
89938
89920
89916
89895
89868
89867
89864
89849
89846
89819
89813
89808
89802
89792
89790
89789
89787
89786
89775
89758
89753
89747
89745
89732
89713
89712
89706
89704
89702
89691
89658
89625
89622
89620
89598
89572
89553
89545
89534
89497
89494
89494
89488
89461
89459
89459
89431
89404
89402
89400
89373
89349
89345
89333
89320
89271
89271
89269
89233
89227
89218
89190
89173
89170
89166
89156
89147
89138
89125
89104
89090
89083
89077
89056
89053
89045
89042
89038
89031
89024
88997
88991
88987
88984
88960
88953
88953
88942
88936
88914
88914
88908
88898
88898
88893
88851
88839
88839
88837
88833
88823
88821
88787
88786
88781
88780
88767
88763
88759
88758
88754
88754
88740
88735
88702
88698
88697
88695
88692
88679
88662
88660
88656
88638
88622
88616
88596
88588
88585
88565
88556
88553
88538
88537
88526
88517
88515
88509
88496
88490
88478
88445
88432
88425
88424
88417
88416
88412
88381
88379
88375
88364
88363
88357
88339
88335
88334
88332
88314
88306
88284
88284
88274
88269
88252
88224
88222
88215
88209
88202
88197
88185
88174
88166
88163
88162
88158
88144
88110
88109
88076
88069
88067
88064
88027
88017
88007
88000
87983
87979
87979
87952
87932
87922
87921
87916
87896
87886
87884
87868
87863
87856
87854
87849
87837
87810
87804
87801
87782
87769
87769
87765
87760
87760
87760
87750
87748
87742
87740
87731
87710
87706
87704
87700
87651
87639
87624
87622
87619
87616
87551
87549
87534
87513
87460
87456
87455
87447
87447
87439
87434
87433
87422
87410
87405
87400
87391
87387
87386
87384
87370
87351
87341
87340
87331
87325
87323
87319
87318
87316
87299
87282
87280
87274
87252
87233
87233
87231
87231
87225
87206
87205
87199
87196
87177
87160
87159
87157
87152
87151
87146
87141
87134
87128
87121
87119
87109
87083
87083
87065
87060
87043
87010
87003
87003
87000
86995
86960
86949
86933
86929
86924
86918
86886
86871
86849
86846
86841
86840
86831
86831
86824
86811
86805
86798
86797
86793
86778
86756
86741
86738
86732
86723
86712
86691
86646
86641
86633
86627
86622
86616
86615
86600
86594
86589
86586
86552
86547
86546
86540
86522
86521
86509
86486
86467
86459
86443
86404
86393
86390
86388
86365
86350
86346
86337
86332
86331
86305
86293
86280
86257
86254
86249
86242
86239
86232
86215
86191
86186
86185
86180
86175
86175
86157
86134
86131
86126
86120
86115
86109
86073
86071
86066
86037
86027
86014
86001
85989
85989
85980
85971
85965
85943
85942
85936
85928
85923
85897
85881
85868
85862
85844
85832
85813
85805
85777
85756
85752
85751
85750
85744
85728
85694
85664
85661
85653
85626
85600
85596
85594
85590
85588
85585
85575
85561
85561
85557
85549
85548
85545
85524
85518
85505
85502
85481
85471
85425
85398
85397
85394
85392
85380
85378
85376
85348
85343
85313
85308
85300
85298
85286
85266
85234
85231
85228
85211
85208
85208
85204
85199
85195
85187
85185
85156
85132
85129
85121
85118
85116
85104
85097
85090
85082
85075
85072
85071
85069
85067
85060
85057
85038
85028
85025
85023
85022
85005
84983
84979
84976
84975
84963
84936
84925
84915
84913
84913
84877
84856
84845
84833
84816
84813
84806
84800
84799
84792
84787
84752
84734
84705
84695
84667
84661
84642
84624
84616
84612
84610
84599
84583
84575
84573
84569
84567
84565
84548
84528
84521
84516
84506
84496
84495
84488
84486
84479
84466
84459
84454
84441
84431
84418
84418
84405
84398
84398
84367
84367
84311
84309
84299
84279
84276
84269
84264
84259
84256
84253
84249
84238
84211
84209
84203
84199
84196
84195
84177
84158
84151
84150
84134
84111
84101
84089
84076
84070
84053
84050
84042
84038
84037
84029
84017
84014
84011
84000
83998
83987
83979
83974
83974
83969
83969
83958
83953
83950
83949
83936
83912
83908
83899
83898
83894
83889
83884
83873
83871
83843
83840
83812
83811
83809
83784
83778
83758
83754
83734
83721
83717
83717
83689
83681
83645
83637
83609
83599
83573
83564
83559
83558
83558
83550
83526
83522
83519
83504
83483
83480
83461
83446
83439
83426
83419
83389
83379
83378
83375
83369
83369
83360
83337
83336
83334
83315
83313
83303
83300
83290
83278
83274
83266
83261
83238
83221
83203
83177
83156
83151
83138
83121
83099
83086
83085
83084
83080
83066
83065
83061
83054
83034
83007
83003
82997
82993
82986
82958
82945
82943
82922
82904
82890
82889
82887
82858
82845
82840
82828
82811
82803
82802
82780
82768
82754
82753
82750
82737
82730
82711
82691
82683
82645
82627
82617
82604
82601
82598
82571
82555
82537
82533
82528
82519
82507
82505
82503
82480
82478
82454
82447
82423
82417
82394
82390
82383
82377
82370
82366
82359
82339
82335
82330
82326
82324
82294
82287
82252
82241
82238
82235
82206
82196
82181
82171
82170
82160
82151
82148
82145
82139
82135
82130
82123
82121
82106
82104
82094
82093
82082
82079
82061
82027
82024
82017
82016
81983
81974
81972
81962
81961
81949
81941
81932
81923
81913
81909
81908
81907
81902
81899
81866
81857
81856
81828
81819
81810
81779
81773
81745
81730
81725
81722
81721
81719
81716
81699
81685
81678
81668
81621
81619
81618
81617
81612
81605
81583
81577
81574
81573
81564
81563
81556
81525
81524
81514
81500
81485
81483
81473
81468
81460
81454
81444
81444
81438
81418
81416
81388
81387
81376
81367
81333
81324
81322
81319
81319
81311
81290
81288
81266
81263
81260
81229
81216
81214
81203
81202
81191
81181
81177
81164
81160
81159
81150
81148
81138
81128
81116
81112
81101
81095
81070
81065
81062
81060
81060
81056
81020
81016
81014
81007
80998
80998
80995
80973
80971
80947
80901
80890
80880
80880
80856
80849
80825
80824
80814
80767
80760
80759
80757
80748
80737
80718
80717
80714
80706
80705
80678
80674
80659
80646
80641
80638
80625
80610
80594
80586
80581
80580
80573
80566
80554
80542
80529
80495
80476
80466
80453
80449
80435
80432
80389
80363
80342
80316
80295
80290
80278
80268
80244
80231
80207
80200
80199
80148
80142
80137
80120
80109
80104
80104
80103
80063
80054
80038
80013
80009
80000
79994
79972
79952
79949
79929
79911
79895
79894
79882
79869
79867
79855
79851
79824
79812
79810
79801
79790
79779
79778
79772
79752
79736
79723
79720
79703
79692
79691
79689
79686
79681
79680
79676
79654
79649
79628
79625
79624
79620
79617
79614
79607
79592
79573
79572
79570
79563
79555
79550
79544
79542
79537
79516
79490
79484
79469
79459
79457
79451
79434
79433
79397
79388
79384
79380
79366
79362
79347
79338
79322
79320
79319
79313
79308
79301
79297
79291
79288
79285
79273
79271
79262
79260
79248
79246
79245
79237
79224
79220
79217
79185
79184
79179
79171
79135
79128
79126
79122
79101
79093
79083
79078
79066
79055
79053
79047
79036
79012
79010
79001
78993
78966
78965
78963
78955
78943
78929
78916
78913
78912
78854
78836
78828
78819
78813
78801
78783
78777
78745
78732
78730
78723
78713
78708
78707
78707
78705
78696
78692
78691
78672
78661
78659
78657
78648
78640
78628
78627
78627
78625
78625
78616
78603
78593
78559
78533
78524
78509
78503
78470
78459
78447
78442
78435
78428
78412
78396
78385
78384
78378
78370
78367
78361
78351
78345
78315
78313
78311
78307
78296
78295
78288
78286
78264
78243
78218
78211
78198
78177
78157
78143
78139
78129
78126
78122
78119
78118
78111
78111
78095
78093
78091
78074
78073
78058
78047
78044
78037
78025
78025
78020
78016
77991
77974
77974
77961
77954
77952
77951
77942
77940
77903
77895
77872
77861
77861
77860
77852
77848
77840
77836
77831
77822
77815
77790
77788
77779
77777
77776
77738
77719
77718
77708
77684
77681
77667
77663
77635
77630
77621
77618
77615
77614
77612
77601
77596
77589
77576
77566
77507
77506
77489
77485
77484
77468
77468
77464
77457
77432
77427
77408
77395
77386
77381
77358
77343
77305
77288
77261
77258
77252
77252
77242
77230
77224
77218
77187
77180
77175
77170
77158
77144
77123
77121
77098
77096
77091
77088
77083
77077
77077
77062
77056
77052
77046
77041
77036
77021
77010
76972
76970
76964
76961
76951
76936
76934
76934
76933
76928
76866
76864
76857
76856
76815
76814
76808
76808
76805
76794
76777
76769
76759
76748
76711
76711
76710
76692
76662
76652
76612
76603
76603
76601
76599
76581
76579
76570
76544
76521
76504
76503
76449
76438
76430
76429
76423
76409
76383
76378
76374
76365
76365
76343
76338
76337
76330
76327
76309
76304
76281
76249
76242
76235
76227
76208
76182
76177
76163
76160
76137
76131
76127
76123
76112
76111
76110
76107
76104
76095
76088
76081
76081
76078
76074
76054
76048
76042
76037
76035
76030
76022
76019
76019
76000
75973
75971
75961
75955
75947
75944
75929
75918
75914
75901
75892
75882
75856
75853
75852
75835
75827
75822
75808
75803
75778
75773
75769
75763
75736
75735
75724
75723
75723
75709
75705
75701
75672
75666
75666
75658
75647
75643
75635
75626
75624
75623
75622
75597
75585
75584
75577
75575
75570
75567
75561
75558
75552
75551
75534
75534
75525
75518
75518
75510
75504
75500
75467
75467
75435
75431
75426
75410
75395
75394
75391
75345
75332
75318
75310
75300
75297
75295
75291
75285
75270
75261
75261
75259
75247
75221
75220
75189
75184
75169
75165
75162
75149
75148
75147
75142
75128
75127
75121
75087
75077
75073
75069
75067
75062
75061
75058
75054
75049
75042
75030
75026
75024
75015
75001
75000
74980
74978
74974
74969
74955
74953
74952
74933
74927
74922
74898
74891
74878
74877
74871
74865
74863
74861
74858
74851
74850
74826
74819
74801
74786
74780
74780
74779
74769
74761
74755
74748
74730
74694
74678
74677
74676
74669
74663
74651
74641
74634
74630
74628
74619
74612
74607
74602
74597
74597
74574
74570
74555
74543
74540
74532
74529
74514
74511
74506
74481
74479
74477
74472
74469
74462
74457
74421
74417
74415
74412
74385
74384
74376
74360
74351
74334
74331
74319
74309
74308
74301
74294
74262
74255
74242
74238
74234
74227
74206
74203
74195
74181
74156
74140
74126
74101
74093
74092
74087
74082
74066
74044
74038
74018
74016
74008
73986
73979
73951
73934
73924
73912
73886
73870
73858
73843
73834
73827
73826
73821
73819
73818
73817
73797
73794
73778
73775
73774
73769
73766
73760
73750
73749
73745
73738
73737
73734
73717
73670
73665
73626
73621
73618
73613
73612
73609
73600
73599
73566
73555
73553
73553
73552
73541
73525
73522
73491
73478
73477
73453
73445
73443
73434
73418
73414
73411
73408
73402
73399
73391
73390
73356
73350
73340
73339
73323
73315
73315
73287
73279
73265
73262
73259
73256
73238
73227
73219
73203
73190
73189
73166
73151
73148
73130
73118
73113
73084
73070
73067
73035
73019
73011
72986
72970
72966
72956
72947
72944
72940
72930
72930
72916
72912
72909
72892
72878
72872
72862
72860
72854
72852
72849
72837
72818
72807
72800
72776
72762
72761
72757
72752
72732
72728
72724
72667
72663
72646
72646
72642
72608
72603
72592
72585
72556
72548
72542
72523
72517
72495
72466
72455
72444
72402
72402
72398
72378
72365
72341
72334
72332
72329
72328
72327
72323
72319
72316
72306
72300
72277
72276
72274
72272
72257
72255
72242
72240
72230
72221
72200
72198
72198
72192
72191
72180
72178
72162
72159
72157
72154
72152
72150
72141
72141
72132
72114
72106
72106
72089
72070
72070
72064
72041
72039
72038
72028
72027
72021
72015
71996
71980
71980
71976
71973
71955
71938
71935
71928
71924
71921
71891
71879
71878
71849
71847
71832
71829
71826
71809
71809
71801
71796
71790
71765
71730
71730
71716
71715
71701
71692
71673
71643
71638
71629
71627
71623
71618
71600
71595
71593
71592
71591
71579
71575
71571
71562
71550
71536
71526
71481
71467
71466
71462
71447
71424
71404
71396
71385
71378
71378
71376
71361
71359
71352
71340
71332
71271
71270
71263
71263
71253
71251
71245
71239
71238
71227
71207
71196
71183
71173
71161
71138
71128
71119
71077
71067
71060
71057
71053
71040
71030
71020
71019
70997
70962
70924
70916
70916
70902
70900
70898
70880
70868
70858
70854
70848
70823
70819
70816
70809
70788
70784
70770
70769
70757
70734
70730
70702
70680
70673
70659
70617
70607
70597
70593
70589
70577
70577
70555
70552
70549
70547
70536
70514
70506
70502
70486
70481
70476
70472
70449
70447
70447
70438
70417
70408
70397
70391
70377
70372
70370
70341
70337
70336
70328
70323
70320
70311
70284
70278
70273
70267
70260
70252
70248
70239
70235
70207
70203
70192
70179
70177
70176
70147
70143
70129
70126
70125
70119
70111
70108
70092
70092
70076
70073
70068
70062
70062
70054
70039
70030
70017
69994
69994
69992
69992
69991
69980
69972
69967
69895
69894
69889
69873
69861
69836
69831
69830
69809
69786
69777
69758
69739
69733
69723
69716
69712
69669
69667
69640
69631
69627
69626
69615
69585
69572
69562
69552
69551
69548
69547
69541
69529
69520
69499
69497
69494
69492
69472
69460
69457
69457
69443
69416
69415
69412
69404
69395
69394
69388
69377
69370
69364
69347
69343
69323
69323
69322
69319
69267
69256
69250
69248
69245
69237
69231
69222
69218
69186
69184
69177
69163
69143
69127
69113
69106
69105
69099
69089
69036
69030
69027
69016
69006
69005
68992
68980
68978
68972
68946
68936
68936
68929
68920
68918
68917
68901
68895
68892
68891
68876
68865
68860
68859
68829
68819
68819
68810
68806
68806
68799
68799
68790
68781
68752
68746
68725
68722
68711
68701
68676
68664
68653
68647
68634
68634
68594
68588
68587
68577
68560
68554
68553
68543
68536
68531
68522
68467
68464
68455
68434
68433
68425
68422
68407
68406
68405
68405
68386
68366
68345
68343
68316
68308
68302
68301
68301
68280
68263
68259
68248
68247
68237
68235
68230
68229
68212
68207
68206
68195
68195
68179
68178
68178
68153
68147
68139
68133
68117
68112
68080
68069
68059
68044
68032
68032
68027
68023
68006
67995
67986
67985
67984
67975
67931
67927
67926
67912
67910
67905
67887
67883
67875
67857
67853
67852
67845
67836
67829
67824
67823
67821
67801
67799
67786
67772
67771
67762
67745
67742
67739
67739
67732
67708
67702
67699
67696
67685
67683
67683
67679
67673
67656
67653
67638
67629
67618
67612
67584
67550
67538
67518
67494
67490
67489
67459
67448
67414
67368
67337
67337
67325
67321
67313
67292
67285
67283
67278
67272
67270
67260
67255
67250
67245
67242
67237
67231
67226
67223
67217
67200
67172
67171
67161
67148
67111
67101
67075
67069
67059
67057
67037
67024
67019
67017
66976
66970
66956
66953
66947
66927
66926
66924
66919
66913
66897
66890
66863
66859
66859
66857
66846
66837
66816
66811
66806
66802
66797
66795
66789
66755
66735
66714
66714
66695
66682
66667
66666
66661
66653
66642
66623
66621
66615
66613
66601
66575
66568
66560
66554
66539
66531
66522
66518
66511
66500
66498
66495
66478
66473
66452
66447
66440
66425
66422
66405
66379
66376
66373
66357
66348
66334
66324
66315
66308
66304
66292
66292
66286
66280
66269
66263
66249
66244
66232
66220
66215
66212
66210
66207
66206
66203
66198
66186
66184
66178
66164
66163
66144
66138
66127
66121
66112
66111
66101
66084
66080
66079
66067
66046
66045
66018
66011
66006
66003
65981
65971
65970
65944
65942
65939
65924
65920
65906
65901
65881
65868
65866
65855
65852
65814
65811
65804
65798
65792
65787
65774
65769
65765
65761
65743
65733
65721
65711
65697
65679
65678
65674
65668
65667
65660
65660
65657
65639
65614
65605
65596
65576
65572
65569
65569
65567
65543
65526
65496
65488
65483
65468
65468
65462
65436
65424
65412
65409
65405
65398
65396
65394
65394
65384
65377
65358
65355
65345
65332
65311
65302
65292
65288
65284
65257
65257
65248
65241
65241
65238
65224
65224
65216
65185
65185
65181
65159
65151
65150
65143
65138
65133
65122
65103
65087
65084
65069
65059
65056
65049
65036
65025
65024
65018
65013
65013
65010
65008
65007
64991
64986
64985
64973
64970
64966
64954
64950
64945
64944
64933
64923
64923
64906
64884
64881
64871
64867
64865
64839
64822
64809
64790
64772
64741
64737
64734
64730
64706
64702
64697
64688
64678
64664
64663
64662
64639
64636
64634
64633
64620
64589
64583
64575
64565
64560
64560
64552
64551
64545
64541
64533
64526
64525
64510
64499
64490
64487
64484
64481
64477
64455
64455
64443
64437
64408
64407
64384
64383
64362
64350
64346
64335
64318
64315
64303
64298
64275
64267
64265
64223
64220
64214
64203
64200
64177
64168
64134
64113
64109
64093
64090
64042
64038
64020
64005
63957
63949
63932
63929
63919
63914
63904
63894
63880
63868
63860
63857
63850
63833
63828
63826
63822
63787
63785
63777
63767
63764
63754
63735
63721
63712
63686
63674
63649
63644
63611
63607
63591
63550
63544
63534
63525
63516
63505
63488
63463
63460
63459
63452
63435
63427
63381
63381
63376
63372
63366
63363
63359
63341
63325
63324
63312
63303
63278
63264
63243
63210
63201
63179
63168
63166
63164
63159
63158
63157
63151
63146
63129
63127
63121
63118
63098
63080
63067
63060
63046
63033
63026
63024
63022
63012
62997
62992
62992
62972
62965
62963
62926
62915
62906
62906
62881
62877
62864
62862
62857
62853
62837
62822
62813
62787
62780
62775
62772
62770
62769
62768
62755
62753
62745
62734
62731
62719
62714
62712
62707
62697
62690
62680
62673
62661
62636
62594
62592
62555
62555
62554
62537
62529
62528
62516
62513
62511
62507
62504
62498
62497
62495
62492
62488
62467
62464
62461
62442
62435
62424
62421
62404
62383
62378
62354
62350
62347
62346
62336
62332
62318
62313
62312
62307
62294
62291
62273
62273
62268
62267
62231
62221
62212
62211
62176
62164
62159
62150
62127
62121
62115
62106
62096
62078
62066
62061
62058
62033
62021
62013
62000
61993
61992
61988
61985
61980
61978
61965
61964
61952
61936
61924
61916
61910
61898
61891
61883
61875
61874
61869
61867
61864
61810
61796
61788
61788
61784
61781
61772
61770
61761
61755
61754
61750
61749
61744
61743
61732
61706
61697
61691
61689
61686
61683
61678
61664
61644
61639
61638
61638
61637
61632
61617
61617
61607
61575
61564
61545
61538
61535
61531
61527
61516
61493
61484
61483
61473
61472
61462
61461
61444
61441
61424
61420
61417
61410
61400
61386
61370
61366
61348
61340
61334
61332
61310
61310
61274
61251
61232
61230
61228
61226
61219
61209
61207
61194
61192
61185
61182
61181
61164
61163
61158
61158
61135
61120
61106
61093
61075
61073
61068
61046
61034
61033
61029
61006
60998
60991
60991
60967
60964
60954
60954
60946
60938
60927
60911
60901
60880
60880
60868
60827
60809
60805
60796
60766
60763
60760
60759
60751
60734
60730
60725
60723
60718
60682
60671
60670
60658
60645
60627
60626
60622
60619
60618
60617
60611
60599
60594
60583
60569
60566
60561
60556
60551
60510
60498
60490
60478
60469
60468
60432
60419
60408
60407
60394
60386
60382
60370
60360
60347
60346
60338
60338
60316
60309
60307
60306
60294
60289
60289
60288
60288
60287
60251
60238
60236
60223
60220
60200
60192
60180
60175
60174
60173
60169
60167
60146
60131
60117
60117
60115
60111
60094
60066
60007
60000
59993
59991
59970
59970
59963
59954
59950
59942
59921
59919
59914
59913
59908
59874
59863
59845
59838
59828
59824
59821
59820
59816
59800
59780
59755
59748
59723
59705
59702
59689
59667
59663
59625
59616
59616
59592
59571
59566
59529
59501
59485
59469
59455
59453
59452
59446
59446
59441
59440
59405
59402
59364
59357
59337
59321
59316
59314
59290
59279
59250
59248
59241
59239
59229
59224
59214
59200
59173
59155
59146
59144
59141
59105
59098
59087
59081
59078
59067
59061
59051
59043
59034
59017
59002
58999
58973
58946
58939
58898
58874
58840
58839
58822
58821
58796
58794
58794
58789
58784
58777
58766
58737
58717
58716
58715
58705
58702
58694
58690
58689
58677
58677
58668
58658
58654
58648
58646
58642
58622
58617
58606
58603
58600
58583
58581
58574
58569
58558
58531
58513
58512
58512
58501
58493
58492
58489
58478
58469
58466
58462
58457
58413
58409
58392
58390
58387
58386
58382
58380
58375
58364
58355
58351
58351
58324
58299
58298
58292
58288
58284
58276
58273
58271
58265
58231
58231
58224
58208
58200
58195
58175
58169
58161
58143
58138
58135
58135
58122
58120
58111
58110
58063
58051
58045
58043
58035
58034
58024
57995
57973
57971
57970
57952
57942
57933
57930
57929
57919
57914
57904
57901
57876
57876
57872
57856
57851
57848
57844
57842
57834
57816
57815
57777
57773
57749
57739
57723
57719
57699
57692
57689
57666
57654
57649
57648
57635
57630
57619
57607
57606
57579
57575
57555
57520
57505
57489
57487
57486
57478
57478
57475
57474
57470
57465
57460
57448
57428
57427
57419
57403
57386
57376
57375
57364
57364
57354
57334
57295
57294
57293
57277
57275
57268
57266
57257
57251
57232
57229
57229
57220
57196
57184
57171
57166
57137
57132
57097
57070
57060
57057
57041
57023
57015
57006
56998
56982
56982
56971
56961
56942
56912
56906
56899
56889
56882
56873
56833
56832
56829
56815
56812
56806
56797
56795
56793
56782
56776
56770
56763
56749
56738
56738
56731
56731
56723
56717
56717
56711
56703
56692
56684
56676
56659
56658
56639
56635
56634
56619
56603
56599
56589
56568
56565
56564
56525
56519
56507
56494
56492
56482
56479
56470
56459
56448
56446
56397
56384
56369
56365
56359
56356
56342
56336
56335
56328
56325
56323
56318
56314
56310
56287
56286
56263
56252
56222
56214
56205
56198
56192
56183
56174
56173
56172
56167
56164
56163
56163
56162
56139
56135
56121
56113
56112
56108
56106
56106
56103
56102
56088
56071
56061
56058
56048
56032
56027
56024
56019
56002
55991
55973
55930
55920
55915
55908
55903
55901
55901
55900
55884
55878
55875
55869
55853
55853
55846
55840
55837
55827
55810
55809
55805
55801
55798
55795
55771
55756
55756
55724
55720
55720
55713
55700
55685
55683
55666
55666
55662
55651
55650
55650
55640
55634
55618
55593
55579
55570
55567
55562
55553
55525
55521
55520
55519
55489
55483
55476
55474
55472
55469
55465
55456
55438
55434
55416
55415
55397
55389
55386
55373
55373
55364
55353
55338
55337
55336
55329
55300
55286
55278
55274
55272
55263
55257
55256
55227
55203
55194
55188
55184
55180
55178
55176
55169
55167
55160
55154
55121
55121
55119
55106
55087
55085
55082
55079
55074
55062
55058
55053
55053
55036
55009
55004
54972
54934
54924
54920
54919
54907
54892
54877
54877
54835
54828
54816
54785
54772
54758
54748
54747
54720
54692
54687
54684
54668
54667
54659
54639
54631
54630
54614
54610
54603
54597
54589
54588
54575
54569
54564
54563
54563
54562
54560
54540
54535
54533
54530
54524
54523
54520
54493
54484
54483
54471
54470
54463
54453
54439
54439
54434
54424
54421
54397
54396
54377
54360
54354
54351
54321
54300
54287
54280
54276
54263
54258
54208
54199
54182
54155
54151
54136
54100
54098
54097
54090
54088
54087
54079
54076
54072
54067
54042
54039
54037
54024
54020
53996
53987
53970
53957
53944
53939
53931
53909
53889
53876
53843
53829
53817
53807
53800
53795
53773
53773
53772
53768
53761
53753
53750
53735
53733
53731
53730
53729
53726
53721
53710
53698
53675
53667
53638
53637
53629
53624
53616
53613
53601
53601
53597
53590
53587
53573
53557
53520
53505
53501
53495
53493
53477
53464
53419
53417
53407
53398
53390
53358
53349
53348
53343
53328
53328
53323
53316
53288
53283
53277
53255
53254
53213
53204
53203
53188
53173
53156
53154
53149
53137
53135
53121
53118
53107
53083
53083
53061
53054
53026
53010
53005
52996
52984
52975
52969
52968
52924
52914
52913
52895
52888
52887
52851
52846
52836
52834
52829
52810
52809
52803
52802
52793
52791
52789
52787
52772
52759
52750
52748
52740
52740
52728
52725
52723
52712
52685
52679
52655
52650
52644
52643
52625
52621
52611
52611
52589
52589
52588
52564
52528
52515
52509
52493
52480
52479
52475
52446
52443
52438
52425
52421
52420
52417
52403
52393
52374
52369
52365
52358
52354
52337
52335
52326
52302
52298
52274
52272
52263
52255
52249
52236
52229
52226
52224
52198
52185
52184
52182
52177
52171
52170
52162
52161
52148
52134
52133
52123
52120
52105
52103
52097
52095
52094
52091
52089
52056
52037
52037
52010
52005
51990
51987
51949
51942
51925
51921
51913
51904
51902
51896
51896
51865
51863
51858
51835
51826
51826
51825
51819
51817
51813
51809
51804
51769
51754
51746
51729
51724
51722
51719
51704
51670
51664
51661
51660
51658
51656
51655
51640
51610
51600
51580
51570
51566
51556
51525
51513
51511
51489
51481
51480
51476
51465
51460
51445
51445
51433
51425
51421
51420
51418
51414
51412
51411
51410
51402
51395
51383
51382
51372
51369
51365
51362
51352
51339
51339
51334
51325
51313
51304
51288
51286
51272
51272
51258
51253
51239
51234
51231
51227
51225
51205
51186
51186
51168
51157
51119
51118
51112
51095
51090
51085
51058
51057
51057
51054
51051
51016
51014
51003
51002
50983
50952
50951
50946
50911
50909
50899
50897
50895
50882
50872
50852
50820
50816
50816
50810
50795
50776
50773
50769
50759
50754
50753
50735
50730
50728
50720
50692
50689
50688
50678
50676
50651
50637
50582
50560
50545
50519
50510
50508
50495
50486
50483
50469
50467
50465
50443
50437
50434
50409
50404
50383
50351
50305
50247
50242
50232
50215
50213
50205
50198
50149
50145
50145
50114
50111
50089
50087
50078
50076
50075
50042
50030
50028
50027
50022
50012
50012
50001
50000
49999
49996
49993
49991
49975
49971
49959
49947
49945
49944
49925
49898
49895
49891
49879
49878
49878
49874
49856
49826
49812
49811
49811
49801
49795
49768
49767
49762
49759
49742
49740
49736
49725
49694
49692
49684
49675
49666
49641
49637
49637
49635
49619
49593
49582
49581
49567
49563
49552
49543
49534
49514
49504
49500
49459
49456
49450
49450
49450
49448
49443
49406
49392
49392
49389
49389
49372
49361
49360
49348
49307
49293
49290
49283
49270
49243
49239
49230
49227
49226
49218
49215
49204
49198
49192
49168
49161
49156
49153
49144
49137
49133
49132
49105
49102
49100
49097
49097
49092
49079
49064
49059
49036
49029
49018
49015
49015
48999
48989
48970
48967
48948
48926
48924
48913
48903
48901
48890
48884
48883
48874
48839
48837
48834
48832
48832
48819
48812
48811
48792
48790
48779
48763
48747
48744
48739
48730
48724
48720
48718
48712
48696
48680
48671
48669
48664
48663
48618
48606
48604
48602
48594
48585
48583
48583
48576
48575
48565
48564
48559
48520
48513
48506
48504
48500
48482
48476
48469
48466
48457
48437
48416
48404
48396
48353
48347
48345
48341
48338
48324
48318
48316
48305
48300
48297
48272
48263
48255
48245
48242
48237
48209
48206
48193
48191
48182
48180
48172
48167
48136
48119
48101
48093
48072
48067
48055
48055
48052
48038
48023
48019
47977
47969
47966
47963
47942
47938
47936
47935
47930
47928
47927
47906
47904
47901
47894
47890
47879
47847
47839
47823
47812
47810
47769
47767
47766
47758
47747
47739
47731
47720
47703
47702
47696
47692
47690
47680
47670
47666
47665
47664
47645
47634
47631
47624
47617
47602
47595
47567
47536
47534
47493
47486
47481
47466
47464
47431
47431
47423
47418
47417
47412
47380
47377
47369
47340
47339
47328
47327
47313
47296
47296
47275
47269
47267
47265
47264
47244
47237
47233
47229
47222
47220
47212
47208
47197
47195
47188
47177
47177
47167
47165
47160
47151
47138
47134
47085
47062
47062
47056
47053
47051
47036
47027
47011
47004
46999
46991
46990
46987
46979
46973
46957
46955
46949
46945
46941
46938
46921
46913
46910
46906
46888
46887
46876
46867
46859
46856
46846
46834
46832
46829
46828
46818
46803
46784
46774
46762
46760
46739
46734
46727
46722
46699
46695
46684
46667
46659
46654
46610
46609
46606
46585
46579
46573
46552
46550
46549
46498
46494
46485
46477
46451
46432
46414
46409
46392
46370
46365
46356
46350
46328
46310
46294
46284
46281
46273
46254
46252
46251
46238
46232
46227
46221
46201
46170
46168
46143
46129
46129
46120
46118
46118
46102
46093
46071
46062
46053
46048
46036
46035
46021
46018
46010
46009
46006
45999
45992
45991
45991
45984
45983
45979
45964
45958
45950
45948
45932
45923
45910
45900
45897
45894
45894
45891
45880
45872
45869
45869
45830
45821
45820
45815
45814
45813
45801
45797
45783
45776
45772
45770
45769
45763
45742
45739
45734
45723
45709
45704
45700
45699
45697
45654
45650
45635
45630
45620
45612
45609
45606
45603
45597
45562
45558
45556
45543
45537
45535
45533
45532
45516
45505
45504
45490
45485
45471
45470
45465
45454
45445
45432
45419
45418
45381
45366
45362
45354
45341
45321
45307
45300
45297
45295
45291
45270
45261
45239
45237
45215
45211
45196
45196
45181
45176
45174
45168
45158
45147
45136
45125
45078
45069
45033
45031
45029
45027
45022
45008
44997
44983
44974
44973
44971
44941
44931
44924
44923
44914
44899
44896
44890
44884
44863
44858
44854
44845
44843
44841
44835
44835
44811
44801
44789
44770
44761
44732
44714
44714
44700
44688
44687
44673
44671
44670
44670
44663
44654
44652
44648
44639
44635
44619
44618
44615
44605
44589
44551
44544
44537
44536
44528
44525
44497
44489
44488
44467
44463
44462
44459
44456
44453
44430
44422
44414
44414
44406
44396
44378
44370
44366
44359
44348
44347
44338
44336
44333
44327
44322
44306
44288
44284
44282
44279
44262
44253
44250
44247
44242
44238
44236
44226
44217
44211
44205
44205
44192
44192
44181
44144
44141
44132
44125
44124
44123
44117
44092
44091
44081
44063
44057
44056
44052
44051
44047
44044
44043
44042
44039
44032
44022
44017
44006
43986
43974
43972
43944
43943
43936
43924
43918
43906
43854
43852
43849
43818
43816
43812
43803
43796
43782
43778
43730
43717
43706
43687
43685
43678
43673
43660
43658
43656
43650
43641
43623
43608
43606
43606
43595
43557
43556
43536
43525
43524
43504
43501
43484
43475
43470
43447
43428
43415
43411
43400
43372
43371
43366
43360
43333
43327
43321
43268
43265
43255
43252
43221
43215
43201
43192
43189
43187
43186
43181
43159
43155
43155
43132
43131
43117
43109
43109
43105
43074
43047
43031
43030
43029
43026
43014
43008
42994
42969
42964
42933
42930
42930
42930
42875
42847
42847
42844
42811
42804
42802
42789
42783
42774
42771
42769
42738
42732
42723
42720
42717
42716
42713
42704
42686
42679
42676
42665
42657
42634
42616
42598
42597
42592
42586
42577
42573
42569
42552
42524
42523
42520
42505
42495
42490
42478
42454
42451
42447
42446
42441
42390
42385
42370
42368
42362
42360
42357
42326
42324
42320
42309
42308
42299
42299
42296
42289
42286
42283
42259
42253
42227
42210
42207
42194
42171
42164
42158
42157
42152
42148
42147
42124
42115
42108
42082
42057
42040
42039
42037
42034
42010
41995
41995
41980
41959
41954
41952
41945
41943
41942
41939
41937
41929
41906
41899
41898
41897
41878
41877
41875
41873
41869
41867
41867
41866
41861
41859
41849
41849
41846
41834
41825
41819
41817
41801
41792
41789
41768
41762
41758
41755
41730
41720
41717
41716
41688
41646
41641
41639
41637
41636
41629
41592
41535
41534
41516
41512
41506
41499
41498
41497
41488
41463
41461
41459
41454
41440
41413
41406
41395
41391
41375
41364
41356
41347
41346
41326
41325
41322
41319
41313
41306
41301
41299
41295
41292
41274
41271
41268
41254
41230
41227
41220
41220
41217
41205
41170
41164
41158
41149
41140
41136
41128
41120
41106
41100
41098
41079
41069
41063
41057
41057
41048
41047
41028
41027
41022
41020
41018
40996
40996
40983
40935
40931
40919
40909
40906
40901
40895
40883
40883
40881
40878
40875
40858
40857
40855
40846
40845
40762
40762
40758
40757
40753
40752
40726
40707
40705
40703
40698
40686
40644
40641
40619
40602
40586
40584
40583
40581
40575
40573
40562
40558
40555
40553
40552
40533
40531
40529
40526
40524
40522
40514
40510
40504
40464
40450
40437
40425
40419
40402
40391
40383
40371
40358
40358
40346
40345
40343
40332
40295
40280
40272
40272
40266
40259
40243
40234
40233
40226
40222
40218
40216
40215
40206
40203
40199
40197
40195
40182
40174
40171
40155
40139
40138
40113
40087
40053
40046
40045
40019
40009
40008
39993
39980
39966
39944
39933
39928
39926
39903
39902
39893
39890
39880
39877
39851
39845
39808
39807
39806
39787
39770
39769
39766
39766
39764
39752
39743
39740
39731
39719
39718
39712
39712
39689
39687
39684
39682
39676
39652
39640
39616
39613
39611
39599
39595
39594
39581
39560
39557
39544
39522
39511
39481
39461
39451
39448
39440
39439
39435
39424
39421
39401
39398
39393
39383
39326
39292
39286
39276
39253
39243
39235
39233
39228
39215
39205
39202
39200
39191
39187
39174
39164
39155
39143
39137
39127
39126
39107
39085
39061
39056
39051
39048
39047
39034
39018
39017
39001
38995
38992
38991
38979
38976
38963
38962
38960
38956
38947
38940
38934
38931
38904
38899
38898
38894
38882
38882
38857
38852
38816
38812
38808
38799
38788
38780
38779
38776
38760
38758
38748
38739
38736
38735
38734
38732
38728
38722
38721
38700
38700
38663
38635
38631
38605
38597
38585
38574
38561
38557
38528
38527
38516
38498
38486
38476
38462
38454
38422
38420
38415
38408
38405
38371
38358
38340
38332
38331
38320
38314
38312
38296
38288
38285
38270
38267
38256
38240
38231
38225
38215
38206
38198
38189
38186
38180
38166
38161
38142
38136
38122
38109
38107
38104
38097
38080
38072
38070
38064
38036
38036
38029
38028
38026
38015
38007
37988
37939
37938
37919
37912
37900
37890
37887
37880
37877
37853
37837
37834
37833
37832
37828
37828
37821
37815
37811
37770
37757
37722
37722
37714
37713
37712
37708
37699
37699
37690
37688
37671
37665
37642
37636
37636
37622
37615
37612
37578
37556
37544
37524
37512
37486
37483
37472
37458
37458
37453
37450
37438
37436
37426
37425
37379
37370
37367
37346
37324
37323
37320
37318
37317
37289
37284
37281
37273
37265
37252
37249
37243
37239
37224
37222
37220
37219
37206
37197
37196
37193
37177
37175
37157
37142
37129
37120
37117
37108
37096
37078
37074
37041
37033
37005
37000
36988
36988
36984
36967
36959
36941
36935
36923
36905
36904
36885
36874
36858
36849
36844
36824
36816
36801
36777
36777
36774
36769
36755
36753
36752
36748
36734
36725
36714
36703
36702
36701
36678
36656
36655
36644
36625
36619
36601
36592
36591
36587
36579
36571
36566
36564
36563
36548
36547
36534
36516
36513
36490
36485
36484
36474
36442
36441
36411
36404
36387
36342
36337
36313
36305
36294
36293
36258
36252
36247
36238
36235
36231
36231
36230
36220
36219
36215
36207
36199
36187
36141
36138
36133
36114
36113
36093
36085
36082
36075
36056
36039
36031
36026
36026
36020
36013
36002
36001
35986
35986
35981
35977
35965
35963
35945
35921
35897
35889
35866
35859
35851
35849
35847
35845
35835
35830
35825
35810
35809
35759
35738
35732
35732
35732
35725
35711
35698
35691
35675
35669
35657
35640
35637
35634
35625
35624
35588
35582
35572
35540
35529
35523
35508
35480
35477
35476
35469
35468
35465
35459
35450
35416
35399
35399
35392
35390
35371
35371
35368
35355
35355
35351
35350
35346
35311
35306
35305
35304
35301
35282
35271
35266
35258
35251
35234
35228
35224
35215
35204
35192
35174
35173
35166
35162
35144
35137
35136
35128
35114
35113
35102
35086
35083
35051
35048
35043
35040
35039
35027
35012
34981
34979
34965
34959
34955
34938
34937
34919
34902
34887
34878
34876
34868
34855
34837
34836
34836
34832
34818
34817
34804
34796
34779
34765
34759
34754
34742
34731
34717
34704
34702
34697
34680
34670
34653
34637
34633
34630
34616
34555
34554
34536
34534
34531
34528
34520
34498
34485
34481
34478
34478
34433
34392
34360
34323
34312
34290
34286
34271
34250
34248
34241
34235
34233
34215
34210
34210
34192
34184
34169
34167
34166
34094
34034
34021
34017
34012
34007
33990
33979
33976
33970
33956
33952
33951
33951
33945
33945
33941
33937
33933
33933
33914
33895
33894
33886
33871
33865
33846
33830
33825
33795
33790
33783
33781
33770
33753
33743
33736
33735
33722
33711
33710
33705
33698
33697
33682
33677
33656
33650
33625
33607
33579
33574
33567
33566
33564
33543
33534
33532
33531
33525
33523
33516
33504
33502
33495
33490
33482
33480
33463
33462
33461
33459
33452
33443
33433
33432
33424
33422
33413
33412
33405
33393
33393
33388
33383
33367
33365
33357
33345
33344
33343
33313
33288
33286
33283
33276
33274
33273
33271
33262
33225
33218
33218
33214
33204
33201
33195
33192
33190
33186
33173
33173
33169
33162
33157
33146
33136
33135
33118
33116
33112
33103
33096
33059
33052
33043
33035
33030
33026
33006
33004
32996
32987
32947
32940
32910
32901
32898
32896
32890
32887
32875
32868
32867
32867
32840
32831
32830
32822
32816
32784
32778
32776
32773
32772
32764
32736
32733
32720
32719
32686
32682
32682
32678
32676
32673
32659
32646
32644
32643
32638
32637
32617
32617
32617
32608
32607
32596
32593
32577
32574
32560
32560
32557
32555
32549
32530
32528
32527
32523
32522
32519
32503
32479
32472
32472
32450
32438
32437
32416
32375
32370
32365
32359
32355
32354
32353
32345
32333
32319
32296
32293
32293
32268
32233
32230
32216
32212
32211
32210
32201
32191
32190
32189
32182
32174
32165
32161
32149
32140
32136
32126
32095
32071
32066
32052
32032
32030
32027
32025
32023
32021
32021
32008
31996
31985
31984
31948
31943
31922
31919
31899
31867
31862
31855
31843
31843
31842
31837
31826
31812
31806
31790
31768
31761
31732
31729
31725
31714
31703
31703
31678
31677
31670
31669
31665
31632
31617
31604
31602
31599
31597
31592
31589
31580
31580
31573
31572
31554
31510
31497
31486
31476
31462
31427
31413
31409
31388
31387
31375
31359
31358
31358
31351
31345
31333
31332
31314
31306
31302
31299
31292
31292
31290
31283
31281
31271
31267
31258
31257
31254
31225
31221
31213
31210
31187
31166
31162
31155
31140
31140
31139
31128
31119
31107
31098
31088
31084
31072
31067
31067
31065
31049
31038
31006
31006
30994
30988
30985
30983
30951
30939
30938
30923
30919
30875
30871
30869
30858
30855
30847
30842
30839
30821
30814
30781
30778
30770
30769
30749
30732
30689
30665
30662
30660
30659
30633
30611
30590
30577
30568
30566
30561
30549
30496
30484
30475
30473
30470
30462
30457
30455
30443
30438
30414
30370
30359
30358
30349
30335
30333
30327
30325
30317
30292
30281
30271
30246
30236
30236
30223
30221
30202
30190
30185
30172
30169
30166
30162
30161
30152
30143
30138
30133
30127
30121
30113
30103
30091
30086
30035
30019
30008
30008
30008
30001
29994
29987
29980
29959
29955
29952
29939
29931
29921
29905
29888
29880
29871
29867
29862
29858
29848
29842
29836
29821
29819
29818
29790
29788
29787
29780
29755
29747
29740
29729
29724
29724
29719
29706
29703
29696
29696
29678
29661
29656
29621
29618
29613
29582
29577
29569
29550
29548
29545
29539
29527
29495
29492
29490
29481
29474
29467
29465
29460
29433
29431
29395
29393
29382
29377
29357
29342
29337
29327
29319
29319
29319
29313
29311
29306
29305
29278
29275
29270
29225
29223
29205
29189
29188
29168
29168
29165
29155
29149
29135
29120
29100
29096
29083
29079
29050
29002
28989
28986
28961
28950
28939
28932
28929
28919
28911
28899
28886
28868
28850
28848
28847
28845
28841
28838
28824
28817
28814
28787
28782
28778
28769
28759
28733
28728
28725
28717
28709
28708
28634
28633
28623
28618
28607
28593
28589
28587
28571
28568
28564
28550
28549
28543
28538
28537
28535
28528
28528
28523
28522
28517
28507
28499
28464
28461
28453
28451
28432
28399
28382
28372
28362
28345
28345
28344
28343
28341
28313
28273
28246
28242
28229
28225
28217
28216
28211
28206
28178
28158
28156
28153
28147
28134
28129
28128
28121
28113
28106
28084
28084
28074
28065
28042
28037
28036
28031
28025
28014
28010
27992
27985
27982
27982
27979
27973
27965
27963
27932
27930
27924
27916
27901
27896
27872
27869
27857
27855
27845
27841
27834
27829
27826
27794
27785
27784
27765
27761
27760
27753
27749
27747
27734
27729
27728
27716
27716
27709
27701
27699
27699
27628
27611
27611
27609
27597
27594
27576
27575
27573
27565
27561
27551
27549
27542
27507
27495
27483
27483
27478
27459
27458
27451
27440
27431
27428
27427
27422
27412
27352
27300
27297
27267
27265
27263
27260
27258
27241
27224
27190
27184
27183
27177
27175
27174
27167
27154
27144
27143
27141
27101
27098
27096
27086
27080
27070
27067
27060
27047
27042
27020
27010
27004
27001
26999
26994
26990
26984
26978
26975
26974
26956
26910
26903
26879
26877
26856
26831
26831
26828
26825
26813
26781
26763
26756
26753
26744
26739
26737
26719
26710
26705
26692
26656
26651
26651
26634
26616
26606
26602
26579
26566
26563
26543
26515
26515
26498
26485
26483
26472
26469
26448
26443
26439
26375
26371
26360
26342
26340
26339
26338
26321
26320
26298
26293
26274
26265
26264
26261
26243
26238
26228
26222
26208
26190
26179
26168
26156
26152
26140
26134
26131
26117
26080
26079
26036
26031
26008
26007
25988
25982
25975
25967
25941
25937
25934
25918
25917
25914
25909
25888
25888
25885
25822
25817
25815
25787
25780
25778
25777
25751
25749
25749
25735
25728
25723
25687
25673
25670
25661
25657
25643
25641
25640
25629
25612
25605
25601
25600
25599
25588
25584
25580
25578
25568
25559
25530
25528
25526
25517
25509
25505
25500
25493
25480
25474
25455
25445
25414
25393
25388
25378
25373
25370
25365
25346
25346
25322
25313
25311
25302
25302
25300
25288
25270
25250
25248
25241
25238
25237
25237
25227
25205
25168
25154
25137
25137
25127
25120
25111
25097
25077
25072
25068
25041
25040
25037
25034
25009
25004
24996
24974
24969
24950
24949
24948
24939
24893
24881
24823
24822
24818
24814
24811
24811
24801
24789
24787
24785
24778
24755
24754
24750
24748
24745
24743
24739
24712
24708
24680
24667
24661
24638
24636
24613
24612
24610
24600
24596
24574
24561
24554
24542
24535
24521
24517
24517
24497
24497
24482
24477
24448
24434
24427
24424
24402
24384
24379
24379
24358
24351
24340
24333
24321
24318
24264
24261
24247
24233
24232
24227
24210
24205
24193
24179
24175
24123
24114
24113
24103
24099
24097
24086
24067
24057
24027
24008
24006
23985
23979
23969
23967
23950
23935
23932
23929
23909
23908
23899
23891
23887
23878
23865
23855
23853
23817
23811
23809
23785
23777
23773
23768
23768
23765
23759
23713
23711
23697
23685
23660
23648
23643
23639
23631
23630
23599
23590
23589
23577
23549
23540
23519
23516
23515
23487
23464
23460
23445
23442
23436
23435
23425
23420
23411
23408
23405
23402
23394
23393
23393
23344
23320
23297
23292
23288
23284
23282
23234
23202
23202
23200
23199
23197
23152
23148
23148
23144
23134
23126
23109
23099
23091
23083
23064
23063
23052
23044
23042
23040
23028
23018
23017
23008
23000
22992
22985
22981
22970
22945
22923
22919
22895
22886
22879
22873
22857
22848
22805
22793
22772
22771
22771
22755
22754
22735
22734
22728
22714
22690
22665
22663
22655
22648
22642
22628
22627
22612
22607
22603
22598
22596
22595
22563
22547
22498
22495
22491
22488
22467
22462
22455
22426
22423
22421
22414
22414
22414
22352
22348
22345
22344
22328
22308
22298
22290
22272
22269
22254
22226
22198
22195
22192
22189
22189
22184
22113
22110
22106
22099
22095
22086
22079
22078
22070
22055
22045
22043
22027
22013
22011
21994
21964
21963
21960
21932
21918
21914
21907
21904
21897
21865
21856
21850
21848
21808
21806
21793
21792
21781
21759
21752
21744
21724
21716
21710
21710
21708
21672
21655
21651
21619
21615
21574
21574
21552
21550
21540
21534
21521
21521
21509
21500
21483
21478
21473
21467
21440
21440
21440
21437
21424
21412
21383
21381
21380
21374
21373
21336
21321
21318
21285
21271
21257
21240
21237
21236
21235
21218
21200
21197
21175
21174
21168
21166
21156
21146
21138
21131
21128
21125
21115
21104
21102
21093
21061
21061
21051
21040
21033
21032
21019
21014
20996
20992
20991
20979
20968
20966
20961
20939
20919
20909
20908
20889
20888
20887
20880
20880
20872
20858
20837
20826
20815
20810
20809
20805
20801
20798
20778
20749
20745
20743
20742
20735
20735
20733
20725
20725
20692
20688
20681
20676
20676
20660
20656
20645
20632
20631
20623
20611
20605
20595
20593
20587
20568
20565
20565
20564
20559
20554
20539
20535
20534
20502
20499
20498
20483
20479
20471
20453
20427
20421
20384
20382
20377
20364
20364
20331
20325
20313
20310
20298
20292
20277
20274
20272
20248
20245
20232
20223
20219
20219
20210
20177
20172
20171
20170
20168
20168
20166
20160
20140
20088
20083
20082
20076
20068
20065
20051
20046
20042
20042
20040
20039
20036
20022
19994
19979
19964
19954
19949
19946
19923
19887
19879
19870
19870
19861
19860
19838
19835
19813
19813
19793
19782
19778
19763
19743
19740
19711
19710
19709
19706
19699
19690
19686
19685
19681
19649
19645
19632
19623
19618
19616
19613
19608
19581
19545
19540
19535
19531
19524
19518
19505
19481
19475
19469
19457
19454
19443
19428
19428
19423
19422
19415
19404
19380
19359
19342
19320
19301
19301
19297
19273
19230
19224
19221
19213
19194
19177
19152
19144
19136
19129
19126
19108
19106
19103
19097
19089
19072
19068
19060
19053
19010
19008
18997
18982
18975
18970
18949
18949
18939
18928
18925
18924
18922
18922
18908
18902
18889
18879
18875
18871
18860
18860
18856
18854
18845
18834
18821
18820
18809
18803
18801
18795
18792
18789
18786
18762
18758
18758
18686
18681
18663
18634
18626
18623
18618
18608
18575
18553
18529
18485
18478
18464
18460
18459
18450
18441
18420
18404
18387
18382
18378
18376
18375
18360
18358
18340
18330
18327
18295
18265
18247
18234
18229
18228
18221
18212
18205
18204
18198
18162
18154
18120
18109
18075
18064
18057
18057
18046
18043
18015
18005
17996
17996
17986
17971
17957
17953
17950
17947
17930
17928
17928
17923
17917
17912
17910
17905
17904
17892
17890
17883
17882
17876
17870
17837
17827
17822
17818
17815
17812
17805
17796
17790
17785
17783
17773
17771
17765
17732
17700
17685
17669
17664
17652
17648
17648
17627
17599
17588
17586
17536
17524
17515
17501
17498
17491
17489
17487
17469
17467
17466
17464
17461
17456
17448
17427
17426
17416
17394
17384
17373
17363
17349
17331
17327
17261
17237
17237
17234
17221
17192
17185
17182
17179
17175
17163
17155
17155
17149
17147
17137
17118
17114
17114
17113
17105
17102
17099
17086
17070
17048
17015
17006
16999
16992
16991
16967
16955
16951
16935
16904
16902
16883
16880
16852
16849
16822
16819
16813
16808
16799
16792
16783
16772
16772
16764
16757
16752
16747
16744
16717
16713
16708
16680
16669
16664
16661
16626
16623
16621
16618
16616
16597
16591
16584
16580
16563
16556
16544
16528
16528
16524
16519
16510
16498
16491
16490
16488
16477
16471
16469
16462
16457
16448
16422
16417
16408
16390
16364
16364
16363
16347
16311
16302
16299
16296
16277
16272
16268
16260
16254
16252
16243
16242
16235
16230
16199
16173
16172
16151
16133
16132
16124
16101
16097
16075
16071
16056
16054
16031
16013
16004
15995
15993
15986
15985
15975
15944
15933
15921
15913
15913
15907
15902
15891
15879
15865
15862
15856
15853
15830
15824
15819
15812
15802
15797
15793
15789
15780
15768
15766
15763
15762
15734
15710
15698
15694
15665
15636
15633
15599
15594
15591
15585
15561
15559
15553
15553
15551
15549
15533
15519
15503
15500
15499
15492
15489
15485
15483
15464
15443
15442
15433
15409
15404
15382
15377
15367
15352
15351
15344
15334
15322
15321
15312
15304
15293
15290
15284
15268
15250
15246
15242
15226
15218
15210
15206
15201
15192
15184
15157
15118
15116
15112
15106
15099
15080
15076
15055
15042
15017
15012
15010
15009
15000
14996
14995
14994
14987
14984
14977
14976
14969
14955
14918
14914
14913
14911
14905
14892
14871
14856
14843
14841
14824
14812
14805
14803
14800
14798
14798
14796
14794
14787
14779
14768
14764
14754
14738
14726
14700
14699
14698
14694
14679
14649
14636
14614
14610
14583
14583
14565
14559
14554
14539
14537
14529
14525
14523
14512
14484
14443
14429
14412
14379
14364
14352
14345
14316
14314
14292
14285
14280
14268
14262
14256
14243
14240
14234
14207
14199
14178
14167
14157
14142
14134
14133
14128
14121
14109
14102
14086
14082
14081
14064
14048
14030
14029
14027
14009
13999
13984
13983
13982
13977
13941
13917
13894
13888
13882
13873
13854
13846
13840
13827
13818
13815
13815
13802
13783
13775
13752
13736
13734
13727
13720
13711
13706
13688
13686
13666
13632
13598
13591
13536
13529
13516
13498
13479
13469
13464
13456
13433
13419
13379
13372
13370
13339
13331
13325
13312
13297
13286
13282
13274
13268
13247
13227
13222
13210
13208
13191
13190
13185
13185
13184
13170
13165
13155
13152
13142
13134
13133
13133
13131
13130
13128
13102
13101
13091
13087
13085
13067
13067
13065
13038
13035
13034
13025
13022
13018
13004
13000
12999
12999
12992
12987
12957
12956
12954
12937
12912
12912
12911
12898
12882
12857
12838
12813
12805
12798
12798
12773
12773
12762
12759
12743
12741
12717
12697
12697
12697
12690
12677
12675
12671
12668
12665
12660
12656
12654
12621
12612
12606
12582
12572
12564
12557
12556
12537
12536
12536
12519
12507
12506
12505
12486
12475
12469
12468
12445
12399
12397
12395
12365
12363
12358
12350
12322
12320
12316
12313
12308
12300
12298
12297
12277
12261
12216
12215
12209
12202
12196
12190
12170
12166
12162
12145
12143
12142
12141
12127
12120
12120
12118
12116
12063
12053
12051
12041
12034
12031
12011
12002
11998
11957
11936
11919
11916
11915
11915
11904
11903
11875
11855
11851
11845
11831
11826
11800
11770
11767
11764
11745
11735
11711
11687
11672
11667
11660
11647
11638
11628
11613
11605
11599
11592
11590
11583
11578
11565
11555
11554
11523
11511
11508
11488
11486
11464
11455
11454
11430
11425
11421
11420
11393
11366
11344
11322
11309
11302
11299
11270
11249
11240
11218
11217
11209
11180
11166
11157
11152
11148
11135
11124
11103
11101
11087
11073
11058
11052
11050
11044
11041
11039
11038
11034
11031
11020
11016
11015
11014
11013
11009
10995
10994
10981
10980
10978
10953
10952
10947
10945
10935
10927
10904
10901
10900
10889
10882
10880
10872
10852
10851
10818
10806
10796
10787
10778
10775
10774
10769
10766
10764
10761
10757
10753
10729
10708
10700
10687
10675
10671
10652
10644
10630
10626
10624
10573
10572
10561
10558
10553
10549
10546
10526
10522
10520
10520
10519
10512
10495
10492
10487
10483
10469
10455
10449
10440
10419
10405
10397
10392
10389
10389
10381
10380
10375
10355
10331
10328
10328
10300
10299
10289
10285
10276
10272
10245
10240
10233
10230
10219
10216
10204
10202
10200
10149
10128
10117
10114
10102
10102
10071
10061
10047
10042
10030
10029
10010
9971
9962
9955
9946
9933
9896
9892
9876
9875
9872
9868
9867
9857
9844
9813
9786
9770
9768
9766
9764
9760
9744
9738
9737
9717
9717
9712
9695
9690
9689
9678
9673
9672
9664
9656
9642
9584
9579
9577
9576
9571
9566
9555
9551
9550
9546
9542
9540
9538
9522
9507
9503
9499
9493
9469
9447
9439
9428
9419
9416
9407
9407
9402
9383
9369
9360
9358
9353
9340
9330
9303
9294
9274
9272
9269
9266
9264
9248
9245
9237
9234
9211
9206
9198
9195
9194
9191
9183
9177
9166
9158
9146
9141
9136
9117
9108
9100
9091
9091
9077
9071
9071
9061
9058
9048
9042
9042
9035
9014
9012
9009
9006
9005
9002
8987
8939
8918
8905
8899
8886
8844
8835
8825
8813
8800
8798
8790
8783
8771
8757
8757
8725
8721
8716
8708
8707
8704
8699
8698
8677
8676
8663
8659
8640
8601
8596
8585
8580
8575
8555
8545
8537
8518
8512
8501
8499
8495
8490
8490
8489
8447
8431
8425
8397
8396
8394
8387
8379
8374
8366
8366
8360
8353
8333
8283
8279
8270
8266
8262
8257
8256
8252
8251
8241
8226
8226
8212
8185
8183
8150
8149
8141
8130
8123
8123
8112
8099
8071
8047
8022
7998
7995
7973
7958
7948
7898
7896
7885
7884
7876
7812
7804
7803
7795
7773
7770
7769
7767
7765
7760
7760
7753
7741
7723
7719
7710
7709
7708
7704
7689
7688
7686
7675
7631
7630
7620
7611
7604
7597
7596
7594
7589
7588
7571
7570
7566
7563
7563
7562
7560
7558
7556
7533
7533
7527
7521
7512
7497
7497
7484
7481
7476
7475
7464
7442
7436
7417
7416
7400
7390
7381
7378
7375
7369
7364
7353
7352
7317
7309
7308
7307
7306
7283
7269
7267
7265
7262
7233
7218
7198
7178
7177
7170
7153
7147
7132
7129
7124
7104
7090
7084
7079
7076
7074
7069
7050
7047
7024
7011
7002
6990
6957
6931
6921
6917
6906
6900
6866
6866
6858
6841
6839
6834
6797
6796
6780
6772
6769
6766
6758
6742
6732
6724
6722
6722
6702
6691
6674
6669
6651
6644
6642
6632
6629
6610
6601
6590
6588
6571
6546
6536
6531
6509
6503
6502
6497
6475
6459
6439
6427
6427
6419
6418
6414
6388
6378
6361
6353
6339
6336
6331
6302
6292
6279
6274
6270
6268
6245
6236
6226
6221
6174
6155
6148
6146
6125
6119
6116
6115
6114
6106
6094
6080
6073
6071
6063
6039
6034
6015
6005
5970
5959
5951
5950
5926
5924
5899
5898
5896
5883
5875
5874
5867
5861
5858
5845
5843
5840
5817
5804
5798
5798
5790
5769
5761
5760
5757
5750
5748
5703
5699
5699
5695
5694
5689
5687
5669
5665
5657
5646
5643
5633
5629
5600
5578
5565
5535
5526
5508
5504
5499
5486
5485
5458
5452
5427
5419
5409
5392
5385
5383
5378
5367
5366
5354
5345
5331
5307
5290
5282
5262
5262
5247
5240
5227
5194
5183
5173
5164
5161
5154
5146
5138
5113
5093
5091
5086
5070
5056
5044
5043
5031
4999
4995
4987
4979
4976
4932
4919
4901
4896
4890
4889
4888
4867
4864
4863
4858
4850
4828
4814
4812
4802
4787
4778
4777
4775
4773
4773
4765
4747
4745
4735
4708
4706
4702
4696
4680
4673
4671
4646
4641
4640
4631
4619
4603
4599
4598
4589
4574
4571
4570
4566
4542
4524
4516
4509
4507
4492
4483
4475
4429
4407
4393
4390
4390
4381
4352
4348
4348
4331
4322
4322
4312
4310
4309
4306
4299
4295
4288
4286
4275
4265
4248
4248
4246
4243
4223
4216
4216
4210
4201
4198
4184
4181
4176
4156
4151
4106
4092
4052
4047
4032
4025
4005
3997
3990
3982
3967
3964
3953
3945
3930
3925
3905
3883
3870
3862
3854
3845
3835
3835
3833
3830
3811
3799
3797
3789
3783
3781
3777
3774
3773
3748
3737
3711
3692
3685
3685
3680
3676
3657
3652
3651
3650
3648
3645
3641
3638
3621
3610
3606
3601
3601
3592
3592
3590
3582
3569
3568
3565
3557
3553
3544
3532
3517
3512
3499
3485
3484
3476
3459
3458
3451
3408
3407
3402
3389
3382
3362
3358
3354
3339
3321
3317
3284
3284
3283
3258
3256
3238
3234
3229
3225
3214
3208
3166
3159
3135
3133
3128
3111
3107
3105
3100
3093
3050
3032
3016
3012
3008
3004
2994
2987
2985
2985
2984
2982
2980
2977
2970
2963
2945
2917
2912
2904
2870
2854
2852
2842
2831
2801
2793
2783
2779
2774
2774
2768
2766
2760
2701
2692
2679
2677
2657
2654
2650
2641
2638
2638
2636
2624
2621
2597
2562
2556
2549
2536
2532
2529
2516
2511
2496
2477
2470
2450
2448
2447
2446
2436
2430
2425
2424
2403
2382
2362
2362
2355
2352
2351
2345
2337
2328
2305
2276
2258
2255
2246
2239
2226
2224
2221
2212
2208
2182
2160
2155
2126
2117
2108
2092
2089
2086
2072
2047
2031
2028
2013
2012
1998
1998
1992
1979
1960
1930
1905
1881
1870
1851
1837
1831
1820
1790
1790
1783
1780
1774
1767
1765
1750
1731
1726
1721
1685
1684
1682
1681
1679
1676
1667
1663
1655
1642
1629
1627
1612
1612
1610
1607
1600
1586
1574
1572
1569
1569
1546
1524
1521
1515
1492
1468
1453
1447
1437
1414
1399
1381
1362
1352
1347
1335
1328
1312
1287
1281
1254
1245
1244
1243
1239
1238
1233
1229
1198
1196
1192
1190
1165
1158
1151
1116
1097
1088
1088
1054
1051
1040
1017
980
975
968
954
950
894
891
890
877
876
876
870
801
800
790
765
746
730
730
717
713
704
704
699
697
692
673
671
668
664
663
662
657
641
639
637
631
625
624
611
604
602
599
598
593
579
567
520
517
513
495
474
464
463
461
457
414
400
392
388
363
358
344
318
307
298
297
274
273
265
255
236
234
232
227
225
213
210
208
186
182
168
166
162
152
137
131
130
118
116
94
91
85
79
45
35
22
18
