1761
67551
2069
78629
27425
52679
28757
12307
2226
13180
73915
97617
59969
15487
81704
33322
55671
84760
30476
29096
10598
28658
42496
67365
62591
88447
7047
75116
51465
61975
99965
69578
45878
2034
64559
89656
54713
93316
1963
56939
22848
75878
70909
99169
7717
68965
32491
63389
70077
79319
92485
80676
7978
51333
64393
86921
56133
87792
62038
23950
49767
62003
93528
95646
64037
58087
85302
35102
67755
3617
8393
90603
95847
95654
6124
3564
64620
54967
66953
34697
34286
75791
31725
58616
27124
96118
45538
99609
83911
7576
23559
50030
69579
17087
45676
49968
91526
47330
1422
59281
67299
9815
66236
63146
5470
72360
66711
86442
27327
33664
21139
77966
25807
69217
36582
52932
65335
82120
68893
65598
89696
92453
15629
75627
9540
77657
41947
1067
41340
43369
76700
8639
69537
42937
71786
75007
15297
38497
61449
58977
88513
98940
36943
14321
68157
89877
83605
49845
71998
52498
31795
78046
44951
47424
70026
70844
41434
28325
71911
82774
71695
64963
91413
41232
7900
63199
32591
39550
18048
10392
14879
22914
9332
68174
37235
93842
58051
37192
60039
46401
89690
91834
40800
50994
39259
10826
21838
97045
39151
10101
79819
27198
75064
71232
84782
99317
50784
17373
55219
85184
27765
70098
8098
53450
38272
61685
47292
12675
98877
7331
59077
4920
99165
99877
72266
54776
27055
10456
51821
66206
20557
47992
9757
11973
35577
94539
27642
2713
11913
82861
87897
56030
52959
12348
9480
7583
90385
73124
20259
5615
80455
95688
10535
95973
11917
99153
67101
38972
9609
35275
21530
30166
83267
31287
58491
35196
42179
86134
37909
70444
68995
25807
26474
38307
54507
52307
62242
44892
25431
82501
50507
22239
94541
77394
34564
6458
76547
1665
61782
86156
53292
99665
32674
36560
30952
7518
88108
89483
93652
26018
59927
78999
68177
2754
33658
22684
55061
95901
67576
96844
94754
34436
35435
5648
11830
69999
28458
4730
88017
90241
90886
41309
89906
39913
94221
37210
47431
82330
43046
57435
8348
2973
52786
76525
22079
2797
99209
77140
15050
83137
90337
9804
17573
25772
31804
45756
12124
60263
50486
141
50504
57724
41450
56762
97637
35672
10324
61420
18002
53370
35207
42702
72696
4346
19227
94775
7143
34788
88268
22193
17925
94957
48349
51851
37081
80154
97607
49205
56769
64445
65698
23625
22169
7149
96739
36159
59173
7063
13931
93527
76786
65491
36229
49482
69837
71808
60609
93332
6596
48877
31877
40873
60186
80226
92724
97268
76732
6683
46473
33501
87480
28524
73478
26002
35673
70217
62161
11198
77281
92444
21077
70419
57935
57306
36253
44124
45466
96862
37456
52062
62092
69333
92935
22278
65912
2012
19546
58996
8695
82372
8850
12528
10896
82328
38530
62921
52546
17043
90471
46179
9487
11548
16598
83775
85206
52851
27899
30672
49713
65356
99086
28157
51041
92021
50436
16953
10385
86334
75950
35433
85058
84800
47961
12306
83480
86491
75227
36026
3534
82050
82205
13021
93598
98803
96796
95156
68006
24696
42180
17720
6404
41266
62229
57445
49640
29017
90751
60025
31704
83053
95458
16762
67853
43419
29069
67685
29910
20648
3712
49796
2699
85917
62818
12649
1073
75966
24158
69079
17014
66338
3151
39770
7605
65381
13568
73597
10750
4319
33622
42454
87372
29081
75569
71577
88852
4638
39262
35115
41638
42974
84911
60689
45244
64081
89691
46317
56400
13849
31748
73414
80187
34900
29537
4144
16633
43105
77741
27383
47424
11364
86190
51148
56797
61759
22725
45649
66397
61987
80764
24387
21314
82028
85077
82910
46109
74768
45579
2509
4969
77327
92276
85156
28579
38165
89301
61564
81270
83394
88948
28694
94758
75138
96194
67907
36897
18919
29909
19646
97258
10673
60385
34924
9053
61814
17834
71515
36582
63413
74024
41551
57093
82652
43060
2024
20817
48713
63589
2087
32107
68889
47133
43218
44027
43327
11125
97276
78598
41034
33274
75857
68060
93659
27133
77113
55474
44968
48628
8408
24733
39005
66312
98178
38009
25724
203
58827
74437
63792
77266
6544
32681
40752
66114
93060
431
77240
6688
95382
18274
56314
87591
2686
49973
14724
79800
21799
59692
44780
46560
778
137
29224
98956
38147
54948
15511
13326
45737
95655
6944
68633
44688
64048
34748
37748
80832
11988
60788
76214
46614
17102
63805
49301
83428
78529
45453
21579
54574
6585
68139
71704
6723
13715
70660
61222
68663
2524
74548
30752
98179
97844
99386
42868
61893
34134
96968
42725
46122
57757
35291
9088
74859
99096
58389
58287
93977
3842
79867
64903
26780
64358
36607
33503
78074
23620
94725
63089
26144
85625
93842
24323
83469
9580
67191
45362
43714
64160
4439
6188
38269
39730
15276
13128
55178
90018
87768
65508
93860
83987
30411
20640
64697
67019
70495
59123
90639
65220
22213
33135
67197
32407
57458
50667
41987
41002
12381
2053
21514
16821
8241
59783
72903
39869
89263
44434
29887
93383
9942
40100
77370
40353
77092
58420
23724
47588
17543
30715
29160
56108
63850
96358
88515
37661
63377
46854
78663
75758
65259
177
8931
89852
76312
81835
29722
65575
42621
59609
75311
52563
99709
69033
9268
93154
27453
32993
40742
44997
80060
86254
1105
60263
82612
5973
97924
45989
69179
76587
38100
50791
93116
47031
40643
85780
45218
70365
51355
87839
46327
43018
40402
62388
12052
66023
55542
39505
15368
12636
854
95428
98891
18312
55691
97855
24285
69967
60197
9816
62906
98297
60607
72374
61680
17603
58154
6899
4320
25862
11090
50647
68880
67845
29388
80932
33868
84930
36790
49236
97567
37644
61016
12810
55956
16708
10665
96593
3027
70862
22762
65934
69159
99721
38308
47192
17324
96463
54091
21645
22325
65181
88644
7557
49378
34384
88490
83246
35667
41632
32482
49586
79276
93499
62396
51585
26559
73061
48178
29586
60276
70940
11872
29435
70662
50181
92979
4338
62996
47070
25983
1673
28604
30980
9230
77982
65364
14072
77581
17383
55704
26415
66969
51333
19914
29365
2918
62825
2427
67448
8764
62703
38389
20636
8490
25403
87169
1470
29741
66517
64892
72077
84542
9848
19409
93773
4183
1125
24197
81764
18509
96254
8179
85478
63939
44446
14844
66857
7271
33623
50657
32387
12678
89046
69376
37520
30801
56545
55342
76895
39415
36587
48972
23957
46435
84733
34082
50618
85858
74632
48734
4367
70886
56914
6198
51177
1360
21042
34386
24983
71017
85043
73723
47
90442
43099
37567
21243
15996
92910
98138
55411
29497
63462
95721
92284
48195
29803
59255
34054
20787
7989
54773
8025
64903
60971
59202
82615
98365
93588
23951
69382
78632
97674
85781
69074
57125
23349
6669
73121
32611
4808
44885
78460
68270
56958
70744
32818
86761
29999
66872
7549
54341
21645
31926
35596
98969
91129
18212
97334
84717
58515
83069
79701
72541
85202
48775
29666
8551
71797
19139
57514
76605
80376
35974
61227
37334
23071
94045
40448
69422
77269
64349
23763
15267
96275
59360
14236
87404
93924
27922
88474
52439
27343
68175
41332
12546
33303
70998
37449
5100
6489
94964
98057
86866
47290
75636
40552
70361
86034
81000
56136
63303
61701
79899
94922
57977
55611
9158
61733
49535
53433
50207
18326
97128
34735
59658
26026
84390
47008
63476
89490
69850
74792
3899
73068
22082
79535
13620
92444
81921
10973
48580
45225
72674
44831
40147
47003
443
65658
8737
66330
35443
75296
1009
32571
10031
77019
74950
94421
40380
38426
263
10230
29570
20514
83298
51652
16402
13270
60448
98323
24243
25380
43548
96918
70212
48
43921
87007
82058
69010
69689
17501
44307
87050
66424
70690
64070
41374
81464
20802
96152
98079
31032
25722
18594
30682
77375
34996
43952
37823
33319
84548
63204
93220
97818
49768
9620
58091
53127
91678
27102
39168
9179
87761
26219
75603
74803
6641
33330
56267
27443
29482
54347
74827
55205
89293
5509
48932
40641
65813
3107
73960
50361
82663
83532
48179
32431
93152
6271
1910
84830
49725
41079
10361
37486
67298
2317
12289
73939
35647
84909
1382
65129
55608
76209
36686
44901
98070
85618
1894
80235
5078
75854
30597
87741
75739
95128
36525
68891
17751
38435
70074
83828
95866
80435
21314
63164
82752
49956
53455
18399
51217
71189
99881
6825
63750
36567
68078
78172
38538
69972
58408
59968
62178
5357
47709
37917
16837
586
23161
34589
55374
93235
18417
51240
90022
56084
30757
72775
22392
84212
91174
89961
71754
7407
13138
35504
60327
97568
13677
15217
67540
88437
75185
46070
93794
39246
340
10631
39833
39853
61572
95207
33088
96342
46447
23110
68778
93556
12237
91170
94121
19764
97483
65875
27171
10621
17731
87498
8189
47760
19067
92081
36197
94252
38151
29991
33499
54843
56975
89684
94696
18547
84891
44136
14889
47690
67247
83667
41247
79484
91189
35368
99248
88672
17595
42772
99293
35326
46622
7482
83087
65690
99563
35636
59942
54067
65628
9793
8910
38955
99477
19959
57502
720
64095
88744
64763
47694
72411
6010
43531
63601
57730
59131
68625
75325
1903
67919
27003
48526
91753
26442
14216
7669
62079
90510
78088
44059
16656
3350
83014
32485
23309
40516
49558
87405
45612
14321
35099
18024
36683
94982
97977
94413
54114
66602
86090
56017
50873
29445
20895
58979
55888
51463
66648
34319
58326
61088
78378
74982
64438
61392
7467
87748
18260
57025
91505
63873
87698
42956
98249
24381
37939
12578
35146
92053
95532
37588
64422
62758
67034
85318
21737
39274
36781
4737
73593
95107
65825
51971
86441
30263
29715
10261
34363
64327
83638
25868
44552
71337
85177
89924
89914
89909
89902
89894
89891
89876
89876
89872
89865
89858
89854
89853
89846
89839
89829
89826
89825
89816
89816
89809
89803
89798
89787
89786
89782
89776
89770
89764
89756
89755
89746
89721
89718
89710
89689
89688
89684
89674
89670
89667
89666
89663
89663
89661
89654
89653
89646
89641
89635
89625
89621
89621
89611
89601
89601
89600
89594
89590
89563
89553
89552
89550
89550
89538
89520
89516
89514
89508
89505
89498
89497
89494
89492
89480
89474
89463
89448
89447
89435
89431
89431
89430
89429
89420
89416
89416
89412
89408
89391
89387
89384
89381
89367
89359
89357
89356
89343
89337
89317
89307
89306
89296
89296
89288
89283
89277
89266
89262
89262
89262
89252
89250
89248
89245
89241
89228
89211
89192
89185
89183
89170
89169
89165
89160
89154
89152
89126
89121
89110
89108
89104
89101
89099
89098
89092
89086
89075
89072
89072
89064
89059
89056
89050
89045
89038
89035
89034
89034
89027
89025
89025
89023
89022
89007
88980
88979
88963
88960
88948
88944
88944
88938
88935
88935
88930
88918
88917
88911
88900
88888
88886
88885
88878
88877
88865
88862
88859
88843
88838
88836
88829
88822
88819
88814
88814
88810
88807
88797
88787
88784
88777
88773
88769
88765
88762
88749
88727
88726
88716
88711
88708
88706
88698
88698
88696
88686
88677
88676
88666
88660
88658
88648
88647
88636
88634
88628
88627
88627
88626
88624
88610
88607
88600
88593
88593
88592
88591
88561
88553
88550
88550
88549
88541
88539
88539
88527
88496
88490
88482
88478
88459
88441
88426
88423
88410
88409
88408
88403
88398
88397
88397
88389
88388
88384
88378
88376
88365
88361
88359
88357
88357
88343
88335
88333
88325
88321
88317
88311
88308
88298
88298
88287
88283
88278
88271
88264
88254
88252
88246
88243
88238
88229
88196
88182
88180
88171
88163
88162
88159
88157
88156
88153
88148
88143
88140
88120
88110
88105
88081
88077
88052
88047
88036
88014
88012
88012
88009
87994
87976
87966
87965
87959
87952
87951
87951
87944
87943
87940
87939
87937
87936
87935
87931
87920
87901
87895
87889
87864
87863
87853
87840
87835
87832
87829
87813
87805
87789
87784
87782
87775
87760
87755
87752
87736
87734
87733
87723
87721
87717
87717
87715
87712
87712
87702
87699
87681
87681
87670
87666
87660
87656
87656
87642
87629
87617
87614
87601
87597
87593
87580
87579
87563
87556
87547
87542
87542
87534
87524
87522
87518
87516
87514
87513
87508
87508
87501
87500
87498
87487
87484
87478
87477
87453
87451
87447
87444
87442
87439
87428
87427
87411
87396
87374
87360
87358
87355
87354
87343
87340
87329
87322
87316
87311
87304
87293
87286
87263
87253
87249
87248
87244
87235
87223
87216
87196
87188
87180
87175
87168
87167
87149
87147
87145
87136
87127
87125
87124
87119
87111
87103
87102
87099
87094
87086
87081
87074
87061
87055
87048
87046
87044
87043
87038
87018
87016
87015
86996
86993
86988
86980
86979
86972
86965
86948
86937
86932
86925
86925
86902
86899
86897
86871
86863
86860
86856
86848
86841
86840
86838
86831
86828
86818
86806
86804
86796
86790
86785
86769
86767
86766
86744
86731
86730
86720
86717
86704
86703
86690
86684
86671
86661
86652
86632
86629
86621
86589
86587
86580
86579
86575
86567
86563
86550
86547
86546
86544
86529
86524
86515
86501
86500
86485
86483
86476
86469
86465
86464
86464
86445
86443
86439
86438
86437
86433
86424
86408
86404
86392
86392
86389
86385
86369
86368
86362
86360
86354
86349
86348
86337
86337
86333
86329
86328
86320
86312
86303
86297
86292
86286
86262
86262
86257
86247
86247
86244
86238
86233
86225
86216
86211
86205
86199
86198
86195
86190
86188
86188
86185
86168
86161
86160
86159
86156
86147
86138
86137
86131
86129
86126
86112
86107
86100
86088
86088
86071
86068
86058
86052
86048
86042
86041
86037
86031
86027
86024
86020
86019
86014
86007
86005
86003
86000
85979
85978
85964
85957
85951
85946
85943
85940
85935
85915
85905
85897
85896
85884
85881
85879
85877
85873
85872
85857
85838
85838
85831
85823
85807
85792
85781
85760
85757
85756
85747
85743
85739
85722
85718
85695
85679
85674
85673
85673
85663
85662
85658
85658
85649
85637
85636
85635
85615
85606
85596
85595
85584
85583
85582
85570
85559
85559
85550
85533
85529
85523
85522
85520
85510
85501
85499
85484
85476
85474
85467
85457
85452
85444
85440
85420
85417
85412
85403
85403
85374
85352
85350
85347
85341
85339
85330
85328
85327
85319
85311
85306
85297
85297
85294
85281
85273
85268
85268
85252
85248
85246
85240
85238
85236
85235
85231
85228
85224
85223
85221
85219
85209
85208
85203
85194
85185
85180
85171
85159
85157
85152
85144
85143
85143
85140
85136
85115
85112
85106
85104
85103
85100
85098
85093
85088
85078
85073
85067
85064
85062
85056
85056
85048
85044
84998
84994
84983
84982
84973
84966
84959
84948
84944
84924
84921
84918
84915
84913
84913
84902
84901
84901
84901
84898
84897
84881
84877
84873
84872
84871
84866
84844
84816
84811
84800
84789
84787
84786
84778
84777
84776
84766
84765
84757
84754
84751
84751
84740
84733
84726
84701
84697
84696
84695
84695
84693
84692
84688
84686
84681
84670
84662
84656
84644
84642
84641
84639
84625
84624
84611
84608
84602
84599
84596
84595
84591
84586
84586
84573
84564
84552
84537
84524
84520
84520
84504
84504
84499
84491
84489
84488
84486
84478
84472
84462
84460
84453
84452
84448
84445
84429
84417
84406
84400
84396
84395
84392
84384
84379
84376
84370
84360
84358
84356
84354
84352
84352
84349
84342
84338
84336
84336
84335
84317
84317
84312
84311
84308
84308
84298
84289
84288
84274
84259
84234
84232
84231
84217
84212
84212
84198
84197
84194
84183
84173
84161
84150
84149
84146
84144
84123
84122
84116
84111
84097
84093
84086
84084
84083
84069
84062
84050
84049
84047
84046
84029
84018
84014
83998
83975
83974
83957
83949
83947
83945
83942
83941
83939
83925
83910
83909
83891
83881
83867
83863
83860
83859
83822
83815
83810
83807
83793
83769
83760
83754
83738
83731
83728
83712
83704
83700
83698
83667
83661
83646
83646
83644
83641
83636
83603
83598
83592
83587
83583
83574
83567
83564
83545
83544
83541
83539
83537
83536
83533
83530
83525
83525
83511
83503
83491
83490
83470
83467
83464
83462
83457
83453
83440
83434
83432
83421
83406
83406
83397
83394
83387
83387
83377
83376
83372
83365
83364
83332
83329
83322
83313
83307
83298
83279
83262
83260
83236
83236
83231
83229
83224
83217
83207
83206
83202
83193
83170
83159
83159
83158
83149
83148
83138
83133
83119
83115
83110
83109
83105
83075
83054
83053
83049
83047
83040
83037
83035
83030
83023
83020
83014
83004
83000
82992
82988
82981
82979
82964
82953
82952
82933
82932
82925
82915
82906
82895
82893
82892
82884
82877
82869
82867
82863
82862
82852
82833
82830
82830
82825
82819
82809
82809
82795
82791
82791
82789
82786
82784
82782
82763
82737
82734
82730
82729
82716
82710
82682
82669
82650
82650
82641
82629
82610
82600
82597
82571
82553
82549
82542
82529
82527
82524
82522
82515
82505
82496
82490
82489
82488
82484
82483
82480
82474
82461
82443
82443
82438
82414
82405
82383
82377
82373
82365
82363
82350
82339
82336
82331
82322
82314
82309
82306
82293
82291
82284
82279
82273
82268
82265
82263
82262
82262
82246
82229
82219
82216
82205
82186
82182
82181
82174
82170
82168
82160
82154
82152
82143
82125
82123
82111
82106
82094
82093
82077
82073
82070
82056
82049
82039
82030
82016
82005
82004
82002
81986
81965
81949
81934
81931
81927
81919
81918
81911
81908
81902
81896
81889
81884
81883
81880
81880
81877
81875
81864
81860
81858
81855
81854
81846
81837
81828
81824
81811
81809
81802
81796
81776
81756
81747
81737
81727
81720
81716
81713
81712
81711
81685
81684
81664
81662
81648
81637
81634
81628
81625
81621
81619
81602
81601
81582
81579
81576
81571
81554
81543
81531
81524
81524
81516
81508
81495
81493
81491
81488
81486
81482
81478
81478
81469
81468
81462
81450
81449
81436
81432
81430
81427
81416
81415
81412
81405
81392
81388
81388
81384
81374
81367
81357
81354
81345
81344
81333
81319
81318
81314
81311
81311
81300
81297
81288
81284
81284
81281
81274
81270
81265
81243
81231
81228
81224
81220
81203
81190
81189
81184
81174
81159
81156
81153
81152
81135
81134
81127
81126
81120
81107
81104
81096
81088
81082
81066
81049
81036
81026
81022
81021
81014
81005
81004
81003
81003
80998
80992
80991
80991
80984
80978
80973
80971
80968
80965
80961
80957
80940
80939
80938
80937
80933
80918
80915
80908
80900
80885
80884
80884
80880
80877
80871
80866
80859
80841
80835
80826
80825
80821
80820
80809
80797
80794
80788
80787
80782
80782
80781
80776
80764
80757
80757
80757
80754
80752
80749
80744
80727
80726
80722
80719
80708
80701
80687
80684
80681
80680
80676
80674
80674
80672
80671
80662
80650
80649
80648
80644
80632
80609
80609
80603
80588
80585
80577
80571
80570
80568
80565
80558
80555
80548
80548
80531
80527
80523
80514
80513
80508
80496
80490
80490
80478
80474
80471
80467
80450
80449
80445
80430
80430
80426
80425
80406
80392
80380
80371
80366
80360
80356
80348
80328
80324
80319
80315
80306
80304
80302
80292
80277
80271
80265
80258
80257
80256
80255
80252
80244
80238
80234
80228
80227
80218
80217
80215
80198
80194
80194
80193
80185
80182
80180
80158
80140
80114
80114
80110
80099
80096
80095
80091
80086
80086
80084
80082
80077
80072
80067
80065
80061
80060
80054
80038
80037
80035
80033
80031
80025
80024
80017
80013
80011
80010
80005
80004
80000
79999
79997
79992
79991
79989
79984
79982
79981
79973
79966
79964
79964
79963
79959
79956
79944
79933
79932
79931
79924
79923
79918
79916
79915
79914
79912
79891
79868
79855
79855
79853
79828
79802
79781
79777
79777
79762
79750
79746
79708
79685
79684
79683
79678
79665
79649
79638
79638
79619
79614
79609
79608
79608
79598
79596
79595
79573
79561
79559
79556
79550
79530
79522
79509
79498
79484
79474
79474
79471
79471
79466
79459
79454
79448
79444
79442
79438
79437
79436
79435
79433
79424
79417
79414
79406
79402
79394
79389
79386
79378
79369
79368
79364
79336
79321
79321
79312
79306
79303
79284
79279
79272
79265
79263
79253
79253
79245
79233
79233
79230
79225
79216
79215
79214
79199
79195
79175
79172
79165
79155
79150
79137
79132
79126
79126
79118
79118
79116
79113
79109
79101
79088
79082
79082
79068
79065
79053
79038
79009
78988
78980
78977
78949
78944
78940
78928
78927
78915
78914
78878
78871
78867
78861
78852
78848
78845
78831
78824
78805
78804
78804
78799
78797
78797
78794
78791
78786
78786
78783
78776
78776
78770
78768
78767
78765
78764
78762
78760
78758
78748
78738
78718
78717
78706
78682
78660
78628
78626
78616
78616
78614
78607
78605
78601
78600
78592
78590
78586
78586
78574
78563
78562
78557
78550
78546
78533
78532
78528
78524
78507
78500
78498
78497
78496
78472
78466
78454
78454
78450
78445
78437
78435
78435
78427
78417
78414
78413
78408
78403
78401
78396
78376
78368
78361
78358
78358
78358
78358
78354
78349
78342
78328
78326
78321
78320
78315
78313
78301
78298
78298
78295
78295
78292
78288
78285
78282
78277
78277
78274
78270
78264
78261
78257
78244
78234
78229
78223
78223
78212
78209
78199
78192
78188
78170
78163
78156
78155
78150
78149
78123
78121
78120
78090
78080
78079
78076
78075
78071
78070
78047
78047
78039
78030
78023
78017
78008
78001
77995
77990
77984
77977
77973
77968
77967
77952
77952
77932
77926
77920
77920
77917
77914
77913
77887
77885
77871
77862
77850
77849
77839
77838
77829
77827
77827
77820
77811
77811
77809
77802
77792
77755
77741
77729
77725
77710
77703
77703
77690
77684
77670
77643
77641
77635
77621
77611
77610
77609
77604
77604
77595
77577
77564
77559
77558
77534
77529
77525
77523
77496
77496
77486
77483
77481
77477
77457
77456
77455
77428
77419
77405
77390
77379
77373
77368
77366
77362
77361
77357
77349
77345
77344
77317
77308
77303
77299
77293
77291
77285
77279
77278
77268
77260
77251
77241
77232
77221
77216
77214
77198
77189
77187
77187
77170
77163
77163
77161
77160
77158
77153
77151
77139
77137
77136
77123
77121
77113
77103
77093
77069
77058
77052
77049
77034
77033
77024
77020
77015
77014
77012
77007
77004
76999
76997
76986
76974
76972
76967
76967
76959
76943
76941
76932
76924
76917
76916
76902
76899
76894
76890
76882
76877
76868
76865
76856
76850
76847
76829
76823
76822
76820
76813
76787
76776
76775
76771
76761
76761
76755
76751
76748
76746
76741
76730
76725
76722
76720
76720
76713
76688
76687
76682
76671
76665
76654
76652
76651
76626
76617
76613
76611
76606
76580
76571
76570
76562
76553
76548
76543
76540
76539
76527
76523
76519
76503
76501
76476
76470
76463
76461
76447
76436
76421
76417
76415
76404
76402
76397
76381
76380
76373
76373
76357
76356
76337
76335
76325
76322
76313
76307
76303
76298
76298
76298
76298
76295
76291
76281
76274
76267
76263
76262
76254
76251
76250
76249
76247
76237
76237
76232
76226
76220
76195
76194
76186
76184
76182
76160
76157
76155
76132
76120
76119
76115
76114
76110
76092
76077
76076
76051
76050
76047
76039
76031
76022
76016
76016
76004
75984
75982
75981
75977
75974
75959
75959
75958
75958
75954
75947
75939
75937
75936
75934
75933
75924
75920
75909
75906
75906
75902
75895
75892
75882
75879
75879
75876
75874
75857
75854
75833
75813
75813
75807
75798
75785
75784
75777
75773
75772
75771
75755
75753
75742
75736
75735
75733
75731
75727
75725
75720
75720
75709
75706
75704
75689
75684
75684
75682
75676
75676
75676
75674
75658
75657
75633
75615
75615
75611
75589
75580
75577
75544
75536
75531
75527
75527
75527
75522
75517
75509
75506
75504
75488
75481
75478
75475
75467
75449
75446
75443
75438
75432
75419
75416
75360
75355
75351
75348
75338
75337
75333
75332
75329
75326
75325
75324
75321
75318
75315
75312
75301
75263
75252
75249
75238
75235
75227
75216
75214
75214
75206
75192
75186
75184
75184
75178
75157
75154
75153
75153
75150
75130
75124
75121
75115
75094
75094
75067
75054
75044
75034
75018
75012
75011
75004
74997
74996
74995
74992
74986
74985
74976
74974
74968
74965
74962
74958
74955
74951
74929
74877
74873
74871
74869
74862
74859
74852
74850
74842
74837
74833
74830
74816
74812
74809
74809
74804
74797
74770
74765
74742
74728
74728
74724
74720
74719
74719
74718
74714
74701
74690
74659
74655
74652
74649
74640
74627
74621
74620
74617
74613
74609
74607
74607
74601
74599
74587
74582
74582
74560
74547
74545
74535
74534
74522
74519
74510
74491
74482
74474
74461
74444
74444
74435
74433
74430
74430
74424
74412
74391
74389
74377
74361
74354
74350
74346
74345
74326
74310
74308
74299
74288
74287
74284
74271
74271
74270
74260
74252
74245
74241
74236
74234
74229
74226
74221
74220
74217
74213
74207
74200
74186
74177
74176
74173
74166
74152
74149
74145
74141
74130
74128
74124
74112
74104
74093
74090
74083
74079
74077
74075
74074
74072
74068
74061
74049
74049
74033
74030
74024
74020
74018
74014
74012
74010
74010
74005
73998
73987
73982
73974
73974
73964
73963
73960
73960
73959
73943
73933
73902
73890
73888
73887
73881
73880
73857
73856
73855
73850
73846
73836
73826
73824
73816
73813
73792
73788
73784
73783
73782
73781
73781
73778
73751
73736
73728
73702
73696
73680
73672
73663
73650
73650
73645
73640
73639
73639
73634
73633
73628
73626
73622
73617
73616
73605
73602
73592
73592
73587
73583
73581
73574
73572
73565
73545
73543
73541
73531
73522
73521
73516
73510
73503
73492
73490
73485
73483
73482
73479
73458
73452
73452
73450
73449
73448
73441
73437
73402
73396
73396
73396
73386
73382
73380
73366
73362
73358
73356
73346
73339
73338
73334
73329
73325
73320
73303
73301
73294
73284
73275
73272
73271
73263
73263
73259
73254
73254
73252
73246
73243
73237
73231
73225
73181
73179
73175
73174
73154
73153
73152
73149
73148
73141
73124
73120
73118
73111
73111
73107
73106
73105
73090
73087
73081
73071
73069
73059
73058
73052
73046
73034
73016
73002
73001
72998
72998
72994
72989
72985
72977
72972
72961
72958
72956
72955
72954
72931
72928
72920
72910
72889
72885
72885
72879
72878
72875
72867
72865
72860
72858
72852
72835
72833
72827
72825
72800
72792
72788
72770
72769
72744
72740
72726
72725
72721
72718
72715
72712
72705
72700
72688
72679
72677
72677
72668
72646
72630
72617
72610
72608
72607
72605
72602
72588
72587
72585
72580
72560
72559
72552
72549
72539
72531
72530
72520
72516
72514
72505
72504
72504
72491
72490
72490
72467
72464
72462
72454
72454
72442
72435
72424
72391
72388
72388
72385
72383
72366
72363
72356
72355
72352
72351
72349
72341
72317
72296
72286
72282
72257
72233
72220
72208
72207
72204
72196
72193
72190
72151
72150
72142
72133
72116
72114
72102
72091
72085
72065
72064
72061
72050
72040
72039
72036
72031
72028
72027
72014
72007
71998
71986
71985
71974
71967
71966
71966
71960
71959
71955
71928
71924
71924
71923
71916
71914
71913
71906
71900
71896
71884
71883
71868
71866
71853
71848
71843
71835
71833
71821
71821
71817
71817
71814
71810
71802
71800
71796
71782
71780
71776
71775
71766
71758
71755
71740
71735
71734
71733
71728
71726
71720
71719
71716
71708
71690
71676
71676
71675
71667
71663
71653
71645
71627
71624
71616
71612
71589
71589
71578
71577
71566
71551
71547
71541
71537
71531
71529
71523
71511
71505
71505
71500
71490
71489
71466
71461
71460
71454
71444
71443
71434
71432
71426
71425
71424
71421
71421
71414
71413
71410
71410
71404
71398
71388
71381
71355
71340
71329
71312
71312
71311
71307
71297
71271
71271
71265
71262
71253
71249
71238
71237
71231
71230
71218
71216
71216
71213
71206
71204
71195
71192
71184
71171
71171
71155
71150
71149
71143
71138
71119
71118
71109
71102
71099
71094
71091
71072
71062
71053
71043
71035
71035
71033
71030
71019
71017
71016
71002
70998
70995
70993
70990
70975
70965
70963
70956
70955
70937
70936
70935
70934
70934
70925
70918
70909
70902
70895
70894
70894
70890
70890
70875
70873
70864
70854
70849
70849
70842
70840
70837
70837
70832
70831
70830
70827
70820
70815
70811
70802
70783
70764
70760
70755
70743
70739
70735
70725
70725
70698
70696
70688
70688
70685
70685
70684
70671
70660
70659
70656
70646
70645
70629
70617
70611
70610
70606
70589
70589
70588
70582
70579
70577
70575
70573
70571
70571
70568
70568
70567
70560
70555
70554
70552
70539
70528
70528
70527
70526
70524
70518
70518
70509
70503
70500
70499
70496
70487
70464
70454
70452
70448
70441
70438
70434
70426
70422
70413
70413
70391
70391
70385
70376
70368
70360
70355
70349
70342
70340
70312
70300
70282
70260
70259
70258
70254
70249
70246
70244
70225
70206
70204
70196
70189
70188
70180
70178
70176
70172
70172
70170
70168
70161
70147
70138
70115
70110
70110
70102
70097
70085
70084
70083
70079
70072
70057
70051
70049
70047
70038
70036
70035
70032
70025
70017
70008
70007
70006
70003
70003
69998
69995
69994
69988
69981
69978
69971
69965
69953
69949
69942
69935
69930
69927
69922
69917
69904
69903
69887
69882
69879
69875
69869
69861
69860
69855
69848
69827
69825
69823
69822
69819
69815
69806
69806
69792
69790
69786
69777
69777
69762
69750
69720
69712
69705
69703
69690
69686
69683
69678
69668
69658
69654
69653
69645
69635
69625
69624
69611
69607
69598
69592
69589
69586
69585
69574
69573
69571
69565
69554
69546
69545
69538
69504
69494
69494
69490
69485
69484
69483
69481
69481
69477
69471
69470
69424
69412
69412
69408
69403
69403
69402
69400
69400
69391
69387
69376
69375
69371
69344
69335
69327
69327
69321
69319
69317
69299
69291
69280
69276
69274
69248
69243
69236
69209
69200
69190
69181
69177
69171
69163
69162
69161
69155
69131
69130
69117
69108
69100
69097
69096
69093
69087
69087
69084
69082
69070
69067
69056
69049
69049
69048
69045
69042
69039
69022
68974
68973
68969
68967
68965
68962
68961
68956
68950
68941
68936
68934
68923
68922
68920
68912
68909
68906
68902
68901
68894
68892
68891
68889
68870
68866
68865
68853
68843
68843
68832
68830
68826
68817
68810
68809
68804
68803
68801
68794
68779
68772
68769
68763
68755
68744
68736
68736
68733
68721
68716
68715
68709
68695
68694
68688
68685
68677
68661
68655
68655
68646
68643
68639
68630
68627
68623
68623
68622
68620
68610
68608
68604
68599
68598
68592
68571
68554
68552
68528
68520
68505
68500
68496
68486
68483
68469
68464
68464
68456
68454
68453
68445
68420
68409
68408
68407
68406
68404
68394
68376
68374
68365
68364
68363
68356
68353
68352
68349
68347
68337
68336
68310
68305
68302
68301
68299
68287
68285
68279
68273
68267
68254
68252
68250
68247
68243
68240
68239
68230
68224
68209
68209
68203
68195
68190
68184
68180
68171
68156
68135
68122
68119
68112
68078
68075
68065
68063
68058
68053
68044
68042
68038
68034
68033
68018
68008
67997
67983
67976
67969
67968
67961
67959
67956
67944
67938
67935
67934
67934
67923
67916
67909
67903
67868
67860
67854
67844
67844
67833
67833
67833
67825
67820
67806
67805
67801
67791
67789
67787
67784
67783
67783
67770
67765
67763
67748
67747
67734
67733
67719
67717
67713
67710
67700
67697
67694
67690
67681
67678
67678
67678
67662
67655
67654
67648
67644
67641
67635
67633
67613
67604
67598
67577
67572
67570
67557
67542
67540
67533
67530
67528
67522
67521
67519
67517
67516
67513
67509
67497
67497
67487
67479
67472
67465
67460
67457
67454
67447
67425
67414
67402
67394
67380
67376
67365
67364
67355
67353
67346
67345
67335
67325
67316
67313
67312
67308
67306
67303
67280
67274
67272
67266
67265
67260
67260
67259
67258
67255
67255
67235
67233
67230
67227
67216
67200
67194
67182
67180
67179
67175
67173
67166
67164
67162
67161
67160
67146
67142
67134
67134
67124
67122
67114
67106
67099
67094
67092
67083
67058
67051
67037
67035
67025
67025
67020
67018
67011
67006
67005
66995
66992
66991
66990
66987
66983
66979
66971
66962
66946
66943
66940
66934
66930
66927
66922
66920
66920
66919
66916
66914
66897
66897
66891
66888
66884
66868
66866
66859
66855
66850
66837
66835
66834
66831
66820
66816
66809
66808
66778
66777
66776
66759
66758
66756
66751
66737
66734
66726
66709
66702
66698
66697
66675
66674
66638
66634
66618
66583
66577
66575
66572
66572
66568
66568
66563
66556
66545
66545
66542
66532
66522
66519
66509
66508
66498
66495
66494
66493
66488
66483
66481
66472
66470
66465
66449
66444
66434
66433
66432
66432
66427
66425
66398
66394
66386
66362
66362
66354
66351
66341
66339
66338
66336
66327
66322
66321
66314
66303
66295
66278
66277
66272
66252
66243
66234
66232
66231
66228
66226
66226
66222
66217
66210
66199
66198
66191
66181
66179
66173
66171
66158
66158
66155
66151
66150
66143
66134
66128
66128
66118
66115
66102
66092
66092
66092
66082
66074
66069
66069
66064
66056
66054
66051
66041
66036
66034
66033
66029
66014
66009
65994
65985
65975
65968
65963
65952
65942
65930
65929
65915
65910
65907
65898
65893
65891
65885
65882
65868
65863
65854
65845
65835
65834
65815
65808
65801
65795
65794
65789
65776
65764
65763
65759
65758
65753
65719
65717
65699
65685
65685
65674
65665
65654
65625
65624
65618
65614
65592
65573
65573
65573
65567
65520
65511
65506
65501
65498
65496
65495
65490
65487
65483
65482
65476
65459
65454
65450
65450
65441
65436
65435
65404
65398
65397
65377
65376
65373
65370
65356
65341
65336
65333
65328
65321
65319
65318
65305
65291
65285
65249
65248
65242
65239
65231
65230
65224
65217
65203
65198
65196
65188
65187
65184
65178
65169
65168
65168
65144
65143
65140
65138
65131
65123
65110
65105
65102
65100
65099
65094
65093
65088
65078
65077
65073
65058
65057
65049
65040
65033
65031
65030
65023
65015
65012
65007
65003
65002
64994
64978
64970
64961
64949
64936
64928
64922
64914
64909
64907
64891
64886
64870
64854
64848
64846
64815
64813
64810
64807
64807
64805
64805
64778
64768
64754
64748
64728
64719
64715
64715
64707
64701
64698
64695
64685
64676
64662
64657
64657
64645
64640
64638
64631
64622
64622
64621
64620
64607
64604
64602
64600
64597
64593
64583
64582
64580
64578
64575
64572
64558
64557
64556
64555
64548
64538
64517
64499
64493
64470
64465
64457
64457
64455
64438
64426
64411
64409
64403
64392
64384
64371
64371
64367
64355
64347
64339
64326
64324
64316
64316
64308
64302
64301
64300
64268
64268
64259
64255
64252
64251
64249
64249
64243
64241
64223
64217
64206
64205
64205
64189
64175
64174
64168
64165
64156
64149
64148
64143
64143
64140
64136
64133
64126
64092
64088
64086
64086
64077
64071
64069
64059
64052
64048
64021
64013
63989
63989
63978
63960
63957
63956
63953
63948
63942
63942
63936
63935
63932
63930
63926
63915
63905
63898
63893
63887
63875
63874
63870
63858
63858
63847
63841
63825
63823
63810
63802
63799
63791
63786
63781
63778
63777
63773
63751
63749
63736
63736
63725
63689
63666
63653
63653
63652
63641
63634
63625
63619
63617
63612
63596
63593
63582
63580
63577
63570
63568
63563
63560
63555
63544
63542
63538
63535
63520
63519
63512
63511
63505
63500
63482
63478
63467
63456
63455
63449
63446
63436
63426
63417
63408
63403
63398
63393
63377
63377
63368
63368
63368
63367
63352
63349
63343
63337
63332
63329
63321
63317
63308
63298
63297
63293
63279
63266
63264
63264
63261
63255
63250
63245
63238
63232
63231
63224
63221
63220
63220
63208
63208
63206
63203
63196
63194
63183
63181
63180
63170
63165
63157
63155
63147
63145
63141
63138
63135
63134
63132
63128
63113
63111
63102
63099
63095
63092
63092
63089
63087
63079
63076
63060
63059
63059
63056
63055
63051
63044
63044
63043
63040
63037
63037
63036
63025
63007
62997
62988
62985
62955
62953
62942
62940
62915
62915
62896
62893
62886
62880
62875
62854
62852
62850
62833
62816
62815
62810
62808
62802
62797
62785
62784
62782
62776
62770
62762
62753
62743
62740
62737
62735
62728
62726
62723
62722
62716
62714
62708
62708
62694
62692
62687
62685
62685
62685
62683
62677
62675
62673
62671
62670
62661
62652
62641
62639
62628
62626
62623
62605
62604
62569
62554
62547
62547
62542
62529
62512
62507
62502
62498
62495
62491
62491
62484
62481
62479
62479
62473
62468
62460
62453
62449
62445
62445
62443
62439
62437
62433
62431
62430
62429
62418
62417
62411
62410
62405
62402
62395
62386
62374
62370
62368
62368
62366
62351
62340
62335
62334
62332
62319
62317
62314
62305
62302
62280
62268
62263
62262
62241
62240
62237
62236
62233
62231
62230
62226
62222
62210
62188
62186
62184
62159
62130
62128
62124
62109
62104
62101
62083
62070
62070
62069
62064
62050
62037
62036
62032
62018
62000
61995
61989
61989
61959
61958
61953
61932
61927
61914
61908
61908
61907
61896
61894
61888
61881
61867
61850
61821
61806
61796
61795
61790
61788
61779
61775
61770
61766
61765
61757
61753
61753
61745
61744
61739
61734
61725
61714
61714
61712
61710
61704
61702
61683
61675
61673
61666
61665
61664
61660
61656
61628
61627
61620
61619
61618
61617
61599
61573
61571
61567
61566
61566
61561
61547
61542
61541
61532
61525
61519
61515
61511
61507
61507
61502
61495
61470
61458
61458
61447
61438
61437
61437
61436
61428
61420
61417
61416
61416
61411
61399
61388
61382
61373
61366
61364
61363
61359
61354
61315
61305
61304
61284
61281
61280
61270
61266
61254
61251
61242
61239
61226
61226
61222
61208
61194
61185
61159
61155
61152
61146
61137
61125
61121
61117
61117
61114
61111
61094
61090
61073
61070
61068
61055
61044
61035
61032
61029
61020
61017
61014
61011
61000
60958
60954
60948
60948
60927
60924
60917
60915
60910
60898
60896
60891
60889
60884
60881
60880
60873
60852
60850
60850
60831
60806
60797
60797
60794
60772
60766
60765
60760
60754
60748
60739
60735
60733
60722
60721
60721
60707
60694
60688
60681
60673
60666
60646
60637
60633
60631
60631
60630
60622
60616
60614
60610
60605
60600
60595
60585
60579
60554
60554
60552
60552
60551
60550
60546
60545
60537
60507
60499
60495
60491
60490
60490
60482
60478
60467
60466
60459
60437
60428
60428
60427
60423
60421
60413
60411
60409
60401
60394
60379
60372
60371
60362
60358
60326
60326
60321
60313
60312
60310
60310
60308
60297
60283
60279
60273
60266
60264
60255
60250
60239
60235
60225
60220
60209
60209
60205
60200
60190
60185
60185
60168
60161
60160
60159
60158
60146
60137
60125
60118
60116
60114
60111
60105
60101
60090
60085
60082
60077
60077
60073
60058
60053
60049
60048
60047
60038
60034
60029
60023
60022
60006
60003
59996
59996
59993
59987
59983
59977
59975
59969
59959
59957
59935
59923
59909
59906
59905
59887
59884
59863
59855
59855
59848
59822
59820
59818
59814
59813
59807
59792
59791
59784
59752
59752
59737
59713
59712
59705
59701
59695
59691
59671
59668
59650
59636
59635
59621
59620
59619
59614
59610
59591
59582
59575
59571
59540
59539
59522
59515
59507
59460
59457
59455
59453
59451
59445
59426
59423
59413
59413
59413
59411
59405
59402
59389
59379
59351
59350
59348
59345
59343
59342
59340
59324
59319
59309
59300
59285
59279
59275
59267
59257
59220
59194
59193
59180
59179
59178
59178
59176
59169
59159
59158
59148
59126
59126
59099
59086
59082
59082
59082
59080
59078
59073
59070
59023
59021
59021
59018
59017
59013
59012
59010
58994
58988
58976
58971
58960
58959
58958
58952
58946
58942
58940
58930
58929
58920
58912
58906
58906
58904
58902
58895
58894
58881
58870
58861
58841
58834
58825
58815
58797
58787
58787
58780
58761
58758
58755
58750
58741
58724
58706
58705
58705
58699
58699
58693
58688
58676
58674
58658
58653
58641
58641
58634
58610
58604
58603
58600
58597
58592
58589
58573
58572
58548
58545
58542
58538
58532
58517
58515
58514
58512
58493
58490
58489
58482
58480
58475
58466
58457
58456
58455
58448
58444
58438
58432
58429
58426
58409
58408
58404
58402
58387
58386
58382
58371
58368
58365
58357
58357
58351
58345
58326
58324
58322
58317
58316
58299
58299
58288
58286
58282
58241
58241
58239
58239
58237
58226
58224
58224
58220
58218
58215
58213
58210
58207
58207
58202
58200
58192
58177
58172
58172
58172
58168
58161
58146
58136
58127
58119
58113
58111
58091
58080
58076
58075
58071
58058
58047
58046
58038
58025
58024
58008
58004
58002
58000
57998
57997
57990
57975
57973
57946
57944
57941
57936
57909
57905
57903
57902
57897
57895
57893
57874
57871
57869
57846
57837
57834
57818
57815
57807
57783
57776
57772
57771
57768
57754
57751
57739
57738
57729
57722
57717
57717
57698
57681
57678
57676
57659
57655
57655
57654
57648
57646
57636
57628
57622
57622
57614
57605
57601
57600
57597
57590
57589
57581
57581
57578
57578
57555
57555
57554
57549
57549
57546
57543
57531
57528
57524
57521
57517
57513
57510
57502
57500
57487
57485
57479
57472
57471
57469
57467
57467
57463
57461
57461
57449
57445
57442
57439
57435
57433
57426
57423
57417
57410
57402
57396
57394
57390
57387
57386
57377
57373
57370
57363
57358
57354
57347
57337
57332
57332
57326
57320
57315
57304
57303
57296
57290
57253
57240
57227
57223
57196
57190
57183
57160
57158
57155
57152
57148
57144
57135
57090
57088
57083
57082
57045
57039
57014
57008
57008
57007
56998
56989
56984
56977
56960
56952
56951
56948
56940
56937
56932
56916
56913
56894
56888
56878
56867
56865
56861
56848
56829
56825
56823
56815
56808
56801
56796
56795
56792
56788
56784
56769
56767
56760
56758
56756
56743
56741
56739
56716
56703
56676
56665
56658
56658
56655
56651
56646
56643
56635
56629
56629
56629
56627
56619
56608
56590
56589
56584
56568
56567
56567
56562
56555
56534
56530
56520
56519
56515
56513
56512
56497
56488
56487
56480
56474
56467
56462
56461
56458
56456
56445
56443
56421
56414
56413
56412
56405
56395
56374
56373
56372
56364
56363
56362
56341
56337
56334
56333
56330
56326
56313
56312
56301
56296
56295
56287
56277
56272
56261
56251
56250
56239
56238
56233
56221
56215
56213
56207
56201
56197
56194
56190
56188
56187
56184
56182
56178
56170
56162
56156
56143
56137
56136
56135
56130
56130
56110
56105
56102
56095
56087
56086
56080
56080
56077
56076
56073
56069
56049
56049
56048
56046
56043
56040
56035
56027
56023
56017
56006
55991
55978
55968
55953
55952
55951
55946
55928
55925
55908
55898
55894
55890
55886
55868
55864
55848
55840
55835
55835
55834
55826
55809
55804
55803
55794
55785
55780
55780
55776
55776
55761
55758
55731
55719
55715
55696
55680
55674
55665
55664
55653
55649
55648
55647
55644
55644
55633
55622
55617
55616
55613
55607
55605
55603
55595
55595
55593
55590
55588
55581
55581
55570
55567
55556
55543
55534
55529
55524
55519
55519
55518
55512
55506
55504
55484
55475
55467
55467
55465
55461
55461
55456
55444
55411
55406
55401
55396
55395
55379
55352
55351
55349
55346
55346
55343
55341
55334
55328
55325
55312
55294
55292
55289
55283
55281
55277
55273
55273
55266
55255
55245
55242
55237
55236
55216
55215
55214
55193
55189
55187
55185
55175
55152
55143
55136
55122
55121
55120
55114
55102
55097
55096
55090
55090
55086
55072
55068
55068
55053
55047
55046
55039
55033
55030
55027
54997
54997
54989
54987
54980
54977
54975
54966
54966
54958
54955
54954
54950
54948
54948
54943
54936
54934
54930
54923
54918
54917
54911
54906
54904
54900
54890
54883
54870
54846
54819
54816
54794
54793
54784
54779
54774
54766
54765
54754
54747
54735
54734
54728
54728
54719
54705
54699
54688
54682
54679
54674
54670
54664
54660
54610
54610
54607
54604
54591
54590
54583
54576
54565
54550
54542
54537
54526
54507
54505
54503
54500
54496
54496
54492
54483
54476
54469
54464
54463
54460
54449
54446
54440
54434
54425
54420
54392
54387
54385
54384
54363
54362
54350
54347
54346
54344
54326
54324
54319
54318
54309
54297
54296
54283
54282
54265
54259
54258
54249
54243
54240
54236
54225
54213
54209
54206
54200
54184
54182
54180
54167
54166
54166
54157
54151
54150
54149
54149
54138
54137
54135
54127
54126
54120
54116
54113
54108
54086
54082
54071
54063
54060
54027
54018
54015
54010
53997
53990
53988
53975
53969
53967
53967
53967
53966
53949
53948
53946
53932
53929
53929
53905
53903
53897
53894
53891
53882
53873
53866
53859
53858
53845
53844
53839
53834
53829
53826
53821
53812
53803
53800
53800
53790
53788
53785
53780
53771
53741
53739
53732
53726
53704
53698
53691
53672
53670
53668
53664
53642
53625
53624
53619
53618
53616
53614
53613
53612
53599
53593
53582
53569
53566
53565
53565
53544
53544
53538
53533
53532
53525
53523
53517
53514
53511
53504
53502
53499
53486
53484
53484
53477
53467
53467
53444
53439
53436
53430
53429
53406
53399
53394
53381
53363
53354
53350
53345
53343
53342
53339
53326
53321
53304
53294
53291
53290
53278
53274
53252
53241
53239
53238
53234
53222
53218
53204
53204
53203
53201
53195
53187
53181
53176
53170
53169
53167
53146
53145
53139
53139
53129
53120
53119
53115
53112
53111
53111
53107
53095
53087
53084
53083
53083
53078
53059
53053
53052
53049
53043
53042
53027
53022
53022
53017
53015
53014
53010
53006
52995
52993
52990
52979
52962
52956
52950
52943
52932
52928
52919
52908
52905
52900
52900
52897
52896
52893
52892
52886
52883
52879
52872
52865
52855
52845
52844
52844
52842
52818
52807
52805
52800
52784
52777
52764
52764
52761
52759
52754
52744
52741
52739
52739
52738
52729
52721
52721
52708
52707
52707
52705
52699
52682
52680
52674
52671
52667
52663
52662
52646
52642
52640
52638
52637
52628
52615
52610
52599
52598
52585
52583
52583
52571
52562
52548
52525
52522
52516
52514
52514
52507
52505
52502
52502
52494
52493
52488
52487
52487
52464
52458
52455
52446
52432
52429
52410
52406
52398
52384
52379
52376
52373
52371
52355
52354
52330
52324
52322
52312
52308
52308
52274
52270
52267
52252
52251
52249
52247
52247
52243
52231
52225
52218
52210
52210
52204
52200
52193
52192
52187
52184
52168
52155
52151
52145
52132
52129
52127
52122
52118
52104
52100
52098
52075
52071
52065
52053
52044
52042
52040
52039
52030
52030
52018
52017
52012
52008
52005
52001
51999
51992
51976
51975
51971
51962
51952
51912
51911
51899
51896
51895
51891
51885
51877
51874
51872
51863
51840
51818
51804
51786
51785
51784
51778
51775
51768
51768
51762
51760
51759
51752
51747
51746
51742
51741
51739
51732
51732
51703
51685
51676
51673
51661
51657
51651
51648
51642
51641
51638
51629
51625
51620
51616
51611
51611
51598
51596
51588
51587
51584
51556
51555
51538
51529
51518
51513
51508
51507
51505
51500
51499
51492
51482
51481
51473
51471
51470
51466
51465
51463
51442
51439
51435
51424
51407
51404
51393
51392
51391
51389
51372
51364
51353
51350
51347
51347
51345
51340
51334
51326
51313
51308
51304
51298
51294
51286
51284
51273
51270
51241
51232
51231
51228
51225
51223
51223
51211
51210
51209
51205
51205
51201
51188
51188
51187
51183
51182
51174
51174
51173
51168
51166
51158
51156
51127
51124
51123
51112
51106
51092
51088
51081
51057
51053
51050
51049
51025
51024
51013
51006
50991
50981
50979
50975
50972
50962
50961
50954
50938
50935
50919
50919
50919
50909
50897
50872
50862
50862
50858
50856
50855
50848
50846
50842
50835
50827
50808
50805
50802
50788
50785
50782
50782
50768
50765
50753
50745
50742
50742
50741
50739
50733
50716
50714
50708
50695
50687
50684
50683
50681
50669
50647
50640
50639
50631
50630
50616
50606
50597
50589
50581
50580
50579
50572
50571
50569
50564
50556
50539
50532
50530
50529
50525
50521
50515
50501
50494
50483
50483
50482
50475
50470
50467
50465
50464
50457
50451
50448
50445
50437
50436
50425
50422
50420
50408
50404
50403
50398
50396
50386
50386
50378
50368
50341
50341
50338
50337
50333
50329
50322
50318
50317
50315
50314
50312
50311
50305
50302
50295
50291
50289
50280
50275
50275
50269
50263
50262
50256
50256
50247
50241
50232
50219
50216
50213
50212
50212
50210
50210
50210
50159
50154
50148
50142
50141
50132
50130
50130
50123
50109
50099
50094
50090
50086
50086
50073
50072
50072
50071
50061
50057
50056
50050
50045
50032
50031
50026
50023
50022
50007
50005
49995
49993
49992
49990
49975
49971
49963
49962
49960
49950
49944
49940
49909
49906
49904
49900
49898
49890
49883
49881
49871
49870
49865
49864
49857
49851
49844
49832
49831
49828
49818
49813
49811
49808
49806
49788
49786
49784
49783
49774
49771
49765
49741
49733
49731
49730
49726
49725
49714
49711
49711
49708
49707
49703
49696
49673
49660
49649
49648
49647
49637
49623
49623
49604
49600
49595
49588
49582
49582
49559
49554
49554
49522
49520
49505
49502
49496
49473
49459
49453
49453
49444
49433
49431
49422
49409
49391
49386
49373
49370
49363
49342
49336
49336
49330
49327
49325
49322
49318
49312
49310
49303
49300
49281
49280
49279
49278
49272
49264
49263
49258
49254
49252
49232
49228
49223
49198
49187
49186
49186
49181
49177
49168
49167
49160
49153
49144
49134
49125
49123
49113
49102
49092
49089
49076
49072
49059
49059
49055
49045
49043
49034
49034
49029
49024
49016
49003
48999
48992
48987
48983
48954
48948
48942
48937
48924
48921
48917
48908
48908
48907
48907
48875
48855
48836
48817
48797
48796
48780
48773
48769
48764
48749
48747
48747
48727
48725
48724
48712
48712
48711
48709
48706
48702
48691
48683
48658
48650
48639
48628
48621
48611
48605
48604
48600
48599
48595
48595
48592
48592
48589
48583
48574
48573
48570
48570
48520
48518
48517
48509
48509
48508
48499
48496
48489
48488
48482
48480
48445
48432
48429
48428
48426
48415
48414
48413
48411
48404
48403
48401
48399
48391
48390
48387
48384
48372
48363
48353
48350
48336
48328
48326
48319
48318
48315
48309
48308
48303
48293
48291
48288
48285
48283
48275
48264
48260
48252
48247
48246
48242
48242
48236
48219
48210
48207
48204
48200
48197
48196
48186
48175
48166
48164
48164
48160
48155
48152
48152
48124
48113
48109
48108
48104
48096
48076
48074
48073
48053
48019
48007
48005
48005
48001
47999
47988
47980
47971
47968
47965
47952
47934
47930
47927
47916
47891
47887
47874
47870
47870
47868
47862
47858
47842
47838
47826
47817
47816
47799
47791
47784
47773
47772
47764
47733
47727
47723
47721
47716
47710
47688
47688
47685
47679
47659
47643
47627
47619
47618
47609
47604
47602
47581
47573
47566
47560
47548
47539
47521
47519
47511
47509
47507
47506
47506
47506
47482
47475
47474
47464
47456
47427
47410
47409
47409
47402
47402
47399
47399
47398
47393
47392
47375
47374
47373
47370
47370
47363
47363
47360
47357
47353
47342
47342
47340
47315
47313
47309
47292
47277
47273
47271
47262
47262
47260
47258
47248
47244
47238
47237
47216
47210
47208
47204
47199
47186
47177
47173
47152
47141
47119
47107
47102
47100
47094
47084
47078
47071
47070
47068
47067
47056
47055
47055
47050
47036
47029
47025
46996
46976
46968
46964
46945
46934
46932
46931
46931
46918
46910
46910
46904
46899
46890
46883
46882
46882
46871
46870
46869
46865
46864
46848
46839
46834
46828
46805
46800
46790
46788
46779
46771
46762
46748
46744
46738
46728
46722
46721
46707
46693
46683
46682
46681
46679
46673
46668
46665
46661
46650
46649
46646
46645
46638
46627
46614
46613
46612
46611
46605
46590
46575
46573
46563
46548
46537
46536
46534
46517
46512
46509
46470
46458
46451
46450
46440
46440
46435
46432
46424
46417
46417
46412
46411
46404
46397
46389
46388
46378
46357
46354
46352
46348
46321
46296
46293
46293
46292
46291
46289
46260
46257
46255
46250
46249
46242
46239
46233
46230
46222
46218
46215
46199
46192
46192
46173
46164
46159
46140
46140
46138
46103
46101
46095
46090
46089
46072
46068
46067
46061
46054
46049
46048
46031
46015
46015
46012
46006
46004
45993
45992
45989
45974
45969
45956
45947
45942
45942
45941
45941
45913
45896
45884
45883
45881
45881
45878
45878
45867
45861
45855
45845
45834
45833
45833
45833
45827
45819
45808
45802
45779
45774
45770
45752
45738
45727
45713
45708
45707
45700
45700
45695
45692
45681
45674
45668
45665
45651
45649
45648
45647
45646
45626
45617
45608
45603
45595
45585
45582
45572
45566
45562
45561
45548
45540
45535
45530
45520
45516
45515
45508
45491
45487
45480
45472
45472
45469
45465
45461
45402
45395
45395
45389
45386
45383
45381
45376
45371
45354
45341
45326
45320
45309
45307
45305
45274
45264
45263
45259
45244
45233
45230
45208
45207
45205
45201
45200
45198
45192
45183
45182
45182
45180
45172
45171
45161
45137
45136
45128
45127
45108
45102
45102
45087
45085
45075
45063
45059
45027
45027
45024
45021
45018
45013
45008
44986
44972
44950
44942
44927
44920
44920
44913
44910
44887
44872
44868
44858
44857
44846
44835
44829
44826
44818
44815
44802
44790
44785
44784
44780
44777
44737
44736
44733
44733
44729
44717
44712
44709
44706
44704
44698
44683
44678
44678
44677
44677
44673
44665
44652
44646
44634
44631
44631
44619
44614
44607
44599
44573
44570
44562
44547
44540
44524
44523
44516
44491
44488
44481
44480
44444
44436
44429
44425
44407
44406
44396
44361
44361
44360
44354
44347
44344
44339
44338
44333
44331
44328
44319
44312
44307
44302
44299
44298
44298
44292
44288
44259
44250
44239
44235
44235
44225
44224
44216
44211
44206
44201
44198
44195
44191
44175
44175
44174
44169
44162
44156
44154
44128
44128
44123
44121
44111
44108
44105
44092
44091
44090
44089
44079
44078
44067
44056
44046
44042
44038
44035
44022
44019
44016
44015
44008
44004
44003
44003
44002
44000
43990
43985
43981
43979
43969
43955
43942
43922
43919
43910
43898
43889
43879
43872
43867
43862
43857
43847
43846
43845
43840
43834
43826
43813
43811
43810
43805
43796
43783
43778
43757
43750
43747
43744
43731
43728
43726
43713
43690
43683
43682
43679
43666
43666
43658
43651
43650
43641
43638
43624
43613
43612
43608
43591
43577
43571
43557
43554
43550
43540
43539
43537
43535
43532
43527
43514
43497
43494
43486
43483
43480
43473
43470
43463
43460
43447
43443
43438
43429
43427
43426
43414
43413
43410
43409
43399
43388
43386
43384
43379
43378
43367
43363
43350
43348
43347
43347
43345
43341
43334
43326
43326
43311
43297
43293
43290
43289
43287
43286
43285
43284
43267
43267
43266
43263
43254
43241
43229
43228
43214
43209
43207
43184
43182
43181
43177
43164
43157
43109
43108
43103
43102
43099
43098
43093
43088
43076
43070
43069
43050
43030
43028
43017
43017
43013
42995
42993
42984
42980
42976
42959
42957
42957
42953
42945
42939
42931
42931
42928
42928
42923
42915
42894
42893
42887
42886
42884
42867
42863
42863
42858
42846
42843
42840
42838
42827
42815
42815
42811
42808
42783
42777
42768
42762
42751
42750
42748
42743
42741
42729
42717
42702
42702
42694
42690
42673
42673
42652
42650
42647
42630
42617
42615
42594
42593
42588
42576
42576
42575
42571
42561
42544
42542
42538
42537
42536
42521
42520
42517
42515
42501
42501
42494
42492
42487
42486
42474
42467
42465
42462
42452
42444
42441
42434
42430
42403
42402
42394
42388
42373
42360
42358
42357
42349
42341
42340
42332
42329
42314
42308
42306
42301
42299
42297
42288
42281
42281
42275
42274
42269
42266
42248
42239
42235
42209
42207
42201
42197
42189
42181
42180
42170
42159
42157
42150
42142
42137
42130
42129
42128
42118
42117
42115
42114
42113
42110
42100
42098
42097
42096
42087
42080
42070
42044
42037
42030
42029
42012
42012
42004
42000
41998
41994
41989
41986
41984
41982
41977
41969
41964
41964
41954
41953
41951
41951
41944
41937
41934
41934
41930
41927
41906
41905
41901
41899
41894
41887
41881
41866
41859
41850
41841
41834
41831
41830
41829
41826
41813
41809
41805
41804
41799
41791
41786
41768
41765
41763
41751
41751
41746
41745
41743
41724
41712
41709
41701
41686
41672
41670
41670
41661
41656
41655
41646
41640
41629
41623
41620
41617
41613
41609
41608
41607
41607
41582
41582
41562
41550
41536
41519
41519
41517
41513
41503
41501
41484
41474
41455
41453
41436
41432
41427
41423
41407
41403
41396
41395
41381
41377
41370
41369
41353
41348
41347
41335
41330
41312
41294
41252
41242
41229
41215
41191
41190
41168
41166
41165
41163
41153
41148
41131
41122
41121
41120
41118
41113
41097
41094
41079
41070
41066
41062
41056
41051
41049
41045
41044
41038
41036
41031
41017
41011
41009
41003
40997
40991
40985
40966
40960
40948
40946
40943
40942
40925
40920
40917
40916
40910
40896
40896
40850
40842
40829
40828
40826
40825
40821
40800
40789
40781
40778
40775
40765
40764
40732
40729
40728
40718
40714
40709
40709
40703
40694
40684
40682
40681
40677
40677
40673
40666
40653
40653
40649
40640
40624
40618
40615
40614
40606
40603
40595
40590
40573
40566
40558
40555
40548
40530
40525
40520
40518
40506
40494
40490
40474
40473
40472
40445
40431
40429
40425
40416
40405
40401
40396
40375
40370
40367
40365
40360
40353
40340
40340
40331
40329
40326
40323
40308
40306
40275
40273
40259
40258
40245
40232
40216
40213
40206
40187
40183
40169
40164
40164
40161
40156
40155
40151
40150
40147
40142
40136
40127
40122
40120
40105
40101
40098
40080
40077
40075
40071
40070
40068
40053
40051
40045
40036
40036
40035
40034
40011
40006
39991
39983
39982
39972
39946
39944
39941
39940
39935
39932
39928
39920
39916
39911
39900
39885
39874
39867
39865
39863
39858
39849
39839
39835
39835
39820
39815
39804
39797
39790
39789
39783
39775
39761
39753
39744
39736
39735
39723
39712
39704
39701
39699
39695
39695
39688
39677
39676
39673
39661
39658
39648
39647
39639
39637
39622
39622
39619
39616
39615
39602
39598
39595
39592
39588
39585
39584
39580
39580
39578
39574
39573
39573
39564
39549
39536
39535
39527
39524
39521
39512
39510
39500
39494
39482
39476
39472
39465
39450
39447
39439
39434
39431
39422
39415
39414
39409
39407
39402
39400
39388
39382
39375
39371
39370
39363
39361
39361
39358
39346
39343
39339
39325
39323
39321
39312
39306
39302
39289
39278
39278
39269
39269
39268
39266
39263
39258
39251
39239
39230
39222
39220
39210
39197
39187
39183
39179
39174
39168
39158
39136
39130
39112
39111
39106
39105
39102
39098
39093
39085
39079
39067
39067
39061
39057
39048
39034
39030
39027
39027
39024
39020
38983
38978
38957
38952
38951
38927
38915
38910
38898
38895
38894
38887
38864
38864
38861
38860
38859
38856
38850
38849
38847
38844
38838
38838
38831
38817
38817
38815
38813
38810
38797
38796
38783
38769
38728
38725
38720
38715
38710
38708
38704
38686
38684
38683
38680
38678
38678
38678
38674
38670
38665
38662
38655
38652
38642
38617
38614
38614
38604
38577
38567
38558
38551
38540
38508
38507
38499
38485
38485
38481
38467
38467
38466
38461
38458
38457
38446
38445
38432
38428
38424
38423
38412
38411
38410
38401
38399
38381
38375
38372
38340
38331
38316
38315
38310
38307
38254
38253
38253
38251
38236
38234
38233
38227
38212
38210
38161
38160
38159
38149
38143
38141
38120
38116
38108
38106
38097
38082
38076
38075
38072
38072
38069
38064
38054
38046
38046
38038
38037
38025
38010
38005
37990
37986
37985
37984
37984
37980
37977
37976
37951
37946
37945
37935
37929
37927
37922
37904
37885
37883
37858
37856
37853
37844
37810
37802
37800
37789
37773
37756
37750
37738
37734
37717
37714
37711
37705
37694
37693
37678
37675
37651
37648
37648
37641
37639
37635
37634
37630
37628
37627
37614
37614
37607
37605
37593
37590
37584
37573
37570
37556
37553
37551
37542
37539
37535
37533
37529
37516
37513
37508
37498
37496
37494
37493
37491
37486
37483
37482
37482
37477
37476
37462
37460
37455
37454
37447
37445
37442
37437
37437
37434
37433
37433
37422
37420
37408
37408
37408
37380
37377
37370
37365
37364
37363
37362
37351
37342
37328
37309
37305
37304
37290
37288
37287
37283
37280
37276
37272
37266
37251
37247
37231
37220
37205
37203
37203
37185
37180
37179
37176
37170
37166
37163
37162
37154
37136
37136
37116
37115
37113
37104
37104
37099
37098
37088
37085
37081
37080
37067
37057
37053
37040
37023
37013
37004
36997
36996
36993
36987
36986
36982
36981
36971
36970
36970
36964
36962
36946
36927
36921
36919
36917
36910
36910
36894
36886
36885
36883
36881
36881
36869
36862
36858
36853
36833
36833
36832
36828
36826
36822
36814
36813
36810
36798
36790
36783
36779
36760
36757
36755
36754
36750
36744
36741
36730
36729
36726
36716
36716
36715
36713
36709
36696
36688
36688
36684
36681
36680
36672
36671
36669
36663
36661
36645
36642
36635
36602
36601
36597
36596
36579
36574
36553
36548
36541
36536
36528
36527
36520
36517
36511
36505
36504
36491
36476
36462
36462
36455
36442
36434
36430
36419
36412
36408
36390
36390
36389
36389
36379
36378
36378
36374
36362
36360
36356
36356
36354
36351
36347
36346
36338
36332
36326
36323
36311
36311
36285
36278
36277
36274
36263
36228
36227
36220
36216
36214
36209
36201
36189
36188
36157
36156
36150
36141
36141
36123
36122
36111
36109
36086
36059
36034
36023
36020
36017
36014
36014
36008
36006
35999
35987
35982
35979
35971
35967
35966
35958
35947
35918
35910
35908
35903
35896
35883
35865
35862
35856
35849
35839
35832
35829
35819
35816
35813
35812
35811
35811
35809
35807
35802
35799
35798
35796
35789
35785
35778
35773
35773
35767
35753
35733
35707
35703
35701
35690
35668
35661
35656
35648
35647
35647
35645
35633
35629
35626
35621
35601
35600
35600
35595
35585
35581
35570
35566
35565
35564
35560
35559
35553
35539
35536
35534
35507
35505
35504
35499
35493
35482
35471
35460
35457
35441
35433
35420
35415
35397
35394
35384
35384
35376
35366
35364
35360
35360
35351
35351
35349
35331
35330
35321
35320
35317
35310
35299
35293
35281
35274
35259
35255
35253
35239
35239
35226
35226
35221
35219
35218
35214
35212
35210
35205
35199
35196
35189
35186
35181
35177
35176
35168
35167
35157
35148
35139
35132
35126
35125
35120
35114
35113
35108
35105
35099
35089
35080
35078
35078
35077
35071
35066
35059
35058
35056
35052
35042
35037
35034
35033
35031
35029
35021
35007
35000
34974
34969
34963
34937
34925
34915
34910
34899
34891
34883
34871
34871
34871
34852
34845
34841
34838
34835
34833
34830
34829
34807
34805
34796
34791
34783
34775
34774
34771
34752
34746
34745
34729
34728
34723
34711
34710
34709
34704
34692
34690
34687
34681
34672
34667
34665
34664
34663
34659
34657
34653
34638
34634
34626
34622
34606
34606
34602
34589
34582
34576
34565
34559
34558
34556
34549
34547
34535
34535
34532
34513
34506
34496
34487
34472
34461
34459
34455
34453
34443
34425
34425
34420
34418
34416
34415
34408
34404
34404
34404
34396
34393
34388
34383
34382
34380
34379
34374
34368
34355
34350
34343
34342
34341
34316
34315
34311
34308
34301
34296
34283
34282
34272
34262
34251
34251
34229
34229
34228
34227
34223
34214
34214
34201
34184
34163
34160
34157
34152
34142
34130
34130
34128
34113
34108
34107
34099
34096
34073
34068
34066
34065
34064
34056
34047
34043
34030
34029
34029
34019
34017
34009
33985
33976
33971
33966
33965
33963
33951
33949
33944
33942
33928
33918
33909
33907
33902
33897
33894
33890
33872
33871
33871
33866
33865
33859
33836
33825
33822
33814
33810
33801
33792
33786
33780
33780
33770
33766
33765
33759
33756
33754
33743
33739
33737
33727
33718
33708
33698
33696
33690
33685
33684
33670
33667
33662
33659
33658
33657
33655
33646
33644
33643
33642
33638
33631
33628
33621
33615
33610
33605
33599
33595
33587
33584
33583
33578
33577
33575
33570
33563
33538
33537
33525
33520
33517
33507
33501
33500
33493
33489
33479
33466
33466
33465
33453
33444
33434
33430
33422
33408
33405
33401
33399
33359
33347
33333
33325
33300
33299
33295
33291
33290
33273
33264
33257
33248
33246
33239
33239
33230
33226
33223
33209
33196
33180
33177
33176
33169
33155
33142
33134
33121
33121
33121
33121
33121
33118
33098
33088
33080
33076
33072
33065
33056
33038
33025
33023
33023
33023
33018
32983
32973
32969
32960
32944
32935
32925
32906
32888
32887
32862
32857
32841
32820
32819
32813
32803
32797
32785
32784
32778
32767
32766
32763
32753
32751
32748
32743
32743
32737
32733
32730
32729
32728
32719
32718
32717
32714
32714
32711
32700
32694
32690
32689
32680
32677
32675
32666
32660
32647
32642
32641
32640
32639
32635
32634
32623
32623
32598
32598
32596
32596
32594
32557
32553
32551
32546
32535
32513
32512
32506
32489
32478
32472
32471
32470
32468
32462
32447
32434
32422
32410
32407
32405
32403
32391
32389
32378
32377
32364
32337
32333
32327
32324
32321
32306
32303
32303
32273
32260
32256
32255
32253
32247
32247
32244
32238
32228
32222
32221
32209
32208
32208
32206
32202
32199
32194
32187
32187
32186
32186
32180
32178
32177
32168
32163
32160
32146
32133
32129
32119
32109
32099
32097
32097
32096
32091
32091
32090
32069
32057
32052
32050
32045
32043
32031
32027
32025
32025
32017
32002
31999
31997
31990
31985
31983
31979
31971
31965
31964
31951
31948
31948
31948
31934
31928
31918
31899
31899
31898
31881
31864
31859
31851
31835
31834
31827
31810
31787
31781
31757
31751
31751
31750
31744
31743
31732
31721
31712
31699
31695
31687
31680
31666
31665
31660
31647
31635
31635
31635
31627
31626
31626
31618
31607
31607
31607
31603
31603
31599
31595
31592
31585
31581
31578
31576
31573
31569
31567
31558
31554
31549
31522
31521
31506
31503
31502
31501
31501
31496
31482
31479
31474
31473
31473
31466
31445
31442
31441
31440
31439
31427
31419
31411
31408
31401
31400
31400
31394
31393
31379
31369
31365
31362
31360
31351
31351
31348
31344
31335
31332
31325
31283
31274
31269
31267
31260
31260
31259
31257
31257
31253
31240
31240
31237
31227
31226
31201
31193
31189
31188
31180
31178
31178
31172
31158
31157
31146
31136
31136
31135
31124
31121
31112
31108
31090
31089
31085
31079
31057
31051
31047
31032
31022
31005
30997
30991
30962
30961
30946
30940
30925
30914
30909
30904
30893
30891
30849
30837
30825
30821
30817
30811
30804
30800
30797
30791
30786
30784
30781
30779
30778
30775
30772
30772
30771
30764
30762
30761
30746
30746
30744
30737
30729
30726
30725
30715
30703
30701
30700
30693
30688
30686
30685
30684
30677
30653
30651
30650
30649
30645
30641
30639
30637
30614
30609
30604
30601
30600
30598
30591
30583
30563
30561
30546
30544
30539
30539
30529
30525
30519
30515
30510
30506
30499
30480
30467
30462
30448
30445
30434
30427
30405
30404
30404
30402
30400
30368
30365
30363
30351
30341
30324
30319
30312
30303
30289
30289
30273
30266
30262
30260
30252
30250
30247
30245
30244
30241
30234
30231
30222
30220
30208
30199
30199
30198
30177
30176
30171
30169
30162
30153
30148
30128
30127
30125
30112
30110
30106
30100
30093
30088
30076
30073
30068
30057
30048
30048
30045
30030
30028
30027
30025
30021
30019
30009
30006
29999
29990
29986
29980
29974
29973
29961
29941
29940
29928
29920
29916
29908
29907
29899
29892
29891
29890
29885
29884
29867
29865
29862
29838
29836
29835
29832
29827
29825
29824
29801
29798
29792
29779
29775
29772
29767
29759
29756
29743
29734
29728
29726
29713
29707
29689
29687
29686
29677
29671
29666
29665
29662
29655
29645
29645
29642
29637
29628
29628
29623
29620
29612
29607
29598
29595
29594
29589
29581
29581
29575
29565
29557
29556
29537
29536
29536
29532
29531
29531
29516
29510
29504
29503
29497
29492
29488
29477
29475
29472
29471
29466
29463
29463
29456
29456
29450
29442
29441
29437
29433
29428
29426
29419
29416
29414
29409
29407
29403
29387
29380
29374
29365
29364
29359
29355
29354
29337
29327
29327
29321
29319
29307
29292
29292
29284
29275
29241
29228
29214
29199
29196
29196
29190
29186
29177
29160
29155
29150
29145
29124
29120
29116
29112
29106
29098
29095
29089
29082
29082
29077
29076
29070
29070
29046
29045
29038
29026
29006
29001
29000
28998
28996
28991
28989
28987
28983
28973
28962
28962
28955
28953
28944
28937
28927
28920
28919
28911
28911
28905
28904
28895
28889
28882
28881
28877
28862
28842
28841
28831
28827
28825
28823
28783
28780
28780
28778
28774
28770
28765
28763
28758
28754
28752
28743
28727
28721
28714
28693
28686
28680
28661
28647
28646
28644
28641
28633
28631
28628
28625
28620
28616
28611
28609
28607
28589
28582
28564
28555
28551
28528
28523
28520
28517
28514
28507
28506
28503
28490
28489
28487
28487
28475
28473
28471
28464
28459
28459
28444
28436
28406
28400
28378
28369
28360
28352
28338
28338
28329
28311
28306
28305
28302
28296
28294
28294
28290
28288
28278
28267
28264
28260
28256
28256
28246
28231
28230
28221
28208
28200
28194
28188
28170
28154
28119
28118
28111
28108
28107
28100
28090
28085
28078
28046
28026
28017
28016
28012
28000
28000
27986
27978
27975
27930
27916
27907
27894
27892
27889
27875
27857
27851
27844
27825
27818
27817
27816
27809
27789
27788
27780
27774
27770
27769
27769
27768
27750
27741
27740
27740
27732
27722
27719
27717
27716
27715
27712
27701
27701
27687
27684
27682
27680
27678
27676
27673
27672
27651
27638
27630
27622
27613
27611
27608
27602
27590
27588
27588
27581
27579
27574
27573
27568
27561
27527
27521
27502
27501
27498
27493
27487
27487
27486
27481
27468
27452
27449
27447
27446
27439
27413
27405
27403
27403
27399
27398
27397
27384
27382
27368
27359
27355
27353
27340
27329
27323
27316
27304
27293
27292
27286
27284
27279
27279
27274
27267
27262
27250
27224
27219
27219
27216
27215
27197
27187
27183
27180
27177
27158
27148
27145
27135
27131
27122
27121
27109
27107
27105
27102
27101
27095
27094
27082
27077
27069
27059
27053
27041
27036
27035
27032
27031
27019
27018
26998
26988
26987
26981
26978
26969
26948
26935
26931
26901
26889
26886
26870
26865
26860
26858
26853
26839
26839
26815
26814
26802
26790
26787
26785
26781
26773
26772
26772
26769
26765
26763
26757
26748
26744
26724
26720
26716
26713
26691
26683
26681
26663
26663
26656
26654
26652
26650
26649
26649
26648
26647
26645
26641
26641
26638
26627
26625
26620
26618
26613
26590
26586
26583
26573
26569
26566
26566
26563
26563
26559
26552
26543
26541
26532
26526
26524
26507
26506
26499
26498
26496
26473
26468
26466
26465
26452
26446
26438
26430
26415
26414
26389
26372
26345
26338
26338
26337
26317
26292
26285
26264
26259
26258
26258
26245
26230
26220
26220
26205
26200
26189
26180
26178
26173
26162
26159
26156
26146
26141
26132
26130
26127
26126
26124
26117
26116
26107
26105
26100
26097
26096
26095
26090
26088
26082
26078
26074
26073
26046
26031
26013
26013
26012
26008
25994
25954
25949
25946
25946
25938
25938
25936
25929
25926
25916
25909
25906
25900
25896
25889
25884
25884
25882
25874
25872
25871
25869
25868
25863
25859
25841
25840
25835
25832
25820
25815
25813
25784
25778
25776
25758
25739
25736
25735
25735
25730
25730
25728
25727
25716
25716
25715
25714
25711
25703
25702
25677
25673
25656
25655
25640
25632
25630
25628
25622
25619
25603
25599
25596
25577
25575
25567
25557
25554
25542
25537
25535
25532
25532
25527
25516
25510
25507
25493
25490
25489
25489
25487
25478
25478
25468
25455
25451
25431
25426
25423
25407
25398
25395
25394
25386
25379
25378
25360
25358
25357
25354
25352
25348
25335
25325
25306
25289
25288
25286
25274
25269
25267
25262
25259
25259
25256
25250
25248
25231
25227
25224
25219
25202
25198
25193
25185
25185
25179
25165
25161
25156
25154
25133
25131
25125
25110
25099
25095
25090
25078
25068
25052
25048
25039
25036
25036
25035
25030
25019
25016
25013
25012
25007
25002
24993
24985
24969
24967
24954
24952
24944
24937
24922
24921
24920
24918
24912
24910
24895
24883
24883
24873
24869
24860
24849
24834
24824
24824
24813
24811
24799
24798
24790
24786
24769
24765
24758
24742
24741
24732
24724
24721
24709
24698
24697
24695
24689
24683
24680
24672
24672
24668
24664
24652
24650
24650
24649
24647
24632
24618
24616
24604
24603
24596
24591
24589
24580
24573
24567
24564
24553
24537
24527
24519
24515
24512
24505
24496
24495
24494
24481
24474
24472
24446
24441
24425
24419
24418
24412
24398
24382
24376
24370
24368
24363
24363
24363
24360
24354
24350
24338
24336
24336
24331
24331
24319
24314
24311
24298
24286
24282
24279
24257
24257
24249
24248
24220
24218
24217
24213
24197
24195
24182
24176
24159
24156
24155
24154
24149
24148
24146
24144
24133
24115
24103
24096
24081
24077
24075
24066
24052
24041
24040
24034
24029
24023
24016
24013
24008
24006
23997
23995
23983
23978
23961
23953
23950
23950
23936
23936
23931
23927
23917
23916
23907
23899
23898
23879
23876
23872
23846
23843
23836
23832
23832
23831
23825
23823
23820
23818
23818
23818
23815
23814
23808
23795
23790
23786
23773
23770
23756
23745
23733
23728
23725
23713
23713
23712
23710
23701
23698
23684
23678
23667
23663
23645
23644
23639
23625
23622
23621
23620
23606
23606
23599
23595
23587
23574
23555
23550
23547
23542
23533
23529
23529
23528
23510
23508
23486
23470
23470
23469
23463
23462
23459
23451
23450
23439
23435
23435
23433
23429
23428
23427
23401
23388
23381
23373
23371
23366
23364
23361
23341
23333
23328
23317
23315
23307
23306
23298
23296
23287
23282
23281
23276
23265
23262
23259
23243
23234
23233
23224
23224
23222
23221
23220
23207
23200
23185
23182
23173
23141
23129
23128
23127
23126
23121
23113
23112
23105
23100
23098
23097
23095
23064
23064
23055
23053
23046
23043
23038
23026
23025
23013
23011
23011
23009
22989
22979
22971
22965
22959
22957
22948
22942
22931
22919
22907
22907
22896
22896
22895
22889
22887
22877
22866
22845
22842
22839
22839
22832
22815
22807
22806
22794
22794
22776
22770
22756
22744
22728
22718
22705
22691
22690
22676
22664
22655
22631
22629
22627
22619
22612
22612
22610
22601
22599
22596
22580
22580
22579
22577
22569
22568
22558
22547
22545
22537
22530
22514
22508
22492
22492
22490
22464
22455
22452
22448
22448
22440
22432
22432
22420
22419
22416
22411
22405
22401
22386
22363
22354
22354
22344
22342
22335
22318
22315
22307
22286
22278
22272
22258
22258
22248
22230
22226
22206
22200
22199
22195
22194
22194
22192
22179
22176
22175
22174
22171
22156
22155
22147
22146
22146
22142
22141
22140
22139
22139
22124
22120
22115
22111
22110
22103
22087
22080
22078
22073
22062
22056
22036
22028
22015
21988
21986
21984
21974
21961
21958
21953
21942
21941
21934
21918
21916
21915
21915
21905
21901
21897
21866
21864
21859
21854
21853
21843
21839
21838
21835
21811
21789
21786
21785
21768
21750
21749
21742
21741
21735
21735
21733
21725
21705
21700
21698
21692
21688
21685
21675
21673
21673
21666
21658
21655
21654
21643
21639
21632
21630
21625
21616
21603
21597
21593
21588
21572
21571
21569
21555
21549
21532
21524
21520
21512
21509
21509
21502
21493
21485
21480
21471
21464
21453
21452
21446
21442
21441
21436
21432
21418
21415
21411
21406
21402
21391
21390
21371
21371
21368
21354
21353
21351
21346
21323
21319
21316
21304
21302
21295
21289
21270
21266
21264
21264
21260
21239
21239
21239
21214
21191
21190
21184
21169
21166
21150
21129
21114
21108
21090
21084
21077
21063
21047
21046
21037
21034
21014
21014
21013
21011
21011
21009
21003
21001
20988
20980
20979
20923
20921
20914
20913
20909
20906
20901
20901
20900
20895
20884
20874
20865
20853
20835
20831
20828
20820
20810
20809
20800
20795
20790
20786
20783
20772
20771
20765
20759
20759
20757
20752
20751
20749
20740
20722
20721
20716
20714
20712
20710
20703
20687
20682
20677
20673
20671
20653
20646
20646
20639
20638
20636
20634
20614
20607
20602
20589
20581
20556
20552
20540
20515
20514
20507
20505
20493
20487
20458
20457
20457
20453
20452
20433
20426
20422
20420
20409
20407
20404
20397
20396
20354
20352
20350
20346
20340
20334
20329
20320
20304
20304
20297
20288
20277
20273
20264
20263
20257
20254
20251
20246
20236
20236
20231
20224
20214
20210
20209
20200
20197
20197
20194
20186
20184
20184
20180
20171
20162
20159
20155
20152
20142
20132
20130
20128
20128
20123
20115
20098
20069
20063
20052
20049
20049
20048
20038
20032
20030
20029
20027
20025
20023
20022
20016
20000
19998
19982
19969
19955
19948
19946
19943
19939
19933
19928
19927
19917
19914
19910
19905
19895
19895
19878
19874
19873
19866
19866
19861
19860
19844
19843
19838
19836
19833
19805
19802
19798
19796
19785
19777
19771
19757
19753
19740
19738
19736
19730
19725
19718
19713
19713
19674
19664
19662
19656
19655
19644
19638
19635
19623
19621
19602
19598
19598
19596
19594
19587
19575
19566
19563
19562
19553
19550
19549
19545
19541
19538
19526
19510
19481
19479
19473
19472
19457
19454
19436
19430
19423
19422
19422
19413
19405
19405
19400
19399
19389
19381
19369
19363
19356
19348
19343
19339
19309
19293
19287
19241
19234
19229
19229
19225
19220
19210
19208
19205
19200
19176
19173
19167
19161
19148
19142
19137
19127
19118
19117
19105
19101
19092
19091
19081
19080
19070
19069
19066
19064
19060
19035
19030
19029
19021
19001
19001
18999
18998
18997
18983
18977
18972
18966
18960
18940
18939
18927
18912
18910
18907
18901
18899
18899
18893
18882
18877
18858
18856
18854
18847
18843
18841
18828
18811
18811
18806
18798
18786
18779
18778
18775
18774
18764
18762
18758
18752
18748
18743
18737
18727
18727
18725
18718
18711
18701
18697
18694
18685
18673
18673
18671
18669
18656
18655
18639
18631
18628
18613
18610
18605
18603
18601
18597
18594
18584
18574
18569
18564
18561
18560
18550
18549
18547
18543
18542
18540
18538
18533
18523
18514
18509
18506
18505
18488
18485
18485
18475
18471
18470
18469
18467
18451
18447
18439
18421
18418
18418
18410
18391
18376
18375
18368
18351
18347
18345
18338
18325
18323
18322
18308
18297
18297
18281
18279
18274
18270
18261
18258
18258
18254
18242
18240
18236
18227
18217
18209
18204
18202
18194
18193
18184
18184
18183
18170
18169
18167
18165
18165
18163
18161
18145
18134
18132
18115
18115
18108
18107
18104
18103
18097
18097
18091
18085
18078
18073
18059
18046
18044
18042
18042
18031
18025
18011
18004
17996
17983
17962
17959
17951
17944
17941
17932
17931
17930
17927
17921
17918
17917
17915
17914
17912
17908
17904
17902
17894
17882
17882
17876
17870
17859
17853
17830
17826
17825
17818
17813
17806
17805
17795
17793
17792
17782
17780
17780
17780
17759
17744
17740
17738
17738
17733
17728
17728
17695
17694
17691
17687
17680
17675
17667
17659
17643
17643
17622
17616
17613
17613
17612
17609
17607
17604
17603
17600
17586
17578
17569
17563
17558
17555
17523
17520
17518
17515
17512
17501
17484
17481
17477
17466
17460
17458
17442
17437
17437
17429
17406
17378
17369
17368
17351
17348
17345
17339
17335
17330
17325
17324
17323
17321
17321
17318
17315
17304
17297
17297
17295
17295
17295
17293
17275
17269
17266
17255
17254
17249
17240
17236
17216
17215
17212
17207
17201
17195
17193
17190
17189
17185
17165
17151
17150
17144
17143
17139
17130
17128
17128
17126
17123
17116
17112
17094
17094
17091
17089
17084
17084
17082
17077
17074
17062
17054
17049
17045
17044
17035
17034
17029
17013
17009
17006
16998
16993
16984
16980
16977
16962
16960
16956
16952
16936
16922
16919
16890
16888
16887
16883
16878
16870
16864
16864
16860
16858
16847
16843
16837
16835
16831
16827
16815
16812
16774
16766
16765
16764
16759
16758
16743
16743
16738
16738
16728
16724
16717
16711
16709
16686
16683
16675
16670
16636
16628
16622
16621
16619
16616
16612
16608
16608
16604
16595
16579
16579
16579
16558
16551
16546
16536
16517
16517
16513
16476
16476
16451
16450
16447
16438
16429
16426
16426
16419
16400
16392
16382
16367
16362
16358
16349
16346
16340
16337
16326
16323
16320
16311
16303
16302
16291
16290
16290
16289
16286
16277
16274
16265
16263
16253
16251
16246
16236
16229
16210
16208
16204
16202
16200
16197
16192
16188
16180
16169
16160
16157
16156
16131
16119
16116
16099
16097
16090
16089
16082
16060
16056
16050
16041
16025
16025
16023
16018
16015
16012
15999
15984
15983
15981
15975
15973
15956
15951
15936
15913
15910
15901
15898
15892
15888
15886
15881
15881
15878
15869
15865
15855
15848
15848
15843
15842
15842
15830
15830
15794
15788
15770
15754
15751
15741
15740
15736
15731
15728
15728
15725
15718
15713
15709
15704
15699
15697
15694
15693
15677
15675
15672
15660
15659
15639
15637
15625
15620
15616
15609
15603
15599
15597
15577
15570
15568
15537
15531
15527
15517
15513
15482
15482
15481
15481
15476
15462
15441
15439
15430
15425
15412
15412
15405
15402
15400
15400
15397
15380
15376
15365
15362
15360
15359
15356
15353
15345
15333
15324
15314
15280
15271
15266
15261
15255
15244
15234
15232
15224
15216
15199
15191
15184
15184
15174
15165
15165
15165
15161
15153
15149
15145
15121
15112
15102
15102
15098
15096
15082
15064
15060
15056
15036
15026
15026
15003
14993
14976
14976
14968
14957
14953
14952
14951
14945
14941
14917
14912
14911
14904
14901
14894
14893
14893
14893
14889
14887
14885
14878
14876
14872
14853
14833
14826
14821
14820
14815
14808
14807
14806
14805
14800
14800
14794
14792
14791
14789
14786
14785
14784
14766
14761
14756
14737
14733
14715
14696
14688
14688
14684
14672
14671
14669
14669
14663
14660
14657
14654
14654
14652
14652
14651
14649
14641
14640
14635
14635
14628
14618
14612
14611
14600
14589
14587
14577
14576
14570
14570
14563
14560
14557
14551
14543
14521
14495
14493
14488
14480
14477
14474
14456
14451
14449
14449
14440
14423
14419
14418
14417
14403
14401
14401
14393
14392
14385
14383
14382
14381
14377
14377
14352
14342
14341
14334
14331
14330
14329
14327
14326
14321
14307
14305
14295
14289
14288
14287
14286
14284
14274
14267
14266
14259
14259
14250
14249
14237
14223
14222
14220
14217
14216
14205
14196
14184
14183
14175
14154
14142
14138
14137
14124
14119
14114
14101
14093
14085
14066
14065
14053
14049
14038
14009
14000
13999
13990
13986
13976
13976
13976
13974
13970
13969
13963
13961
13956
13956
13934
13931
13921
13916
13912
13897
13890
13884
13882
13881
13881
13876
13875
13875
13871
13853
13830
13817
13816
13812
13811
13783
13783
13776
13771
13769
13767
13759
13751
13748
13734
13729
13729
13728
13726
13724
13723
13722
13710
13694
13688
13665
13664
13649
13644
13644
13643
13630
13616
13614
13612
13608
13590
13587
13576
13574
13573
13570
13549
13548
13543
13537
13535
13534
13533
13528
13526
13521
13507
13502
13492
13476
13474
13469
13460
13459
13457
13452
13448
13445
13426
13423
13421
13416
13405
13403
13401
13401
13388
13385
13378
13375
13369
13369
13343
13336
13335
13322
13317
13312
13311
13307
13306
13282
13278
13266
13260
13255
13248
13245
13243
13242
13241
13235
13231
13212
13195
13193
13191
13179
13160
13158
13132
13124
13116
13115
13108
13101
13093
13082
13077
13068
13050
13043
13043
13039
13038
13031
13024
13022
13020
13016
13008
13005
13003
12987
12985
12976
12968
12960
12958
12958
12958
12953
12949
12945
12942
12935
12929
12922
12917
12906
12895
12894
12888
12885
12881
12872
12870
12867
12851
12810
12806
12803
12801
12800
12793
12788
12780
12776
12758
12725
12710
12709
12709
12708
12695
12677
12674
12673
12671
12665
12658
12658
12646
12638
12626
12617
12613
12608
12604
12601
12600
12578
12572
12571
12555
12554
12539
12533
12528
12525
12525
12519
12505
12478
12476
12475
12469
12465
12458
12457
12442
12434
12427
12417
12412
12405
12402
12399
12383
12378
12365
12362
12355
12354
12342
12342
12334
12331
12323
12319
12302
12301
12292
12288
12280
12279
12277
12268
12262
12258
12257
12250
12239
12239
12234
12232
12225
12209
12209
12205
12199
12196
12188
12180
12177
12174
12162
12160
12149
12146
12142
12132
12122
12106
12104
12102
12101
12100
12092
12084
12076
12075
12067
12054
12043
12037
12022
12015
12010
12004
12002
11995
11974
11971
11969
11964
11962
11962
11962
11956
11947
11943
11942
11940
11936
11932
11914
11913
11913
11902
11899
11898
11897
11894
11886
11868
11856
11838
11827
11826
11826
11825
11824
11818
11815
11806
11788
11787
11786
11778
11761
11748
11742
11737
11726
11725
11720
11710
11707
11700
11698
11698
11696
11694
11692
11689
11687
11686
11684
11683
11682
11677
11676
11675
11671
11665
11664
11663
11633
11631
11630
11623
11607
11606
11604
11596
11582
11574
11572
11540
11535
11530
11522
11511
11506
11505
11500
11495
11488
11463
11460
11459
11454
11454
11439
11406
11400
11399
11399
11392
11387
11371
11367
11364
11350
11345
11344
11340
11319
11301
11295
11282
11264
11261
11252
11252
11250
11247
11243
11221
11211
11205
11175
11165
11150
11147
11140
11130
11125
11111
11106
11104
11095
11090
11071
11066
11066
11065
11065
11040
11029
11028
11024
11020
11015
11014
11009
11007
11001
11000
10999
10995
10995
10993
10991
10990
10987
10981
10971
10970
10969
10963
10962
10962
10958
10952
10948
10934
10931
10931
10928
10923
10915
10912
10902
10901
10882
10878
10868
10854
10850
10850
10845
10839
10823
10818
10813
10808
10800
10785
10773
10770
10752
10750
10748
10743
10735
10733
10732
10730
10729
10724
10708
10700
10698
10697
10694
10684
10681
10678
10654
10637
10630
10628
10627
10622
10607
10602
10602
10578
10561
10551
10544
10543
10529
10521
10519
10513
10508
10486
10471
10438
10430
10430
10416
10395
10385
10376
10371
10370
10369
10364
10362
10358
10343
10331
10317
10313
10312
10309
10308
10299
10291
10270
10268
10263
10262
10255
10247
10241
10236
10233
10230
10213
10212
10210
10209
10204
10202
10199
10195
10186
10180
10171
10158
10155
10151
10145
10140
10140
10137
10136
10124
10118
10117
10109
10107
10098
10097
10093
10092
10091
10087
10084
10067
10062
10051
10048
10045
10042
10039
10033
10007
10000
9999
9998
9997
9993
9991
9990
9988
9983
9981
9977
9973
9961
9954
9949
9944
9934
9915
9912
9907
9903
9900
9879
9866
9863
9861
9853
9853
9849
9848
9848
9843
9843
9836
9831
9815
9815
9813
9813
9806
9789
9782
9782
9780
9768
9761
9756
9754
9753
9747
9739
9737
9732
9730
9727
9726
9721
9719
9700
9692
9692
9681
9678
9677
9677
9671
9665
9654
9650
9649
9638
9632
9594
9585
9535
9529
9528
9526
9518
9513
9512
9510
9503
9501
9500
9500
9499
9494
9494
9494
9482
9477
9477
9474
9470
9459
9455
9453
9452
9451
9427
9406
9405
9401
9399
9395
9388
9382
9382
9374
9374
9364
9346
9341
9337
9336
9334
9332
9328
9321
9289
9285
9282
9281
9269
9254
9250
9240
9233
9226
9219
9215
9212
9202
9200
9189
9165
9162
9159
9158
9150
9149
9147
9137
9118
9118
9117
9112
9112
9102
9102
9099
9090
9087
9086
9080
9069
9053
9051
9034
9032
9031
9029
9007
8996
8995
8983
8974
8973
8964
8964
8961
8955
8934
8927
8895
8879
8871
8850
8849
8828
8821
8816
8797
8793
8771
8760
8758
8757
8749
8725
8725
8720
8714
8703
8697
8696
8693
8689
8672
8665
8663
8653
8622
8621
8605
8603
8602
8592
8590
8589
8589
8576
8576
8575
8562
8511
8505
8490
8485
8483
8482
8475
8474
8468
8465
8458
8455
8451
8438
8414
8407
8406
8403
8397
8387
8384
8380
8378
8368
8360
8349
8335
8332
8326
8322
8312
8303
8292
8290
8282
8281
8276
8265
8258
8253
8250
8248
8245
8241
8234
8220
8215
8215
8213
8210
8205
8202
8191
8191
8190
8180
8176
8169
8165
8144
8142
8141
8133
8131
8124
8123
8120
8109
8101
8089
8083
8082
8081
8068
8068
8047
8043
8041
8023
8019
8018
8014
8013
7991
7973
7959
7956
7956
7950
7948
7945
7934
7919
7918
7917
7893
7892
7889
7884
7874
7874
7864
7857
7857
7850
7849
7836
7835
7832
7820
7817
7809
7790
7783
7763
7761
7760
7757
7753
7751
7732
7732
7705
7704
7696
7687
7681
7676
7668
7663
7660
7657
7650
7648
7642
7633
7631
7627
7626
7626
7625
7604
7604
7578
7577
7575
7565
7551
7551
7546
7536
7528
7512
7498
7490
7486
7484
7476
7467
7459
7458
7458
7456
7455
7443
7441
7433
7430
7430
7409
7394
7385
7379
7372
7370
7365
7356
7352
7352
7338
7336
7331
7331
7325
7319
7317
7305
7300
7298
7288
7286
7284
7272
7271
7262
7253
7252
7246
7241
7195
7184
7183
7162
7161
7155
7140
7138
7133
7110
7100
7096
7088
7079
7076
7072
7069
7061
7054
7050
7036
7030
7025
7010
7001
6971
6967
6964
6962
6961
6955
6947
6943
6938
6933
6929
6926
6925
6914
6897
6896
6893
6890
6884
6879
6877
6874
6870
6862
6858
6846
6820
6817
6811
6803
6798
6786
6783
6780
6762
6761
6752
6746
6741
6740
6734
6731
6719
6717
6708
6707
6704
6701
6698
6693
6691
6683
6683
6681
6680
6677
6675
6671
6670
6670
6665
6663
6661
6661
6658
6657
6655
6652
6643
6632
6608
6600
6598
6596
6587
6573
6564
6558
6553
6548
6546
6540
6539
6520
6509
6507
6506
6504
6497
6490
6480
6468
6453
6432
6431
6415
6410
6391
6388
6388
6382
6380
6371
6367
6361
6358
6354
6347
6344
6340
6335
6334
6331
6328
6317
6315
6279
6274
6269
6264
6263
6251
6250
6247
6229
6228
6221
6220
6218
6216
6212
6188
6180
6173
6162
6161
6152
6140
6114
6112
6104
6098
6093
6084
6078
6072
6066
6060
6052
6041
6040
6020
6012
6011
6005
6004
5997
5981
5962
5954
5945
5921
5920
5915
5910
5906
5895
5894
5892
5889
5883
5882
5877
5873
5864
5860
5858
5851
5846
5838
5838
5833
5832
5824
5814
5812
5808
5807
5804
5803
5797
5796
5794
5794
5790
5788
5784
5774
5767
5761
5755
5749
5748
5743
5733
5732
5723
5722
5722
5715
5681
5679
5668
5666
5661
5659
5651
5648
5646
5635
5612
5608
5602
5586
5578
5569
5567
5562
5555
5539
5539
5519
5517
5510
5509
5499
5499
5498
5494
5491
5482
5481
5471
5466
5465
5461
5453
5451
5445
5425
5425
5419
5404
5390
5385
5359
5346
5334
5322
5320
5316
5308
5291
5289
5285
5281
5278
5272
5266
5264
5263
5260
5257
5255
5251
5244
5239
5237
5237
5236
5232
5228
5220
5209
5198
5197
5192
5180
5175
5173
5155
5152
5149
5133
5133
5133
5119
5118
5103
5095
5094
5087
5085
5083
5076
5065
5057
5055
5052
5048
5042
5041
5032
5029
5023
5022
5005
5000
4985
4981
4980
4978
4973
4960
4957
4956
4950
4944
4944
4940
4939
4936
4933
4930
4930
4926
4918
4913
4903
4896
4893
4893
4891
4862
4838
4836
4825
4821
4813
4804
4801
4792
4783
4771
4761
4753
4748
4742
4733
4723
4717
4717
4706
4696
4684
4680
4673
4671
4666
4660
4653
4651
4640
4630
4630
4625
4618
4607
4606
4605
4592
4589
4582
4577
4571
4551
4536
4533
4528
4525
4524
4500
4497
4496
4494
4483
4476
4467
4465
4460
4455
4450
4445
4445
4409
4407
4396
4391
4389
4388
4383
4382
4354
4353
4351
4350
4344
4337
4336
4330
4324
4305
4300
4294
4293
4290
4277
4262
4253
4240
4236
4219
4215
4214
4210
4189
4182
4180
4174
4173
4170
4160
4146
4141
4130
4128
4127
4115
4110
4109
4104
4085
4085
4084
4078
4073
4071
4062
4058
4050
4043
4043
4040
4039
4039
4037
4032
4029
4027
4005
3998
3996
3992
3981
3958
3957
3936
3935
3934
3931
3926
3921
3915
3913
3909
3904
3902
3898
3897
3887
3873
3868
3867
3860
3860
3851
3837
3837
3816
3814
3809
3800
3799
3795
3794
3790
3786
3786
3768
3767
3745
3717
3696
3693
3686
3680
3677
3675
3649
3645
3641
3637
3636
3627
3604
3602
3595
3591
3590
3579
3559
3544
3537
3530
3529
3526
3520
3509
3503
3501
3501
3497
3479
3474
3474
3463
3453
3439
3438
3430
3419
3409
3398
3387
3386
3377
3365
3350
3349
3341
3338
3337
3322
3319
3318
3315
3306
3304
3302
3298
3293
3293
3287
3277
3276
3254
3251
3249
3242
3238
3236
3234
3233
3228
3227
3226
3225
3223
3219
3213
3207
3191
3190
3187
3180
3172
3163
3161
3160
3160
3157
3126
3126
3124
3116
3106
3088
3083
3082
3061
3060
3060
3038
3031
3031
3028
3012
3010
3004
2997
2996
2987
2968
2934
2932
2929
2920
2896
2895
2889
2888
2882
2858
2858
2852
2835
2830
2823
2815
2814
2807
2804
2800
2781
2769
2768
2767
2764
2752
2749
2748
2748
2745
2744
2740
2733
2729
2727
2709
2698
2693
2691
2671
2667
2666
2656
2652
2641
2641
2638
2633
2627
2624
2619
2604
2586
2585
2583
2580
2579
2576
2569
2567
2559
2555
2549
2532
2528
2527
2522
2518
2516
2513
2487
2486
2484
2480
2478
2474
2474
2452
2447
2441
2421
2416
2415
2413
2406
2392
2389
2384
2380
2373
2355
2343
2338
2328
2323
2319
2313
2310
2305
2298
2294
2289
2287
2264
2263
2261
2251
2245
2237
2226
2221
2217
2216
2215
2208
2203
2201
2201
2195
2195
2186
2174
2173
2170
2164
2154
2153
2152
2150
2142
2141
2137
2116
2114
2110
2102
2071
2067
2066
2066
2058
2055
2054
2046
2044
2044
2034
2030
2018
2012
1993
1990
1987
1986
1984
1981
1979
1967
1961
1947
1943
1942
1930
1925
1921
1915
1908
1893
1890
1886
1884
1872
1869
1866
1864
1856
1853
1830
1825
1821
1820
1820
1817
1811
1809
1797
1782
1772
1769
1762
1751
1746
1736
1735
1730
1726
1706
1687
1684
1669
1664
1664
1655
1648
1647
1646
1632
1632
1627
1612
1601
1600
1595
1592
1577
1576
1563
1556
1533
1530
1501
1488
1482
1480
1476
1473
1465
1462
1455
1447
1439
1439
1428
1426
1425
1424
1416
1406
1398
1381
1380
1374
1372
1371
1358
1343
1342
1337
1331
1323
1310
1305
1292
1276
1268
1266
1260
1256
1241
1240
1236
1231
1210
1210
1203
1202
1195
1193
1188
1187
1170
1161
1153
1152
1138
1136
1132
1127
1111
1097
1089
1083
1077
1071
1070
1064
1062
1060
1057
1050
1050
1045
1037
1029
1027
1015
1011
1011
1010
1008
1000
988
987
975
973
963
954
944
936
935
935
932
916
911
898
897
896
883
881
874
865
863
859
835
825
822
817
815
808
798
792
791
779
763
762
750
730
720
707
701
691
665
660
660
654
652
647
646
645
630
617
609
608
592
592
591
576
561
554
554
553
545
533
531
530
528
522
522
520
517
508
497
491
478
471
456
453
447
442
436
418
408
402
399
396
395
385
383
364
353
351
350
350
341
339
339
332
321
312
306
304
295
289
288
286
280
259
247
242
238
231
225
217
216
207
201
199
192
187
158
157
141
124
116
115
107
103
93
90
86
83
82
68
66
62
56
49
38
37
13
12
11
3
0
