28552
16593
29614
7196
23518
18020
6403
14173
491
29161
15719
17537
7555
24615
27863
26164
383
23035
25227
13437
7228
21036
8415
8808
28753
17202
5528
29024
27496
5310
6078
2400
21904
5692
9597
21774
65
22352
12299
6908
27865
28018
797
5421
22634
5013
1585
23017
4400
3164
12806
11629
24200
27573
26789
29306
14775
8669
28330
18623
13980
10760
21024
12236
22805
6973
4010
29222
5677
16310
6130
3542
20680
13279
15315
19666
18292
23253
19035
22693
26417
1841
10674
26970
29414
7463
26276
20541
16132
958
9165
6464
11719
6541
18700
4524
19866
29063
10098
1895
21725
22580
5437
12405
5859
27105
8424
504
26710
27459
29549
29479
29301
10223
26449
5067
17686
22725
25609
10170
23684
11126
16635
5403
24019
11687
16279
20237
17102
2729
22132
8827
25309
27569
27585
1168
1026
6009
8024
27736
9820
7573
27216
15473
17796
23665
20541
11834
22743
22502
22005
16427
9980
14992
28182
3999
3031
20813
24236
20134
23542
22720
5313
18851
26641
2898
26371
27668
15259
4396
1756
1432
18321
5324
16905
6118
5342
13798
24304
28085
6300
22661
14512
16280
7653
19046
26631
17037
9859
27219
7171
3401
19939
12484
28604
16581
21735
24975
20601
13346
5723
22357
14778
24045
27682
1684
6515
3024
21834
819
7461
4487
29833
28325
20767
13838
17371
23751
875
27230
27322
8046
6983
17262
26883
5587
10195
18618
6914
796
1964
12638
29505
23095
13035
3539
1131
19550
6563
22965
26721
20376
27452
2906
18701
24572
16745
6072
18323
17620
9654
15645
2019
16637
9259
28902
28576
25806
23872
5491
26602
2188
24481
2460
25283
13868
5999
26414
9770
12563
19380
6491
9291
23184
15750
27993
17756
2495
4065
12431
20115
20072
4429
28486
13061
13688
27388
11638
15847
27612
23481
12449
29801
24314
14909
1436
8182
27261
27851
17952
16176
26874
26871
26869
26860
26856
26843
26833
26832
26828
26820
26819
26756
26753
26742
26729
26725
26724
26722
26714
26697
26680
26675
26673
26671
26669
26626
26615
26603
26599
26592
26589
26583
26582
26573
26567
26561
26553
26543
26543
26542
26518
26515
26503
26500
26497
26491
26484
26470
26466
26465
26464
26453
26425
26416
26413
26391
26367
26362
26347
26343
26341
26323
26320
26277
26276
26271
26265
26262
26260
26259
26246
26245
26229
26225
26223
26219
26193
26189
26187
26182
26181
26169
26165
26153
26150
26136
26126
26102
26055
26051
26045
26017
25994
25988
25987
25983
25971
25952
25949
25920
25907
25904
25901
25893
25892
25870
25868
25846
25841
25810
25804
25798
25785
25782
25772
25754
25751
25746
25742
25739
25732
25729
25729
25728
25719
25694
25673
25655
25651
25643
25638
25637
25631
25621
25591
25591
25588
25586
25583
25579
25563
25561
25545
25529
25518
25514
25508
25476
25470
25469
25466
25463
25456
25454
25439
25435
25434
25424
25417
25414
25409
25397
25392
25370
25351
25350
25349
25348
25325
25308
25305
25304
25291
25287
25284
25271
25267
25233
25230
25227
25225
25217
25215
25204
25198
25158
25115
25067
25051
25020
24974
24958
24928
24924
24904
24891
24887
24873
24851
24836
24825
24807
24806
24797
24793
24775
24773
24759
24743
24734
24728
24725
24723
24708
24707
24698
24667
24666
24656
24643
24634
24625
24618
24604
24595
24590
24588
24588
24585
24571
24544
24535
24533
24520
24518
24504
24502
24501
24499
24485
24482
24471
24468
24462
24450
24444
24433
24433
24432
24430
24424
24394
24387
24383
24381
24378
24375
24373
24372
24365
24364
24364
24348
24347
24345
24336
24327
24326
24324
24318
24315
24311
24307
24307
24302
24300
24282
24266
24258
24244
24238
24228
24223
24219
24212
24204
24188
24188
24169
24159
24148
24142
24141
24133
24115
24106
24106
24097
24083
24081
24069
24059
24055
24044
24000
23994
23991
23986
23981
23981
23979
23957
23933
23917
23911
23899
23894
23891
23880
23879
23875
23864
23856
23823
23818
23807
23796
23788
23786
23783
23749
23746
23744
23740
23726
23724
23723
23715
23706
23689
23688
23688
23681
23672
23672
23658
23654
23627
23606
23605
23604
23590
23579
23544
23535
23530
23524
23512
23506
23502
23499
23480
23462
23447
23446
23445
23444
23402
23400
23392
23373
23349
23341
23337
23330
23319
23318
23316
23314
23303
23295
23288
23284
23282
23281
23263
23257
23246
23242
23223
23222
23221
23215
23213
23203
23188
23174
23162
23144
23135
23133
23123
23122
23120
23118
23098
23095
23093
23091
23088
23081
23076
23074
23073
23071
23067
23067
23064
23056
23044
23040
23040
23036
23022
23007
23002
22987
22985
22976
22973
22972
22907
22903
22889
22887
22886
22880
22853
22825
22819
22817
22802
22798
22790
22790
22788
22768
22752
22751
22731
22711
22709
22689
22685
22683
22669
22668
22665
22663
22661
22659
22648
22646
22634
22634
22632
22630
22628
22613
22608
22606
22604
22600
22597
22572
22571
22555
22542
22542
22540
22520
22515
22513
22512
22504
22500
22477
22468
22467
22446
22445
22440
22420
22415
22390
22379
22373
22368
22330
22329
22305
22293
22287
22284
22277
22271
22266
22258
22253
22242
22237
22235
22233
22232
22191
22186
22184
22174
22172
22172
22162
22160
22141
22141
22135
22132
22092
22076
22075
22057
22050
22040
22031
22012
22001
21988
21987
21987
21982
21973
21970
21970
21966
21953
21947
21945
21929
21904
21903
21890
21886
21885
21876
21862
21853
21848
21841
21829
21818
21802
21779
21775
21770
21766
21765
21762
21749
21741
21725
21719
21717
21714
21687
21653
21650
21636
21626
21624
21610
21599
21591
21589
21584
21584
21578
21563
21543
21523
21523
21515
21492
21441
21434
21418
21410
21408
21405
21395
21382
21368
21345
21342
21334
21330
21329
21317
21316
21307
21303
21294
21294
21290
21277
21271
21263
21257
21253
21250
21245
21241
21237
21232
21232
21223
21218
21218
21210
21204
21202
21191
21181
21163
21159
21156
21148
21136
21120
21112
21110
21107
21095
21093
21087
21085
21079
21077
21068
21058
21046
21035
21022
21019
21015
20995
20994
20991
20984
20980
20964
20958
20952
20938
20935
20906
20897
20889
20887
20836
20828
20816
20814
20803
20797
20779
20774
20773
20764
20763
20762
20753
20751
20746
20720
20720
20715
20710
20702
20689
20659
20636
20626
20619
20613
20612
20587
20582
20559
20545
20524
20518
20517
20511
20499
20483
20465
20464
20464
20453
20444
20406
20377
20367
20365
20356
20349
20330
20323
20310
20301
20286
20273
20270
20264
20264
20256
20243
20221
20219
20196
20184
20184
20180
20175
20154
20152
20147
20139
20113
20102
20097
20095
20089
20085
20084
20079
20075
20074
20073
20071
20058
20053
20050
20010
19984
19973
19971
19970
19969
19959
19952
19940
19934
19923
19923
19907
19898
19893
19871
19863
19862
19858
19847
19839
19837
19825
19793
19772
19767
19737
19737
19736
19729
19721
19696
19691
19684
19677
19671
19669
19668
19651
19638
19636
19624
19620
19618
19607
19598
19581
19556
19553
19551
19545
19542
19541
19538
19537
19521
19516
19511
19493
19453
19451
19432
19432
19424
19421
19413
19397
19378
19378
19367
19351
19344
19335
19320
19289
19286
19282
19275
19265
19256
19251
19249
19242
19230
19229
19191
19179
19162
19160
19155
19127
19126
19123
19114
19107
19098
19097
19094
19092
19091
19086
19086
19077
19073
19072
19050
19050
19044
19034
19028
19020
18994
18988
18977
18974
18960
18956
18938
18925
18878
18868
18866
18863
18846
18843
18842
18841
18831
18818
18809
18807
18792
18777
18777
18771
18766
18748
18746
18741
18729
18704
18703
18696
18686
18647
18626
18622
18589
18573
18525
18494
18476
18471
18435
18417
18416
18413
18398
18396
18378
18344
18343
18330
18286
18281
18280
18271
18270
18264
18259
18241
18204
18201
18171
18164
18110
18106
18092
18078
18078
18064
18064
18063
18055
18052
18049
18035
17985
17980
17977
17974
17971
17962
17960
17935
17933
17928
17924
17920
17890
17888
17887
17873
17871
17867
17863
17856
17852
17841
17836
17796
17792
17756
17738
17731
17723
17713
17703
17701
17701
17699
17695
17691
17688
17681
17657
17647
17641
17639
17623
17570
17566
17546
17536
17512
17507
17495
17491
17488
17480
17476
17452
17438
17436
17428
17426
17423
17418
17416
17394
17382
17351
17343
17328
17319
17293
17282
17280
17256
17253
17253
17239
17231
17231
17230
17230
17218
17212
17212
17201
17173
17169
17159
17143
17133
17129
17128
17110
17099
17097
17085
17084
17078
17074
17072
17058
17022
17014
16998
16963
16961
16928
16927
16923
16919
16876
16875
16870
16862
16855
16844
16840
16838
16832
16804
16804
16775
16758
16757
16751
16744
16732
16729
16721
16720
16687
16684
16663
16656
16653
16625
16610
16601
16599
16594
16588
16579
16575
16548
16540
16535
16532
16531
16527
16518
16492
16483
16456
16410
16385
16377
16308
16299
16298
16294
16288
16271
16263
16261
16251
16239
16231
16225
16218
16205
16199
16170
16169
16161
16144
16142
16139
16136
16127
16127
16096
16094
16092
16092
16074
16071
16068
16064
16055
16041
16040
16026
16024
16017
16008
15997
15992
15972
15947
15946
15944
15937
15927
15924
15921
15908
15907
15889
15848
15793
15783
15770
15748
15746
15726
15715
15713
15692
15677
15673
15660
15651
15646
15641
15641
15631
15629
15628
15626
15616
15587
15581
15568
15564
15551
15546
15545
15537
15511
15505
15493
15487
15473
15461
15461
15457
15446
15445
15442
15441
15436
15421
15408
15407
15396
15396
15377
15371
15366
15349
15348
15343
15330
15312
15307
15282
15281
15252
15242
15214
15209
15207
15203
15190
15185
15175
15170
15169
15122
15115
15099
15099
15094
15092
15091
15089
15083
15060
15039
15030
15004
15004
15003
14991
14986
14976
14974
14972
14969
14967
14964
14932
14898
14895
14891
14891
14877
14867
14838
14831
14812
14808
14792
14789
14782
14770
14769
14756
14751
14732
14731
14730
14677
14671
14664
14661
14656
14636
14628
14612
14602
14582
14563
14560
14553
14541
14538
14529
14526
14524
14520
14520
14512
14506
14492
14491
14488
14479
14469
14457
14444
14436
14433
14432
14428
14424
14410
14406
14395
14381
14380
14379
14360
14359
14329
14324
14323
14316
14292
14284
14273
14263
14254
14251
14240
14230
14222
14218
14217
14204
14201
14188
14187
14187
14186
14164
14163
14160
14157
14156
14151
14143
14115
14101
14092
14080
14071
14067
14054
14052
14047
14045
14043
14031
13990
13984
13981
13977
13952
13950
13950
13947
13945
13940
13935
13932
13866
13865
13853
13847
13844
13828
13818
13817
13812
13797
13793
13789
13757
13735
13693
13692
13692
13685
13677
13676
13674
13666
13662
13657
13645
13641
13640
13632
13630
13621
13606
13572
13556
13525
13525
13507
13487
13480
13443
13434
13433
13430
13421
13401
13395
13392
13376
13375
13371
13371
13354
13342
13328
13327
13326
13313
13308
13297
13293
13283
13278
13254
13248
13241
13225
13221
13199
13195
13188
13187
13177
13168
13134
13134
13120
13097
13051
13050
13041
13039
13036
13008
13002
12997
12994
12966
12966
12962
12917
12915
12911
12884
12870
12864
12862
12854
12845
12829
12828
12810
12785
12780
12771
12765
12764
12742
12737
12731
12715
12693
12691
12688
12678
12677
12672
12670
12664
12657
12653
12653
12643
12639
12624
12618
12607
12598
12580
12574
12561
12559
12544
12528
12526
12514
12511
12506
12503
12502
12496
12479
12466
12465
12459
12435
12431
12409
12388
12374
12370
12350
12346
12344
12334
12330
12313
12311
12304
12297
12278
12271
12267
12266
12253
12246
12241
12219
12213
12211
12207
12194
12173
12173
12155
12129
12116
12106
12082
12078
12075
12073
12064
11992
11974
11957
11952
11917
11885
11878
11858
11821
11819
11809
11800
11784
11769
11760
11754
11746
11732
11729
11721
11717
11698
11697
11688
11688
11668
11666
11655
11652
11650
11650
11634
11632
11623
11621
11616
11614
11609
11606
11606
11600
11581
11581
11576
11574
11572
11569
11558
11550
11546
11543
11509
11501
11492
11467
11459
11447
11442
11435
11427
11392
11385
11365
11354
11354
11354
11345
11340
11337
11335
11333
11330
11329
11317
11313
11311
11299
11238
11227
11207
11207
11205
11188
11179
11174
11125
11113
11110
11074
11074
11072
11069
11068
11042
11032
11027
11021
11016
11008
11002
11001
10994
10981
10916
10908
10906
10865
10863
10861
10847
10839
10835
10834
10821
10772
10771
10768
10754
10724
10717
10715
10711
10710
10703
10697
10696
10689
10687
10686
10664
10662
10657
10649
10640
10631
10624
10604
10597
10597
10543
10530
10513
10510
10506
10493
10491
10488
10430
10429
10420
10419
10413
10395
10391
10365
10357
10353
10343
10335
10322
10310
10307
10305
10305
10277
10277
10274
10251
10246
10235
10230
10227
10217
10199
10185
10181
10178
10174
10174
10169
10166
10165
10164
10150
10149
10130
10119
10111
10109
10096
10091
10056
10056
10025
10021
9989
9963
9949
9946
9941
9926
9911
9909
9905
9887
9883
9877
9840
9832
9827
9821
9817
9792
9792
9777
9762
9758
9742
9742
9741
9709
9702
9698
9688
9674
9665
9663
9632
9627
9620
9602
9588
9553
9544
9535
9527
9526
9513
9509
9502
9490
9487
9477
9469
9456
9454
9431
9428
9400
9393
9385
9352
9344
9343
9337
9330
9328
9313
9304
9275
9258
9241
9240
9223
9213
9204
9193
9192
9185
9176
9164
9142
9116
9112
9109
9101
9096
9082
9080
9073
9060
9058
9045
9032
9025
9017
9014
9011
9010
8983
8960
8948
8942
8916
8906
8871
8870
8788
8782
8760
8735
8724
8717
8693
8692
8691
8689
8684
8680
8680
8671
8658
8652
8648
8643
8637
8626
8613
8592
8583
8570
8569
8568
8547
8534
8516
8516
8515
8504
8478
8463
8462
8462
8453
8446
8446
8435
8429
8425
8421
8398
8394
8380
8374
8374
8372
8368
8361
8361
8348
8342
8339
8338
8333
8329
8299
8288
8286
8248
8230
8175
8174
8157
8149
8149
8148
8140
8127
8126
8076
8074
8071
8071
8062
8037
8027
8019
7991
7990
7988
7961
7951
7946
7941
7940
7931
7914
7910
7903
7888
7886
7878
7877
7871
7868
7860
7850
7849
7827
7822
7802
7777
7767
7759
7748
7725
7695
7686
7675
7664
7657
7654
7652
7649
7645
7637
7623
7600
7587
7584
7567
7549
7547
7522
7519
7513
7511
7466
7460
7459
7417
7412
7406
7399
7388
7384
7367
7351
7346
7344
7343
7337
7320
7303
7259
7258
7246
7236
7215
7214
7197
7195
7191
7186
7166
7163
7162
7160
7146
7144
7127
7122
7098
7081
7080
7078
7078
7073
7069
7057
7051
7042
7041
7041
7037
7020
7002
6998
6992
6990
6968
6966
6964
6950
6945
6924
6910
6908
6897
6879
6876
6874
6864
6863
6844
6824
6801
6801
6782
6782
6781
6780
6779
6771
6755
6754
6714
6698
6695
6691
6685
6667
6644
6643
6631
6616
6594
6587
6580
6578
6571
6564
6532
6520
6519
6519
6501
6499
6487
6475
6456
6446
6442
6438
6433
6426
6422
6420
6414
6405
6405
6405
6398
6380
6356
6337
6324
6307
6293
6284
6284
6279
6270
6264
6254
6219
6213
6200
6200
6186
6180
6164
6161
6156
6151
6140
6137
6132
6118
6117
6089
6080
6057
6027
6024
6006
6002
5994
5983
5983
5976
5963
5934
5896
5886
5876
5856
5840
5839
5835
5811
5802
5802
5787
5768
5760
5754
5744
5728
5708
5700
5672
5669
5663
5653
5650
5644
5643
5636
5615
5612
5602
5598
5576
5564
5546
5538
5533
5523
5521
5518
5481
5472
5472
5468
5464
5463
5450
5423
5420
5419
5412
5394
5379
5365
5363
5349
5342
5341
5330
5297
5256
5251
5235
5217
5203
5179
5176
5175
5143
5123
5120
5115
5108
5105
5094
5090
5045
5040
5030
5025
5004
4987
4977
4964
4949
4948
4947
4946
4936
4935
4934
4932
4930
4926
4921
4909
4909
4894
4890
4879
4874
4861
4852
4829
4804
4784
4783
4709
4691
4684
4679
4678
4644
4640
4639
4639
4636
4625
4616
4593
4593
4580
4570
4554
4549
4546
4543
4537
4513
4489
4479
4463
4441
4437
4395
4393
4384
4379
4373
4369
4362
4348
4330
4327
4327
4302
4301
4299
4291
4287
4282
4277
4250
4245
4233
4226
4219
4216
4213
4201
4197
4193
4190
4178
4154
4138
4127
4105
4088
4080
4051
4050
4041
4041
4038
4030
4029
4006
4002
4001
3996
3993
3988
3985
3951
3948
3947
3928
3908
3890
3878
3840
3809
3801
3797
3786
3774
3767
3759
3725
3702
3699
3690
3684
3660
3645
3637
3624
3614
3585
3554
3551
3541
3531
3495
3495
3485
3483
3482
3469
3461
3457
3454
3451
3440
3408
3408
3400
3393
3384
3376
3370
3352
3348
3344
3339
3331
3317
3311
3308
3302
3297
3289
3280
3271
3259
3218
3216
3208
3203
3155
3155
3151
3145
3145
3128
3116
3111
3108
3107
3104
3069
3064
3060
3057
3053
3051
3034
3030
3028
3021
3018
2997
2983
2978
2967
2908
2903
2898
2889
2885
2882
2874
2874
2873
2868
2860
2847
2835
2808
2791
2781
2780
2771
2769
2764
2762
2757
2755
2745
2717
2706
2662
2644
2636
2617
2617
2591
2589
2585
2569
2563
2548
2545
2545
2540
2517
2512
2508
2490
2480
2465
2460
2460
2441
2429
2418
2403
2394
2390
2363
2323
2321
2318
2309
2297
2295
2282
2273
2272
2270
2232
2227
2225
2225
2222
2216
2209
2200
2177
2175
2117
2117
2116
2096
2091
2081
2072
2070
2070
2061
2047
2038
2027
1985
1982
1972
1961
1955
1946
1932
1927
1926
1923
1920
1905
1903
1897
1842
1838
1832
1813
1803
1773
1765
1763
1750
1749
1748
1745
1745
1742
1736
1730
1728
1722
1703
1697
1693
1692
1690
1672
1656
1633
1620
1611
1595
1590
1583
1583
1551
1547
1541
1540
1539
1531
1529
1528
1506
1506
1504
1499
1495
1481
1478
1440
1435
1427
1423
1405
1402
1400
1398
1385
1382
1380
1361
1348
1335
1326
1318
1307
1299
1295
1287
1276
1255
1211
1203
1201
1181
1128
1115
1106
1105
1101
1094
1092
1081
1066
1060
1049
1041
1024
1024
1022
1020
1012
1008
1008
1008
1000
1000
992
971
957
951
950
947
937
915
889
874
874
872
865
855
852
846
846
837
825
824
823
821
807
784
780
774
771
763
749
737
729
726
725
716
706
704
698
687
682
680
668
666
661
659
646
640
628
615
612
598
590
579
579
576
561
559
540
527
523
523
515
507
499
498
492
472
438
374
366
345
334
334
330
327
319
306
306
303
303
300
298
289
284
277
257
253
248
243
235
229
227
214
199
191
182
175
175
169
148
147
137
133
121
115
71
60
56
55
40
35
24
