20384
23909
14055
5122
7333
11902
4601
16794
18623
7204
5179
27224
16448
2599
27546
20364
25748
14344
892
17948
12523
9227
10398
25904
4714
21127
21800
24597
22200
9194
12663
18937
3104
26718
24059
16789
14972
5012
9935
9948
18568
15114
13524
5017
24065
11071
25381
19813
25415
2625
14114
14291
18205
864
16547
22919
21991
8347
23868
14192
17542
6532
9481
26998
9602
3540
13787
927
14905
23723
10875
3473
15189
24399
8490
15607
11822
10223
5420
7238
12849
25886
27881
7406
3103
20780
325
25094
29127
546
15638
23021
7078
25119
20019
23032
5012
10159
23959
19917
10234
4834
23390
1775
5586
8233
17382
17408
24808
29155
998
14009
25041
28879
21415
28144
19659
28093
29591
25139
28639
21581
24512
12069
23053
20884
5101
28065
1043
29061
24334
11277
3895
24076
13052
9481
2309
6787
3242
3470
5942
4240
17479
983
3120
8895
5480
29131
6988
5071
622
11979
3004
25135
24048
26057
16019
29149
474
23414
28210
24808
11043
8458
18885
447
24291
27546
7234
27533
1016
13176
1774
18496
20512
11246
3743
25992
16729
10731
7415
17352
22710
10419
18839
23110
12829
4858
22259
13303
28272
20470
8112
15667
5280
3349
16114
29571
895
23349
27105
8264
6525
28879
3112
3389
10125
6855
29381
26854
23938
13148
20558
23000
29920
9397
16110
12749
20607
8369
2404
18879
5191
10516
10898
10471
20217
27013
10043
27465
20362
13500
5729
3239
12379
8841
6629
28856
22048
12362
25710
15986
1863
16269
8986
1783
2018
25096
20884
22626
9817
23288
17857
21361
10157
28756
1832
6726
25769
18227
4191
22483
1727
16272
25722
20458
1465
8703
19314
23513
21066
21377
9499
22929
13998
24837
1064
16016
26285
21948
8642
6103
21588
26500
3816
8097
25256
12000
14824
27377
228
19015
19860
8307
5288
15582
28766
6753
24286
24432
267
21704
15809
16118
14633
29807
10956
15697
15824
13593
13997
24466
26048
5585
27318
29864
20035
28926
11865
4859
26303
18445
23874
16163
26752
5514
8098
1870
12268
2384
2655
18887
24088
18464
11357
15073
18272
28665
7122
10448
12259
21119
11266
8307
3056
8585
14524
29443
7511
26389
4302
3815
14834
4529
26330
17938
10043
4428
26161
28663
13164
28816
23902
13604
17280
5260
28677
11904
3925
12151
22352
22536
3270
9971
844
12679
18556
15368
12122
2419
18109
22777
6234
9295
27306
8917
27233
7349
13345
29746
12365
26510
28562
6267
10114
22195
11527
15144
10451
21805
27295
9156
14341
6918
19127
21537
25949
7683
13257
14423
16454
1366
7200
29041
10661
4506
7958
14247
18208
21303
13993
573
24165
18908
6840
4280
11103
24720
19424
27906
16525
23071
7062
7218
29989
26189
28756
25938
10224
12013
10362
26679
13380
17562
25720
393
28421
10030
14640
22981
1333
4986
23554
25499
23894
6746
6131
11349
7818
1907
9255
24343
24978
22670
1562
1320
18859
6670
3610
5436
18683
13972
8467
8415
7887
10539
8809
12660
20569
29801
5641
28254
4787
5547
105
5033
12293
6236
16382
20112
14495
1990
20807
15826
24660
28721
17146
19871
5391
27108
25307
26898
26890
26887
26884
26883
26878
26874
26874
26869
26869
26863
26844
26840
26838
26835
26824
26823
26817
26816
26811
26811
26800
26799
26798
26787
26783
26779
26770
26762
26760
26760
26758
26752
26747
26744
26743
26741
26735
26730
26716
26710
26705
26702
26702
26691
26688
26687
26682
26671
26663
26656
26644
26641
26636
26611
26605
26604
26600
26598
26596
26596
26591
26586
26586
26582
26579
26574
26574
26557
26556
26547
26545
26534
26532
26530
26529
26526
26512
26511
26510
26504
26501
26486
26484
26483
26482
26479
26474
26471
26465
26463
26460
26459
26457
26437
26433
26429
26426
26411
26410
26403
26400
26397
26394
26373
26368
26368
26351
26347
26345
26343
26343
26342
26337
26324
26323
26323
26318
26318
26317
26307
26305
26303
26300
26300
26295
26293
26288
26284
26280
26279
26274
26265
26247
26234
26231
26230
26208
26206
26174
26170
26166
26159
26156
26150
26135
26121
26120
26116
26111
26106
26106
26098
26097
26088
26080
26078
26064
26062
26060
26060
26049
26046
26045
26045
26039
26035
26035
26035
26028
26025
26023
26023
26019
26016
26008
26008
26005
26001
25998
25996
25988
25987
25984
25984
25976
25968
25966
25965
25964
25952
25950
25949
25945
25937
25929
25926
25925
25916
25916
25915
25910
25902
25896
25896
25889
25879
25875
25872
25871
25869
25869
25862
25859
25851
25842
25839
25835
25833
25832
25824
25821
25815
25806
25799
25787
25786
25768
25762
25758
25757
25754
25752
25750
25735
25726
25724
25712
25700
25699
25692
25678
25674
25672
25667
25666
25662
25661
25649
25626
25623
25619
25619
25613
25608
25602
25599
25597
25589
25583
25578
25574
25571
25568
25562
25554
25533
25530
25522
25514
25513
25510
25508
25505
25501
25496
25488
25472
25471
25468
25464
25459
25450
25436
25435
25435
25435
25435
25432
25412
25402
25399
25395
25394
25394
25392
25390
25383
25347
25338
25334
25333
25331
25330
25325
25323
25322
25320
25312
25304
25294
25292
25289
25288
25283
25280
25277
25277
25276
25275
25274
25273
25272
25268
25249
25245
25239
25231
25229
25225
25220
25201
25199
25191
25178
25174
25155
25154
25152
25149
25143
25143
25142
25116
25114
25106
25105
25100
25099
25096
25093
25087
25075
25071
25070
25055
25052
25045
25042
25037
25013
25011
25007
24991
24984
24977
24975
24970
24967
24965
24963
24959
24955
24949
24941
24927
24926
24925
24924
24918
24903
24903
24900
24899
24892
24872
24864
24862
24861
24856
24855
24854
24842
24821
24819
24817
24802
24801
24800
24782
24780
24762
24760
24756
24750
24742
24740
24738
24715
24715
24712
24702
24695
24685
24678
24674
24669
24666
24648
24646
24641
24631
24627
24622
24621
24619
24615
24598
24598
24595
24593
24593
24592
24590
24563
24554
24553
24543
24528
24508
24498
24496
24479
24478
24468
24462
24456
24449
24442
24440
24439
24438
24438
24422
24410
24406
24399
24389
24388
24383
24382
24376
24375
24366
24364
24363
24363
24354
24348
24346
24332
24321
24314
24294
24289
24280
24270
24262
24257
24250
24244
24244
24243
24239
24237
24236
24235
24230
24214
24204
24186
24186
24170
24156
24154
24153
24147
24142
24140
24135
24125
24124
24123
24111
24107
24105
24102
24093
24090
24082
24055
24048
24047
24046
24033
24030
24021
24005
24005
23999
23998
23983
23972
23967
23966
23966
23954
23952
23950
23945
23931
23905
23893
23879
23872
23865
23847
23846
23824
23822
23819
23814
23808
23800
23789
23787
23786
23785
23775
23769
23764
23762
23757
23757
23746
23742
23742
23739
23737
23715
23713
23709
23705
23701
23694
23693
23692
23670
23664
23654
23653
23649
23643
23632
23631
23629
23626
23624
23624
23622
23618
23617
23616
23615
23603
23599
23593
23589
23586
23584
23582
23577
23575
23573
23571
23571
23569
23569
23567
23567
23559
23552
23539
23533
23532
23530
23528
23518
23512
23503
23500
23487
23480
23467
23457
23455
23453
23449
23438
23426
23423
23420
23418
23406
23406
23394
23376
23374
23373
23352
23351
23342
23327
23324
23322
23319
23318
23314
23303
23290
23289
23276
23275
23274
23269
23269
23264
23251
23248
23246
23243
23239
23232
23206
23200
23193
23178
23168
23165
23162
23158
23150
23136
23132
23127
23127
23119
23117
23108
23108
23107
23100
23092
23081
23078
23072
23069
23066
23058
23052
23044
23040
23039
23038
23036
23035
23026
23011
23011
23005
23003
23001
22999
22993
22975
22971
22968
22964
22963
22963
22957
22955
22954
22950
22940
22935
22932
22921
22921
22908
22900
22888
22882
22870
22852
22815
22807
22806
22794
22794
22789
22789
22786
22753
22752
22744
22732
22719
22703
22695
22671
22670
22668
22667
22661
22656
22656
22654
22649
22646
22646
22634
22629
22624
22624
22623
22597
22596
22589
22589
22582
22582
22582
22582
22582
22578
22577
22576
22571
22557
22556
22529
22521
22515
22512
22494
22489
22476
22459
22454
22451
22448
22439
22439
22423
22403
22397
22394
22393
22386
22378
22374
22373
22371
22369
22364
22363
22345
22344
22343
22336
22317
22315
22308
22300
22297
22292
22288
22277
22245
22243
22216
22204
22188
22183
22179
22176
22163
22163
22158
22146
22135
22123
22122
22118
22106
22105
22093
22083
22081
22081
22079
22076
22071
22065
22064
22060
22057
22056
22046
22043
22042
22037
22031
22017
22016
22000
21996
21995
21980
21980
21977
21976
21972
21967
21962
21935
21931
21929
21927
21926
21916
21899
21898
21885
21874
21863
21862
21860
21856
21850
21844
21832
21832
21819
21816
21815
21812
21805
21800
21799
21795
21791
21784
21782
21779
21778
21773
21764
21753
21728
21725
21713
21705
21701
21696
21693
21690
21689
21678
21677
21674
21670
21655
21655
21644
21641
21634
21634
21630
21618
21611
21605
21596
21594
21590
21586
21571
21564
21561
21557
21555
21544
21522
21522
21510
21510
21505
21502
21499
21499
21492
21492
21476
21464
21463
21453
21451
21444
21443
21433
21429
21429
21411
21408
21400
21399
21398
21391
21384
21376
21348
21344
21341
21324
21322
21318
21316
21316
21310
21309
21302
21299
21297
21287
21283
21266
21254
21252
21250
21242
21238
21236
21230
21228
21223
21215
21214
21205
21192
21182
21181
21168
21164
21157
21157
21151
21139
21131
21128
21122
21116
21116
21092
21086
21070
21057
21056
21052
21045
21043
21026
21017
20994
20992
20989
20987
20972
20969
20960
20959
20949
20936
20930
20926
20900
20889
20885
20881
20879
20874
20871
20871
20861
20860
20850
20849
20846
20839
20835
20831
20819
20810
20804
20785
20783
20778
20770
20769
20768
20762
20760
20742
20734
20730
20724
20722
20721
20718
20711
20711
20707
20707
20694
20665
20643
20639
20636
20629
20622
20620
20616
20613
20612
20608
20608
20606
20599
20584
20583
20581
20576
20571
20565
20564
20563
20558
20547
20529
20517
20508
20506
20505
20504
20504
20502
20484
20479
20472
20460
20457
20454
20444
20442
20421
20420
20404
20402
20375
20374
20366
20365
20364
20364
20360
20355
20349
20347
20331
20306
20306
20295
20291
20288
20285
20257
20253
20235
20224
20224
20221
20216
20216
20215
20208
20188
20188
20186
20177
20176
20174
20170
20162
20159
20158
20145
20140
20136
20130
20125
20124
20123
20121
20117
20116
20116
20112
20102
20099
20091
20090
20079
20067
20062
20054
20054
20050
20033
20031
20016
20008
20003
19996
19986
19986
19981
19981
19979
19979
19977
19977
19961
19934
19929
19924
19921
19915
19912
19906
19904
19899
19893
19888
19882
19876
19872
19868
19858
19853
19853
19853
19850
19825
19823
19823
19817
19799
19795
19783
19781
19773
19768
19764
19760
19747
19746
19729
19726
19702
19691
19683
19682
19677
19674
19674
19670
19665
19660
19659
19641
19631
19617
19595
19590
19590
19588
19565
19556
19550
19536
19534
19533
19531
19530
19526
19522
19519
19518
19517
19511
19509
19502
19494
19493
19488
19487
19479
19471
19466
19461
19459
19452
19448
19447
19442
19435
19426
19418
19401
19397
19396
19394
19389
19386
19384
19381
19375
19364
19354
19335
19324
19308
19305
19296
19293
19286
19278
19264
19248
19246
19240
19240
19240
19234
19225
19225
19218
19215
19209
19207
19207
19206
19202
19186
19186
19151
19144
19141
19138
19135
19132
19114
19109
19101
19101
19087
19086
19081
19080
19075
19073
19062
19060
19058
19048
19034
19031
19025
19023
19019
19018
19012
18995
18993
18987
18974
18968
18959
18959
18948
18922
18915
18913
18913
18899
18899
18887
18880
18869
18863
18859
18854
18854
18853
18851
18850
18849
18841
18837
18837
18831
18825
18810
18805
18805
18800
18793
18777
18767
18752
18747
18743
18740
18738
18732
18729
18728
18725
18723
18719
18717
18709
18707
18707
18701
18694
18677
18669
18654
18644
18636
18631
18631
18628
18619
18616
18602
18599
18596
18594
18580
18578
18578
18576
18570
18566
18565
18559
18556
18528
18525
18516
18512
18511
18509
18503
18499
18498
18498
18496
18492
18488
18483
18482
18473
18457
18454
18448
18439
18435
18428
18427
18405
18404
18398
18391
18377
18375
18363
18357
18351
18345
18345
18343
18342
18340
18335
18330
18317
18317
18312
18311
18282
18277
18272
18259
18249
18249
18228
18219
18212
18203
18202
18188
18186
18174
18168
18156
18141
18138
18137
18132
18110
18106
18078
18078
18078
18077
18071
18069
18068
18066
18063
18055
18045
18044
18043
18038
18030
18030
18017
18013
18011
18005
18004
17996
17979
17976
17969
17966
17962
17960
17958
17956
17955
17947
17944
17943
17937
17929
17923
17917
17914
17912
17889
17886
17880
17880
17879
17874
17868
17866
17862
17824
17815
17807
17807
17791
17787
17776
17776
17769
17767
17763
17757
17746
17740
17727
17722
17721
17714
17711
17710
17709
17708
17675
17671
17662
17658
17653
17647
17646
17646
17641
17591
17589
17585
17583
17582
17578
17578
17543
17542
17533
17531
17527
17523
17521
17521
17518
17512
17510
17500
17498
17490
17490
17486
17483
17481
17476
17464
17458
17451
17425
17413
17407
17371
17363
17353
17348
17344
17342
17334
17328
17326
17305
17292
17288
17271
17245
17230
17229
17228
17218
17199
17191
17190
17188
17187
17178
17163
17145
17132
17130
17118
17117
17113
17109
17108
17103
17102
17093
17085
17076
17065
17059
17042
17039
17036
17034
17021
17017
17016
17015
17008
16978
16973
16970
16944
16919
16915
16903
16886
16881
16877
16871
16865
16863
16862
16858
16855
16839
16828
16826
16826
16824
16815
16813
16801
16796
16795
16781
16777
16772
16768
16764
16763
16761
16755
16752
16744
16736
16730
16724
16723
16712
16709
16681
16681
16677
16660
16652
16650
16646
16646
16642
16640
16634
16617
16576
16573
16569
16568
16547
16535
16527
16523
16521
16520
16513
16507
16487
16484
16481
16478
16477
16474
16471
16463
16455
16454
16452
16448
16446
16440
16433
16430
16426
16420
16417
16414
16413
16409
16406
16404
16401
16400
16398
16394
16384
16380
16379
16374
16373
16351
16338
16333
16319
16293
16279
16277
16275
16272
16252
16251
16250
16244
16230
16213
16205
16200
16197
16168
16166
16165
16162
16150
16138
16138
16135
16120
16112
16110
16109
16107
16104
16103
16101
16086
16085
16082
16066
16048
16047
16029
16023
16019
16017
16011
16010
16005
16000
15995
15995
15994
15992
15981
15972
15972
15972
15969
15966
15952
15933
15922
15920
15920
15909
15906
15894
15894
15885
15877
15842
15840
15836
15836
15833
15807
15800
15793
15787
15785
15781
15773
15771
15761
15757
15755
15736
15729
15722
15719
15713
15712
15709
15708
15702
15694
15680
15674
15673
15672
15668
15661
15644
15643
15631
15615
15607
15584
15574
15569
15565
15565
15562
15553
15549
15541
15540
15537
15525
15519
15515
15515
15502
15500
15491
15479
15466
15464
15457
15457
15452
15450
15449
15447
15438
15434
15423
15415
15412
15401
15401
15389
15388
15385
15382
15378
15374
15362
15360
15356
15354
15348
15345
15331
15330
15330
15326
15322
15310
15308
15299
15280
15279
15277
15257
15251
15249
15238
15235
15231
15219
15216
15200
15186
15186
15185
15185
15181
15179
15178
15176
15170
15170
15169
15168
15161
15157
15152
15148
15144
15143
15142
15119
15113
15110
15094
15089
15075
15074
15069
15067
15041
15040
15039
15031
15028
15025
15023
15022
15017
15014
15012
15000
14994
14990
14988
14987
14974
14968
14966
14955
14942
14929
14918
14917
14914
14913
14905
14900
14891
14889
14889
14889
14864
14863
14861
14858
14830
14814
14813
14812
14808
14806
14801
14796
14795
14792
14790
14788
14764
14760
14750
14740
14734
14727
14707
14700
14700
14698
14696
14690
14689
14687
14684
14674
14670
14665
14663
14654
14651
14646
14642
14638
14621
14619
14616
14613
14596
14583
14580
14578
14578
14575
14574
14573
14566
14564
14560
14560
14559
14559
14551
14536
14532
14529
14523
14498
14497
14495
14495
14493
14491
14491
14475
14472
14456
14452
14449
14443
14442
14438
14436
14421
14420
14419
14415
14404
14394
14384
14375
14359
14354
14350
14343
14339
14332
14322
14314
14303
14302
14289
14288
14282
14282
14278
14278
14274
14271
14264
14263
14251
14234
14227
14226
14216
14215
14213
14205
14204
14200
14190
14189
14189
14186
14183
14176
14172
14155
14142
14124
14123
14118
14109
14105
14101
14097
14095
14094
14094
14069
14069
14056
14046
14041
14031
14027
14026
14015
14012
14001
13996
13985
13983
13976
13964
13961
13957
13949
13941
13941
13938
13937
13932
13928
13926
13919
13910
13895
13895
13888
13879
13875
13861
13860
13849
13839
13839
13836
13825
13824
13824
13814
13807
13783
13779
13773
13767
13749
13747
13747
13743
13741
13740
13738
13735
13726
13719
13712
13712
13708
13705
13703
13702
13699
13697
13690
13684
13675
13672
13656
13647
13642
13639
13630
13625
13623
13619
13604
13602
13600
13590
13588
13575
13573
13572
13572
13572
13571
13562
13560
13550
13526
13524
13514
13514
13514
13512
13512
13508
13507
13504
13498
13489
13489
13488
13477
13474
13460
13443
13442
13429
13424
13423
13412
13406
13393
13388
13379
13378
13375
13371
13361
13353
13349
13343
13342
13342
13333
13333
13329
13325
13324
13318
13317
13312
13303
13301
13292
13289
13282
13280
13275
13272
13267
13263
13243
13233
13233
13215
13211
13193
13192
13179
13170
13161
13154
13146
13146
13138
13121
13119
13108
13104
13099
13091
13087
13080
13060
13058
13056
13055
13054
13048
13044
13043
13042
13025
13015
13010
13007
12998
12991
12971
12968
12962
12957
12954
12950
12937
12934
12932
12925
12921
12920
12920
12904
12903
12898
12893
12890
12882
12881
12880
12874
12871
12859
12856
12856
12829
12815
12813
12800
12795
12794
12776
12773
12765
12754
12754
12753
12751
12744
12720
12717
12711
12711
12698
12692
12689
12689
12687
12679
12671
12670
12667
12661
12660
12659
12650
12649
12644
12638
12629
12615
12612
12606
12605
12604
12604
12602
12593
12593
12589
12589
12578
12577
12574
12570
12551
12545
12528
12520
12517
12504
12503
12501
12494
12486
12481
12479
12478
12469
12463
12456
12452
12443
12435
12434
12426
12424
12424
12421
12415
12414
12414
12413
12411
12407
12405
12403
12403
12401
12396
12388
12379
12361
12339
12329
12320
12318
12306
12305
12295
12292
12291
12290
12283
12272
12271
12270
12269
12257
12252
12246
12213
12195
12193
12174
12162
12159
12158
12152
12152
12147
12139
12138
12129
12125
12123
12121
12111
12102
12102
12096
12095
12088
12087
12081
12076
12069
12068
12068
12056
12037
12034
12030
12010
12000
11997
11992
11992
11990
11975
11975
11959
11940
11934
11926
11912
11898
11898
11896
11889
11885
11883
11882
11876
11868
11864
11845
11842
11840
11830
11813
11810
11802
11801
11798
11793
11786
11774
11773
11771
11770
11767
11759
11732
11731
11731
11730
11724
11709
11708
11697
11697
11696
11681
11678
11675
11665
11655
11653
11644
11644
11642
11634
11629
11617
11607
11606
11591
11590
11585
11579
11576
11568
11520
11514
11501
11490
11483
11482
11481
11476
11475
11460
11450
11446
11434
11424
11422
11420
11416
11415
11411
11394
11380
11374
11372
11372
11356
11354
11343
11341
11320
11320
11318
11294
11288
11280
11274
11259
11258
11242
11241
11222
11216
11213
11212
11211
11204
11197
11192
11186
11185
11173
11171
11166
11165
11164
11158
11154
11142
11135
11122
11120
11118
11117
11105
11102
11096
11082
11082
11075
11070
11069
11064
11060
11055
11050
11041
11022
11020
11019
11011
11003
11001
10999
10998
10990
10989
10985
10983
10981
10978
10978
10973
10973
10969
10967
10956
10954
10953
10946
10942
10935
10930
10924
10919
10919
10919
10913
10888
10879
10878
10876
10870
10865
10859
10851
10851
10845
10838
10836
10828
10828
10811
10807
10788
10787
10786
10783
10777
10763
10756
10755
10750
10732
10729
10728
10722
10718
10710
10706
10704
10701
10682
10679
10672
10671
10669
10653
10645
10644
10641
10635
10630
10619
10617
10613
10613
10610
10607
10595
10594
10590
10588
10578
10578
10563
10561
10556
10554
10554
10553
10533
10532
10524
10516
10516
10515
10515
10506
10504
10491
10488
10482
10477
10472
10471
10459
10456
10453
10451
10441
10432
10420
10409
10396
10395
10395
10394
10376
10375
10364
10358
10353
10350
10348
10347
10331
10325
10324
10324
10321
10314
10309
10299
10297
10295
10292
10290
10285
10277
10274
10268
10263
10255
10252
10239
10237
10222
10215
10212
10212
10210
10205
10202
10197
10196
10194
10182
10173
10171
10165
10150
10147
10147
10146
10140
10134
10132
10118
10115
10114
10113
10112
10104
10102
10096
10090
10058
10057
10039
10039
10036
10023
10022
10021
10016
10011
10009
10005
9997
9984
9975
9964
9954
9951
9945
9936
9931
9927
9925
9915
9907
9905
9889
9881
9881
9879
9878
9874
9868
9864
9859
9857
9857
9855
9854
9852
9842
9840
9836
9829
9829
9808
9807
9806
9801
9791
9776
9773
9773
9762
9758
9754
9753
9752
9745
9732
9731
9728
9699
9698
9679
9670
9651
9648
9644
9642
9637
9635
9635
9626
9617
9614
9610
9608
9603
9602
9601
9595
9592
9592
9590
9587
9574
9567
9566
9563
9563
9557
9555
9550
9549
9545
9541
9527
9526
9511
9507
9494
9494
9490
9488
9485
9477
9476
9472
9467
9466
9462
9450
9449
9442
9442
9437
9431
9422
9420
9419
9410
9408
9405
9389
9380
9376
9376
9375
9366
9365
9337
9334
9333
9332
9331
9324
9301
9300
9299
9297
9287
9284
9284
9283
9281
9264
9260
9255
9253
9245
9210
9207
9204
9199
9199
9158
9143
9142
9137
9129
9124
9116
9116
9114
9110
9109
9109
9108
9105
9093
9090
9075
9075
9072
9059
9059
9056
9056
9053
9040
9039
9036
9034
9014
9008
9004
8999
8998
8995
8989
8979
8968
8963
8963
8959
8957
8957
8956
8949
8946
8938
8935
8929
8926
8924
8917
8916
8911
8907
8907
8903
8891
8888
8880
8870
8861
8854
8851
8848
8846
8837
8837
8830
8829
8828
8826
8812
8800
8796
8791
8791
8787
8786
8786
8782
8781
8742
8737
8736
8729
8726
8719
8716
8707
8703
8698
8687
8677
8676
8639
8636
8635
8633
8629
8624
8621
8619
8619
8616
8611
8602
8601
8597
8595
8595
8592
8586
8583
8573
8569
8568
8563
8558
8553
8549
8547
8546
8543
8539
8531
8525
8521
8514
8514
8510
8510
8503
8494
8489
8489
8488
8477
8469
8468
8461
8448
8442
8438
8437
8437
8437
8437
8431
8424
8422
8420
8415
8414
8412
8405
8389
8372
8371
8369
8361
8355
8354
8353
8349
8347
8342
8338
8333
8320
8319
8317
8297
8297
8295
8293
8287
8280
8272
8261
8255
8249
8242
8238
8236
8228
8225
8221
8219
8214
8207
8196
8191
8187
8165
8160
8158
8158
8146
8138
8129
8127
8119
8104
8100
8100
8099
8092
8082
8081
8078
8077
8046
8032
8013
7998
7997
7994
7993
7993
7991
7988
7987
7987
7979
7962
7957
7952
7952
7945
7945
7922
7919
7916
7914
7914
7912
7909
7906
7896
7891
7881
7876
7875
7868
7865
7862
7859
7858
7849
7838
7827
7822
7818
7816
7814
7809
7808
7798
7794
7790
7790
7784
7784
7781
7781
7781
7779
7773
7766
7764
7758
7755
7751
7741
7736
7730
7724
7723
7719
7718
7711
7705
7697
7696
7694
7692
7686
7684
7684
7679
7675
7669
7666
7664
7657
7657
7654
7651
7647
7646
7644
7634
7631
7625
7616
7602
7599
7598
7589
7578
7569
7561
7556
7555
7548
7540
7539
7535
7531
7517
7510
7503
7498
7496
7491
7480
7454
7449
7431
7424
7423
7418
7391
7385
7385
7374
7365
7356
7353
7350
7349
7349
7346
7327
7324
7324
7314
7312
7309
7307
7292
7288
7284
7272
7265
7265
7260
7248
7241
7239
7238
7232
7229
7228
7225
7220
7217
7209
7203
7192
7179
7135
7121
7112
7110
7101
7101
7097
7097
7095
7088
7088
7086
7080
7080
7047
7041
7032
7017
6998
6995
6984
6980
6980
6974
6968
6960
6952
6949
6937
6934
6929
6926
6921
6916
6910
6899
6896
6896
6893
6884
6877
6874
6872
6872
6870
6868
6860
6860
6859
6838
6831
6821
6819
6816
6812
6806
6800
6795
6775
6768
6756
6756
6743
6738
6732
6715
6710
6705
6699
6688
6674
6667
6634
6628
6616
6603
6599
6597
6596
6595
6590
6585
6584
6582
6581
6581
6580
6573
6561
6561
6557
6555
6554
6552
6546
6546
6542
6539
6533
6525
6522
6516
6479
6458
6455
6455
6444
6442
6423
6411
6406
6404
6399
6393
6388
6368
6362
6362
6361
6360
6346
6338
6334
6334
6329
6320
6312
6306
6301
6298
6295
6288
6287
6285
6284
6283
6279
6264
6263
6258
6250
6247
6236
6232
6226
6225
6224
6206
6202
6199
6194
6188
6187
6185
6182
6178
6177
6177
6174
6173
6170
6169
6167
6154
6152
6142
6133
6118
6117
6116
6113
6110
6101
6099
6097
6096
6094
6093
6083
6074
6064
6062
6061
6059
6055
6052
6049
6049
6036
6035
6035
6027
6021
6003
6003
6002
6001
5999
5994
5985
5983
5983
5980
5957
5944
5944
5937
5936
5935
5933
5914
5914
5896
5895
5891
5891
5889
5883
5878
5875
5861
5858
5858
5858
5857
5851
5847
5823
5822
5814
5813
5809
5798
5793
5790
5789
5781
5781
5763
5759
5755
5753
5741
5729
5727
5723
5721
5710
5709
5705
5703
5698
5692
5689
5688
5683
5683
5680
5677
5664
5663
5660
5652
5644
5640
5635
5635
5631
5628
5626
5620
5616
5614
5610
5601
5600
5589
5583
5579
5578
5558
5552
5546
5544
5542
5538
5532
5529
5527
5522
5519
5515
5512
5509
5507
5503
5500
5499
5496
5494
5490
5487
5479
5474
5472
5465
5462
5456
5449
5446
5443
5442
5436
5433
5430
5420
5420
5416
5403
5378
5376
5376
5372
5371
5369
5364
5364
5361
5355
5355
5348
5339
5339
5339
5313
5307
5304
5301
5284
5280
5278
5274
5262
5260
5256
5254
5250
5249
5243
5238
5232
5231
5219
5217
5217
5212
5200
5200
5198
5195
5173
5163
5160
5159
5153
5153
5151
5149
5143
5141
5136
5135
5133
5127
5124
5114
5110
5083
5076
5076
5075
5071
5064
5063
5060
5058
5055
5052
5050
5027
5020
5016
5014
4994
4987
4980
4971
4970
4960
4939
4934
4933
4922
4919
4918
4918
4917
4916
4916
4909
4909
4908
4897
4882
4876
4873
4847
4843
4837
4829
4805
4805
4804
4799
4797
4776
4775
4762
4760
4740
4739
4738
4719
4714
4712
4687
4678
4673
4673
4661
4656
4655
4654
4649
4647
4636
4635
4627
4609
4597
4596
4587
4586
4583
4582
4568
4552
4549
4535
4526
4522
4519
4514
4514
4511
4509
4496
4491
4491
4485
4480
4475
4472
4470
4446
4445
4444
4432
4430
4426
4421
4416
4411
4410
4408
4405
4400
4398
4389
4386
4364
4355
4353
4352
4348
4341
4340
4327
4293
4293
4292
4291
4286
4274
4271
4265
4261
4250
4242
4238
4235
4227
4222
4193
4176
4163
4154
4151
4151
4151
4150
4149
4139
4120
4118
4117
4112
4106
4097
4084
4059
4059
4048
4045
4037
4021
4003
3997
3984
3976
3974
3965
3959
3955
3936
3923
3919
3915
3911
3910
3901
3900
3900
3893
3886
3884
3881
3871
3869
3866
3861
3856
3840
3839
3835
3821
3814
3810
3809
3809
3807
3804
3804
3803
3783
3782
3771
3761
3753
3747
3742
3734
3717
3715
3709
3695
3690
3688
3687
3687
3683
3673
3671
3670
3664
3662
3659
3646
3646
3644
3641
3632
3618
3618
3610
3570
3555
3552
3542
3540
3527
3512
3503
3502
3502
3496
3496
3489
3486
3486
3482
3482
3476
3470
3461
3458
3451
3445
3442
3437
3436
3433
3429
3424
3424
3421
3415
3408
3407
3401
3392
3389
3389
3385
3385
3372
3371
3370
3353
3346
3344
3344
3341
3340
3336
3334
3325
3322
3321
3320
3318
3309
3307
3307
3299
3292
3290
3290
3285
3274
3267
3266
3250
3245
3241
3240
3238
3216
3214
3209
3205
3204
3204
3201
3200
3191
3183
3182
3181
3175
3170
3160
3148
3145
3144
3135
3133
3130
3125
3121
3113
3108
3106
3094
3086
3080
3075
3070
3070
3068
3063
3061
3058
3046
3045
3037
3035
3032
3022
3013
3012
3006
2995
2982
2979
2979
2968
2964
2959
2958
2957
2953
2952
2945
2938
2925
2915
2913
2907
2905
2887
2883
2879
2864
2858
2857
2854
2840
2833
2815
2812
2804
2789
2788
2788
2783
2780
2774
2764
2749
2743
2739
2738
2736
2730
2729
2723
2719
2717
2710
2708
2706
2704
2702
2692
2691
2690
2687
2684
2680
2674
2662
2659
2638
2636
2633
2632
2631
2626
2622
2602
2590
2586
2576
2570
2566
2556
2553
2542
2536
2528
2516
2514
2509
2508
2501
2495
2489
2489
2486
2473
2466
2466
2450
2443
2435
2435
2421
2402
2388
2387
2384
2379
2375
2365
2364
2362
2347
2343
2333
2319
2307
2303
2303
2296
2286
2281
2273
2273
2261
2252
2250
2247
2242
2229
2226
2221
2217
2213
2193
2188
2177
2171
2167
2152
2147
2146
2125
2124
2124
2108
2090
2088
2086
2074
2074
2066
2064
2064
2064
2061
2059
2058
2057
2055
2053
2050
2049
2045
2043
2040
2032
2026
2024
1988
1987
1964
1961
1953
1946
1945
1943
1941
1939
1939
1937
1934
1927
1927
1927
1926
1917
1908
1895
1891
1885
1883
1877
1869
1868
1866
1865
1864
1862
1845
1834
1831
1828
1827
1826
1824
1820
1815
1814
1798
1789
1773
1771
1763
1753
1746
1740
1739
1734
1714
1710
1708
1698
1691
1689
1676
1668
1653
1648
1646
1643
1642
1628
1622
1622
1608
1605
1595
1585
1579
1577
1577
1569
1567
1558
1546
1538
1533
1523
1513
1512
1510
1506
1505
1503
1502
1485
1484
1478
1469
1468
1468
1466
1445
1444
1430
1430
1429
1427
1413
1396
1395
1389
1383
1381
1380
1379
1378
1374
1373
1370
1363
1355
1349
1345
1341
1312
1296
1293
1280
1276
1276
1275
1263
1254
1251
1245
1239
1234
1229
1214
1188
1179
1174
1165
1154
1154
1154
1140
1135
1134
1119
1113
1108
1105
1100
1099
1096
1074
1049
1044
1031
1030
1022
1016
1009
992
988
978
978
970
970
963
947
945
941
933
930
924
921
920
915
914
910
903
897
891
882
881
878
871
863
853
849
839
834
833
830
824
820
818
814
809
808
803
795
780
774
768
765
761
759
750
739
728
714
711
706
689
684
681
675
671
671
670
670
668
660
660
655
647
632
631
627
627
607
607
601
595
593
591
590
575
575
561
559
548
544
542
540
531
529
522
520
513
496
490
488
486
482
477
473
466
460
454
439
438
438
435
434
428
426
415
399
376
376
358
345
343
341
340
339
333
332
325
324
320
315
300
296
295
290
290
287
285
274
263
262
258
252
250
246
240
237
230
228
209
208
188
185
176
167
167
164
155
147
146
135
131
130
129
120
101
95
86
80
74
69
60
56
53
50
49
49
47
47
40
21
15
10
9
4
1
