3912
24089
9799
6677
9023
8479
20766
17975
7778
17407
11887
20209
1453
9779
26614
22236
14124
18596
18493
13731
5186
10592
29149
4050
16205
28673
6770
9806
20616
27542
2246
24528
21631
12045
7557
654
26877
4675
24981
11007
22082
6868
1216
29887
16647
27830
22123
7123
16426
10616
27206
27965
27561
26356
8367
20118
1381
15137
29924
21997
12679
8522
16525
4311
26920
435
11317
149
5110
12651
11156
27193
19519
12373
3432
12519
16555
25556
25994
9334
12524
23201
7299
10085
25909
15666
6555
27290
7155
12831
25640
19834
21354
18517
497
24626
18952
18167
24775
24063
818
5931
27608
26689
24656
1040
15560
11212
2948
11555
20546
15473
11108
4197
1910
13369
26215
8466
10659
3370
27649
12651
23204
25355
1169
54
19981
20121
18221
21108
20536
25391
27040
24496
22080
21696
25537
7641
2908
4837
25548
29806
20310
13008
4003
28573
26377
218
13391
13388
3588
11040
26040
3145
6396
27209
3199
26377
23682
27772
17486
14219
23163
20878
8715
21595
12574
10604
29236
21835
15442
1136
21641
12104
14144
1997
10677
10521
2215
24068
23910
5804
5109
19950
15301
11505
23511
24852
14234
17193
22624
8072
7764
22139
28950
16480
13734
17877
3436
19323
16064
18878
20459
14057
983
4604
16054
18012
21477
18270
12081
15387
426
23542
11689
15727
11399
5200
10579
25633
28746
9555
3706
6510
1694
9008
29342
21780
26885
2779
11103
12949
21657
1563
27007
28992
12519
13061
17005
3996
7683
5438
25736
8109
28980
7425
188
10379
18978
17119
6012
24076
26674
16070
586
4720
25079
29929
2853
28316
2708
13956
11266
717
21871
14625
6062
4390
4038
23067
8387
11722
4857
4123
26183
3837
17900
26372
14216
6878
19843
26580
954
22870
19003
7893
27590
20434
14174
443
18750
16882
20752
6368
23951
12623
27345
13
17014
1384
29432
1753
19458
4289
5876
21993
14478
128
24717
5046
13359
14561
1627
14313
7431
26982
28558
11373
17416
12732
18169
12518
5966
8921
25239
6270
21544
22584
6283
14910
320
12068
16663
26130
16357
28891
18124
836
29020
19193
5882
12379
3754
13861
3044
17537
17195
1603
28911
10963
20687
17080
23482
26654
26001
25073
2924
23897
17657
15559
8808
24330
3979
25471
20460
26689
715
14936
3877
29735
4130
16111
18466
7884
29973
21510
25422
23520
29465
685
4484
20153
17765
4318
23159
20118
29391
2435
14015
23400
24346
22823
17730
28326
24647
8191
25015
25362
23127
28892
1449
3609
15003
19915
11494
21328
11425
13268
21201
17243
13953
2037
7396
1718
6355
6907
28188
12098
9342
12203
11850
10040
5027
29581
8366
6026
14124
9733
1388
13603
14977
2837
17213
6333
22752
5059
27661
10529
24679
25214
27772
8632
27251
11520
16702
3606
18427
14890
22056
4121
3445
3907
20514
8472
9840
5232
20850
316
14966
28590
13919
6295
7779
7484
12628
6883
18895
16642
17413
13574
11856
21537
28558
9108
3058
15260
19066
27837
6502
11123
8311
9948
21382
28825
24772
7574
4057
21975
7890
25375
20565
28161
1671
28345
11998
14299
5228
893
941
28993
14468
12798
20531
19378
28258
29941
10991
17324
27778
17493
4799
12441
3793
26181
11266
4918
10107
21676
26893
17997
17051
17458
16159
18722
22155
4509
3022
27384
5402
10315
26377
26222
29465
16908
15601
27723
23201
26592
15048
20980
20437
19847
9773
583
22381
21040
5501
2488
19068
2394
26838
6119
26204
19349
1194
18360
23858
10568
22096
29260
20883
18473
1835
20349
11734
23788
24424
4935
26732
9472
2267
17169
5672
12041
24104
4405
9433
29605
6893
28501
8351
10083
10972
10908
29432
12166
29268
23290
29086
21364
28903
19970
16189
7090
16671
27923
878
11095
9211
27610
26920
17830
21131
8944
29871
15236
13349
15656
21193
26594
20509
29545
6678
7834
16805
12462
26352
16073
5753
25439
13789
11008
15409
29978
18098
8432
4254
25328
25879
19817
29290
29151
7647
20421
8095
13871
12009
27796
29527
3203
24391
26389
9100
7421
4223
25905
19883
575
18330
1988
26014
8471
12996
17775
8449
7446
2559
19055
9126
4791
8872
8416
3942
16520
28838
18390
6743
17199
16186
12622
26754
10577
9011
5854
24350
19586
8111
14234
26514
2793
16222
28880
11264
5571
23008
26066
19369
25567
15121
28496
6710
346
6912
10653
23218
12102
5395
29961
29302
21581
12583
27138
27138
27120
27119
27108
27107
27102
27101
27099
27099
27097
27096
27091
27087
27082
27081
27081
27079
27074
27074
27063
27059
27057
27054
27052
27046
27044
27041
27041
27039
27029
27023
27019
27018
27017
27013
27012
27004
27004
27003
26999
26996
26991
26985
26985
26983
26982
26980
26979
26975
26974
26968
26967
26967
26965
26964
26955
26945
26943
26936
26935
26935
26935
26931
26924
26913
26908
26906
26897
26892
26888
26885
26880
26865
26862
26856
26851
26851
26845
26841
26834
26833
26821
26817
26816
26814
26810
26799
26795
26793
26789
26777
26777
26770
26765
26762
26750
26749
26738
26736
26735
26733
26733
26726
26726
26723
26721
26709
26707
26707
26699
26693
26687
26687
26682
26680
26677
26675
26672
26664
26658
26653
26650
26649
26644
26635
26635
26628
26628
26619
26612
26599
26569
26562
26558
26557
26556
26556
26545
26544
26537
26527
26523
26523
26521
26519
26511
26510
26503
26501
26497
26493
26488
26486
26484
26480
26477
26476
26472
26462
26457
26449
26443
26442
26440
26437
26434
26432
26431
26429
26416
26415
26407
26401
26400
26392
26385
26383
26375
26375
26368
26368
26365
26358
26357
26357
26343
26343
26340
26338
26334
26333
26329
26328
26325
26324
26320
26314
26314
26310
26309
26308
26292
26286
26275
26274
26271
26269
26267
26266
26253
26252
26252
26250
26238
26237
26237
26232
26230
26225
26222
26214
26214
26212
26204
26199
26196
26184
26179
26179
26176
26174
26174
26172
26171
26169
26169
26166
26164
26162
26161
26161
26156
26155
26153
26147
26144
26142
26135
26130
26125
26122
26118
26118
26105
26103
26097
26097
26085
26083
26082
26078
26078
26075
26053
26052
26048
26030
26023
26021
26019
26017
26016
26016
26014
25998
25994
25990
25988
25987
25987
25986
25985
25984
25983
25983
25981
25979
25979
25978
25975
25963
25954
25935
25921
25920
25919
25918
25913
25912
25911
25905
25905
25905
25894
25893
25892
25885
25885
25883
25871
25870
25864
25860
25860
25850
25846
25846
25838
25837
25836
25832
25830
25824
25821
25815
25800
25796
25779
25771
25766
25765
25761
25754
25754
25747
25746
25745
25744
25741
25734
25733
25729
25722
25717
25717
25707
25703
25698
25688
25688
25686
25685
25684
25681
25680
25677
25670
25669
25659
25658
25657
25646
25644
25643
25639
25638
25625
25622
25619
25618
25617
25616
25614
25609
25601
25592
25576
25571
25571
25563
25558
25558
25548
25541
25541
25533
25522
25518
25517
25507
25505
25505
25498
25496
25493
25481
25476
25475
25474
25471
25459
25455
25452
25449
25448
25447
25443
25437
25432
25431
25414
25412
25410
25409
25408
25406
25404
25403
25397
25396
25392
25387
25370
25359
25357
25357
25352
25351
25348
25346
25346
25339
25338
25338
25333
25333
25332
25332
25323
25321
25319
25311
25297
25294
25292
25285
25280
25278
25269
25265
25265
25256
25255
25254
25253
25253
25251
25247
25244
25237
25232
25216
25209
25207
25206
25206
25203
25200
25198
25185
25183
25182
25168
25167
25165
25162
25158
25158
25157
25155
25151
25146
25142
25139
25129
25119
25117
25114
25111
25096
25096
25089
25084
25082
25078
25076
25075
25075
25074
25071
25070
25066
25057
25055
25049
25048
25046
25042
25040
25039
25035
25034
25019
25007
25002
25001
24997
24996
24989
24989
24988
24986
24985
24984
24981
24975
24966
24956
24956
24945
24943
24933
24932
24931
24930
24925
24924
24922
24918
24905
24904
24901
24876
24872
24868
24868
24866
24857
24857
24847
24846
24844
24835
24831
24827
24822
24821
24820
24816
24813
24811
24800
24798
24795
24794
24793
24784
24777
24767
24759
24758
24756
24753
24752
24747
24746
24742
24742
24740
24731
24728
24727
24720
24716
24711
24705
24702
24701
24701
24699
24698
24693
24688
24683
24673
24672
24672
24668
24666
24661
24657
24647
24643
24641
24637
24637
24632
24628
24618
24617
24614
24613
24610
24609
24609
24608
24606
24603
24596
24582
24575
24567
24567
24549
24542
24542
24535
24533
24522
24521
24520
24517
24513
24507
24491
24490
24485
24478
24473
24463
24462
24462
24457
24457
24453
24450
24449
24446
24446
24443
24441
24439
24439
24438
24427
24426
24422
24421
24416
24414
24403
24402
24398
24398
24389
24385
24385
24378
24375
24370
24367
24367
24363
24352
24349
24343
24341
24338
24335
24334
24331
24330
24329
24327
24323
24320
24318
24306
24302
24293
24292
24283
24275
24273
24271
24268
24261
24259
24258
24258
24242
24229
24229
24222
24217
24216
24209
24206
24204
24202
24201
24200
24193
24191
24181
24177
24177
24176
24173
24172
24169
24166
24164
24154
24144
24141
24139
24139
24127
24120
24111
24103
24100
24099
24099
24093
24093
24074
24072
24070
24064
24061
24061
24059
24056
24041
24040
24040
24038
24027
24022
24020
24017
24012
24002
23995
23994
23983
23981
23976
23968
23963
23960
23958
23953
23953
23952
23939
23934
23932
23929
23927
23924
23913
23911
23907
23905
23905
23899
23892
23889
23888
23886
23884
23883
23880
23876
23875
23872
23868
23861
23859
23854
23853
23852
23850
23829
23824
23820
23805
23795
23785
23785
23784
23775
23770
23767
23765
23764
23763
23756
23752
23752
23749
23744
23742
23741
23735
23733
23730
23725
23720
23718
23704
23695
23681
23673
23670
23668
23667
23667
23664
23642
23641
23637
23635
23612
23609
23607
23602
23601
23599
23596
23587
23585
23583
23581
23578
23577
23573
23570
23566
23566
23564
23560
23557
23554
23552
23551
23545
23543
23540
23539
23534
23528
23521
23516
23512
23505
23505
23477
23473
23473
23468
23463
23454
23449
23447
23432
23430
23424
23421
23420
23415
23412
23409
23397
23391
23369
23369
23368
23366
23361
23358
23357
23355
23353
23346
23341
23340
23338
23337
23326
23321
23317
23305
23294
23289
23287
23276
23275
23273
23255
23255
23254
23245
23228
23228
23227
23226
23224
23223
23220
23213
23213
23197
23194
23193
23188
23169
23168
23160
23160
23154
23151
23149
23147
23141
23136
23113
23111
23111
23107
23105
23096
23094
23093
23092
23065
23064
23064
23060
23059
23058
23056
23053
23053
23053
23049
23047
23036
23032
23032
23029
23027
23026
23021
23020
23018
23017
23004
23000
22997
22996
22991
22979
22979
22978
22952
22948
22932
22929
22920
22918
22917
22916
22905
22894
22890
22876
22870
22863
22857
22849
22846
22843
22841
22838
22836
22830
22823
22822
22820
22817
22816
22815
22813
22811
22808
22808
22785
22778
22768
22766
22763
22759
22745
22742
22739
22734
22728
22721
22718
22718
22714
22710
22710
22690
22688
22687
22685
22673
22669
22664
22662
22659
22659
22633
22630
22615
22613
22598
22597
22581
22579
22575
22574
22565
22564
22560
22558
22558
22554
22550
22548
22543
22534
22530
22528
22521
22510
22496
22493
22481
22480
22472
22466
22460
22454
22452
22449
22445
22442
22439
22436
22431
22430
22424
22420
22418
22416
22413
22411
22409
22408
22407
22388
22384
22382
22376
22373
22372
22370
22370
22368
22367
22364
22363
22361
22360
22340
22338
22332
22332
22326
22320
22317
22316
22312
22306
22298
22295
22288
22279
22270
22269
22265
22264
22259
22258
22255
22228
22226
22225
22224
22221
22220
22219
22215
22213
22213
22211
22203
22202
22201
22197
22195
22194
22191
22189
22188
22186
22179
22179
22176
22157
22156
22153
22144
22138
22133
22127
22124
22121
22114
22111
22109
22106
22105
22103
22100
22099
22098
22095
22089
22088
22086
22084
22082
22067
22060
22050
22043
22024
22022
22021
22016
22016
22010
22010
22007
22000
22000
21996
21982
21980
21976
21975
21975
21973
21972
21968
21962
21959
21959
21954
21950
21949
21948
21946
21945
21944
21943
21936
21926
21926
21924
21924
21922
21918
21916
21910
21895
21893
21888
21887
21886
21869
21869
21867
21863
21863
21860
21852
21850
21840
21823
21816
21815
21812
21809
21809
21805
21801
21800
21799
21796
21788
21784
21776
21772
21771
21766
21766
21750
21744
21742
21732
21731
21730
21729
21729
21726
21724
21720
21716
21711
21704
21699
21691
21689
21682
21662
21661
21654
21643
21642
21635
21634
21628
21623
21623
21601
21597
21597
21596
21589
21584
21584
21573
21560
21542
21538
21537
21531
21529
21526
21526
21523
21516
21515
21514
21514
21510
21505
21504
21503
21499
21498
21497
21497
21496
21493
21485
21480
21472
21448
21443
21435
21434
21434
21427
21426
21424
21412
21410
21408
21402
21400
21393
21393
21388
21385
21383
21380
21377
21374
21364
21363
21362
21360
21359
21355
21354
21350
21349
21337
21333
21331
21330
21323
21310
21305
21296
21295
21294
21290
21281
21279
21275
21269
21260
21259
21255
21254
21250
21249
21245
21240
21240
21234
21231
21218
21209
21207
21204
21203
21202
21196
21196
21194
21194
21193
21192
21191
21183
21172
21168
21166
21163
21151
21139
21133
21132
21124
21120
21119
21117
21115
21108
21106
21101
21095
21087
21084
21070
21067
21052
21047
21046
21045
21035
21032
21031
21025
21023
21013
21012
21011
21011
21004
21001
20999
20995
20995
20992
20990
20982
20980
20979
20972
20964
20963
20963
20957
20956
20945
20934
20927
20918
20909
20906
20897
20895
20894
20892
20885
20885
20881
20880
20879
20877
20869
20867
20866
20860
20844
20835
20831
20826
20820
20818
20817
20816
20803
20798
20795
20785
20781
20779
20775
20763
20753
20749
20748
20742
20738
20736
20732
20729
20726
20726
20722
20706
20705
20704
20702
20697
20694
20694
20693
20668
20662
20662
20653
20651
20647
20646
20644
20644
20639
20628
20627
20615
20610
20595
20593
20592
20587
20585
20579
20578
20575
20552
20549
20547
20546
20543
20542
20536
20536
20524
20514
20508
20506
20503
20499
20491
20487
20487
20485
20484
20484
20470
20469
20467
20464
20463
20461
20460
20459
20459
20452
20447
20441
20439
20435
20425
20414
20413
20411
20405
20402
20402
20398
20381
20379
20379
20377
20373
20371
20363
20361
20350
20350
20344
20339
20334
20331
20325
20320
20316
20312
20307
20307
20297
20289
20287
20287
20275
20275
20265
20261
20261
20260
20257
20256
20254
20253
20250
20249
20247
20247
20244
20244
20216
20213
20213
20202
20197
20194
20194
20188
20187
20184
20164
20159
20156
20150
20140
20139
20132
20129
20129
20120
20116
20111
20110
20102
20097
20090
20087
20086
20076
20070
20067
20062
20062
20054
20053
20045
20039
20035
20029
20027
20014
20014
20007
20001
19997
19985
19981
19973
19970
19967
19966
19961
19961
19955
19946
19945
19935
19929
19928
19924
19919
19918
19915
19914
19910
19896
19895
19893
19892
19891
19888
19879
19878
19875
19871
19863
19860
19859
19857
19854
19854
19851
19848
19841
19840
19833
19830
19830
19821
19819
19816
19814
19811
19811
19807
19797
19795
19792
19792
19775
19774
19771
19749
19746
19745
19736
19735
19735
19733
19728
19726
19726
19725
19722
19720
19717
19710
19704
19704
19704
19703
19701
19699
19696
19694
19691
19689
19685
19663
19660
19659
19655
19653
19649
19638
19635
19632
19630
19625
19624
19619
19619
19619
19618
19616
19598
19596
19596
19590
19586
19584
19584
19577
19575
19567
19559
19555
19553
19553
19543
19543
19540
19537
19536
19536
19533
19531
19529
19527
19520
19513
19513
19513
19510
19500
19500
19497
19490
19486
19486
19483
19480
19480
19476
19476
19475
19474
19473
19470
19467
19466
19460
19459
19455
19454
19452
19449
19446
19441
19436
19432
19429
19422
19421
19419
19418
19417
19410
19403
19402
19398
19393
19390
19385
19377
19369
19362
19347
19340
19337
19332
19331
19329
19328
19324
19320
19317
19313
19313
19301
19300
19295
19295
19291
19281
19275
19272
19268
19265
19264
19254
19251
19248
19238
19234
19231
19227
19225
19222
19218
19215
19207
19203
19201
19201
19187
19169
19164
19164
19158
19151
19150
19150
19148
19146
19146
19139
19138
19122
19120
19113
19104
19103
19096
19096
19096
19089
19086
19085
19081
19077
19074
19056
19054
19054
19043
19039
19037
19036
19035
19031
19029
19012
19007
19005
19000
18997
18993
18989
18986
18977
18971
18970
18968
18965
18964
18962
18959
18957
18946
18935
18935
18925
18920
18918
18908
18901
18899
18898
18898
18897
18896
18895
18894
18889
18882
18882
18879
18867
18859
18857
18846
18845
18843
18838
18837
18833
18832
18822
18809
18804
18802
18802
18802
18801
18799
18796
18795
18785
18783
18778
18777
18774
18769
18760
18757
18751
18749
18749
18746
18743
18743
18732
18728
18723
18719
18718
18718
18717
18714
18706
18705
18704
18702
18697
18685
18685
18681
18681
18680
18678
18676
18675
18666
18666
18666
18659
18654
18650
18636
18635
18633
18630
18627
18624
18623
18620
18616
18615
18610
18606
18601
18601
18594
18589
18586
18585
18581
18580
18575
18570
18568
18566
18562
18553
18552
18550
18549
18544
18529
18525
18521
18521
18516
18508
18495
18493
18484
18479
18478
18477
18476
18476
18469
18464
18462
18460
18458
18455
18447
18447
18445
18443
18440
18433
18431
18429
18429
18425
18421
18421
18419
18415
18414
18412
18409
18408
18406
18399
18388
18388
18384
18378
18378
18378
18373
18368
18368
18366
18356
18341
18341
18339
18337
18337
18336
18332
18330
18327
18321
18314
18312
18308
18307
18303
18299
18296
18290
18289
18285
18282
18281
18278
18274
18272
18264
18264
18257
18253
18246
18246
18237
18237
18234
18219
18216
18187
18184
18183
18183
18177
18172
18158
18157
18155
18154
18145
18145
18143
18139
18137
18125
18121
18120
18120
18107
18100
18098
18097
18088
18081
18081
18079
18077
18077
18071
18066
18054
18051
18048
18045
18043
18041
18036
18033
18028
18028
18024
18020
18017
18016
18003
18001
17994
17989
17982
17978
17974
17969
17963
17959
17942
17939
17936
17931
17929
17928
17928
17921
17921
17921
17910
17908
17907
17906
17905
17884
17883
17879
17875
17872
17871
17871
17868
17864
17859
17857
17842
17836
17833
17831
17824
17823
17820
17815
17804
17803
17797
17796
17796
17790
17789
17784
17775
17765
17752
17742
17736
17734
17711
17709
17697
17686
17685
17682
17681
17679
17672
17672
17670
17662
17645
17643
17637
17635
17627
17619
17613
17601
17600
17585
17581
17580
17576
17566
17566
17546
17534
17532
17528
17526
17526
17522
17517
17516
17515
17515
17514
17512
17510
17508
17503
17501
17499
17493
17493
17490
17489
17488
17488
17482
17464
17457
17448
17447
17433
17433
17433
17433
17432
17431
17416
17409
17406
17406
17404
17396
17390
17386
17385
17384
17381
17379
17371
17370
17369
17368
17361
17358
17356
17347
17345
17342
17340
17333
17330
17326
17326
17325
17323
17315
17312
17307
17289
17288
17284
17284
17284
17281
17272
17269
17264
17255
17241
17237
17233
17230
17227
17220
17216
17214
17209
17204
17202
17196
17192
17188
17184
17179
17165
17162
17152
17148
17147
17142
17133
17132
17131
17128
17127
17126
17125
17123
17122
17111
17105
17105
17091
17079
17078
17076
17074
17062
17062
17060
17060
17059
17059
17058
17057
17051
17045
17041
17038
17037
17028
17008
17008
17008
17000
16999
16998
16993
16990
16990
16990
16986
16983
16977
16973
16965
16959
16954
16946
16945
16945
16944
16941
16939
16928
16908
16899
16889
16881
16877
16875
16873
16870
16858
16855
16855
16849
16849
16845
16837
16835
16835
16830
16826
16825
16824
16822
16821
16820
16811
16803
16800
16799
16794
16789
16788
16788
16783
16783
16783
16777
16777
16773
16771
16766
16766
16758
16750
16744
16744
16742
16732
16728
16720
16717
16713
16706
16696
16693
16692
16689
16687
16679
16678
16677
16648
16645
16643
16642
16640
16635
16633
16632
16628
16622
16613
16613
16611
16604
16603
16602
16602
16589
16587
16587
16586
16580
16579
16563
16559
16558
16555
16553
16552
16535
16523
16513
16513
16506
16499
16490
16490
16469
16465
16458
16456
16442
16434
16425
16420
16415
16406
16405
16402
16400
16394
16389
16388
16385
16385
16380
16379
16373
16371
16368
16365
16361
16359
16356
16352
16350
16348
16346
16342
16336
16333
16332
16314
16311
16310
16305
16303
16302
16288
16286
16283
16281
16275
16271
16256
16255
16251
16245
16234
16214
16211
16205
16202
16202
16195
16194
16193
16191
16188
16182
16170
16163
16162
16162
16162
16162
16154
16152
16146
16139
16136
16110
16107
16104
16100
16099
16093
16090
16089
16085
16085
16081
16077
16077
16072
16069
16069
16062
16061
16046
16044
16042
16041
16032
16028
16025
16016
16012
16007
15991
15991
15986
15985
15983
15981
15979
15975
15968
15965
15962
15960
15944
15939
15938
15934
15926
15926
15912
15911
15909
15906
15904
15899
15898
15892
15887
15887
15876
15876
15873
15866
15866
15858
15857
15848
15840
15837
15836
15831
15828
15826
15819
15817
15814
15810
15809
15803
15798
15797
15795
15793
15784
15782
15780
15777
15775
15775
15774
15773
15767
15765
15752
15750
15745
15744
15734
15733
15724
15718
15715
15708
15706
15706
15700
15698
15693
15692
15691
15690
15688
15688
15688
15682
15681
15675
15674
15674
15674
15665
15661
15661
15651
15650
15649
15649
15641
15640
15614
15612
15610
15608
15591
15576
15576
15571
15570
15570
15558
15555
15541
15537
15535
15531
15530
15530
15529
15521
15521
15520
15518
15516
15516
15511
15510
15504
15504
15496
15488
15486
15477
15476
15473
15469
15463
15461
15459
15453
15450
15445
15444
15440
15438
15437
15437
15435
15431
15426
15419
15416
15416
15409
15402
15396
15389
15389
15381
15373
15362
15359
15353
15352
15350
15347
15344
15339
15319
15318
15313
15310
15307
15303
15296
15293
15293
15292
15287
15287
15285
15280
15275
15270
15254
15252
15251
15250
15248
15244
15244
15228
15221
15219
15213
15211
15211
15202
15202
15202
15197
15186
15174
15170
15163
15163
15163
15157
15152
15143
15142
15140
15140
15134
15133
15133
15130
15125
15123
15121
15120
15116
15113
15111
15107
15106
15105
15103
15101
15096
15082
15076
15073
15071
15069
15068
15067
15061
15057
15053
15053
15050
15049
15045
15039
15038
15034
15031
15029
15026
15022
15021
15021
15012
15003
15002
15000
14999
14996
14991
14973
14972
14969
14969
14966
14962
14953
14938
14935
14931
14929
14920
14915
14904
14900
14895
14894
14894
14893
14892
14890
14886
14873
14870
14869
14868
14866
14865
14864
14861
14849
14838
14835
14834
14833
14827
14824
14824
14823
14823
14800
14799
14797
14795
14792
14787
14784
14781
14781
14781
14780
14778
14759
14757
14755
14751
14745
14743
14741
14740
14724
14722
14720
14710
14708
14707
14706
14704
14697
14695
14689
14678
14676
14675
14674
14673
14673
14667
14663
14657
14642
14635
14633
14627
14623
14616
14615
14614
14612
14610
14599
14596
14595
14591
14578
14578
14569
14567
14562
14561
14559
14559
14557
14554
14540
14534
14528
14525
14524
14524
14515
14515
14512
14510
14509
14509
14504
14501
14496
14488
14486
14481
14480
14477
14475
14472
14459
14458
14455
14455
14446
14437
14434
14429
14416
14411
14411
14409
14408
14401
14399
14397
14394
14394
14387
14383
14383
14379
14377
14374
14370
14363
14354
14351
14351
14351
14346
14344
14333
14331
14327
14325
14320
14318
14309
14308
14300
14292
14285
14282
14281
14279
14279
14273
14270
14269
14257
14256
14254
14248
14243
14240
14227
14226
14211
14210
14203
14200
14193
14182
14176
14175
14174
14173
14164
14157
14152
14139
14137
14136
14128
14127
14123
14120
14117
14115
14112
14110
14106
14104
14089
14089
14088
14084
14082
14082
14070
14057
14056
14051
14049
14048
14048
14046
14046
14026
14026
14025
14025
14024
14019
14019
14016
14007
13999
13999
13995
13987
13985
13978
13977
13974
13972
13970
13964
13963
13962
13957
13953
13948
13938
13924
13922
13915
13915
13913
13913
13902
13898
13890
13882
13875
13873
13869
13867
13867
13866
13866
13863
13846
13841
13839
13837
13829
13828
13826
13812
13812
13806
13801
13797
13795
13792
13775
13774
13771
13768
13766
13764
13760
13749
13748
13745
13744
13728
13720
13717
13716
13711
13709
13704
13700
13697
13696
13696
13685
13685
13683
13680
13675
13672
13670
13670
13666
13666
13659
13642
13641
13622
13621
13619
13616
13615
13613
13613
13611
13608
13606
13602
13587
13577
13574
13573
13571
13567
13564
13564
13556
13554
13553
13551
13537
13535
13528
13526
13523
13523
13519
13509
13504
13500
13499
13495
13494
13491
13490
13487
13486
13476
13476
13464
13452
13450
13446
13441
13439
13433
13430
13427
13426
13421
13421
13413
13411
13406
13401
13396
13395
13395
13395
13395
13393
13383
13383
13379
13378
13376
13371
13363
13363
13362
13349
13348
13342
13338
13327
13325
13324
13318
13302
13301
13300
13298
13297
13296
13289
13286
13279
13276
13273
13272
13272
13269
13268
13257
13254
13251
13250
13243
13238
13233
13233
13222
13217
13206
13197
13191
13190
13187
13186
13175
13168
13160
13158
13152
13138
13134
13132
13119
13113
13111
13105
13092
13090
13089
13082
13081
13079
13077
13076
13073
13072
13072
13059
13051
13051
13046
13038
13030
13027
13025
13023
13022
13020
13019
13017
13011
13007
13006
13005
13002
12998
12997
12994
12987
12983
12975
12969
12964
12963
12962
12961
12959
12948
12943
12940
12936
12926
12925
12925
12919
12914
12910
12904
12893
12885
12882
12879
12874
12871
12839
12839
12839
12838
12838
12836
12817
12816
12809
12806
12799
12795
12770
12767
12766
12762
12752
12749
12746
12744
12741
12737
12730
12726
12712
12709
12707
12706
12701
12700
12696
12695
12690
12689
12679
12679
12673
12671
12671
12667
12664
12664
12659
12653
12648
12642
12633
12628
12627
12622
12621
12621
12607
12602
12598
12598
12598
12589
12588
12582
12579
12575
12571
12562
12559
12559
12558
12556
12551
12549
12548
12547
12546
12543
12538
12519
12516
12515
12513
12510
12504
12502
12497
12496
12496
12478
12477
12476
12475
12462
12461
12458
12453
12452
12447
12444
12438
12432
12429
12428
12423
12422
12421
12421
12418
12418
12417
12407
12404
12404
12403
12400
12397
12386
12382
12375
12365
12365
12359
12357
12343
12338
12331
12328
12308
12307
12305
12297
12290
12289
12288
12288
12283
12274
12274
12267
12251
12240
12233
12231
12225
12216
12215
12215
12194
12193
12192
12191
12191
12181
12173
12171
12165
12164
12158
12157
12147
12146
12145
12145
12143
12135
12133
12125
12122
12109
12104
12098
12095
12089
12085
12080
12077
12074
12072
12069
12069
12066
12059
12051
12050
12044
12037
12031
12031
12030
12029
12016
12015
12007
12005
12001
11999
11992
11987
11971
11970
11965
11963
11958
11958
11958
11948
11947
11946
11943
11942
11942
11941
11920
11905
11902
11901
11899
11897
11891
11884
11884
11882
11877
11876
11868
11867
11867
11860
11857
11852
11847
11834
11829
11818
11816
11813
11810
11785
11781
11775
11772
11770
11767
11764
11759
11755
11738
11730
11719
11708
11707
11697
11691
11688
11673
11665
11664
11662
11658
11657
11656
11655
11655
11655
11647
11646
11643
11641
11639
11636
11627
11626
11625
11625
11620
11619
11612
11605
11603
11598
11598
11597
11595
11590
11588
11581
11577
11577
11577
11577
11569
11559
11558
11557
11551
11550
11546
11541
11539
11526
11524
11524
11520
11513
11509
11508
11500
11498
11485
11478
11477
11474
11473
11459
11457
11455
11453
11449
11449
11444
11443
11435
11431
11426
11425
11424
11423
11417
11413
11413
11410
11409
11400
11389
11388
11383
11381
11380
11378
11372
11351
11349
11344
11339
11337
11337
11335
11335
11334
11334
11333
11332
11331
11327
11326
11314
11302
11299
11290
11289
11286
11279
11277
11276
11275
11273
11269
11265
11254
11252
11243
11240
11239
11228
11226
11218
11216
11215
11215
11212
11199
11195
11193
11175
11166
11161
11159
11158
11157
11150
11138
11137
11136
11135
11129
11128
11116
11113
11112
11102
11097
11092
11082
11077
11076
11076
11069
11069
11059
11055
11052
11047
11044
11043
11034
11032
11023
11021
11017
11016
11013
11000
10992
10992
10989
10989
10988
10976
10975
10962
10959
10954
10943
10932
10922
10921
10920
10918
10914
10912
10910
10905
10900
10896
10894
10878
10873
10866
10857
10852
10840
10833
10832
10831
10824
10812
10808
10802
10802
10798
10795
10794
10793
10791
10777
10764
10759
10753
10746
10745
10741
10741
10739
10737
10735
10733
10731
10731
10730
10727
10726
10725
10723
10722
10719
10713
10709
10709
10707
10703
10701
10671
10670
10662
10659
10659
10657
10651
10650
10650
10647
10647
10642
10638
10635
10634
10634
10632
10629
10627
10625
10623
10622
10615
10604
10603
10597
10592
10592
10584
10581
10576
10575
10569
10565
10564
10557
10553
10548
10545
10531
10528
10523
10523
10504
10504
10500
10496
10495
10494
10494
10493
10493
10491
10483
10483
10478
10474
10463
10460
10455
10453
10448
10445
10442
10441
10438
10438
10437
10435
10434
10434
10434
10433
10431
10421
10421
10419
10406
10395
10375
10373
10368
10357
10354
10352
10352
10352
10345
10329
10327
10313
10312
10311
10310
10305
10301
10299
10294
10293
10292
10292
10279
10277
10277
10272
10268
10268
10267
10267
10265
10264
10264
10263
10262
10258
10247
10238
10236
10232
10229
10229
10226
10220
10214
10212
10212
10207
10206
10196
10190
10175
10171
10157
10157
10156
10156
10151
10140
10132
10131
10122
10118
10116
10114
10101
10096
10093
10092
10087
10087
10080
10078
10074
10069
10060
10056
10047
10047
10038
10038
10038
10036
10030
10025
10015
10001
9995
9986
9982
9978
9968
9965
9965
9958
9958
9955
9953
9949
9948
9947
9942
9940
9935
9930
9929
9929
9921
9919
9906
9903
9902
9891
9886
9882
9879
9868
9861
9849
9842
9841
9834
9833
9832
9830
9829
9826
9820
9820
9818
9807
9801
9798
9787
9784
9778
9773
9770
9769
9768
9758
9756
9755
9755
9747
9747
9745
9744
9741
9737
9735
9729
9724
9719
9716
9714
9711
9708
9703
9697
9697
9695
9691
9687
9685
9684
9677
9672
9668
9667
9665
9660
9656
9651
9650
9647
9645
9644
9634
9632
9623
9619
9618
9613
9613
9610
9609
9607
9598
9598
9597
9594
9592
9586
9581
9580
9574
9574
9568
9563
9560
9552
9551
9548
9544
9533
9530
9528
9527
9524
9509
9509
9499
9490
9486
9485
9484
9478
9471
9466
9464
9456
9455
9443
9442
9438
9431
9430
9422
9422
9421
9416
9405
9405
9404
9403
9402
9394
9390
9382
9377
9373
9367
9361
9352
9332
9328
9325
9323
9318
9317
9317
9309
9307
9296
9291
9291
9291
9286
9285
9267
9265
9263
9260
9257
9254
9250
9250
9246
9241
9233
9226
9222
9218
9214
9210
9209
9209
9203
9195
9191
9182
9176
9171
9168
9160
9158
9157
9154
9149
9145
9145
9140
9136
9134
9134
9125
9114
9101
9094
9089
9088
9085
9075
9074
9073
9068
9064
9060
9055
9053
9052
9051
9049
9047
9043
9042
9042
9038
9034
9034
9033
9032
9027
9027
9024
9022
9021
9017
9016
9015
9011
9011
9011
9009
9006
9005
8984
8984
8982
8978
8976
8963
8959
8953
8948
8938
8938
8935
8927
8900
8889
8886
8880
8880
8877
8876
8869
8868
8865
8850
8849
8839
8834
8833
8828
8819
8818
8818
8818
8814
8811
8810
8808
8803
8802
8800
8796
8787
8784
8780
8777
8774
8768
8766
8756
8754
8746
8739
8738
8737
8717
8716
8716
8716
8711
8709
8702
8702
8696
8690
8689
8688
8688
8683
8682
8679
8678
8675
8654
8646
8644
8638
8637
8635
8632
8630
8627
8617
8606
8605
8604
8599
8595
8586
8583
8579
8561
8560
8556
8553
8552
8550
8543
8537
8536
8531
8530
8525
8524
8519
8508
8505
8492
8489
8488
8485
8484
8478
8468
8459
8457
8446
8439
8436
8435
8429
8428
8410
8404
8403
8394
8385
8384
8383
8381
8377
8374
8373
8369
8368
8366
8355
8349
8345
8344
8339
8329
8327
8320
8318
8307
8304
8301
8301
8300
8283
8282
8278
8277
8276
8276
8276
8267
8263
8259
8259
8257
8252
8247
8246
8245
8243
8241
8240
8231
8230
8228
8228
8223
8218
8216
8214
8214
8213
8211
8209
8209
8206
8204
8201
8200
8193
8191
8190
8184
8179
8177
8176
8172
8159
8154
8134
8130
8121
8112
8109
8107
8106
8104
8099
8094
8093
8089
8081
8081
8079
8078
8077
8073
8065
8057
8055
8049
8044
8042
8037
8036
8036
8035
8027
8026
8019
8017
8016
8016
8014
8002
7999
7999
7991
7988
7974
7971
7968
7965
7961
7960
7960
7955
7949
7948
7938
7923
7922
7920
7917
7914
7896
7893
7887
7881
7878
7877
7870
7867
7851
7848
7841
7839
7835
7835
7831
7828
7822
7822
7820
7819
7818
7810
7808
7807
7806
7804
7801
7801
7798
7796
7794
7791
7791
7787
7781
7777
7760
7747
7743
7743
7742
7741
7741
7740
7737
7726
7711
7702
7698
7696
7679
7669
7667
7660
7659
7656
7655
7654
7651
7650
7646
7642
7636
7636
7623
7619
7601
7600
7594
7593
7588
7583
7582
7580
7580
7577
7559
7557
7555
7554
7552
7551
7547
7543
7539
7533
7525
7521
7512
7504
7499
7491
7489
7487
7486
7484
7483
7481
7478
7477
7459
7456
7450
7447
7437
7437
7432
7431
7430
7429
7429
7426
7426
7418
7414
7407
7407
7403
7401
7401
7401
7398
7396
7394
7393
7382
7382
7374
7373
7366
7365
7347
7343
7343
7341
7337
7334
7327
7325
7324
7316
7311
7310
7290
7289
7279
7277
7272
7270
7257
7255
7254
7252
7252
7237
7234
7226
7226
7226
7218
7202
7202
7195
7194
7190
7189
7188
7188
7180
7164
7164
7153
7152
7145
7142
7134
7133
7129
7124
7122
7110
7109
7103
7093
7090
7082
7080
7080
7077
7073
7061
7054
7049
7041
7041
7041
7035
7032
7029
7023
7022
7019
7015
7013
7012
7010
7007
7004
6999
6994
6989
6988
6981
6978
6978
6978
6977
6973
6972
6969
6962
6959
6948
6945
6944
6939
6934
6928
6926
6926
6925
6922
6914
6910
6910
6898
6890
6885
6875
6875
6871
6869
6862
6860
6856
6853
6848
6839
6838
6837
6820
6820
6818
6816
6813
6813
6809
6803
6802
6800
6796
6796
6794
6784
6780
6768
6764
6760
6758
6755
6753
6751
6747
6742
6742
6731
6726
6725
6724
6724
6713
6711
6690
6687
6686
6685
6681
6671
6667
6667
6664
6657
6655
6648
6645
6633
6631
6626
6624
6620
6616
6607
6606
6602
6599
6593
6587
6584
6584
6583
6583
6581
6580
6578
6577
6568
6564
6559
6547
6544
6543
6535
6532
6531
6530
6526
6523
6522
6520
6520
6515
6510
6508
6500
6478
6467
6457
6455
6450
6447
6444
6443
6442
6420
6420
6418
6415
6410
6408
6400
6389
6387
6368
6367
6364
6363
6362
6361
6361
6360
6350
6341
6340
6326
6322
6320
6315
6308
6304
6304
6299
6298
6293
6289
6289
6285
6277
6277
6276
6273
6270
6265
6258
6257
6257
6251
6250
6246
6239
6233
6231
6230
6223
6220
6219
6217
6216
6211
6210
6209
6207
6194
6194
6194
6192
6189
6184
6184
6183
6178
6176
6173
6167
6167
6158
6157
6157
6147
6144
6144
6142
6126
6116
6115
6111
6107
6104
6101
6099
6099
6093
6092
6090
6085
6057
6056
6051
6046
6042
6034
6012
6008
6007
6003
6000
5998
5993
5986
5983
5978
5972
5968
5965
5964
5957
5956
5955
5951
5948
5944
5933
5930
5927
5922
5910
5904
5901
5893
5890
5889
5887
5882
5875
5874
5874
5866
5863
5860
5858
5857
5855
5847
5844
5836
5835
5833
5825
5824
5817
5813
5807
5801
5800
5800
5791
5790
5789
5781
5778
5778
5775
5767
5760
5757
5756
5756
5755
5753
5740
5732
5726
5725
5723
5722
5720
5714
5700
5691
5687
5674
5670
5664
5660
5658
5654
5649
5644
5641
5638
5637
5634
5629
5626
5616
5614
5608
5600
5598
5597
5596
5577
5565
5565
5554
5552
5549
5537
5532
5526
5524
5520
5518
5517
5515
5511
5511
5509
5503
5494
5487
5486
5485
5485
5485
5483
5481
5479
5478
5475
5470
5469
5466
5464
5460
5444
5443
5441
5436
5432
5429
5429
5425
5414
5413
5412
5409
5408
5404
5404
5403
5403
5400
5398
5397
5397
5396
5391
5383
5382
5378
5369
5362
5359
5357
5357
5354
5353
5352
5351
5347
5342
5340
5337
5333
5326
5321
5318
5317
5315
5311
5310
5310
5308
5307
5293
5290
5287
5285
5284
5284
5277
5277
5268
5268
5256
5255
5253
5252
5248
5240
5238
5238
5238
5230
5226
5217
5210
5191
5188
5185
5185
5179
5173
5172
5164
5158
5155
5155
5153
5153
5153
5150
5147
5120
5119
5115
5107
5104
5102
5100
5100
5095
5094
5092
5090
5082
5079
5063
5059
5055
5042
5029
5029
5024
5014
5007
5006
5004
4984
4960
4957
4947
4942
4942
4939
4937
4935
4932
4925
4920
4912
4894
4894
4890
4890
4888
4888
4885
4869
4869
4860
4855
4854
4849
4845
4842
4838
4835
4819
4805
4802
4797
4789
4781
4781
4780
4779
4776
4773
4769
4768
4766
4764
4762
4755
4754
4748
4746
4741
4737
4736
4727
4726
4714
4714
4705
4702
4700
4694
4694
4689
4683
4679
4678
4669
4658
4658
4658
4657
4650
4642
4640
4637
4632
4628
4628
4620
4619
4616
4613
4613
4610
4606
4604
4592
4591
4590
4589
4587
4584
4576
4575
4573
4571
4569
4559
4558
4555
4552
4549
4537
4536
4535
4531
4528
4521
4519
4512
4499
4497
4497
4492
4487
4479
4478
4469
4466
4464
4464
4462
4461
4459
4452
4450
4448
4443
4442
4432
4425
4409
4398
4394
4390
4386
4385
4380
4375
4375
4373
4372
4367
4366
4364
4362
4346
4344
4343
4339
4331
4327
4325
4323
4317
4315
4304
4281
4281
4280
4275
4272
4271
4265
4256
4254
4253
4252
4251
4247
4247
4243
4242
4228
4222
4221
4218
4217
4216
4202
4192
4191
4190
4187
4183
4182
4174
4174
4173
4170
4163
4157
4156
4155
4154
4150
4145
4142
4142
4140
4131
4126
4119
4118
4116
4113
4111
4108
4107
4103
4100
4093
4089
4087
4083
4083
4077
4072
4070
4062
4055
4050
4046
4045
4039
4035
4031
4027
4025
4023
4018
4018
4014
4011
4009
4007
4000
3991
3978
3977
3977
3974
3971
3969
3964
3956
3953
3947
3944
3938
3930
3929
3924
3918
3918
3917
3913
3911
3898
3891
3874
3873
3873
3863
3855
3854
3854
3851
3841
3838
3814
3811
3807
3800
3798
3797
3796
3795
3793
3786
3785
3779
3771
3767
3766
3766
3764
3762
3760
3760
3748
3747
3741
3741
3734
3717
3714
3711
3700
3693
3688
3687
3683
3677
3673
3670
3665
3655
3655
3642
3637
3629
3625
3623
3622
3621
3614
3606
3603
3599
3599
3599
3596
3579
3576
3576
3566
3558
3556
3550
3549
3547
3543
3540
3537
3537
3528
3519
3515
3511
3505
3505
3501
3490
3488
3486
3482
3481
3478
3470
3466
3458
3447
3445
3443
3441
3435
3434
3431
3422
3421
3421
3419
3413
3412
3402
3402
3400
3397
3397
3396
3396
3390
3382
3378
3373
3368
3365
3364
3358
3350
3339
3329
3326
3314
3298
3298
3296
3293
3285
3282
3282
3277
3273
3272
3268
3266
3264
3263
3261
3261
3261
3254
3248
3238
3236
3234
3233
3224
3223
3222
3218
3210
3207
3207
3203
3199
3193
3193
3191
3190
3188
3182
3179
3178
3177
3163
3162
3159
3157
3153
3150
3147
3136
3136
3133
3132
3130
3124
3121
3120
3118
3115
3115
3105
3101
3095
3094
3091
3089
3086
3085
3075
3074
3074
3073
3063
3032
3024
3023
3021
3008
3000
2993
2989
2989
2987
2978
2976
2963
2955
2955
2942
2933
2928
2927
2927
2921
2920
2917
2915
2906
2905
2903
2900
2900
2895
2893
2884
2882
2872
2862
2842
2836
2835
2834
2816
2816
2811
2800
2789
2780
2779
2772
2771
2770
2766
2766
2763
2750
2743
2738
2736
2734
2732
2721
2714
2710
2710
2703
2695
2690
2689
2689
2687
2684
2683
2675
2663
2657
2653
2646
2639
2639
2639
2637
2635
2623
2621
2617
2617
2616
2613
2611
2609
2602
2597
2596
2593
2592
2590
2584
2578
2575
2568
2562
2549
2534
2531
2527
2516
2514
2514
2509
2507
2506
2502
2500
2499
2498
2491
2490
2489
2488
2477
2472
2472
2466
2459
2453
2453
2451
2449
2447
2447
2426
2425
2418
2415
2408
2405
2391
2390
2390
2386
2381
2381
2375
2369
2355
2347
2345
2344
2340
2340
2334
2334
2331
2327
2325
2324
2310
2304
2304
2303
2301
2297
2295
2287
2279
2277
2272
2269
2267
2259
2255
2246
2244
2242
2240
2237
2236
2233
2227
2226
2225
2221
2220
2219
2215
2208
2206
2204
2203
2196
2196
2194
2189
2187
2184
2172
2168
2168
2167
2164
2159
2150
2137
2136
2136
2135
2135
2129
2129
2122
2118
2116
2109
2106
2106
2098
2094
2088
2088
2084
2073
2057
2056
2055
2050
2045
2034
2030
2022
2010
2007
2004
1997
1996
1993
1991
1981
1979
1968
1968
1961
1950
1950
1946
1938
1926
1925
1922
1913
1910
1899
1888
1880
1877
1876
1870
1865
1865
1862
1860
1859
1858
1857
1834
1833
1832
1827
1822
1813
1810
1807
1806
1805
1800
1798
1793
1788
1781
1778
1775
1774
1767
1757
1755
1752
1747
1742
1735
1733
1731
1729
1717
1712
1710
1708
1702
1698
1690
1690
1687
1686
1680
1672
1669
1664
1658
1653
1649
1647
1646
1644
1643
1641
1638
1636
1628
1626
1626
1611
1608
1602
1602
1601
1599
1597
1596
1594
1591
1564
1548
1533
1532
1532
1531
1526
1523
1518
1516
1512
1508
1507
1502
1501
1493
1491
1483
1483
1479
1478
1474
1456
1453
1450
1444
1440
1440
1439
1438
1434
1413
1412
1408
1408
1406
1400
1394
1393
1392
1389
1389
1388
1374
1364
1362
1348
1335
1324
1321
1319
1315
1312
1307
1307
1307
1303
1299
1293
1293
1291
1289
1288
1281
1279
1276
1273
1271
1266
1264
1263
1262
1256
1250
1249
1239
1231
1224
1206
1204
1197
1197
1195
1193
1185
1179
1169
1165
1163
1157
1155
1147
1143
1140
1136
1135
1133
1127
1125
1119
1116
1113
1111
1106
1101
1097
1096
1081
1080
1076
1072
1059
1059
1057
1055
1052
1044
1040
1028
1023
1022
1021
1018
1013
1006
991
990
987
984
982
981
969
960
960
960
957
956
945
938
934
930
928
924
919
903
902
901
900
883
871
866
856
856
850
849
843
842
842
841
837
836
833
817
816
807
804
802
800
797
794
790
786
779
779
778
777
770
766
760
749
747
734
728
727
727
724
721
719
709
699
697
694
690
686
681
680
678
675
659
659
658
656
653
649
638
637
632
630
629
628
622
608
606
605
601
600
594
594
584
576
573
570
570
567
564
555
545
531
526
524
522
516
512
508
492
482
477
467
467
452
451
450
447
447
443
442
442
441
440
439
436
430
423
418
417
417
416
413
413
410
409
409
399
398
397
395
393
389
370
361
361
352
348
341
340
339
336
335
334
330
329
327
327
323
322
319
319
312
309
297
295
287
285
283
283
276
275
271
269
259
251
243
235
230
225
215
207
183
170
159
155
152
148
145
144
141
127
107
92
87
87
80
78
57
53
53
48
41
39
39
39
38
37
31
25
24
10
9
7
6
