57260
12012
85466
35556
4880
95460
98723
31685
64823
82186
47678
27778
47690
80847
24606
20905
31613
40891
99457
95263
89553
47424
37465
60506
47307
21069
91872
82988
20707
92935
52600
94320
4947
54418
29876
26180
66230
44951
74217
31053
27137
21895
75184
91180
19094
16142
12085
50707
57033
11543
45971
62938
75319
83436
39797
22627
20857
31669
21967
41565
40956
74567
35885
45904
28986
82113
88436
11568
27064
62653
42622
70554
84548
34158
61734
3643
50300
90171
70702
23685
18066
16673
2975
93386
16461
42772
32365
37319
74441
54332
78884
15398
45251
31121
77654
90589
13234
82442
2158
56650
45095
61132
43556
45995
95290
21642
65990
61942
11814
36693
85627
29880
69718
88602
39618
86180
47727
71983
39851
22168
42667
18735
53918
4271
66208
47924
11212
95794
30366
13370
52444
75461
90854
12353
37809
2496
33995
3799
64438
45809
40492
66417
92042
10211
71372
31660
12743
19099
19996
52594
57619
62663
87681
27890
83286
53889
75814
94499
49683
6181
7869
18479
97994
15076
30832
52155
17572
64828
55955
98363
26989
96447
81132
19031
23010
52504
50692
35753
87955
70688
88347
61927
49703
76028
89817
32990
46269
81983
27489
12304
4516
51710
30784
18863
66786
77968
71018
711
59148
26973
15426
86138
39773
96558
21521
79135
65415
88565
14889
69722
75605
19588
31649
25309
11969
37818
74651
58238
19802
18492
86895
24318
86554
17679
59533
69693
11999
30552
70404
71148
57525
85830
73638
13650
98740
95159
92786
64155
83725
24027
33878
59330
43615
81879
991
71936
19698
75642
46527
55852
10486
33422
96522
97041
67453
56056
83086
79452
86608
53490
66952
60485
55672
40590
74136
70764
35750
83274
34920
19475
7301
85150
95157
67268
67029
96149
39205
3079
88143
85732
75283
14982
19154
71806
12023
86607
27862
95109
82411
30822
64951
49364
7659
36975
89954
98147
24091
42056
81421
75363
61531
88722
60513
73041
55991
43895
69190
11548
63326
73685
97280
38610
88667
32786
10416
17042
35745
54630
28503
18156
1804
9806
83872
9463
46781
90179
23963
87225
32235
5384
62588
10119
10459
23102
83160
82802
83349
68702
94350
46675
42387
7982
85285
47407
40768
12053
64449
92865
83035
92953
27373
84839
2759
11246
10655
65893
17777
34618
53118
50012
40002
15706
76483
66813
55160
59643
49615
38509
28345
60317
1537
87085
84651
3174
34492
25419
15228
98941
34636
14615
8246
62010
99455
11006
89608
26462
93251
7385
61080
46369
73749
17434
78427
50233
600
49940
26228
66567
88449
70926
26885
6338
58011
11536
9513
8855
53308
41093
24148
87944
72060
32395
66306
87867
59753
55914
14329
53004
79651
91761
15725
69753
9196
94152
19986
9796
44092
46214
76363
48894
33492
19600
71584
91503
47489
97449
16710
797
38542
40859
5093
26955
73254
87752
14822
33007
60018
29152
2363
39670
20913
18088
9423
46461
12240
45761
72609
72685
8327
65325
37931
41820
84925
9515
49675
48766
6965
66386
49563
61859
23597
71009
88814
96851
58761
3637
46210
18779
49141
48573
74801
70054
66661
576
16516
95253
62689
89125
84290
71017
70802
22221
29189
55728
31737
95216
4494
55054
61602
70410
16913
85199
57771
22080
98402
16532
25717
60964
51663
91210
25889
26465
61264
8902
43393
94132
4156
6083
99610
4798
93452
70412
27020
22641
42492
75109
17857
63339
30163
95812
33749
63428
97363
7872
85508
12118
40756
27577
73082
92419
18787
15324
35236
96404
24226
78630
90536
28382
1065
90146
33181
94517
76911
76553
33510
19403
51662
67719
82742
98177
63531
32843
77957
77247
57067
79818
5717
97823
7395
95151
90243
42535
10475
41831
55291
34702
36813
45827
79436
37878
52326
28969
32395
45589
21874
65905
81344
73536
33625
80439
88065
13508
29634
66023
7107
86702
45841
29176
84525
69588
24328
91120
28475
51155
32952
83766
85857
86117
45946
81646
23996
14624
10615
72743
76565
32490
55001
57909
22378
88626
38348
26796
18486
67983
92819
41946
54685
55012
71122
55562
40952
11802
46683
69428
62958
95987
69546
48815
98456
31844
46813
22452
62820
57429
95196
39385
6271
50197
97295
45001
55175
51995
71797
90013
19978
80968
48311
91015
35980
35786
46578
76933
47588
9613
62713
10546
21952
48611
75714
20408
96808
22527
59213
59628
96308
70761
15366
18931
37310
12661
63933
8837
81008
35730
15202
987
16699
63514
8354
69031
99300
71284
62316
63240
80897
25029
90139
19201
89993
65853
55962
86801
4732
15175
62781
17393
85936
78147
36324
39598
7160
257
48435
88169
52340
63637
89156
69039
27151
13862
38070
42803
85147
387
6044
66044
41768
96183
1598
48113
78388
57560
34914
99472
89087
14048
16865
91375
92195
69542
30973
99356
69799
95760
87525
38491
59397
93033
7530
2901
6895
61953
62056
92042
78692
84452
74439
36812
80635
76037
84926
75375
49949
36192
74848
39036
50240
8065
46763
58788
77607
77736
58144
63759
73496
45669
2250
49245
38702
26133
52146
45597
4438
14203
53992
99482
98655
28431
36294
95643
4468
37572
87370
70769
90117
78570
9805
56709
2988
72920
15497
80595
50656
73641
44354
40504
35662
62957
89749
90716
89090
58248
36314
93528
88803
6658
93010
3810
35089
45656
15805
55909
99581
3176
26678
89698
98098
52835
62759
1086
25755
78257
98034
92763
68250
58740
49619
3913
21697
39368
94629
27139
13968
47295
20667
2771
53953
30029
22934
5394
92038
38739
77655
91619
58267
4333
97669
56366
73520
60428
73804
15627
55037
71838
8390
39640
30579
58009
43553
68628
13730
54534
95768
44050
18182
32787
63174
88487
79169
86108
10234
71207
24847
87889
79178
99467
92223
76847
55833
82095
53627
45989
97723
25017
17828
22465
64657
64759
96827
24562
33387
26909
95448
29155
70959
13630
78295
34133
18470
57464
20241
28704
28671
61441
16593
24201
60908
25168
17400
33093
7264
71027
79082
21339
12396
13262
60156
93405
78021
56983
17967
11409
244
13416
56916
71204
43398
35211
21689
61868
9027
58283
6924
54050
19724
23518
78251
96984
65038
95651
30077
88654
83031
25511
9993
95427
38774
70150
5185
16795
43485
23152
44556
43730
52920
17825
31286
96319
69388
69327
74539
78416
27610
97816
32466
63686
37686
10718
60670
2724
22721
7099
91379
5752
32611
17724
17532
71385
4226
22717
4532
64064
62221
49089
24146
15142
66914
55432
27813
36302
24759
89796
89759
89750
89742
89733
89708
89707
89678
89676
89657
89648
89633
89629
89604
89589
89584
89576
89565
89549
89535
89525
89503
89468
89467
89466
89460
89450
89440
89433
89422
89387
89377
89368
89359
89356
89354
89341
89329
89322
89311
89307
89300
89299
89297
89286
89282
89265
89262
89262
89253
89240
89233
89227
89220
89202
89186
89164
89145
89107
89102
89101
89086
89075
89063
89060
89054
89031
89031
89011
88998
88990
88975
88970
88969
88959
88942
88940
88935
88932
88932
88931
88925
88924
88919
88916
88912
88905
88887
88885
88867
88863
88861
88837
88836
88834
88815
88815
88807
88804
88803
88801
88796
88775
88773
88771
88771
88765
88743
88740
88738
88738
88735
88729
88707
88683
88671
88660
88653
88652
88643
88623
88619
88615
88610
88603
88594
88588
88579
88567
88540
88539
88537
88515
88507
88504
88498
88491
88467
88467
88461
88455
88435
88432
88421
88408
88398
88388
88385
88380
88376
88363
88362
88358
88352
88338
88327
88325
88324
88323
88322
88272
88268
88263
88255
88252
88246
88214
88211
88167
88164
88143
88130
88118
88115
88112
88108
88102
88089
88081
88041
88034
88019
88011
88005
88000
87993
87988
87985
87982
87979
87968
87964
87963
87958
87953
87934
87927
87924
87914
87909
87899
87892
87887
87885
87875
87849
87824
87808
87799
87787
87773
87767
87756
87754
87739
87731
87713
87688
87671
87669
87665
87654
87641
87626
87619
87604
87603
87594
87577
87575
87574
87572
87554
87540
87480
87474
87467
87458
87437
87433
87417
87381
87374
87366
87348
87343
87332
87329
87323
87306
87301
87285
87282
87265
87261
87244
87233
87230
87207
87196
87183
87174
87172
87164
87160
87141
87138
87109
87105
87103
87095
87087
87069
87059
87057
87056
87056
87048
87039
87029
87011
86985
86915
86908
86907
86875
86875
86864
86864
86861
86847
86842
86807
86805
86787
86784
86778
86767
86760
86749
86747
86746
86745
86714
86711
86711
86699
86689
86685
86680
86661
86658
86634
86629
86629
86627
86625
86613
86566
86563
86558
86541
86494
86492
86451
86424
86416
86398
86397
86396
86365
86348
86329
86322
86307
86285
86278
86264
86263
86251
86251
86228
86216
86213
86196
86192
86188
86184
86164
86152
86148
86131
86128
86110
86103
86095
86085
86084
86080
86076
86075
86070
86063
86055
86051
86048
86029
86011
86005
85998
85982
85964
85940
85929
85924
85914
85903
85901
85900
85890
85855
85852
85851
85803
85797
85795
85787
85765
85759
85746
85733
85724
85720
85702
85700
85696
85675
85624
85621
85620
85606
85605
85518
85517
85508
85505
85491
85486
85466
85466
85465
85460
85454
85403
85401
85398
85381
85371
85361
85356
85347
85341
85324
85318
85314
85288
85274
85258
85256
85253
85249
85236
85234
85231
85212
85200
85188
85183
85169
85168
85143
85138
85127
85125
85123
85107
85099
85098
85092
85081
85059
85042
85041
85019
84987
84986
84982
84943
84940
84940
84910
84905
84883
84864
84861
84842
84835
84834
84834
84834
84831
84825
84821
84821
84815
84806
84805
84794
84779
84763
84758
84748
84714
84687
84683
84656
84651
84639
84626
84620
84608
84587
84578
84551
84532
84530
84521
84510
84496
84490
84480
84478
84472
84469
84467
84458
84455
84443
84441
84430
84428
84412
84388
84388
84379
84374
84368
84365
84362
84360
84336
84313
84306
84293
84291
84288
84284
84273
84272
84261
84247
84241
84236
84223
84217
84215
84215
84214
84204
84203
84184
84183
84180
84179
84178
84176
84169
84151
84137
84134
84127
84124
84118
84114
84110
84096
84080
84053
84047
84046
84045
84042
84021
84016
84015
84014
84013
83994
83990
83985
83975
83963
83960
83957
83937
83936
83926
83924
83922
83921
83906
83893
83867
83863
83847
83804
83797
83786
83751
83738
83735
83735
83720
83709
83701
83700
83694
83692
83690
83681
83674
83671
83669
83641
83631
83614
83595
83593
83587
83584
83579
83570
83566
83562
83532
83519
83514
83511
83510
83505
83500
83500
83484
83453
83447
83445
83442
83441
83429
83427
83416
83401
83395
83394
83384
83377
83363
83338
83326
83312
83310
83308
83291
83289
83281
83244
83233
83221
83215
83209
83199
83195
83191
83183
83182
83145
83143
83126
83099
83092
83086
83083
83082
83073
83065
83064
83042
83031
83029
83021
83004
83001
83000
82992
82991
82981
82971
82968
82963
82958
82944
82939
82929
82891
82856
82853
82852
82807
82791
82786
82771
82767
82767
82766
82749
82744
82744
82728
82727
82704
82699
82690
82687
82686
82684
82679
82670
82668
82661
82656
82653
82647
82626
82625
82622
82594
82576
82568
82566
82565
82552
82524
82518
82501
82495
82492
82486
82447
82443
82438
82434
82433
82381
82380
82370
82369
82364
82352
82350
82339
82335
82331
82320
82318
82317
82315
82314
82313
82309
82295
82289
82284
82274
82252
82246
82240
82228
82226
82226
82226
82221
82220
82220
82196
82191
82174
82167
82161
82148
82145
82131
82125
82112
82111
82104
82099
82092
82084
82082
82065
82061
82037
82037
82009
82009
82000
81983
81981
81978
81977
81977
81972
81967
81961
81941
81929
81927
81907
81906
81898
81893
81869
81853
81844
81799
81794
81785
81780
81777
81771
81767
81757
81747
81725
81718
81709
81694
81691
81690
81687
81677
81667
81665
81657
81649
81645
81636
81631
81600
81598
81597
81592
81586
81565
81565
81558
81522
81517
81487
81485
81477
81471
81421
81410
81406
81405
81403
81399
81397
81385
81370
81344
81304
81302
81275
81263
81258
81253
81248
81246
81246
81230
81221
81206
81196
81190
81182
81182
81177
81145
81139
81135
81132
81125
81114
81112
81099
81090
81074
81071
81070
81063
81040
81034
81031
81022
81011
81009
80992
80991
80980
80978
80976
80973
80957
80936
80919
80916
80911
80902
80898
80890
80867
80840
80831
80823
80810
80798
80790
80789
80784
80775
80772
80758
80752
80734
80734
80722
80718
80711
80702
80701
80680
80676
80662
80644
80637
80636
80631
80631
80623
80607
80595
80576
80573
80565
80556
80544
80528
80522
80493
80480
80472
80454
80453
80450
80445
80420
80418
80413
80407
80404
80386
80383
80362
80359
80356
80350
80349
80345
80344
80340
80338
80320
80308
80304
80298
80278
80262
80250
80201
80200
80181
80174
80168
80154
80148
80146
80111
80108
80104
80095
80082
80067
80056
80011
80000
79985
79982
79979
79972
79968
79957
79957
79925
79904
79903
79895
79889
79889
79886
79883
79878
79873
79841
79825
79820
79758
79756
79738
79737
79734
79728
79708
79696
79677
79666
79646
79644
79621
79619
79598
79591
79587
79585
79582
79548
79546
79537
79528
79527
79522
79500
79496
79468
79466
79465
79463
79458
79455
79442
79435
79431
79410
79389
79388
79382
79378
79361
79361
79335
79303
79301
79281
79277
79254
79254
79250
79249
79247
79236
79235
79229
79226
79221
79220
79218
79206
79189
79168
79144
79143
79122
79120
79086
79079
79077
79074
79064
79033
79013
78972
78955
78948
78946
78929
78928
78910
78908
78905
78896
78877
78871
78855
78844
78844
78841
78839
78836
78836
78835
78826
78821
78820
78817
78816
78804
78800
78771
78766
78762
78752
78744
78727
78722
78718
78711
78711
78711
78709
78699
78698
78698
78697
78667
78665
78663
78637
78636
78629
78608
78607
78607
78601
78588
78578
78574
78571
78567
78566
78562
78527
78521
78521
78506
78506
78505
78501
78499
78490
78474
78474
78473
78470
78453
78445
78435
78422
78421
78420
78413
78395
78374
78363
78342
78341
78341
78338
78330
78312
78306
78289
78271
78265
78265
78244
78243
78239
78234
78223
78221
78214
78201
78188
78182
78180
78148
78137
78125
78122
78108
78102
78089
78062
78062
78048
78036
78025
78020
77996
77989
77982
77976
77964
77943
77936
77932
77926
77905
77905
77900
77899
77889
77884
77881
77868
77867
77863
77849
77844
77843
77840
77829
77825
77822
77805
77801
77792
77779
77777
77774
77746
77734
77727
77698
77688
77653
77650
77650
77617
77580
77576
77551
77537
77521
77520
77496
77493
77488
77458
77458
77450
77408
77393
77376
77359
77342
77317
77312
77307
77294
77288
77276
77271
77258
77246
77235
77234
77218
77217
77216
77201
77182
77179
77172
77152
77140
77131
77127
77119
77106
77091
77066
77062
77061
77036
77033
77025
77004
76994
76986
76972
76966
76965
76962
76956
76920
76917
76907
76903
76867
76851
76818
76814
76809
76793
76789
76786
76774
76769
76766
76762
76734
76720
76719
76665
76664
76663
76641
76626
76625
76616
76613
76602
76602
76585
76584
76579
76579
76561
76552
76550
76542
76538
76528
76523
76517
76513
76507
76507
76489
76466
76455
76454
76439
76435
76423
76422
76419
76417
76410
76383
76383
76381
76381
76374
76354
76342
76320
76304
76299
76295
76290
76289
76286
76274
76258
76255
76252
76247
76244
76230
76229
76221
76205
76185
76183
76149
76139
76128
76117
76114
76111
76081
76078
76073
76072
76070
76070
76069
76063
76054
76042
76040
76028
76019
76017
76012
76009
75980
75979
75976
75959
75924
75915
75914
75901
75881
75872
75843
75839
75825
75819
75808
75799
75798
75773
75757
75724
75712
75709
75694
75678
75667
75667
75665
75662
75661
75632
75622
75614
75613
75611
75604
75587
75584
75580
75574
75557
75550
75542
75529
75523
75519
75512
75511
75500
75494
75493
75483
75461
75450
75450
75438
75432
75431
75422
75418
75388
75379
75373
75363
75361
75358
75319
75313
75285
75274
75266
75245
75232
75209
75203
75186
75175
75161
75152
75149
75119
75113
75112
75108
75107
75100
75096
75090
75081
75066
75018
75012
74999
74974
74974
74964
74938
74926
74924
74917
74911
74908
74884
74873
74858
74847
74845
74836
74818
74813
74749
74745
74742
74740
74711
74708
74684
74659
74641
74633
74630
74621
74620
74615
74607
74602
74599
74567
74559
74551
74550
74546
74541
74527
74510
74496
74480
74469
74460
74454
74445
74440
74426
74421
74420
74410
74403
74396
74392
74388
74387
74386
74378
74370
74361
74337
74330
74312
74296
74288
74285
74268
74262
74251
74235
74228
74227
74184
74182
74174
74142
74142
74128
74107
74086
74081
74080
74078
74073
74069
74068
74042
74032
73995
73958
73955
73954
73949
73941
73939
73937
73928
73922
73910
73908
73887
73883
73882
73872
73870
73869
73859
73857
73857
73849
73847
73835
73831
73818
73816
73812
73804
73803
73778
73762
73753
73748
73744
73740
73725
73704
73698
73696
73692
73670
73668
73665
73663
73656
73651
73646
73639
73607
73607
73598
73589
73585
73576
73575
73545
73542
73537
73505
73499
73496
73475
73455
73447
73431
73429
73427
73427
73416
73411
73410
73408
73382
73381
73381
73371
73359
73347
73343
73336
73331
73306
73302
73302
73269
73256
73228
73227
73212
73211
73192
73188
73186
73161
73156
73136
73134
73117
73107
73095
73092
73070
73060
73055
73049
73047
73041
73040
73034
73011
73011
72998
72997
72996
72992
72985
72962
72946
72937
72929
72896
72892
72887
72870
72861
72858
72834
72832
72822
72803
72785
72774
72754
72751
72737
72695
72674
72673
72665
72650
72640
72636
72635
72593
72577
72574
72569
72553
72547
72546
72544
72541
72540
72536
72532
72528
72502
72497
72491
72468
72455
72453
72450
72440
72435
72418
72411
72382
72370
72366
72360
72315
72298
72295
72284
72283
72280
72277
72276
72232
72222
72197
72187
72150
72141
72141
72131
72127
72106
72104
72051
72048
72045
72044
72034
72017
72006
71997
71996
71991
71990
71986
71951
71949
71926
71916
71911
71867
71865
71854
71853
71842
71835
71831
71826
71825
71822
71822
71820
71806
71802
71794
71791
71780
71776
71756
71755
71748
71748
71736
71727
71724
71714
71695
71667
71662
71656
71648
71630
71622
71619
71611
71610
71608
71605
71600
71547
71530
71522
71517
71516
71501
71501
71500
71494
71485
71482
71470
71439
71436
71435
71428
71426
71414
71399
71396
71386
71380
71367
71362
71351
71351
71349
71335
71325
71294
71284
71277
71274
71268
71249
71240
71233
71217
71214
71204
71187
71184
71182
71177
71170
71168
71149
71140
71130
71124
71112
71072
71064
71038
71012
71008
70992
70980
70979
70953
70934
70933
70921
70921
70900
70881
70876
70875
70874
70873
70861
70860
70854
70851
70846
70827
70826
70769
70760
70754
70746
70734
70726
70704
70701
70696
70695
70684
70678
70676
70676
70676
70675
70669
70665
70646
70623
70608
70604
70599
70582
70554
70538
70537
70520
70516
70514
70507
70506
70503
70496
70489
70471
70464
70464
70463
70456
70443
70425
70420
70396
70383
70364
70362
70349
70346
70326
70321
70289
70277
70273
70250
70240
70219
70213
70210
70190
70177
70173
70144
70137
70126
70121
70096
70091
70084
70081
70072
70010
70009
70005
69998
69993
69992
69983
69975
69974
69955
69941
69930
69922
69898
69890
69885
69879
69856
69850
69847
69824
69818
69815
69801
69796
69787
69787
69769
69754
69748
69744
69743
69741
69732
69721
69714
69705
69694
69677
69672
69671
69668
69667
69659
69634
69627
69620
69611
69604
69595
69593
69579
69576
69575
69570
69564
69554
69539
69536
69521
69513
69459
69450
69442
69437
69428
69419
69411
69411
69401
69395
69387
69376
69349
69349
69341
69339
69331
69330
69322
69311
69305
69305
69303
69295
69258
69251
69236
69223
69212
69198
69184
69177
69177
69175
69163
69156
69149
69146
69146
69141
69131
69127
69126
69119
69118
69115
69111
69101
69094
69093
69089
69078
69060
69058
69044
69038
69036
69025
69014
69012
68989
68974
68962
68957
68954
68951
68950
68949
68947
68936
68919
68907
68902
68894
68893
68886
68834
68829
68828
68821
68811
68809
68807
68807
68805
68802
68800
68797
68787
68782
68761
68759
68751
68750
68745
68736
68729
68721
68719
68717
68705
68704
68700
68681
68675
68654
68652
68636
68621
68605
68597
68589
68587
68563
68560
68554
68528
68512
68500
68489
68485
68476
68473
68464
68463
68462
68455
68436
68435
68406
68384
68382
68373
68368
68351
68343
68338
68336
68330
68306
68290
68285
68282
68275
68264
68203
68164
68161
68160
68152
68142
68132
68132
68128
68126
68095
68093
68084
68076
68074
68065
68058
68050
68049
68038
68006
67999
67998
67985
67962
67949
67926
67922
67913
67906
67905
67899
67896
67891
67887
67880
67866
67866
67849
67830
67825
67816
67805
67795
67795
67793
67783
67782
67775
67767
67735
67728
67726
67721
67719
67680
67678
67678
67672
67647
67645
67609
67605
67605
67603
67595
67595
67559
67553
67545
67543
67541
67532
67531
67509
67506
67500
67492
67488
67488
67484
67484
67483
67482
67479
67476
67463
67461
67461
67454
67432
67427
67423
67423
67405
67396
67391
67382
67375
67363
67347
67337
67315
67285
67269
67262
67256
67256
67253
67253
67245
67225
67223
67220
67186
67183
67174
67149
67135
67126
67116
67096
67093
67090
67089
67080
67079
67069
67064
67055
67047
67038
67016
67002
66950
66946
66941
66941
66939
66937
66937
66936
66923
66891
66878
66877
66867
66862
66857
66854
66836
66835
66835
66814
66812
66796
66788
66780
66780
66769
66763
66761
66756
66751
66729
66727
66723
66691
66684
66664
66644
66644
66622
66613
66609
66608
66598
66594
66593
66588
66576
66563
66561
66558
66550
66516
66514
66487
66487
66481
66469
66466
66460
66445
66411
66402
66390
66387
66382
66375
66358
66354
66350
66343
66324
66318
66294
66288
66283
66258
66250
66248
66245
66244
66238
66203
66182
66178
66177
66149
66147
66145
66121
66120
66116
66114
66101
66078
66005
65999
65995
65989
65950
65950
65945
65940
65939
65924
65912
65910
65903
65890
65875
65864
65855
65828
65827
65825
65820
65816
65812
65811
65803
65786
65780
65777
65774
65753
65751
65746
65720
65715
65714
65705
65680
65660
65660
65633
65632
65625
65584
65581
65559
65556
65554
65548
65541
65536
65527
65512
65507
65499
65482
65475
65454
65434
65432
65425
65416
65399
65392
65386
65380
65372
65371
65362
65362
65355
65327
65325
65321
65317
65308
65288
65265
65264
65262
65249
65248
65231
65223
65218
65217
65198
65197
65186
65180
65174
65174
65121
65116
65107
65096
65092
65083
65068
65066
65040
65036
65025
65020
64970
64956
64942
64937
64937
64935
64914
64899
64882
64880
64878
64849
64843
64835
64795
64794
64777
64753
64738
64712
64708
64688
64687
64687
64668
64667
64665
64648
64645
64643
64622
64615
64602
64594
64594
64587
64585
64577
64572
64572
64544
64537
64534
64511
64509
64488
64487
64475
64470
64466
64428
64418
64417
64415
64415
64411
64395
64395
64392
64392
64345
64335
64332
64319
64312
64304
64296
64293
64273
64265
64253
64244
64229
64213
64190
64182
64178
64175
64172
64170
64157
64155
64150
64141
64128
64117
64111
64107
64106
64093
64092
64061
64048
64047
64020
64013
64002
63999
63992
63968
63962
63960
63957
63956
63934
63924
63921
63916
63913
63895
63890
63888
63887
63872
63856
63849
63841
63813
63811
63810
63804
63787
63776
63745
63744
63735
63732
63721
63701
63695
63692
63663
63658
63657
63642
63619
63613
63605
63599
63594
63592
63582
63577
63562
63532
63523
63519
63519
63516
63494
63492
63490
63468
63458
63448
63436
63432
63428
63421
63405
63398
63385
63367
63331
63323
63318
63313
63296
63289
63233
63222
63211
63189
63162
63146
63140
63123
63106
63105
63092
63081
63079
63012
63009
62986
62983
62972
62941
62922
62920
62917
62913
62896
62877
62873
62864
62861
62845
62831
62809
62800
62798
62789
62777
62756
62754
62730
62721
62721
62709
62695
62675
62671
62669
62661
62650
62645
62643
62641
62640
62629
62599
62590
62583
62583
62581
62560
62551
62549
62544
62498
62494
62485
62482
62472
62467
62465
62460
62451
62449
62447
62414
62401
62387
62355
62334
62305
62303
62293
62280
62260
62245
62242
62241
62237
62203
62198
62185
62182
62182
62156
62133
62124
62116
62081
62080
62061
62053
62045
62037
62020
62014
62006
61995
61990
61986
61971
61948
61945
61922
61918
61905
61901
61899
61898
61841
61823
61820
61807
61802
61798
61789
61786
61781
61780
61754
61754
61723
61706
61683
61681
61663
61651
61642
61637
61630
61630
61627
61609
61599
61599
61596
61584
61581
61580
61574
61573
61562
61537
61516
61508
61505
61479
61477
61474
61459
61455
61454
61450
61442
61438
61436
61428
61428
61422
61419
61418
61413
61403
61401
61401
61394
61383
61369
61336
61310
61309
61307
61291
61291
61273
61265
61225
61203
61182
61156
61155
61143
61118
61116
61115
61083
61078
61076
61052
61048
61038
61020
61019
61009
61005
60994
60994
60987
60977
60960
60958
60950
60947
60946
60929
60925
60915
60913
60875
60856
60848
60827
60816
60812
60790
60787
60786
60783
60783
60763
60738
60738
60726
60716
60712
60710
60710
60697
60696
60687
60686
60664
60651
60649
60632
60625
60610
60591
60588
60583
60578
60550
60540
60535
60531
60524
60521
60517
60516
60514
60510
60509
60493
60487
60475
60469
60466
60451
60449
60430
60425
60418
60412
60399
60389
60387
60365
60363
60358
60347
60342
60341
60337
60332
60328
60326
60319
60305
60301
60291
60289
60283
60276
60274
60263
60261
60261
60260
60234
60210
60206
60199
60198
60167
60146
60137
60130
60129
60126
60109
60100
60091
60079
60072
60058
60055
60054
60051
60050
60035
60011
59965
59945
59917
59910
59896
59892
59891
59885
59865
59855
59853
59841
59839
59830
59819
59810
59789
59769
59757
59739
59687
59681
59679
59659
59648
59635
59631
59611
59611
59608
59593
59579
59570
59558
59556
59549
59545
59500
59498
59469
59458
59453
59453
59451
59446
59441
59437
59434
59415
59414
59404
59382
59356
59337
59330
59328
59322
59299
59296
59294
59289
59286
59286
59282
59241
59235
59225
59220
59178
59171
59162
59149
59145
59138
59122
59084
59067
59051
58973
58968
58944
58920
58914
58913
58902
58890
58882
58857
58856
58853
58847
58837
58836
58833
58827
58819
58816
58812
58798
58781
58780
58769
58767
58766
58759
58754
58753
58744
58737
58735
58732
58726
58723
58707
58702
58696
58690
58663
58658
58657
58653
58647
58635
58635
58625
58624
58614
58614
58611
58609
58603
58601
58594
58580
58571
58566
58562
58556
58553
58538
58527
58505
58502
58483
58483
58474
58472
58449
58445
58438
58423
58410
58407
58396
58391
58382
58370
58357
58357
58356
58355
58354
58352
58343
58337
58333
58306
58271
58269
58262
58256
58256
58252
58219
58218
58216
58177
58175
58168
58165
58161
58159
58146
58144
58125
58123
58121
58094
58072
58067
58066
58050
58046
58037
58021
57991
57968
57956
57946
57928
57926
57926
57903
57898
57895
57873
57872
57857
57853
57835
57803
57774
57773
57772
57758
57742
57732
57717
57706
57705
57703
57681
57679
57642
57638
57622
57613
57609
57597
57589
57581
57577
57557
57548
57536
57526
57526
57520
57518
57511
57509
57501
57491
57476
57472
57470
57462
57442
57440
57440
57431
57428
57428
57413
57400
57392
57363
57341
57340
57332
57289
57285
57273
57268
57256
57243
57234
57216
57202
57196
57188
57186
57182
57178
57176
57174
57146
57141
57136
57121
57113
57083
57081
57077
57076
57075
57070
57056
57043
57040
57034
57001
56973
56962
56949
56941
56925
56918
56915
56901
56890
56889
56885
56875
56852
56841
56829
56822
56822
56814
56814
56780
56771
56750
56747
56731
56728
56720
56718
56716
56702
56701
56698
56694
56680
56677
56662
56650
56649
56647
56635
56619
56619
56612
56612
56611
56607
56587
56577
56570
56566
56550
56547
56536
56521
56520
56516
56500
56483
56475
56469
56409
56392
56370
56366
56362
56348
56322
56314
56305
56302
56289
56288
56276
56265
56258
56256
56253
56251
56247
56233
56231
56218
56215
56214
56209
56188
56143
56133
56122
56114
56109
56103
56101
56094
56093
56076
56043
56042
55994
55994
55981
55967
55967
55962
55962
55954
55941
55936
55930
55925
55917
55909
55907
55901
55872
55871
55854
55839
55829
55822
55820
55812
55810
55808
55804
55795
55748
55748
55735
55712
55681
55676
55639
55638
55624
55622
55621
55619
55606
55604
55604
55593
55575
55571
55552
55543
55541
55539
55537
55528
55515
55514
55496
55494
55474
55473
55469
55431
55421
55419
55419
55404
55373
55346
55342
55318
55318
55259
55251
55249
55241
55238
55237
55170
55161
55146
55121
55089
55087
55085
55076
55042
55034
55026
55025
55022
54973
54971
54971
54967
54966
54966
54949
54915
54905
54902
54892
54882
54878
54864
54858
54837
54827
54816
54813
54794
54791
54778
54776
54773
54772
54771
54764
54763
54757
54719
54709
54702
54699
54694
54689
54676
54642
54629
54616
54592
54583
54570
54566
54564
54544
54531
54527
54526
54521
54487
54480
54477
54466
54465
54461
54456
54453
54433
54421
54417
54415
54393
54383
54378
54345
54343
54335
54332
54330
54324
54316
54272
54262
54256
54235
54233
54230
54222
54217
54210
54182
54176
54164
54157
54115
54109
54102
54099
54098
54082
54074
54074
54058
54051
54047
54043
54036
54023
54005
53989
53984
53968
53950
53941
53939
53933
53926
53926
53895
53890
53889
53884
53854
53854
53852
53851
53829
53825
53825
53815
53802
53796
53779
53776
53769
53768
53764
53760
53752
53748
53720
53718
53710
53686
53676
53663
53662
53652
53645
53637
53632
53631
53630
53622
53595
53576
53543
53522
53510
53502
53495
53494
53491
53490
53476
53464
53460
53446
53444
53438
53429
53398
53383
53374
53367
53354
53349
53348
53338
53335
53334
53303
53286
53274
53267
53257
53256
53256
53255
53236
53220
53206
53199
53194
53186
53144
53141
53137
53129
53127
53102
53085
53084
53073
53072
53067
53062
53055
53051
53047
53047
53041
53024
53006
52992
52985
52978
52978
52947
52944
52938
52927
52919
52915
52912
52868
52863
52842
52838
52829
52816
52806
52802
52777
52773
52771
52754
52743
52733
52730
52712
52704
52701
52679
52642
52639
52634
52628
52606
52606
52604
52602
52595
52590
52582
52566
52560
52557
52556
52540
52532
52524
52509
52502
52473
52470
52462
52461
52459
52444
52433
52433
52432
52406
52401
52390
52373
52371
52366
52341
52318
52312
52298
52296
52291
52289
52271
52265
52264
52263
52256
52239
52231
52211
52206
52174
52173
52169
52169
52166
52151
52143
52107
52106
52063
52041
52038
52032
52028
52002
51975
51971
51963
51961
51924
51922
51919
51917
51916
51907
51907
51902
51876
51871
51852
51851
51845
51840
51828
51827
51826
51822
51809
51789
51785
51783
51779
51765
51735
51733
51733
51723
51718
51694
51690
51681
51658
51622
51621
51620
51618
51605
51599
51590
51582
51572
51568
51548
51536
51529
51507
51505
51504
51488
51478
51477
51473
51458
51450
51445
51437
51431
51410
51407
51404
51400
51381
51367
51350
51347
51347
51333
51332
51326
51308
51307
51268
51259
51255
51246
51238
51231
51230
51215
51198
51194
51187
51187
51172
51163
51153
51149
51149
51144
51142
51138
51136
51132
51128
51117
51104
51099
51056
51049
51047
51033
51030
51026
51008
51003
51001
50984
50984
50957
50951
50932
50932
50921
50914
50910
50907
50891
50848
50848
50834
50827
50819
50793
50768
50767
50759
50753
50750
50744
50733
50724
50698
50686
50674
50671
50662
50654
50643
50635
50624
50622
50615
50606
50592
50589
50588
50588
50581
50575
50566
50559
50530
50526
50522
50514
50509
50494
50486
50479
50466
50464
50453
50450
50419
50418
50417
50401
50386
50376
50372
50372
50366
50360
50355
50348
50346
50337
50300
50295
50291
50289
50277
50268
50252
50247
50214
50201
50196
50092
50091
50076
50074
50059
50050
50016
50006
50000
49947
49933
49930
49910
49904
49902
49893
49890
49878
49873
49869
49868
49868
49866
49865
49859
49832
49828
49828
49821
49816
49814
49798
49770
49763
49752
49747
49723
49717
49709
49688
49680
49671
49671
49669
49669
49668
49655
49654
49631
49619
49583
49580
49577
49572
49571
49563
49562
49561
49543
49525
49523
49517
49502
49493
49490
49487
49482
49479
49478
49470
49470
49452
49409
49393
49373
49363
49359
49356
49347
49343
49334
49331
49326
49320
49318
49293
49293
49293
49285
49272
49245
49238
49232
49230
49229
49227
49225
49205
49203
49202
49194
49191
49178
49160
49154
49093
49077
49076
49076
49071
49070
49069
49060
49054
49033
49033
49008
49001
48991
48976
48975
48964
48958
48946
48940
48929
48917
48915
48902
48876
48858
48857
48848
48845
48844
48841
48827
48819
48819
48797
48792
48772
48759
48759
48740
48737
48734
48726
48726
48700
48687
48682
48678
48655
48628
48599
48588
48577
48574
48567
48562
48556
48522
48519
48488
48480
48480
48478
48457
48427
48426
48418
48408
48408
48407
48381
48378
48366
48354
48340
48334
48317
48309
48285
48280
48274
48272
48268
48256
48253
48234
48230
48227
48195
48181
48177
48160
48150
48141
48133
48099
48082
48081
48077
48077
48075
48066
48066
48051
48036
48034
48018
48015
48003
47980
47965
47962
47961
47959
47953
47948
47927
47918
47908
47904
47895
47885
47882
47871
47871
47870
47869
47860
47856
47852
47837
47826
47813
47806
47797
47768
47747
47744
47743
47743
47737
47734
47732
47728
47725
47671
47665
47664
47663
47651
47643
47638
47617
47612
47602
47597
47586
47578
47545
47532
47522
47520
47513
47490
47483
47467
47465
47464
47450
47434
47417
47407
47383
47333
47330
47329
47324
47294
47284
47276
47274
47269
47267
47262
47258
47253
47246
47237
47231
47229
47227
47213
47193
47165
47158
47153
47138
47122
47121
47121
47118
47096
47075
47069
47066
47059
47059
47058
47056
47037
47017
46966
46957
46956
46950
46914
46898
46878
46853
46847
46845
46840
46837
46806
46789
46768
46766
46755
46749
46743
46735
46727
46718
46705
46705
46703
46652
46647
46646
46643
46622
46603
46603
46594
46578
46575
46573
46571
46546
46538
46511
46503
46500
46494
46477
46470
46454
46448
46436
46426
46419
46367
46366
46348
46338
46332
46324
46324
46313
46312
46308
46307
46299
46297
46291
46274
46272
46271
46266
46264
46257
46255
46252
46244
46217
46212
46204
46195
46195
46189
46163
46151
46147
46125
46109
46104
46104
46104
46101
46092
46078
46078
46071
46070
46050
46031
46022
46019
46008
46004
46000
45982
45977
45966
45963
45960
45947
45918
45900
45883
45881
45844
45837
45836
45821
45809
45799
45795
45795
45778
45772
45764
45721
45719
45704
45703
45696
45694
45681
45676
45628
45622
45606
45577
45566
45551
45549
45547
45547
45542
45538
45535
45532
45498
45485
45471
45455
45425
45424
45409
45399
45396
45392
45387
45375
45372
45370
45361
45358
45336
45326
45302
45287
45277
45268
45266
45258
45253
45243
45238
45230
45221
45217
45199
45180
45177
45174
45168
45157
45149
45149
45149
45114
45106
45099
45094
45091
45084
45077
45048
45048
45028
45025
45019
45014
45012
44999
44994
44983
44974
44957
44951
44946
44942
44940
44934
44930
44926
44916
44903
44882
44876
44862
44810
44806
44795
44785
44781
44769
44760
44749
44741
44733
44708
44696
44685
44675
44671
44668
44655
44650
44645
44641
44626
44609
44595
44590
44562
44551
44544
44532
44523
44522
44509
44509
44495
44480
44471
44470
44444
44439
44420
44402
44401
44392
44370
44368
44349
44318
44302
44295
44284
44283
44261
44254
44248
44246
44224
44209
44207
44205
44175
44173
44170
44167
44160
44155
44133
44128
44123
44116
44111
44048
44030
44020
44015
44015
44009
43999
43991
43962
43951
43950
43943
43936
43915
43910
43901
43892
43892
43885
43881
43875
43870
43858
43854
43850
43838
43822
43821
43799
43797
43772
43761
43761
43756
43742
43725
43695
43689
43687
43684
43683
43677
43671
43666
43655
43650
43648
43630
43605
43600
43593
43558
43520
43510
43500
43464
43424
43389
43379
43373
43361
43357
43354
43343
43339
43328
43319
43293
43289
43289
43282
43280
43276
43270
43238
43223
43222
43221
43176
43169
43166
43153
43151
43141
43112
43110
43098
43095
43095
43094
43088
43082
43075
43054
43047
43034
43032
43025
43007
43003
42993
42988
42988
42986
42986
42954
42939
42929
42926
42908
42905
42905
42903
42882
42875
42865
42865
42845
42841
42813
42809
42809
42776
42769
42749
42712
42709
42698
42694
42688
42670
42665
42658
42655
42645
42631
42625
42619
42603
42603
42583
42575
42560
42552
42509
42500
42468
42464
42456
42428
42419
42418
42397
42392
42375
42365
42364
42327
42316
42315
42308
42283
42265
42258
42256
42256
42256
42237
42230
42228
42225
42202
42197
42190
42186
42183
42182
42164
42153
42147
42138
42138
42117
42098
42089
42087
42073
42023
42021
42017
42006
42005
41995
41989
41974
41971
41963
41953
41939
41928
41919
41914
41914
41911
41907
41900
41885
41883
41881
41859
41841
41838
41836
41832
41828
41809
41803
41801
41800
41790
41787
41782
41781
41775
41765
41740
41730
41708
41698
41688
41680
41674
41669
41659
41652
41639
41634
41614
41613
41598
41589
41565
41554
41521
41518
41494
41479
41435
41429
41427
41426
41411
41410
41410
41399
41396
41387
41381
41379
41378
41361
41354
41345
41320
41308
41302
41281
41255
41247
41242
41230
41221
41218
41202
41198
41189
41189
41166
41114
41108
41107
41100
41095
41081
41078
41064
41050
41039
41035
41035
41032
41024
41007
40989
40983
40954
40947
40947
40942
40938
40931
40923
40917
40893
40884
40882
40875
40874
40833
40833
40821
40809
40796
40791
40786
40778
40744
40728
40728
40725
40721
40714
40707
40705
40691
40685
40683
40682
40671
40655
40653
40648
40644
40627
40612
40611
40600
40595
40593
40579
40569
40564
40560
40557
40555
40549
40542
40535
40528
40515
40515
40506
40491
40470
40450
40438
40437
40436
40411
40401
40400
40350
40337
40334
40312
40299
40299
40295
40291
40286
40278
40278
40273
40272
40266
40258
40249
40243
40240
40238
40233
40224
40173
40161
40158
40144
40135
40132
40130
40117
40114
40111
40105
40101
40100
40091
40091
40085
40075
40039
40036
40024
40023
40017
39984
39982
39972
39969
39964
39941
39934
39926
39921
39912
39911
39910
39907
39903
39890
39884
39866
39855
39808
39798
39798
39797
39781
39769
39762
39761
39755
39746
39743
39735
39732
39721
39719
39715
39710
39700
39696
39692
39688
39674
39673
39640
39638
39627
39611
39608
39591
39580
39579
39571
39563
39549
39545
39544
39541
39537
39534
39525
39524
39519
39508
39488
39488
39471
39470
39461
39456
39454
39445
39444
39437
39432
39418
39399
39373
39365
39360
39355
39336
39330
39306
39290
39284
39283
39264
39256
39254
39244
39222
39221
39207
39195
39156
39155
39155
39151
39145
39142
39142
39105
39070
39066
39064
39055
39054
39044
39038
39021
39009
39006
39001
38989
38982
38971
38941
38938
38934
38928
38926
38907
38894
38888
38885
38877
38858
38854
38851
38847
38845
38845
38839
38812
38812
38800
38776
38767
38754
38746
38741
38740
38733
38718
38702
38687
38663
38643
38636
38633
38618
38615
38609
38609
38609
38560
38553
38552
38537
38536
38531
38530
38527
38523
38507
38497
38481
38466
38451
38449
38439
38437
38432
38431
38416
38379
38375
38355
38355
38341
38321
38294
38286
38285
38280
38246
38230
38228
38226
38226
38219
38204
38203
38198
38191
38183
38182
38155
38128
38111
38107
38070
38064
38046
38037
38034
38034
38034
38029
38022
38022
38002
37980
37979
37940
37926
37922
37908
37899
37899
37892
37887
37885
37874
37841
37837
37834
37832
37823
37823
37817
37786
37785
37783
37777
37773
37765
37760
37750
37750
37743
37707
37701
37695
37694
37692
37664
37620
37614
37604
37599
37589
37589
37572
37570
37569
37559
37548
37539
37538
37522
37507
37496
37495
37494
37489
37465
37459
37451
37448
37446
37429
37424
37423
37412
37410
37407
37401
37383
37374
37367
37356
37305
37294
37292
37291
37289
37289
37275
37268
37255
37252
37252
37251
37237
37211
37205
37194
37190
37187
37187
37140
37139
37120
37105
37098
37072
37070
37057
37050
37045
37031
37025
37020
36995
36993
36983
36980
36969
36959
36957
36952
36950
36930
36930
36896
36892
36881
36873
36872
36862
36856
36825
36822
36822
36806
36800
36795
36790
36784
36766
36745
36737
36723
36720
36707
36705
36691
36675
36669
36664
36663
36659
36657
36644
36643
36638
36620
36603
36600
36595
36583
36568
36562
36542
36539
36534
36528
36521
36508
36466
36441
36439
36434
36415
36344
36344
36333
36328
36317
36317
36307
36293
36291
36281
36231
36228
36221
36217
36208
36198
36190
36176
36161
36145
36126
36123
36116
36101
36096
36086
36086
36082
36047
36039
36033
36028
36022
36018
36014
36014
36008
35966
35965
35954
35954
35950
35941
35930
35910
35910
35909
35902
35900
35891
35874
35869
35868
35862
35856
35848
35839
35834
35834
35818
35813
35804
35789
35777
35777
35769
35764
35752
35748
35745
35737
35734
35725
35705
35701
35697
35689
35687
35673
35644
35635
35626
35619
35612
35604
35598
35597
35595
35592
35567
35560
35550
35543
35531
35529
35527
35520
35517
35511
35505
35495
35476
35465
35449
35421
35418
35396
35396
35386
35375
35374
35371
35352
35350
35344
35335
35334
35319
35319
35308
35249
35244
35232
35228
35220
35214
35184
35176
35155
35152
35142
35141
35123
35116
35115
35115
35111
35100
35100
35091
35085
35079
35076
35035
35034
35017
35006
35002
34998
34997
34980
34961
34955
34953
34943
34942
34941
34937
34934
34932
34928
34923
34919
34905
34904
34887
34882
34881
34880
34864
34862
34852
34840
34834
34820
34819
34812
34804
34787
34777
34768
34764
34753
34743
34737
34717
34713
34698
34683
34678
34676
34660
34659
34658
34653
34652
34644
34624
34619
34612
34605
34595
34586
34584
34576
34516
34514
34508
34507
34504
34492
34488
34479
34462
34442
34437
34403
34402
34401
34396
34391
34362
34352
34347
34319
34293
34287
34283
34278
34273
34268
34265
34263
34257
34256
34251
34250
34238
34233
34222
34211
34203
34201
34198
34197
34180
34167
34165
34155
34151
34147
34142
34126
34119
34118
34097
34087
34085
34080
34068
34065
34050
34048
34043
34043
34037
34030
34022
34020
34010
33991
33983
33968
33964
33963
33961
33953
33945
33913
33912
33910
33909
33904
33901
33882
33862
33861
33826
33819
33818
33799
33793
33786
33779
33777
33766
33758
33705
33700
33668
33668
33661
33653
33648
33638
33633
33616
33613
33612
33610
33592
33589
33566
33539
33521
33507
33504
33479
33471
33466
33455
33445
33441
33439
33414
33414
33407
33402
33400
33393
33389
33386
33345
33326
33323
33276
33266
33264
33257
33224
33221
33220
33211
33162
33161
33156
33133
33112
33107
33105
33095
33090
33081
33080
33071
33056
33043
33038
33036
33027
33025
33002
33002
32998
32994
32980
32977
32973
32948
32923
32917
32913
32906
32899
32893
32886
32853
32853
32847
32845
32830
32820
32802
32785
32783
32782
32767
32761
32722
32721
32720
32715
32677
32668
32664
32611
32553
32544
32540
32536
32536
32525
32523
32512
32477
32475
32469
32427
32426
32425
32422
32417
32391
32376
32367
32340
32339
32323
32311
32303
32297
32295
32279
32277
32254
32249
32230
32225
32218
32205
32204
32189
32181
32175
32161
32143
32140
32122
32122
32085
32084
32079
32076
32071
32071
32038
32025
31997
31989
31989
31977
31969
31961
31954
31952
31949
31947
31909
31907
31901
31897
31881
31876
31867
31864
31853
31846
31842
31840
31831
31806
31802
31801
31798
31789
31786
31774
31773
31771
31769
31757
31732
31731
31702
31693
31686
31671
31665
31664
31644
31642
31605
31605
31600
31585
31584
31582
31564
31564
31555
31549
31531
31531
31524
31512
31490
31487
31483
31469
31462
31454
31450
31447
31445
31437
31431
31426
31420
31415
31413
31409
31405
31400
31400
31369
31359
31351
31339
31330
31329
31318
31300
31299
31290
31282
31279
31278
31276
31247
31239
31228
31224
31216
31191
31177
31174
31172
31122
31098
31097
31095
31086
31079
31038
31022
31021
31014
31011
31005
31002
30984
30984
30978
30974
30973
30962
30958
30957
30898
30884
30881
30878
30846
30845
30843
30827
30818
30763
30761
30757
30742
30738
30729
30716
30711
30704
30699
30684
30684
30673
30660
30655
30654
30653
30646
30645
30643
30643
30631
30626
30624
30617
30605
30593
30587
30560
30558
30549
30549
30548
30491
30489
30485
30472
30467
30446
30444
30437
30413
30411
30400
30398
30391
30360
30354
30351
30340
30338
30330
30308
30305
30303
30277
30274
30273
30256
30251
30222
30209
30206
30206
30199
30194
30183
30145
30135
30133
30131
30100
30091
30073
30071
30060
30056
30054
30049
30036
30024
30004
30000
29999
29986
29979
29978
29977
29969
29964
29942
29937
29933
29932
29915
29913
29907
29898
29897
29893
29868
29855
29849
29838
29817
29802
29798
29792
29780
29762
29746
29737
29730
29727
29698
29628
29614
29608
29607
29601
29592
29588
29581
29577
29573
29544
29543
29525
29524
29522
29518
29515
29510
29503
29500
29497
29490
29484
29478
29475
29446
29446
29414
29413
29389
29385
29383
29380
29376
29353
29339
29333
29331
29330
29330
29314
29290
29283
29277
29272
29265
29257
29238
29234
29234
29231
29229
29220
29181
29156
29141
29131
29127
29126
29124
29098
29095
29095
29089
29088
29082
29080
29073
29056
29054
29018
29002
28992
28989
28969
28963
28956
28939
28930
28930
28922
28882
28879
28876
28846
28843
28829
28807
28806
28776
28770
28767
28754
28750
28739
28734
28730
28721
28711
28703
28672
28666
28660
28652
28649
28648
28646
28639
28611
28595
28589
28585
28578
28566
28561
28550
28545
28527
28525
28503
28494
28489
28480
28456
28437
28424
28422
28416
28408
28405
28399
28389
28377
28355
28353
28350
28340
28339
28331
28329
28319
28313
28311
28310
28303
28299
28298
28297
28295
28293
28279
28267
28261
28259
28226
28224
28210
28204
28199
28194
28177
28170
28159
28145
28145
28139
28135
28134
28125
28107
28104
28098
28084
28079
28076
28068
28067
28060
28040
28040
28038
28033
28031
28028
28014
27992
27987
27976
27971
27968
27958
27957
27951
27926
27920
27911
27904
27897
27895
27892
27892
27876
27837
27824
27821
27807
27805
27802
27772
27742
27739
27731
27731
27713
27706
27696
27688
27676
27673
27642
27628
27625
27622
27617
27613
27598
27593
27586
27560
27555
27533
27529
27529
27518
27515
27510
27494
27493
27491
27480
27472
27464
27459
27459
27453
27432
27411
27377
27373
27364
27360
27355
27354
27340
27327
27311
27308
27274
27274
27267
27261
27257
27251
27244
27232
27229
27214
27212
27204
27186
27182
27170
27163
27145
27145
27134
27109
27100
27097
27080
27079
27076
27072
27029
27022
27020
27010
27009
26984
26971
26969
26962
26961
26952
26934
26925
26923
26912
26889
26887
26885
26866
26858
26830
26827
26811
26809
26799
26795
26795
26795
26780
26764
26752
26714
26709
26690
26679
26665
26626
26626
26605
26580
26577
26558
26533
26515
26514
26510
26506
26494
26492
26490
26464
26444
26432
26401
26385
26360
26357
26332
26330
26327
26327
26326
26320
26311
26307
26283
26270
26269
26258
26252
26246
26245
26226
26225
26215
26215
26195
26187
26182
26144
26136
26125
26121
26114
26109
26108
26088
26038
26033
26025
26003
26001
25997
25996
25986
25966
25959
25933
25931
25925
25918
25900
25899
25894
25869
25861
25848
25846
25846
25836
25832
25794
25792
25789
25770
25764
25746
25744
25734
25720
25702
25681
25679
25664
25638
25633
25631
25628
25626
25625
25615
25600
25571
25569
25560
25555
25554
25543
25532
25511
25501
25488
25473
25461
25452
25413
25411
25386
25385
25375
25344
25325
25314
25306
25294
25293
25281
25281
25278
25278
25264
25264
25258
25256
25240
25234
25225
25224
25215
25194
25167
25164
25160
25159
25149
25147
25141
25132
25125
25118
25111
25078
25059
25048
25046
25045
25007
24981
24945
24941
24940
24940
24935
24923
24922
24913
24892
24883
24878
24876
24859
24856
24849
24849
24814
24807
24806
24779
24775
24760
24758
24758
24742
24725
24710
24696
24696
24683
24668
24654
24631
24627
24622
24605
24600
24580
24578
24558
24546
24539
24531
24497
24472
24459
24458
24437
24431
24365
24328
24289
24260
24257
24256
24248
24230
24219
24217
24200
24195
24179
24169
24156
24137
24135
24132
24100
24091
24091
24077
24070
24058
24048
24035
24033
24005
24004
23995
23990
23987
23979
23970
23940
23934
23916
23903
23897
23889
23877
23837
23833
23830
23808
23792
23786
23784
23782
23781
23769
23768
23766
23750
23750
23743
23731
23730
23710
23705
23693
23673
23673
23665
23648
23647
23646
23643
23638
23634
23609
23593
23592
23567
23563
23558
23548
23545
23521
23486
23482
23478
23472
23465
23441
23434
23407
23404
23391
23372
23363
23351
23339
23337
23334
23323
23305
23301
23287
23287
23284
23280
23278
23277
23265
23237
23235
23230
23229
23228
23227
23222
23219
23218
23202
23186
23184
23184
23173
23160
23140
23130
23129
23127
23115
23111
23102
23097
23082
23061
23058
23043
23036
23034
23031
23019
22981
22978
22960
22951
22950
22911
22910
22903
22900
22895
22887
22881
22880
22871
22866
22845
22800
22799
22787
22781
22767
22757
22737
22687
22684
22633
22596
22581
22581
22572
22572
22567
22516
22504
22498
22497
22493
22491
22469
22466
22444
22442
22440
22432
22430
22429
22421
22393
22335
22296
22295
22293
22286
22285
22279
22268
22255
22242
22241
22229
22227
22223
22178
22159
22142
22135
22130
22104
22092
22072
22065
22057
22055
22045
22044
22044
22042
22040
22033
22013
22004
22002
22000
21991
21984
21983
21982
21961
21934
21934
21929
21906
21902
21887
21876
21871
21863
21860
21857
21854
21853
21849
21832
21825
21822
21817
21783
21756
21756
21754
21745
21742
21718
21711
21710
21710
21709
21701
21681
21672
21659
21652
21645
21629
21628
21623
21611
21605
21583
21581
21573
21567
21555
21550
21536
21531
21527
21514
21513
21508
21507
21491
21489
21477
21464
21420
21409
21396
21393
21387
21382
21379
21352
21343
21342
21338
21336
21291
21277
21252
21245
21238
21215
21204
21193
21193
21187
21186
21182
21171
21149
21148
21141
21135
21129
21126
21125
21112
21096
21093
21092
21084
21078
21053
21050
21050
21048
21041
21033
21022
21014
21009
21005
20990
20974
20972
20961
20960
20938
20937
20927
20914
20883
20869
20867
20867
20860
20859
20857
20843
20835
20832
20829
20816
20814
20812
20811
20797
20791
20789
20785
20773
20770
20765
20760
20756
20754
20754
20753
20747
20742
20735
20735
20717
20703
20701
20684
20684
20673
20641
20610
20606
20599
20593
20566
20554
20542
20529
20529
20519
20502
20499
20498
20496
20490
20485
20481
20479
20439
20438
20434
20421
20407
20377
20371
20365
20362
20353
20349
20334
20323
20293
20246
20245
20241
20224
20221
20214
20212
20198
20106
20097
20090
20088
20080
20067
20059
20053
20029
20016
20013
19993
19992
19991
19983
19976
19930
19916
19910
19907
19900
19880
19878
19863
19830
19801
19799
19790
19783
19780
19761
19742
19721
19719
19710
19701
19678
19628
19627
19605
19584
19581
19552
19535
19523
19522
19521
19521
19515
19488
19476
19470
19465
19453
19429
19426
19406
19406
19377
19374
19374
19372
19357
19347
19340
19333
19331
19324
19322
19321
19308
19289
19288
19288
19266
19257
19254
19252
19252
19238
19234
19227
19225
19224
19220
19217
19213
19204
19202
19183
19182
19178
19173
19167
19167
19138
19134
19129
19118
19111
19103
19053
19043
19041
19041
19036
19036
19032
19031
19011
19000
18994
18993
18991
18985
18959
18955
18950
18935
18927
18924
18919
18916
18916
18912
18906
18902
18895
18876
18872
18871
18858
18849
18794
18793
18792
18791
18767
18765
18734
18733
18733
18727
18708
18688
18661
18638
18624
18624
18589
18580
18579
18575
18561
18539
18532
18523
18507
18483
18464
18462
18449
18424
18398
18397
18391
18385
18351
18345
18336
18334
18307
18307
18297
18295
18284
18271
18248
18227
18226
18219
18219
18213
18196
18192
18173
18172
18155
18132
18130
18120
18116
18094
18093
18091
18089
18086
18072
18063
18057
18049
18046
18028
18000
17998
17938
17936
17931
17929
17929
17912
17908
17893
17857
17850
17840
17839
17821
17813
17802
17796
17788
17764
17747
17729
17695
17691
17663
17652
17647
17646
17639
17633
17617
17595
17588
17572
17566
17559
17546
17542
17538
17533
17486
17458
17450
17439
17427
17425
17422
17417
17402
17383
17342
17340
17339
17335
17287
17285
17277
17271
17270
17260
17251
17236
17224
17197
17186
17170
17170
17155
17155
17134
17106
17097
17091
17070
17049
17046
17016
17010
17008
16983
16975
16970
16967
16955
16945
16939
16937
16924
16916
16916
16907
16893
16882
16869
16864
16845
16839
16817
16813
16782
16780
16771
16760
16756
16751
16742
16736
16730
16726
16722
16719
16717
16708
16698
16663
16659
16654
16654
16642
16633
16633
16627
16610
16594
16587
16566
16546
16544
16542
16539
16525
16521
16518
16517
16505
16491
16484
16480
16480
16473
16463
16455
16455
16440
16433
16424
16400
16400
16379
16374
16356
16354
16353
16347
16346
16344
16334
16321
16321
16297
16287
16285
16271
16263
16244
16241
16212
16211
16209
16196
16193
16174
16172
16171
16142
16135
16134
16134
16120
16112
16067
16067
16055
16050
16048
16043
16038
16035
16027
16026
16016
16013
16012
16005
16003
15981
15964
15961
15956
15955
15947
15933
15933
15923
15920
15917
15905
15883
15867
15856
15854
15832
15816
15802
15801
15795
15778
15776
15752
15727
15727
15723
15702
15701
15690
15679
15674
15661
15657
15647
15641
15632
15629
15626
15622
15606
15600
15587
15582
15577
15539
15530
15522
15515
15512
15499
15492
15491
15484
15445
15436
15424
15420
15410
15403
15397
15396
15385
15368
15326
15325
15304
15297
15294
15278
15266
15254
15245
15243
15242
15241
15223
15218
15197
15191
15191
15190
15182
15173
15145
15130
15120
15120
15110
15108
15087
15067
15061
15060
15057
15043
15038
15026
15022
15010
15008
14996
14996
14994
14988
14988
14984
14975
14948
14940
14935
14919
14913
14912
14891
14886
14885
14875
14859
14830
14818
14809
14796
14784
14775
14773
14772
14766
14741
14696
14686
14679
14665
14640
14638
14636
14632
14618
14600
14587
14577
14567
14562
14525
14522
14521
14503
14490
14482
14476
14473
14469
14466
14464
14461
14458
14417
14412
14410
14388
14388
14380
14365
14357
14337
14328
14325
14292
14286
14283
14277
14276
14271
14262
14256
14230
14205
14196
14159
14147
14135
14134
14126
14123
14103
14098
14094
14092
14092
14085
14078
14064
14059
14056
14050
14035
14028
14026
14020
14017
13999
13986
13984
13956
13955
13953
13948
13939
13927
13915
13912
13907
13899
13888
13881
13877
13874
13871
13856
13842
13838
13837
13828
13818
13817
13802
13797
13746
13734
13718
13706
13688
13680
13677
13670
13656
13632
13620
13610
13606
13597
13597
13596
13595
13590
13590
13572
13562
13545
13543
13536
13509
13508
13506
13505
13485
13481
13481
13474
13465
13464
13442
13439
13436
13423
13413
13405
13403
13402
13394
13383
13372
13365
13362
13352
13346
13345
13344
13337
13330
13269
13265
13264
13264
13251
13244
13237
13228
13205
13201
13197
13185
13158
13152
13149
13147
13116
13103
13090
13071
13069
13064
13055
13041
13038
13029
13001
12995
12993
12967
12955
12955
12933
12922
12913
12906
12906
12900
12893
12892
12891
12886
12884
12873
12871
12869
12866
12857
12857
12835
12830
12821
12818
12792
12758
12744
12741
12741
12740
12735
12706
12705
12696
12688
12687
12677
12666
12659
12643
12635
12603
12598
12597
12589
12587
12583
12581
12569
12563
12560
12542
12541
12512
12506
12491
12490
12478
12460
12446
12444
12440
12435
12425
12424
12421
12393
12390
12384
12383
12363
12350
12349
12340
12330
12326
12301
12263
12255
12220
12211
12199
12195
12188
12186
12147
12133
12130
12122
12119
12104
12085
12082
12065
12064
12053
12050
12031
12028
12021
12013
11957
11947
11930
11906
11866
11862
11855
11850
11794
11774
11761
11749
11737
11715
11707
11706
11689
11686
11679
11650
11634
11626
11625
11620
11601
11556
11546
11533
11533
11525
11517
11512
11511
11470
11437
11428
11413
11406
11398
11387
11379
11364
11362
11327
11317
11314
11300
11296
11288
11285
11280
11271
11235
11223
11220
11212
11203
11203
11203
11200
11190
11181
11181
11178
11168
11158
11157
11146
11080
11073
11069
11025
11014
10999
10990
10966
10965
10957
10949
10932
10925
10909
10907
10903
10895
10890
10888
10867
10847
10847
10826
10824
10804
10802
10785
10777
10759
10747
10730
10723
10707
10707
10674
10670
10670
10662
10646
10639
10638
10637
10636
10635
10628
10616
10612
10603
10599
10585
10573
10512
10507
10491
10487
10459
10445
10435
10432
10428
10426
10406
10404
10401
10373
10361
10358
10352
10346
10342
10341
10335
10308
10283
10279
10258
10251
10221
10188
10181
10165
10156
10147
10136
10127
10124
10123
10119
10119
10112
10111
10078
10074
10068
10066
10054
10050
10003
9996
9991
9989
9988
9986
9958
9958
9954
9942
9926
9916
9889
9881
9879
9857
9852
9823
9823
9822
9795
9793
9793
9787
9786
9766
9762
9757
9740
9712
9693
9682
9677
9676
9676
9663
9661
9648
9639
9635
9634
9620
9610
9606
9587
9573
9557
9535
9528
9524
9508
9486
9473
9460
9435
9425
9418
9405
9400
9398
9389
9365
9364
9363
9356
9355
9353
9351
9350
9331
9319
9311
9308
9304
9302
9300
9291
9279
9276
9274
9273
9272
9263
9253
9249
9238
9225
9217
9189
9188
9186
9177
9174
9163
9154
9152
9144
9135
9130
9127
9112
9089
9088
9067
9063
9030
9023
9021
9017
9017
9015
9008
8999
8995
8995
8993
8981
8978
8978
8972
8968
8964
8962
8960
8957
8947
8946
8944
8940
8932
8931
8918
8912
8888
8885
8877
8871
8869
8862
8856
8840
8819
8817
8814
8814
8813
8793
8790
8782
8779
8773
8773
8765
8763
8762
8757
8753
8749
8749
8736
8734
8714
8665
8633
8624
8611
8583
8582
8573
8572
8548
8547
8545
8540
8533
8515
8508
8505
8500
8499
8497
8496
8490
8482
8480
8474
8470
8451
8435
8428
8426
8421
8417
8411
8399
8389
8386
8382
8381
8361
8353
8348
8340
8329
8318
8309
8304
8302
8300
8298
8294
8287
8287
8284
8281
8268
8267
8264
8245
8239
8211
8203
8202
8199
8191
8162
8161
8151
8146
8139
8121
8119
8118
8116
8110
8106
8105
8090
8078
8070
8059
8057
8019
8018
8014
8001
7977
7966
7965
7938
7932
7921
7921
7919
7916
7914
7914
7906
7891
7858
7857
7855
7850
7846
7845
7834
7825
7824
7816
7803
7799
7793
7765
7764
7756
7739
7737
7715
7708
7705
7697
7685
7679
7662
7660
7647
7634
7632
7619
7618
7602
7593
7573
7572
7554
7544
7523
7498
7494
7475
7419
7413
7412
7408
7396
7394
7390
7385
7379
7375
7370
7368
7351
7337
7332
7290
7289
7285
7271
7270
7269
7268
7260
7256
7252
7251
7248
7226
7226
7211
7211
7200
7193
7166
7161
7160
7146
7141
7136
7129
7125
7111
7110
7108
7093
7085
7051
7042
7042
7021
7007
6989
6977
6976
6962
6962
6933
6929
6927
6926
6919
6916
6902
6899
6891
6864
6859
6839
6838
6820
6819
6815
6810
6765
6757
6747
6738
6709
6691
6674
6654
6652
6640
6632
6630
6627
6603
6597
6588
6575
6575
6553
6550
6535
6532
6521
6504
6503
6485
6479
6465
6462
6461
6446
6420
6415
6391
6386
6385
6379
6375
6369
6362
6343
6304
6272
6271
6271
6267
6266
6254
6251
6241
6236
6223
6205
6171
6169
6164
6161
6156
6150
6147
6140
6133
6132
6130
6130
6125
6098
6094
6090
6089
6059
6056
6049
6043
6043
6029
6026
6024
6020
6000
6000
5999
5996
5987
5954
5947
5945
5923
5921
5918
5911
5888
5880
5855
5853
5849
5837
5798
5794
5790
5776
5735
5729
5723
5718
5704
5698
5660
5651
5650
5625
5617
5597
5592
5585
5579
5575
5571
5570
5514
5512
5510
5509
5508
5498
5493
5486
5465
5463
5460
5457
5437
5412
5361
5357
5342
5335
5312
5297
5288
5285
5278
5272
5218
5192
5183
5170
5168
5168
5158
5155
5154
5152
5125
5118
5104
5096
5077
5076
5055
5046
5041
5039
5026
4977
4969
4945
4930
4921
4896
4881
4872
4857
4853
4852
4850
4844
4843
4832
4832
4826
4824
4817
4812
4799
4790
4785
4781
4780
4738
4734
4734
4728
4722
4720
4719
4700
4693
4693
4692
4685
4684
4675
4670
4665
4660
4654
4647
4639
4637
4636
4632
4624
4612
4604
4600
4598
4596
4594
4589
4586
4580
4549
4527
4521
4515
4504
4491
4481
4456
4450
4414
4413
4403
4395
4394
4388
4387
4375
4373
4370
4366
4360
4350
4341
4331
4322
4311
4296
4294
4281
4257
4255
4216
4211
4208
4184
4180
4177
4149
4123
4122
4105
4104
4097
4051
4049
4036
4029
4028
4028
4002
3982
3979
3948
3948
3942
3930
3898
3895
3888
3886
3882
3879
3874
3868
3864
3864
3859
3828
3800
3800
3798
3793
3792
3791
3781
3781
3777
3762
3736
3723
3720
3713
3705
3702
3697
3689
3682
3664
3652
3648
3625
3624
3620
3605
3598
3596
3586
3572
3568
3561
3545
3504
3465
3458
3457
3433
3429
3429
3424
3414
3409
3392
3388
3380
3380
3377
3374
3367
3366
3355
3349
3349
3340
3329
3301
3263
3245
3237
3232
3225
3211
3204
3181
3174
3159
3156
3142
3134
3112
3108
3087
3086
3068
3057
3048
3041
3026
3025
2989
2986
2984
2980
2963
2948
2944
2942
2921
2914
2905
2897
2896
2887
2882
2863
2860
2855
2826
2822
2819
2799
2795
2680
2680
2680
2676
2673
2657
2647
2632
2626
2623
2606
2602
2595
2581
2578
2556
2553
2537
2502
2494
2471
2464
2463
2462
2461
2455
2451
2404
2403
2368
2363
2356
2354
2350
2325
2318
2315
2315
2314
2289
2287
2276
2274
2262
2258
2255
2234
2223
2223
2216
2215
2203
2184
2174
2173
2167
2166
2164
2144
2125
2123
2120
2112
2109
2108
2101
2101
2090
2083
2075
2073
2060
2048
2048
2020
2014
1999
1999
1998
1997
1997
1955
1941
1940
1931
1912
1907
1904
1899
1891
1887
1885
1883
1878
1867
1866
1856
1851
1850
1843
1831
1826
1822
1810
1802
1792
1780
1776
1760
1744
1729
1715
1700
1698
1690
1662
1645
1636
1630
1621
1620
1618
1588
1576
1571
1569
1561
1560
1558
1554
1515
1512
1511
1510
1486
1486
1474
1473
1452
1445
1439
1430
1386
1386
1382
1379
1366
1346
1343
1342
1342
1318
1310
1308
1282
1262
1258
1254
1252
1252
1243
1206
1199
1191
1178
1159
1136
1125
1116
1115
1115
1113
1111
1093
1087
1075
1063
1054
1040
1032
1030
1019
1014
1012
1006
1006
1001
984
983
981
976
949
939
924
913
912
907
903
882
870
865
856
840
825
820
818
808
802
796
794
792
790
757
750
750
730
727
719
713
703
701
697
695
682
678
672
670
669
661
619
617
590
579
562
559
543
541
517
512
511
502
491
490
483
473
472
438
427
417
403
400
395
390
388
380
367
361
357
341
328
317
301
300
280
252
232
222
218
213
198
189
178
174
172
171
148
137
135
123
119
99
61
58
57
52
27
23
23
