42801
95718
23116
71731
47217
31521
67264
84805
95943
30022
51839
81261
51759
91113
34395
72848
64706
45854
38673
33029
32296
85288
62744
42557
36004
43424
42547
61872
87976
13884
63401
47130
25955
86517
18861
73172
18038
86125
74329
13982
16147
26169
11595
84258
33634
45990
57106
14693
8197
12131
47722
40493
97420
26819
99402
49776
70243
41949
11648
58219
72186
75050
21701
14493
77919
40563
87665
12310
26688
78346
26292
59188
4515
54239
43446
54502
16582
16905
69195
24779
29036
33269
65272
42808
60088
81026
92584
30331
39327
20585
4903
27865
11987
42956
42358
6258
83519
46375
18568
26560
24722
61212
85748
45589
15452
45546
91
32034
78803
69286
56813
7840
2556
38437
67000
78996
35815
75937
25680
75142
96522
46935
19360
24861
89891
61718
31119
73411
8094
49688
99971
32816
27252
2071
78405
42704
63969
94849
91090
42773
64135
64255
66965
83043
19044
50317
62040
54859
26254
4072
46354
39128
51007
65714
63989
40898
43784
11461
14309
51878
77501
30632
1046
4753
49055
95804
63810
13025
90653
54900
72150
71140
35508
55467
54184
54552
5784
32576
25764
32039
36648
88470
87519
87655
70536
51509
28553
14320
79322
59215
82551
56823
6199
83597
61576
55255
95753
25386
84632
86406
96639
73134
57547
32147
28601
28083
3051
50737
60659
28815
99128
13659
33637
86648
1314
4173
54509
46219
34846
33831
21786
17397
90654
27986
17346
68582
99593
13100
10321
84225
15858
6960
73711
89757
39107
2312
17840
42158
69401
94851
87326
68530
24862
20963
55178
42528
25137
26039
88748
76335
59870
26886
93732
66876
54872
11078
35458
54465
40530
45779
55042
72741
69091
28753
62498
24550
47417
96691
66709
16819
7894
70387
85349
32757
91350
56879
91637
32839
82918
80385
9174
59140
7272
19258
26016
78496
46689
77826
49314
87219
39958
4356
76312
9049
49462
55163
33600
13231
51854
16661
46402
76100
87048
48103
25209
94750
4982
16847
43942
4252
13584
69468
63392
37208
88727
5760
15705
35416
83587
65019
38987
23545
85727
15300
48946
51541
86815
98898
64773
55021
15559
27527
31121
18959
75631
72683
30062
96965
5882
74004
1218
19466
43472
80962
56675
48551
86723
88732
319
86662
70103
39307
26559
55830
70959
75505
23724
57774
74404
4849
12795
6315
32376
60268
25275
8007
32951
55337
4973
38833
45693
22543
74652
89165
3505
47679
54069
6580
36411
54388
93242
6514
93695
19801
78696
81006
95307
2420
55132
86063
23621
67927
92378
55998
44548
34005
64005
93851
89342
85330
32685
35035
7873
23689
40553
27731
71368
94622
34311
24131
65362
27554
30645
75410
63707
25693
56416
75366
44466
11549
61429
68087
95828
70160
24085
40376
4165
4443
50580
93508
6125
83265
44895
30351
23306
1800
58082
94674
12774
8745
18805
78137
52651
65802
53547
16359
91495
26315
91725
52313
54216
69507
20401
50045
39667
60838
6773
43832
81633
57353
53692
4111
56970
98588
34462
80276
388
8896
91302
13163
17641
26459
7652
70293
92261
61199
86652
109
87514
94729
68774
41731
64236
5527
8128
3903
66366
31253
64088
64351
4959
17780
68462
78281
16368
19276
74910
33109
28172
66212
62624
45814
9024
70276
32459
17637
47827
35463
17746
51693
30192
86521
93424
10781
8400
17904
14684
74766
65510
78772
55470
70469
96553
23932
65102
29273
43209
40012
78734
87733
22577
57710
49899
31601
44338
82358
49238
92165
34173
83337
43859
64366
86210
53635
75147
94610
87892
6183
85729
53402
1308
41199
40223
14213
81483
5325
59838
41044
45338
38573
28778
84267
12635
78677
15868
56974
77388
81458
65491
11561
64795
9350
92279
67357
79338
83778
78320
67230
89962
64049
20632
7622
21600
60855
21835
3083
66180
81673
60480
27870
36598
5610
12137
49234
639
44357
22560
78027
25816
88051
5941
6963
13754
98220
90673
93092
81999
68993
60322
88313
33042
97306
95935
54642
58161
34122
74077
40693
15795
34557
84916
68746
40167
97053
17980
40807
41411
56892
35186
83579
44943
41127
6894
58697
55700
97567
68141
54051
66560
44815
42364
99602
42121
54651
70596
16634
88773
61026
57328
20920
95583
42244
89666
52103
55649
7646
9262
13412
64538
44448
96991
25834
1928
20238
883
57628
17805
69025
28031
84366
13840
70395
320
72314
41398
87269
88948
30171
48295
62628
51091
60230
21224
40758
12333
76874
64756
37947
6638
45647
98748
3630
71481
676
40220
88716
74656
58025
74093
2687
58743
4286
89434
59064
76600
30832
46333
65548
77355
10980
28177
28446
71210
49401
85556
99896
42627
50313
37843
49266
95960
36591
69248
83793
53619
9468
72509
44627
67493
62955
47314
26237
67241
53100
1653
43841
83932
64338
25741
77639
75318
70270
6086
62880
36024
7994
62776
78651
58307
620
44269
70619
53563
13517
54412
7183
39337
43274
51810
23183
6229
15477
65772
73470
68577
67425
33663
68862
48115
59404
46501
39785
46027
68939
2665
82051
76934
65442
60702
51593
82414
4972
22213
35977
34841
92977
59512
74179
36251
11323
97362
58832
43152
63134
48654
11729
46911
98669
96943
95026
74426
59797
51163
20453
28736
53828
2504
22022
35622
79558
73616
34388
84530
95829
70366
35724
5158
46230
26255
57762
73905
23617
32946
17057
3103
81601
45139
66366
96622
58434
77744
71048
18231
28907
91501
63320
99087
94005
1694
34710
89916
75310
69098
90798
87491
55816
26522
92650
2047
52777
66764
92304
92746
99710
9362
12201
81311
70853
94919
94286
29287
72663
65334
63871
17922
73188
43543
17010
83545
45237
68072
73461
20548
37170
64260
24391
9339
90782
33393
27738
59912
157
20042
52658
99868
45756
81212
97531
32961
76131
91817
62249
48795
73504
42472
83069
46692
86015
79
30237
31252
84503
3699
68152
21674
67959
92544
47365
75093
42289
75103
35005
42447
11497
4016
58667
57254
85228
72550
90215
61359
64368
68816
26506
54224
27640
25928
916
13655
26007
31153
44908
26863
51204
29412
48537
35515
38308
12254
10609
80598
87357
61966
23045
98854
65982
98064
72460
67562
70614
79028
28922
51334
47844
71780
5558
91837
97708
6474
5492
40068
53980
66752
66931
5184
96165
31820
40700
34473
44074
67661
15071
47783
29627
54468
62989
95610
52532
51802
63172
39499
30830
8446
90833
95026
96579
96392
86863
10639
19218
92356
50707
73198
75460
33990
94735
71625
65810
51787
22451
26236
19448
53874
90371
65427
24695
53361
77389
93579
5163
56914
33078
52345
81712
23912
47371
78291
36656
34235
88931
55874
42943
55990
45425
18403
89981
40160
6381
72143
8299
45184
14732
44099
15410
5103
9526
40105
74816
3268
33685
96331
60182
83115
48676
41894
23379
12400
20186
60035
62987
25469
32262
5930
81459
77687
40685
87792
34199
63418
76288
58850
24954
91020
2949
40365
12475
28827
80470
87292
32095
30507
99975
92277
29975
65004
34172
53354
77404
70710
13390
56743
12531
62004
79025
10342
39691
19710
98135
90242
99481
74423
49092
24435
81795
52041
64800
94270
97220
61623
97914
29316
8482
97890
37945
38457
79246
88469
91812
73002
75531
21554
29745
88062
83558
8770
98405
39601
44832
96540
29843
44313
87315
95287
85101
69110
63680
66253
79732
60900
27876
77647
6568
52711
91889
44514
91168
71135
32983
99332
44137
8515
20886
90234
96577
20796
99004
11334
76749
60188
24226
22944
20854
11541
18231
5955
97003
81911
88560
76736
59164
32789
54383
65732
85500
46272
10246
76668
33759
59582
92353
77896
68097
29591
84482
81026
50388
83486
92361
27137
60026
32939
66434
80880
44481
84665
86835
57836
82929
91748
34572
42093
24537
5307
7825
10037
67931
34424
3057
1690
94006
95410
95938
78455
25002
80420
59481
91742
80258
68194
35231
40285
1134
1665
21165
61967
86331
24353
36155
69260
16101
87080
27705
40638
92387
51882
67027
76671
86306
70084
94713
80312
81847
90652
75119
23201
87424
34601
14943
84035
19147
50174
40672
36633
68192
78189
14952
54523
2542
51108
40135
34995
38188
84192
91985
46927
36074
59012
23598
38733
45449
18312
19045
43648
25316
94165
66849
29092
45118
98144
13127
80617
64670
53799
17251
32862
31989
32203
3737
50883
99663
60224
2231
37851
44416
94216
84779
96843
69581
24729
35576
31382
59393
70973
75030
84709
81490
58231
30154
26608
56375
43281
23578
21045
13433
40829
53908
61774
89384
73997
29009
89048
34222
31240
43251
78638
41809
44382
75481
27742
69112
27409
75476
28505
98383
66858
29567
79873
25089
59721
22834
97816
19354
46412
18861
32787
87241
89121
10913
92977
63119
56275
82025
97341
3867
25277
92331
62028
69659
84165
89770
55123
11574
81598
83629
9957
48456
29548
89831
89897
89269
12665
87713
8623
59077
6575
57763
62670
12048
85028
55647
75167
41303
54025
88860
45171
79302
81192
7199
65313
81709
13322
20437
93283
94920
20418
19593
59729
49966
9424
49626
55587
38441
37340
64210
13870
60267
38325
92892
72315
23354
48539
63835
81009
18916
52695
26180
14570
50239
49732
79884
31948
79406
16673
41584
90678
37091
61177
50407
3409
86953
34
58996
25394
53726
39558
55616
30345
94236
48508
2660
17590
13399
82847
14951
32316
35543
41132
63238
2134
7216
43122
34083
86622
59795
75667
77300
13238
36844
44060
32999
40149
60446
8347
65543
14172
47906
37511
44517
42142
2371
63529
76084
32122
46377
91035
80790
98272
48519
44029
406
72087
87151
50841
58709
63299
42860
52362
92889
96056
96422
25889
36205
73220
50588
18100
87392
98494
55611
48261
56988
57982
28142
33072
90105
74519
40460
70895
89143
88979
14924
89550
90166
90165
90165
90163
90147
90146
90142
90131
90125
90109
90109
90108
90101
90087
90078
90077
90074
90068
90066
90063
90051
90048
90034
90009
90004
90000
89998
89997
89994
89990
89987
89987
89980
89975
89973
89970
89966
89965
89958
89958
89951
89950
89944
89940
89934
89927
89908
89907
89905
89894
89890
89883
89878
89875
89874
89868
89867
89865
89860
89859
89857
89852
89852
89851
89849
89825
89813
89812
89811
89801
89796
89788
89765
89763
89762
89755
89754
89746
89737
89727
89720
89712
89702
89701
89698
89698
89697
89693
89692
89685
89684
89683
89678
89650
89644
89642
89638
89634
89632
89628
89625
89624
89620
89602
89600
89591
89589
89586
89585
89582
89581
89571
89550
89545
89543
89535
89533
89529
89508
89502
89500
89496
89487
89472
89471
89470
89433
89429
89428
89425
89419
89409
89408
89404
89403
89397
89395
89391
89381
89379
89377
89366
89360
89359
89357
89357
89349
89349
89348
89345
89338
89320
89313
89304
89303
89301
89298
89285
89284
89280
89280
89279
89275
89272
89266
89265
89258
89258
89231
89228
89222
89219
89213
89208
89181
89176
89173
89161
89161
89153
89147
89147
89146
89131
89127
89127
89112
89111
89106
89105
89104
89093
89091
89073
89067
89059
89059
89058
89055
89055
89051
89050
89039
89038
89033
89032
89032
89024
89018
89018
89008
89002
88988
88984
88981
88975
88973
88959
88952
88937
88932
88926
88917
88911
88909
88907
88905
88902
88900
88899
88887
88883
88880
88872
88856
88849
88842
88831
88825
88825
88823
88822
88799
88788
88782
88780
88780
88773
88750
88742
88742
88741
88738
88727
88723
88722
88716
88708
88706
88703
88698
88694
88694
88694
88671
88658
88652
88646
88639
88631
88611
88606
88603
88601
88599
88591
88590
88586
88586
88585
88581
88571
88568
88535
88526
88524
88517
88516
88515
88512
88512
88490
88487
88486
88473
88468
88468
88455
88454
88440
88435
88414
88409
88394
88385
88381
88377
88374
88365
88361
88347
88335
88333
88331
88313
88310
88309
88308
88305
88299
88289
88272
88252
88248
88247
88240
88239
88232
88230
88217
88214
88212
88202
88177
88157
88152
88151
88142
88142
88142
88134
88121
88120
88117
88111
88111
88107
88106
88094
88080
88071
88068
88061
88061
88060
88060
88058
88056
88043
88042
88019
88014
88010
88007
88000
87997
87996
87982
87982
87973
87946
87944
87940
87934
87926
87920
87906
87900
87893
87866
87856
87856
87846
87844
87835
87834
87826
87813
87810
87810
87809
87809
87805
87785
87782
87774
87761
87749
87740
87738
87736
87734
87731
87723
87718
87699
87697
87691
87690
87681
87679
87678
87673
87670
87665
87648
87644
87637
87627
87618
87613
87610
87606
87590
87589
87583
87581
87579
87576
87574
87572
87571
87561
87558
87546
87537
87531
87512
87512
87510
87510
87507
87507
87506
87505
87484
87456
87452
87446
87445
87439
87436
87426
87419
87419
87410
87404
87391
87376
87352
87349
87349
87327
87304
87304
87303
87295
87286
87273
87261
87259
87257
87253
87242
87240
87232
87227
87211
87201
87189
87188
87188
87183
87178
87177
87176
87160
87158
87155
87131
87128
87123
87118
87109
87109
87105
87104
87103
87099
87098
87097
87079
87078
87078
87073
87072
87068
87064
87058
87057
87047
87024
87019
87008
86990
86988
86985
86977
86977
86961
86952
86948
86942
86940
86934
86931
86930
86927
86923
86915
86914
86914
86910
86908
86904
86894
86893
86890
86872
86850
86842
86832
86827
86825
86819
86816
86808
86790
86786
86763
86741
86725
86722
86706
86701
86698
86670
86669
86662
86655
86644
86640
86633
86617
86614
86613
86611
86608
86605
86585
86582
86577
86555
86530
86529
86527
86513
86513
86506
86505
86502
86495
86469
86462
86461
86459
86448
86443
86440
86434
86432
86431
86431
86430
86430
86426
86425
86423
86421
86421
86416
86413
86413
86406
86393
86371
86360
86360
86355
86354
86349
86348
86340
86340
86335
86335
86314
86310
86306
86297
86296
86288
86271
86266
86266
86265
86262
86255
86254
86248
86247
86242
86242
86240
86233
86227
86206
86201
86200
86200
86200
86198
86197
86187
86186
86171
86163
86160
86153
86126
86116
86114
86113
86111
86109
86090
86082
86082
86081
86072
86067
86061
86045
86037
86034
86032
86028
85998
85995
85986
85983
85983
85973
85966
85964
85956
85955
85951
85943
85934
85927
85926
85919
85915
85907
85904
85895
85893
85865
85862
85859
85856
85855
85850
85849
85838
85833
85822
85806
85797
85790
85788
85786
85773
85761
85756
85749
85738
85735
85734
85734
85728
85725
85710
85708
85703
85700
85684
85680
85660
85659
85656
85653
85651
85647
85638
85627
85627
85625
85614
85610
85592
85586
85576
85566
85562
85547
85530
85528
85525
85518
85514
85509
85507
85490
85478
85472
85446
85444
85443
85438
85421
85419
85411
85407
85405
85399
85397
85395
85394
85393
85389
85384
85380
85378
85377
85372
85371
85363
85352
85348
85339
85328
85317
85316
85316
85309
85302
85290
85290
85288
85286
85282
85282
85266
85264
85259
85256
85250
85246
85227
85219
85190
85189
85188
85177
85177
85168
85166
85162
85161
85161
85156
85149
85149
85148
85143
85135
85118
85107
85096
85095
85041
85039
85027
85017
85012
85000
84977
84972
84967
84963
84962
84948
84933
84925
84912
84899
84866
84865
84864
84847
84843
84837
84832
84828
84817
84810
84808
84804
84802
84798
84798
84792
84785
84780
84779
84775
84760
84753
84751
84749
84748
84748
84747
84733
84732
84724
84705
84681
84671
84654
84646
84643
84625
84616
84599
84580
84552
84544
84543
84526
84518
84509
84501
84484
84478
84476
84460
84441
84438
84434
84429
84424
84423
84422
84411
84401
84394
84389
84386
84380
84375
84372
84367
84351
84350
84350
84343
84341
84327
84306
84305
84303
84288
84284
84244
84234
84225
84221
84210
84205
84199
84196
84191
84183
84163
84161
84161
84156
84155
84148
84144
84140
84131
84126
84116
84110
84109
84105
84101
84101
84100
84092
84085
84080
84079
84060
84060
84051
84048
84047
84045
84034
84033
84020
84013
83998
83991
83982
83969
83961
83960
83958
83957
83954
83950
83949
83943
83941
83939
83926
83900
83898
83891
83884
83881
83866
83862
83862
83856
83836
83834
83831
83830
83824
83823
83822
83805
83804
83801
83787
83768
83765
83755
83739
83732
83729
83722
83713
83712
83705
83697
83693
83691
83683
83682
83669
83664
83660
83645
83645
83638
83630
83630
83627
83598
83585
83584
83577
83574
83563
83559
83558
83549
83542
83537
83521
83518
83518
83511
83510
83507
83486
83482
83478
83458
83448
83447
83427
83408
83403
83403
83402
83399
83396
83393
83388
83367
83365
83360
83342
83338
83333
83322
83319
83317
83302
83301
83291
83291
83270
83267
83266
83253
83245
83236
83233
83217
83184
83182
83174
83173
83170
83165
83160
83154
83139
83138
83137
83136
83133
83131
83124
83100
83061
83054
83053
83051
83036
83033
83032
83029
82996
82991
82987
82986
82984
82981
82979
82977
82972
82965
82954
82951
82916
82915
82909
82901
82896
82878
82865
82860
82855
82847
82845
82840
82826
82822
82818
82811
82803
82800
82795
82793
82791
82785
82782
82774
82770
82765
82763
82756
82755
82752
82748
82714
82714
82711
82709
82692
82687
82685
82677
82677
82674
82657
82648
82643
82629
82616
82611
82609
82600
82599
82594
82594
82588
82580
82575
82569
82568
82565
82563
82550
82549
82540
82533
82530
82526
82517
82512
82502
82496
82490
82489
82488
82486
82468
82465
82458
82457
82453
82453
82452
82446
82441
82428
82420
82415
82414
82382
82375
82371
82371
82365
82364
82353
82319
82318
82316
82303
82287
82286
82285
82282
82237
82232
82227
82206
82181
82170
82157
82145
82143
82142
82138
82138
82126
82124
82120
82118
82113
82111
82103
82103
82098
82098
82089
82065
82050
82039
82038
82034
82031
82031
82030
82027
82023
82020
82017
81998
81992
81988
81987
81986
81977
81961
81953
81952
81946
81936
81928
81924
81921
81919
81914
81913
81911
81885
81882
81878
81875
81871
81851
81850
81833
81831
81829
81823
81815
81793
81787
81780
81774
81774
81774
81754
81748
81744
81733
81733
81721
81712
81710
81704
81699
81698
81691
81691
81689
81684
81680
81679
81673
81673
81672
81651
81637
81634
81617
81614
81577
81569
81563
81562
81554
81547
81539
81533
81515
81510
81508
81505
81503
81501
81498
81467
81465
81465
81456
81449
81435
81432
81426
81412
81407
81406
81406
81393
81384
81377
81372
81364
81360
81351
81333
81330
81326
81319
81317
81308
81307
81289
81283
81283
81280
81271
81244
81241
81221
81218
81209
81205
81187
81183
81168
81166
81165
81151
81142
81139
81134
81132
81115
81108
81106
81104
81098
81095
81082
81078
81076
81067
81038
81036
81012
80990
80970
80966
80965
80962
80959
80945
80939
80937
80933
80915
80913
80913
80913
80912
80904
80904
80897
80880
80878
80876
80873
80855
80847
80847
80843
80837
80834
80810
80794
80791
80785
80781
80779
80777
80765
80750
80748
80738
80737
80732
80732
80717
80710
80708
80707
80700
80691
80683
80682
80669
80660
80656
80654
80646
80644
80643
80639
80638
80636
80635
80629
80613
80612
80607
80605
80603
80583
80581
80569
80565
80563
80549
80541
80532
80531
80530
80527
80518
80514
80508
80502
80497
80495
80479
80464
80453
80452
80444
80442
80439
80430
80428
80409
80403
80397
80396
80378
80375
80374
80367
80338
80316
80314
80313
80305
80305
80300
80289
80282
80277
80272
80272
80270
80270
80268
80264
80264
80248
80243
80236
80236
80227
80225
80207
80184
80173
80164
80159
80156
80154
80123
80113
80102
80100
80091
80066
80061
80059
80058
80043
80027
80026
80019
80011
80010
80007
80005
79994
79991
79983
79977
79976
79960
79957
79953
79952
79947
79946
79945
79937
79933
79930
79927
79913
79900
79894
79878
79866
79861
79843
79833
79826
79806
79803
79802
79797
79789
79788
79786
79777
79771
79766
79760
79757
79757
79740
79733
79715
79693
79686
79682
79682
79680
79679
79677
79669
79660
79655
79652
79649
79644
79633
79621
79612
79609
79590
79578
79575
79573
79570
79566
79559
79558
79551
79523
79518
79512
79509
79507
79491
79480
79479
79478
79475
79473
79464
79452
79448
79447
79443
79441
79425
79422
79419
79417
79401
79399
79397
79390
79385
79381
79358
79334
79317
79304
79293
79283
79272
79272
79244
79229
79215
79211
79201
79197
79174
79169
79161
79155
79144
79125
79115
79111
79107
79105
79101
79100
79079
79067
79057
79051
79047
79046
79038
79013
79000
78999
78990
78980
78977
78966
78960
78958
78950
78945
78944
78943
78935
78932
78924
78919
78909
78909
78903
78899
78896
78892
78890
78876
78872
78870
78869
78869
78861
78854
78834
78820
78820
78818
78816
78816
78815
78802
78800
78798
78794
78789
78789
78769
78754
78749
78749
78739
78722
78719
78692
78682
78676
78645
78623
78618
78603
78594
78584
78578
78572
78561
78551
78546
78537
78534
78532
78530
78529
78521
78505
78499
78497
78485
78482
78462
78440
78427
78415
78411
78397
78397
78395
78393
78386
78380
78360
78351
78343
78340
78337
78336
78331
78327
78323
78313
78303
78298
78295
78279
78272
78272
78271
78271
78265
78250
78245
78240
78240
78238
78234
78231
78220
78218
78214
78212
78202
78198
78191
78182
78169
78150
78136
78118
78100
78095
78065
78056
78053
78049
78049
78047
78047
78041
78031
78030
78018
78017
78014
78002
78001
77998
77995
77975
77964
77956
77952
77946
77940
77932
77910
77907
77902
77900
77887
77876
77867
77856
77850
77843
77834
77830
77829
77823
77821
77815
77785
77782
77772
77762
77760
77749
77736
77722
77721
77711
77706
77706
77700
77690
77686
77683
77669
77667
77655
77642
77641
77641
77638
77624
77606
77602
77601
77599
77592
77590
77577
77576
77574
77568
77559
77550
77547
77537
77530
77522
77501
77493
77490
77483
77457
77449
77440
77419
77416
77413
77403
77387
77376
77376
77375
77372
77369
77367
77361
77350
77339
77337
77326
77321
77315
77286
77278
77256
77255
77244
77244
77240
77212
77201
77192
77183
77178
77176
77175
77173
77150
77139
77133
77127
77125
77123
77120
77118
77112
77108
77104
77101
77095
77076
77071
77056
77054
77052
77051
77036
77030
77025
77022
77010
77004
77002
77001
77000
76998
76997
76993
76993
76992
76991
76984
76975
76973
76970
76959
76957
76954
76939
76927
76927
76918
76909
76908
76902
76901
76892
76889
76866
76846
76833
76809
76804
76789
76786
76785
76782
76781
76771
76766
76761
76751
76749
76740
76736
76721
76719
76712
76707
76706
76691
76676
76673
76670
76663
76661
76656
76652
76649
76647
76643
76636
76627
76623
76622
76608
76608
76601
76595
76587
76586
76579
76577
76569
76566
76563
76561
76548
76538
76533
76525
76519
76510
76504
76504
76499
76494
76488
76480
76478
76467
76457
76456
76441
76431
76428
76427
76422
76410
76407
76404
76402
76387
76385
76374
76367
76360
76360
76357
76355
76353
76344
76328
76315
76309
76270
76257
76238
76234
76234
76224
76220
76220
76214
76208
76205
76194
76179
76179
76174
76136
76136
76133
76129
76125
76122
76120
76119
76116
76116
76112
76104
76100
76095
76079
76074
76073
76047
76041
76025
76016
76014
76011
76000
75995
75977
75972
75951
75946
75939
75932
75927
75926
75912
75911
75899
75887
75882
75861
75860
75859
75849
75848
75847
75818
75798
75795
75794
75784
75783
75778
75775
75766
75765
75763
75754
75750
75736
75730
75715
75714
75685
75685
75680
75667
75660
75658
75648
75646
75640
75634
75631
75618
75613
75611
75608
75604
75600
75589
75588
75585
75576
75557
75555
75537
75529
75508
75508
75506
75506
75499
75496
75496
75491
75489
75480
75476
75473
75461
75460
75451
75450
75437
75430
75423
75423
75419
75419
75414
75413
75392
75381
75373
75361
75357
75353
75351
75349
75348
75347
75347
75340
75338
75332
75332
75323
75322
75319
75293
75288
75280
75279
75276
75276
75276
75275
75275
75273
75270
75267
75259
75258
75244
75242
75231
75228
75222
75218
75217
75217
75217
75206
75195
75190
75188
75178
75174
75174
75173
75171
75168
75168
75164
75161
75156
75153
75150
75147
75143
75141
75138
75131
75128
75126
75126
75125
75121
75113
75108
75100
75098
75091
75086
75083
75080
75055
75053
75046
75037
75035
75034
75023
75018
75014
75010
75009
75007
75002
74996
74988
74981
74965
74964
74960
74953
74952
74943
74938
74932
74910
74896
74893
74891
74886
74882
74876
74875
74870
74870
74863
74854
74853
74847
74846
74837
74834
74833
74829
74823
74822
74819
74817
74809
74788
74788
74779
74779
74772
74753
74748
74745
74743
74738
74737
74731
74724
74718
74716
74704
74693
74671
74654
74652
74652
74647
74646
74639
74639
74630
74628
74622
74614
74606
74593
74590
74590
74589
74584
74566
74558
74552
74533
74528
74524
74524
74511
74504
74500
74497
74491
74486
74481
74463
74459
74450
74448
74438
74438
74433
74432
74424
74424
74422
74419
74409
74392
74389
74368
74352
74347
74342
74331
74331
74310
74302
74286
74281
74274
74261
74258
74255
74244
74226
74212
74199
74198
74197
74197
74186
74183
74180
74161
74160
74159
74155
74143
74140
74136
74115
74104
74099
74098
74095
74090
74086
74082
74078
74075
74072
74064
74060
74054
74043
74041
74009
74004
73998
73988
73976
73975
73965
73963
73963
73960
73956
73954
73947
73940
73913
73909
73909
73907
73899
73888
73878
73878
73872
73869
73862
73846
73846
73839
73829
73800
73793
73793
73786
73780
73779
73778
73775
73773
73766
73763
73753
73752
73745
73744
73742
73738
73733
73727
73711
73693
73691
73655
73653
73653
73641
73635
73627
73616
73605
73580
73579
73576
73571
73568
73551
73546
73533
73517
73516
73511
73504
73503
73493
73480
73478
73471
73447
73440
73438
73429
73424
73405
73399
73387
73386
73385
73380
73376
73374
73374
73361
73357
73355
73353
73335
73321
73319
73315
73314
73313
73305
73296
73280
73272
73251
73248
73244
73242
73239
73235
73229
73224
73217
73202
73202
73199
73196
73188
73180
73175
73161
73161
73150
73148
73146
73140
73135
73128
73125
73109
73080
73076
73076
73062
73053
73049
73047
73041
73038
73035
73035
73034
73026
73025
73017
73016
72994
72988
72988
72985
72984
72984
72970
72958
72952
72946
72938
72936
72932
72926
72925
72922
72903
72903
72896
72893
72892
72884
72875
72866
72859
72858
72855
72829
72810
72798
72792
72776
72774
72772
72772
72760
72753
72747
72745
72735
72730
72729
72726
72724
72722
72722
72722
72718
72718
72711
72706
72702
72701
72694
72693
72691
72687
72681
72678
72667
72665
72638
72637
72634
72634
72630
72619
72619
72615
72610
72604
72599
72598
72579
72566
72565
72561
72559
72555
72551
72547
72541
72539
72530
72527
72526
72522
72520
72518
72507
72482
72478
72478
72471
72460
72438
72437
72437
72417
72394
72391
72380
72370
72368
72368
72368
72359
72359
72356
72344
72344
72342
72333
72329
72326
72325
72323
72322
72320
72314
72305
72302
72296
72292
72285
72278
72278
72265
72261
72260
72257
72256
72255
72249
72248
72242
72241
72241
72241
72240
72224
72223
72212
72186
72181
72151
72147
72147
72143
72123
72121
72098
72097
72093
72092
72091
72078
72069
72064
72057
72053
72052
72040
72027
72024
72006
72001
71991
71981
71979
71978
71976
71972
71967
71957
71953
71942
71939
71923
71922
71915
71910
71907
71890
71889
71889
71882
71880
71879
71877
71876
71873
71863
71852
71851
71837
71831
71830
71825
71824
71823
71808
71807
71806
71797
71795
71787
71778
71778
71777
71769
71765
71763
71762
71750
71742
71728
71720
71719
71694
71684
71674
71671
71662
71661
71657
71651
71632
71625
71619
71619
71608
71594
71586
71570
71568
71563
71556
71551
71551
71530
71526
71526
71526
71506
71497
71488
71488
71479
71450
71442
71438
71436
71434
71434
71425
71417
71412
71407
71404
71404
71390
71373
71371
71370
71356
71352
71341
71334
71326
71321
71312
71306
71300
71289
71281
71281
71277
71277
71267
71256
71254
71254
71247
71246
71217
71215
71214
71210
71200
71181
71172
71170
71161
71159
71150
71146
71145
71143
71141
71140
71137
71135
71123
71107
71106
71101
71089
71074
71070
71064
71062
71060
71057
71055
71052
71046
71046
71039
71021
71021
71014
71003
70999
70997
70989
70976
70969
70963
70960
70959
70953
70945
70935
70933
70926
70911
70909
70902
70900
70892
70889
70877
70876
70872
70872
70868
70865
70863
70861
70853
70841
70840
70834
70828
70827
70819
70817
70802
70799
70798
70797
70777
70775
70774
70765
70750
70748
70736
70735
70727
70714
70704
70702
70702
70691
70670
70661
70660
70658
70657
70657
70653
70649
70644
70642
70609
70608
70607
70602
70581
70573
70570
70564
70555
70550
70548
70548
70545
70544
70536
70520
70511
70510
70509
70493
70486
70470
70444
70443
70422
70407
70396
70387
70379
70377
70372
70368
70364
70353
70348
70340
70329
70328
70326
70309
70300
70290
70282
70273
70271
70265
70261
70251
70245
70240
70230
70212
70207
70194
70187
70180
70174
70172
70152
70150
70148
70144
70141
70141
70136
70134
70123
70109
70096
70091
70089
70063
70057
70052
70022
70019
70006
70001
69999
69995
69994
69988
69988
69988
69985
69982
69981
69976
69975
69951
69929
69922
69919
69893
69889
69887
69880
69877
69874
69870
69850
69848
69838
69838
69834
69828
69820
69819
69817
69809
69799
69798
69787
69774
69772
69769
69766
69766
69750
69748
69748
69726
69714
69712
69712
69704
69701
69699
69698
69695
69687
69684
69676
69669
69668
69650
69649
69639
69632
69622
69611
69549
69546
69542
69540
69536
69534
69532
69526
69523
69521
69519
69517
69511
69498
69445
69445
69436
69432
69426
69419
69413
69408
69396
69378
69367
69349
69346
69343
69342
69340
69337
69319
69299
69296
69285
69271
69266
69263
69259
69258
69253
69251
69248
69245
69242
69234
69231
69225
69223
69212
69208
69203
69201
69190
69182
69173
69158
69157
69156
69153
69151
69149
69140
69138
69135
69129
69120
69117
69101
69101
69098
69079
69057
69054
69048
69044
69030
69022
69014
69013
68999
68998
68994
68989
68986
68977
68976
68972
68968
68966
68944
68937
68937
68931
68923
68909
68901
68898
68884
68882
68880
68878
68871
68866
68861
68858
68855
68854
68838
68834
68824
68819
68818
68808
68804
68803
68788
68780
68778
68771
68762
68745
68730
68710
68703
68700
68683
68680
68678
68676
68672
68669
68668
68667
68660
68654
68653
68645
68633
68631
68629
68626
68624
68618
68597
68579
68572
68571
68558
68555
68554
68550
68548
68542
68541
68541
68534
68532
68531
68491
68490
68490
68485
68478
68472
68461
68437
68436
68420
68417
68416
68399
68395
68371
68367
68362
68355
68350
68344
68340
68336
68327
68317
68307
68305
68302
68299
68297
68296
68285
68278
68276
68269
68242
68241
68224
68220
68218
68209
68204
68189
68170
68169
68161
68153
68147
68144
68144
68143
68137
68123
68114
68110
68109
68097
68089
68088
68078
68074
68062
68059
68052
68039
68031
68026
68016
68009
67995
67989
67988
67982
67963
67961
67958
67958
67950
67933
67925
67921
67916
67913
67912
67909
67901
67899
67883
67883
67882
67877
67872
67863
67858
67841
67840
67834
67829
67819
67816
67811
67808
67805
67796
67782
67779
67761
67724
67706
67705
67702
67696
67692
67691
67690
67678
67674
67664
67663
67647
67640
67639
67639
67623
67613
67612
67611
67605
67597
67591
67579
67574
67540
67540
67525
67510
67504
67503
67499
67494
67494
67488
67484
67475
67467
67467
67465
67455
67455
67450
67447
67436
67426
67419
67418
67416
67412
67406
67404
67401
67384
67366
67366
67358
67352
67348
67336
67334
67331
67321
67317
67305
67304
67292
67287
67285
67283
67282
67280
67270
67252
67251
67241
67240
67229
67222
67221
67216
67212
67211
67197
67188
67166
67165
67164
67146
67136
67132
67120
67119
67110
67099
67096
67095
67070
67063
67060
67059
67055
67055
67048
67036
67036
67032
67028
67017
67015
67010
66990
66989
66986
66983
66982
66977
66949
66927
66920
66908
66903
66897
66897
66897
66892
66892
66884
66883
66882
66877
66873
66870
66867
66863
66861
66847
66842
66839
66821
66809
66808
66807
66801
66793
66791
66785
66783
66781
66779
66773
66767
66766
66765
66762
66761
66757
66750
66748
66725
66723
66723
66714
66711
66698
66691
66689
66674
66664
66659
66659
66655
66653
66641
66620
66617
66613
66611
66581
66579
66578
66573
66561
66534
66527
66519
66519
66498
66491
66485
66480
66477
66470
66454
66422
66419
66415
66412
66410
66409
66384
66380
66374
66371
66364
66362
66362
66360
66354
66343
66336
66333
66332
66326
66315
66310
66308
66304
66269
66261
66257
66252
66245
66222
66198
66198
66187
66183
66180
66169
66163
66161
66159
66157
66152
66151
66148
66147
66142
66137
66113
66108
66106
66105
66102
66099
66087
66083
66076
66075
66064
66060
66060
66057
66054
66043
66043
66021
66018
66013
66011
66007
66004
65982
65981
65980
65966
65960
65940
65933
65933
65931
65931
65922
65912
65886
65879
65878
65878
65878
65875
65863
65850
65849
65826
65819
65804
65799
65799
65784
65784
65779
65779
65776
65773
65749
65739
65728
65712
65706
65695
65688
65685
65677
65676
65673
65671
65669
65648
65643
65631
65630
65626
65612
65610
65591
65585
65585
65575
65572
65571
65561
65561
65558
65550
65541
65536
65532
65523
65516
65516
65510
65507
65494
65493
65492
65467
65461
65451
65449
65448
65440
65440
65439
65435
65434
65431
65429
65427
65416
65416
65413
65412
65405
65405
65404
65396
65396
65385
65383
65375
65368
65364
65356
65354
65351
65343
65315
65307
65297
65286
65284
65281
65272
65268
65267
65266
65263
65261
65250
65247
65242
65236
65235
65235
65230
65217
65216
65214
65210
65201
65195
65193
65185
65180
65177
65151
65136
65131
65122
65113
65105
65095
65093
65090
65082
65076
65063
65059
65050
65024
65002
64997
64985
64985
64964
64962
64947
64941
64921
64921
64904
64887
64883
64878
64863
64851
64847
64845
64845
64834
64833
64820
64814
64801
64798
64795
64786
64783
64783
64772
64772
64767
64765
64763
64726
64722
64702
64697
64681
64679
64670
64669
64658
64655
64642
64635
64632
64622
64617
64615
64613
64598
64591
64579
64577
64576
64571
64556
64552
64551
64548
64538
64537
64530
64521
64493
64492
64489
64487
64486
64484
64476
64472
64470
64465
64454
64437
64424
64419
64410
64408
64406
64404
64401
64394
64383
64366
64366
64347
64346
64346
64345
64342
64340
64340
64333
64328
64326
64324
64322
64319
64308
64303
64291
64289
64286
64283
64281
64279
64273
64267
64264
64261
64260
64258
64245
64236
64234
64228
64223
64220
64208
64208
64207
64206
64205
64200
64200
64189
64172
64170
64165
64165
64154
64153
64148
64144
64142
64130
64129
64123
64123
64115
64112
64105
64103
64080
64074
64071
64071
64057
64055
64051
64051
64047
64042
64039
64037
64026
64023
64016
64013
64008
64007
64005
63998
63993
63991
63988
63971
63953
63944
63928
63928
63919
63905
63892
63888
63882
63881
63877
63875
63870
63869
63866
63857
63856
63852
63841
63782
63767
63766
63746
63734
63730
63726
63720
63717
63713
63700
63698
63694
63691
63690
63679
63665
63656
63650
63646
63640
63638
63637
63632
63629
63617
63614
63613
63610
63597
63596
63593
63586
63584
63582
63573
63568
63567
63548
63542
63541
63532
63524
63524
63518
63510
63503
63488
63482
63478
63456
63453
63436
63421
63414
63409
63408
63407
63407
63401
63391
63383
63376
63370
63367
63366
63361
63359
63359
63359
63353
63346
63334
63330
63327
63316
63301
63295
63291
63287
63282
63281
63280
63267
63252
63247
63247
63240
63225
63225
63209
63208
63201
63189
63178
63176
63164
63163
63154
63141
63134
63126
63125
63124
63120
63106
63101
63099
63099
63096
63080
63076
63072
63064
63058
63057
63049
63042
63038
63036
63030
63016
63014
63013
63008
63005
62995
62976
62966
62948
62944
62933
62930
62928
62927
62912
62896
62896
62887
62885
62875
62866
62865
62860
62850
62840
62838
62834
62813
62798
62795
62776
62771
62771
62759
62739
62738
62719
62711
62709
62707
62695
62687
62678
62671
62668
62664
62649
62642
62637
62636
62635
62622
62613
62611
62604
62604
62575
62574
62570
62530
62524
62514
62511
62511
62489
62485
62483
62469
62464
62462
62458
62453
62452
62449
62447
62442
62440
62440
62438
62436
62431
62423
62421
62415
62402
62379
62374
62369
62367
62358
62346
62345
62325
62314
62313
62313
62307
62291
62289
62288
62286
62279
62273
62266
62265
62259
62233
62231
62219
62218
62211
62208
62195
62187
62187
62186
62173
62169
62165
62158
62157
62143
62137
62132
62129
62127
62118
62092
62080
62070
62068
62066
62062
62057
62052
62051
62042
62040
62036
62019
62012
62004
62004
61990
61989
61985
61951
61947
61946
61942
61940
61936
61932
61929
61920
61917
61900
61897
61884
61882
61871
61869
61853
61851
61834
61833
61830
61814
61802
61786
61782
61761
61752
61744
61737
61734
61729
61722
61720
61709
61682
61680
61679
61670
61662
61660
61654
61637
61636
61630
61609
61607
61601
61591
61588
61582
61567
61552
61551
61546
61543
61536
61520
61517
61511
61500
61497
61490
61489
61488
61479
61478
61477
61470
61470
61469
61458
61443
61440
61434
61433
61418
61397
61387
61383
61380
61380
61377
61376
61376
61375
61368
61326
61317
61315
61310
61307
61307
61279
61278
61271
61261
61248
61236
61205
61205
61205
61200
61193
61189
61184
61184
61163
61161
61157
61137
61127
61124
61123
61122
61101
61100
61091
61090
61089
61081
61077
61076
61070
61063
61059
61059
61048
61046
61046
61036
61035
61001
60990
60987
60982
60978
60965
60962
60961
60959
60958
60956
60951
60945
60932
60931
60929
60920
60916
60909
60908
60905
60904
60900
60897
60881
60864
60856
60849
60845
60818
60799
60798
60790
60785
60782
60771
60763
60761
60754
60742
60741
60728
60693
60691
60681
60665
60642
60633
60624
60618
60612
60610
60608
60596
60592
60583
60581
60565
60561
60557
60552
60543
60537
60534
60534
60529
60519
60518
60512
60499
60498
60493
60473
60472
60467
60452
60450
60450
60442
60434
60431
60429
60426
60413
60389
60378
60377
60376
60361
60349
60349
60346
60340
60340
60331
60329
60324
60322
60304
60293
60292
60285
60275
60260
60258
60252
60251
60240
60232
60230
60229
60225
60225
60222
60219
60216
60202
60199
60196
60189
60176
60159
60150
60137
60133
60130
60121
60101
60097
60079
60075
60075
60069
60067
60062
60032
60031
60027
60008
59993
59988
59985
59976
59975
59974
59955
59953
59946
59941
59936
59926
59920
59919
59911
59902
59901
59891
59890
59884
59880
59862
59821
59811
59808
59796
59795
59793
59793
59793
59786
59785
59776
59769
59768
59766
59765
59761
59753
59744
59737
59729
59720
59715
59708
59707
59697
59692
59692
59685
59685
59678
59657
59656
59639
59633
59628
59627
59625
59624
59619
59603
59593
59588
59586
59576
59571
59571
59561
59561
59550
59548
59527
59523
59521
59509
59508
59506
59498
59494
59478
59477
59458
59449
59448
59444
59436
59428
59427
59417
59415
59412
59401
59391
59391
59384
59384
59381
59380
59369
59368
59363
59358
59350
59349
59339
59339
59336
59327
59326
59323
59313
59294
59286
59276
59272
59271
59268
59249
59234
59232
59224
59219
59213
59210
59205
59203
59193
59192
59189
59184
59181
59181
59180
59174
59149
59149
59144
59141
59137
59117
59115
59113
59111
59095
59090
59072
59072
59061
59059
59059
59056
59049
59027
59012
59007
59005
59005
59003
58980
58979
58971
58970
58958
58957
58951
58939
58933
58913
58903
58886
58879
58871
58869
58863
58861
58859
58845
58831
58820
58819
58815
58812
58809
58804
58783
58769
58767
58759
58733
58730
58719
58714
58690
58684
58681
58679
58669
58666
58660
58655
58653
58636
58629
58624
58614
58609
58605
58599
58588
58585
58584
58569
58558
58557
58548
58544
58537
58528
58520
58516
58508
58496
58491
58486
58481
58479
58475
58464
58453
58448
58434
58430
58410
58406
58399
58395
58395
58389
58389
58384
58381
58375
58366
58363
58363
58353
58346
58346
58339
58338
58336
58327
58324
58309
58309
58298
58292
58286
58284
58275
58273
58271
58266
58258
58253
58246
58239
58227
58227
58222
58215
58197
58195
58189
58165
58164
58164
58152
58149
58147
58145
58131
58129
58125
58120
58117
58116
58111
58105
58101
58092
58090
58090
58060
58049
58041
58040
58038
58038
58038
58033
58031
58029
58024
58004
58001
57991
57991
57988
57973
57955
57945
57942
57941
57929
57923
57916
57916
57910
57898
57891
57890
57876
57865
57856
57841
57838
57829
57820
57819
57818
57818
57817
57817
57813
57807
57803
57800
57800
57795
57787
57786
57781
57724
57719
57718
57716
57700
57697
57693
57685
57683
57676
57672
57664
57663
57662
57649
57638
57629
57625
57622
57621
57617
57616
57613
57610
57594
57588
57581
57571
57560
57556
57556
57549
57536
57528
57509
57502
57499
57489
57487
57485
57484
57480
57474
57471
57461
57458
57453
57435
57434
57424
57391
57386
57375
57374
57372
57371
57365
57363
57358
57358
57353
57349
57349
57341
57337
57314
57300
57269
57269
57268
57267
57267
57251
57243
57242
57236
57234
57192
57188
57178
57176
57174
57170
57159
57156
57144
57138
57132
57106
57103
57100
57095
57083
57054
57043
57042
57039
57036
57022
57010
57003
56979
56975
56972
56967
56932
56931
56924
56921
56918
56911
56906
56901
56900
56879
56875
56863
56855
56845
56844
56840
56836
56835
56816
56812
56808
56802
56787
56781
56780
56770
56752
56744
56738
56722
56721
56716
56710
56707
56698
56695
56688
56685
56676
56673
56672
56667
56663
56657
56650
56638
56637
56634
56633
56632
56629
56627
56620
56608
56607
56603
56584
56583
56581
56572
56551
56549
56546
56546
56536
56530
56522
56519
56485
56473
56466
56461
56457
56450
56449
56446
56445
56444
56443
56440
56414
56408
56401
56396
56394
56393
56389
56378
56374
56362
56361
56342
56334
56329
56327
56327
56321
56315
56311
56309
56305
56305
56301
56296
56285
56282
56279
56272
56266
56263
56260
56253
56248
56231
56224
56224
56221
56208
56185
56162
56131
56125
56109
56106
56084
56075
56075
56074
56056
56043
56032
56023
56009
55998
55997
55994
55988
55972
55971
55970
55968
55966
55962
55961
55947
55939
55930
55926
55925
55919
55918
55914
55909
55903
55901
55890
55888
55879
55874
55869
55869
55846
55835
55825
55811
55807
55797
55786
55786
55778
55770
55764
55714
55709
55704
55704
55697
55690
55681
55680
55670
55666
55651
55651
55649
55648
55643
55622
55617
55591
55582
55579
55578
55573
55571
55561
55560
55555
55553
55541
55534
55534
55529
55521
55518
55514
55506
55500
55498
55497
55495
55492
55482
55477
55476
55470
55468
55468
55466
55466
55460
55460
55448
55440
55431
55423
55413
55413
55406
55404
55398
55395
55395
55392
55372
55360
55357
55340
55337
55333
55326
55322
55318
55313
55309
55298
55295
55283
55282
55280
55279
55279
55277
55267
55267
55264
55261
55246
55230
55223
55214
55206
55203
55200
55190
55187
55178
55175
55169
55168
55164
55156
55152
55150
55150
55144
55144
55138
55137
55137
55131
55102
55101
55098
55077
55077
55075
55058
55038
55029
55016
55007
55004
55004
55002
54996
54989
54985
54984
54969
54964
54934
54914
54905
54888
54884
54876
54871
54860
54858
54857
54850
54830
54805
54782
54779
54757
54757
54742
54733
54732
54731
54730
54729
54728
54723
54713
54699
54697
54693
54690
54688
54678
54665
54654
54649
54648
54631
54617
54594
54590
54575
54574
54574
54563
54542
54542
54535
54532
54529
54519
54518
54509
54479
54474
54472
54461
54460
54453
54451
54451
54448
54444
54432
54431
54429
54425
54408
54398
54396
54394
54385
54379
54371
54368
54368
54365
54360
54357
54353
54349
54343
54335
54322
54319
54285
54282
54260
54257
54252
54251
54238
54237
54224
54215
54202
54195
54184
54168
54163
54159
54149
54148
54143
54143
54140
54140
54139
54132
54126
54115
54113
54113
54106
54095
54085
54072
54060
54048
54046
54045
54042
54041
54038
54030
54019
54018
54016
54016
54010
54006
53985
53982
53981
53976
53976
53976
53973
53962
53960
53952
53950
53948
53940
53939
53929
53913
53911
53899
53897
53894
53892
53880
53878
53873
53871
53845
53844
53842
53841
53840
53839
53831
53827
53827
53821
53821
53819
53813
53810
53809
53794
53790
53785
53782
53777
53775
53766
53760
53754
53751
53746
53744
53740
53738
53737
53735
53729
53717
53715
53712
53702
53696
53691
53686
53685
53681
53664
53660
53636
53634
53631
53627
53624
53618
53602
53588
53586
53572
53570
53561
53558
53556
53555
53548
53547
53520
53515
53491
53482
53479
53479
53475
53468
53459
53441
53421
53419
53418
53417
53406
53402
53400
53390
53380
53372
53371
53369
53364
53349
53347
53339
53337
53332
53314
53306
53306
53302
53300
53296
53287
53264
53258
53256
53240
53236
53230
53228
53217
53214
53203
53202
53199
53194
53193
53191
53172
53171
53159
53152
53152
53143
53143
53139
53137
53129
53124
53117
53109
53109
53107
53105
53095
53095
53088
53085
53083
53075
53074
53072
53067
53053
53052
53050
53049
53047
53040
53033
53024
53021
53021
53010
52997
52991
52986
52976
52951
52945
52940
52931
52904
52903
52897
52896
52890
52888
52886
52886
52871
52861
52855
52848
52836
52835
52829
52821
52816
52816
52814
52813
52810
52805
52783
52772
52765
52763
52755
52752
52747
52733
52733
52731
52730
52722
52720
52715
52711
52701
52700
52695
52691
52673
52669
52667
52653
52644
52642
52640
52630
52626
52624
52616
52600
52593
52589
52587
52584
52578
52577
52572
52564
52563
52552
52551
52528
52518
52505
52501
52497
52487
52484
52484
52479
52479
52478
52476
52472
52463
52461
52458
52452
52450
52445
52443
52436
52431
52431
52431
52430
52419
52415
52413
52405
52402
52400
52396
52391
52383
52382
52380
52380
52358
52354
52352
52349
52349
52348
52346
52340
52337
52325
52321
52321
52298
52285
52264
52256
52256
52234
52228
52228
52225
52224
52214
52213
52211
52187
52186
52185
52175
52169
52154
52151
52139
52136
52123
52123
52122
52114
52106
52099
52092
52091
52086
52078
52077
52063
52017
52012
52002
52001
51998
51996
51979
51971
51938
51938
51926
51921
51913
51901
51898
51896
51893
51885
51882
51854
51853
51852
51841
51836
51827
51826
51817
51803
51801
51800
51800
51796
51794
51786
51769
51750
51732
51727
51720
51711
51705
51704
51702
51702
51696
51690
51672
51660
51659
51656
51648
51646
51636
51623
51623
51622
51612
51610
51607
51595
51590
51580
51549
51537
51535
51512
51511
51510
51505
51499
51480
51465
51463
51462
51456
51456
51451
51444
51443
51432
51432
51425
51411
51406
51406
51401
51399
51390
51381
51374
51370
51367
51363
51362
51348
51344
51342
51331
51326
51325
51321
51318
51311
51295
51286
51275
51274
51270
51265
51263
51260
51257
51254
51248
51221
51214
51210
51205
51197
51196
51192
51189
51168
51158
51157
51153
51145
51133
51133
51119
51109
51104
51090
51078
51070
51057
51054
51053
51053
51053
51048
51044
51040
51040
51033
51031
50999
50996
50979
50975
50974
50972
50972
50966
50961
50958
50957
50955
50950
50942
50942
50941
50941
50941
50939
50934
50924
50922
50912
50896
50894
50893
50886
50884
50878
50878
50876
50872
50865
50862
50830
50822
50822
50818
50816
50811
50810
50806
50790
50787
50785
50758
50755
50748
50747
50742
50724
50714
50709
50707
50706
50706
50706
50672
50650
50642
50638
50629
50622
50616
50609
50607
50602
50600
50599
50589
50586
50581
50581
50577
50567
50563
50558
50556
50555
50542
50534
50513
50512
50511
50500
50497
50484
50483
50476
50476
50469
50468
50467
50451
50439
50435
50433
50425
50414
50413
50396
50387
50380
50380
50355
50354
50336
50334
50329
50329
50321
50310
50309
50306
50297
50289
50289
50287
50286
50283
50276
50265
50255
50252
50250
50247
50247
50247
50239
50238
50235
50215
50214
50200
50194
50178
50171
50156
50141
50136
50136
50135
50134
50124
50123
50120
50117
50117
50112
50102
50097
50096
50093
50088
50085
50078
50068
50064
50059
50053
50047
50044
50043
50042
50033
50024
50023
50020
50015
50009
49992
49990
49987
49983
49980
49969
49966
49965
49964
49960
49959
49955
49953
49934
49924
49922
49914
49913
49910
49905
49895
49889
49878
49873
49863
49862
49859
49857
49823
49818
49814
49808
49805
49804
49795
49789
49774
49770
49769
49755
49742
49731
49711
49710
49705
49695
49680
49644
49631
49611
49602
49592
49580
49578
49576
49574
49562
49561
49558
49555
49555
49553
49551
49541
49540
49537
49537
49529
49522
49518
49505
49501
49501
49501
49501
49498
49492
49490
49451
49446
49437
49436
49428
49423
49407
49405
49398
49395
49370
49354
49353
49346
49346
49344
49344
49335
49328
49326
49292
49288
49286
49265
49262
49256
49251
49247
49237
49233
49211
49211
49209
49208
49186
49182
49173
49165
49164
49164
49163
49143
49138
49128
49117
49110
49106
49095
49090
49089
49085
49060
49040
49040
49035
49033
49030
49023
49002
48996
48993
48992
48991
48981
48974
48970
48969
48966
48957
48949
48948
48948
48947
48938
48930
48927
48922
48885
48878
48842
48840
48836
48834
48830
48828
48826
48823
48822
48814
48808
48808
48803
48791
48787
48778
48775
48775
48774
48770
48769
48751
48739
48738
48717
48716
48709
48708
48688
48687
48683
48681
48675
48671
48670
48665
48659
48656
48649
48629
48627
48626
48624
48622
48621
48618
48616
48609
48605
48602
48594
48583
48574
48557
48515
48512
48509
48503
48501
48499
48495
48475
48474
48473
48461
48454
48447
48433
48429
48423
48421
48414
48414
48412
48411
48409
48404
48402
48397
48389
48368
48368
48358
48355
48354
48349
48344
48342
48328
48318
48318
48310
48309
48306
48300
48276
48276
48272
48271
48253
48241
48236
48234
48230
48216
48208
48198
48187
48177
48173
48167
48166
48158
48136
48130
48110
48108
48107
48098
48090
48085
48081
48079
48077
48074
48073
48068
48065
48056
48053
48048
48025
48019
48016
48008
48006
48005
48002
48001
48001
47999
47989
47984
47983
47970
47965
47960
47954
47950
47950
47945
47937
47931
47930
47928
47918
47904
47899
47898
47895
47888
47882
47877
47865
47863
47853
47852
47851
47847
47844
47840
47826
47820
47816
47812
47805
47804
47794
47790
47790
47787
47786
47778
47772
47772
47763
47752
47751
47742
47741
47736
47734
47733
47733
47727
47722
47718
47715
47707
47705
47705
47699
47690
47688
47688
47686
47659
47650
47647
47645
47640
47629
47621
47619
47616
47609
47606
47605
47605
47600
47599
47593
47593
47593
47585
47577
47573
47558
47544
47539
47539
47520
47511
47510
47503
47497
47492
47484
47482
47469
47467
47464
47451
47448
47445
47434
47431
47423
47417
47400
47400
47394
47393
47387
47381
47373
47366
47363
47342
47330
47313
47310
47301
47300
47292
47287
47285
47282
47270
47269
47263
47254
47251
47248
47246
47246
47245
47238
47236
47233
47230
47224
47211
47209
47198
47174
47167
47164
47152
47152
47140
47133
47125
47118
47117
47105
47080
47074
47071
47060
47057
47033
47024
47020
47000
46999
46995
46995
46992
46983
46978
46977
46969
46965
46945
46927
46925
46915
46910
46892
46883
46882
46879
46878
46872
46870
46865
46848
46847
46835
46835
46817
46815
46813
46797
46793
46783
46779
46760
46759
46758
46753
46749
46748
46746
46745
46745
46743
46742
46742
46732
46708
46705
46689
46685
46685
46682
46675
46671
46666
46665
46656
46654
46648
46647
46645
46645
46643
46636
46632
46629
46625
46616
46614
46608
46602
46600
46596
46593
46589
46576
46574
46572
46570
46553
46548
46523
46502
46482
46465
46447
46423
46419
46405
46385
46384
46383
46381
46375
46363
46347
46346
46332
46325
46316
46311
46308
46291
46289
46270
46264
46261
46261
46260
46257
46249
46246
46236
46228
46225
46222
46209
46200
46200
46192
46191
46177
46172
46171
46171
46160
46150
46146
46139
46131
46122
46117
46114
46111
46102
46092
46085
46083
46082
46080
46055
46049
46046
46046
46032
46029
46014
46013
46005
46002
45999
45987
45980
45980
45974
45971
45950
45948
45945
45942
45939
45935
45934
45930
45929
45928
45918
45911
45907
45879
45872
45866
45835
45829
45825
45823
45802
45794
45794
45793
45788
45777
45748
45733
45724
45720
45715
45714
45714
45709
45708
45707
45707
45659
45657
45643
45643
45634
45628
45620
45614
45605
45603
45598
45588
45588
45581
45580
45575
45570
45562
45559
45557
45551
45545
45540
45533
45528
45525
45523
45522
45519
45508
45506
45504
45500
45484
45470
45469
45467
45457
45442
45435
45434
45429
45425
45406
45395
45394
45389
45373
45373
45373
45370
45366
45364
45363
45362
45361
45359
45350
45342
45336
45326
45325
45319
45314
45311
45309
45302
45297
45283
45270
45267
45262
45247
45247
45242
45238
45226
45225
45219
45200
45179
45176
45163
45156
45147
45140
45131
45128
45121
45116
45114
45113
45102
45102
45099
45099
45097
45088
45087
45077
45071
45059
45049
45040
45037
45034
45031
45027
45016
45016
45011
45011
45006
45000
44987
44976
44974
44962
44957
44946
44933
44931
44917
44914
44908
44907
44897
44889
44878
44869
44864
44860
44857
44849
44845
44839
44834
44829
44828
44826
44807
44802
44795
44794
44789
44787
44757
44752
44745
44743
44722
44714
44711
44709
44688
44681
44678
44673
44663
44660
44658
44649
44648
44638
44629
44623
44617
44612
44611
44610
44600
44591
44579
44577
44571
44562
44556
44550
44547
44541
44535
44527
44519
44516
44511
44507
44505
44502
44492
44484
44480
44467
44457
44449
44444
44436
44406
44393
44392
44388
44388
44372
44371
44370
44362
44356
44344
44342
44342
44342
44330
44326
44298
44283
44276
44276
44257
44253
44241
44239
44225
44221
44207
44205
44200
44198
44193
44171
44165
44155
44150
44147
44144
44142
44136
44128
44128
44126
44125
44125
44097
44097
44082
44070
44069
44051
44051
44045
44045
44039
44032
44011
44008
43999
43998
43953
43944
43942
43941
43927
43926
43926
43922
43914
43911
43898
43895
43892
43876
43875
43870
43860
43848
43841
43838
43822
43820
43818
43817
43812
43800
43800
43793
43785
43781
43776
43768
43765
43764
43764
43762
43757
43751
43736
43724
43723
43721
43716
43715
43710
43685
43684
43659
43658
43655
43653
43638
43633
43632
43606
43605
43599
43599
43597
43592
43587
43563
43559
43553
43548
43545
43543
43541
43534
43504
43490
43485
43484
43484
43472
43470
43462
43461
43422
43422
43420
43406
43394
43388
43388
43387
43385
43377
43375
43371
43370
43368
43361
43359
43357
43342
43332
43324
43320
43313
43293
43263
43231
43221
43219
43219
43217
43213
43209
43205
43198
43197
43197
43194
43194
43190
43188
43184
43165
43159
43158
43151
43149
43149
43146
43138
43133
43098
43086
43078
43055
43040
43026
43024
43023
43022
43022
43019
43018
43012
43009
42994
42969
42947
42941
42941
42938
42932
42924
42924
42923
42918
42916
42913
42896
42895
42893
42892
42890
42883
42879
42875
42857
42855
42835
42834
42831
42827
42822
42813
42804
42778
42740
42708
42701
42693
42683
42672
42654
42649
42646
42645
42631
42630
42610
42609
42605
42603
42602
42602
42598
42595
42595
42590
42565
42563
42552
42549
42543
42541
42531
42529
42518
42513
42507
42506
42495
42494
42478
42470
42465
42465
42461
42458
42452
42449
42447
42442
42435
42434
42422
42402
42383
42372
42367
42363
42357
42352
42333
42327
42325
42323
42322
42318
42314
42312
42311
42307
42305
42305
42294
42291
42284
42281
42278
42268
42264
42238
42232
42229
42225
42215
42214
42206
42204
42195
42193
42176
42162
42157
42154
42139
42138
42122
42119
42108
42104
42073
42064
42058
42030
42026
42021
42018
41968
41964
41954
41950
41949
41930
41929
41928
41928
41928
41919
41913
41909
41905
41904
41902
41896
41892
41878
41871
41870
41856
41853
41845
41844
41828
41821
41803
41801
41799
41792
41779
41765
41762
41758
41753
41746
41739
41726
41721
41718
41709
41709
41706
41704
41693
41683
41681
41677
41671
41668
41653
41645
41641
41630
41625
41622
41616
41610
41610
41587
41586
41576
41569
41568
41565
41550
41546
41539
41516
41510
41509
41507
41504
41501
41495
41490
41480
41478
41452
41448
41441
41433
41419
41410
41409
41391
41386
41382
41369
41365
41365
41357
41353
41344
41337
41337
41336
41333
41324
41312
41311
41304
41300
41300
41293
41290
41285
41272
41259
41256
41253
41230
41228
41219
41212
41211
41205
41187
41178
41176
41175
41175
41166
41161
41159
41159
41154
41154
41152
41142
41136
41134
41128
41116
41116
41116
41114
41105
41096
41087
41082
41081
41077
41072
41072
41040
41028
41020
41019
41009
40980
40974
40972
40963
40957
40937
40932
40919
40913
40908
40895
40884
40884
40878
40870
40864
40862
40857
40855
40850
40847
40846
40844
40841
40836
40831
40826
40825
40802
40800
40790
40788
40778
40778
40765
40757
40747
40746
40744
40739
40731
40724
40719
40718
40711
40701
40700
40699
40699
40694
40686
40684
40666
40660
40657
40649
40647
40642
40638
40636
40634
40619
40613
40611
40606
40593
40593
40593
40589
40577
40575
40571
40564
40561
40557
40553
40550
40544
40536
40535
40527
40523
40516
40499
40491
40470
40464
40456
40451
40443
40439
40437
40427
40421
40416
40415
40404
40395
40393
40380
40370
40365
40361
40354
40353
40350
40336
40336
40329
40326
40326
40314
40313
40313
40297
40288
40286
40284
40259
40258
40257
40252
40241
40239
40238
40236
40227
40225
40207
40206
40203
40201
40175
40165
40162
40148
40147
40142
40135
40130
40123
40121
40116
40111
40104
40084
40082
40068
40068
40063
40063
40055
40051
40034
40024
40020
40009
40003
39940
39939
39938
39935
39917
39916
39909
39901
39890
39885
39884
39878
39858
39855
39854
39839
39815
39815
39813
39794
39788
39778
39766
39765
39761
39748
39747
39743
39740
39738
39720
39709
39708
39686
39681
39679
39666
39662
39637
39599
39599
39594
39581
39573
39570
39563
39560
39550
39537
39530
39527
39520
39518
39517
39512
39507
39500
39497
39496
39494
39488
39485
39482
39477
39464
39461
39453
39449
39442
39438
39436
39414
39401
39385
39382
39381
39375
39375
39369
39365
39360
39343
39323
39322
39308
39308
39302
39299
39299
39294
39290
39289
39289
39283
39277
39269
39267
39265
39252
39247
39239
39218
39217
39202
39200
39174
39173
39167
39167
39163
39160
39146
39140
39136
39125
39099
39082
39077
39054
39047
39044
39039
39029
39025
39011
39011
39010
39008
39008
39002
38992
38985
38982
38978
38966
38952
38951
38949
38947
38945
38939
38930
38921
38916
38896
38894
38894
38862
38858
38857
38848
38833
38824
38818
38810
38797
38795
38793
38783
38779
38762
38757
38755
38745
38741
38741
38738
38738
38732
38732
38731
38727
38722
38717
38704
38702
38696
38688
38683
38682
38671
38663
38658
38639
38638
38638
38635
38630
38624
38617
38612
38611
38610
38610
38609
38609
38602
38600
38592
38571
38561
38557
38552
38549
38547
38532
38531
38523
38507
38501
38496
38490
38487
38473
38458
38454
38454
38452
38452
38448
38445
38444
38436
38433
38419
38411
38404
38383
38375
38364
38361
38355
38353
38347
38342
38335
38334
38332
38328
38311
38302
38282
38277
38249
38246
38246
38246
38241
38239
38236
38234
38232
38228
38222
38212
38205
38192
38183
38176
38166
38156
38154
38154
38147
38141
38138
38137
38129
38128
38123
38119
38076
38073
38068
38067
38062
38035
38009
38006
37999
37993
37975
37964
37960
37953
37946
37939
37938
37934
37926
37923
37900
37898
37898
37891
37880
37872
37865
37855
37848
37829
37827
37823
37817
37816
37805
37804
37796
37793
37792
37784
37772
37753
37746
37728
37710
37709
37707
37705
37703
37695
37693
37689
37674
37669
37659
37649
37627
37626
37619
37615
37588
37579
37579
37573
37569
37568
37564
37563
37559
37558
37547
37540
37538
37535
37520
37517
37510
37507
37504
37500
37499
37488
37483
37456
37453
37450
37426
37413
37407
37400
37398
37394
37389
37380
37367
37362
37358
37343
37305
37305
37305
37291
37280
37280
37276
37276
37272
37259
37254
37250
37248
37248
37246
37242
37236
37229
37203
37198
37189
37184
37184
37170
37169
37164
37158
37154
37154
37149
37147
37143
37136
37131
37119
37113
37109
37107
37104
37103
37103
37101
37094
37079
37075
37064
37061
37059
37052
37031
37031
37026
37023
37015
37013
37004
37002
36992
36979
36973
36972
36970
36967
36964
36957
36956
36947
36943
36942
36941
36940
36917
36914
36911
36910
36906
36903
36900
36899
36887
36868
36860
36855
36847
36834
36833
36831
36827
36826
36822
36810
36796
36786
36783
36781
36779
36777
36770
36761
36760
36741
36724
36722
36717
36710
36689
36683
36681
36677
36667
36664
36654
36653
36653
36648
36648
36645
36627
36613
36612
36606
36604
36591
36585
36578
36578
36577
36560
36558
36557
36557
36538
36537
36532
36525
36524
36517
36515
36515
36514
36506
36499
36498
36493
36493
36489
36477
36472
36465
36457
36456
36451
36448
36442
36442
36435
36435
36430
36428
36413
36409
36402
36396
36388
36378
36366
36350
36341
36338
36335
36333
36332
36331
36329
36320
36312
36302
36298
36286
36283
36264
36263
36261
36254
36240
36240
36236
36233
36224
36222
36219
36218
36213
36213
36207
36203
36202
36190
36183
36182
36180
36178
36174
36174
36172
36166
36142
36141
36118
36114
36107
36105
36105
36094
36092
36088
36082
36076
36069
36053
36050
36043
36031
36025
36015
36013
36012
36010
36010
36007
35995
35994
35990
35989
35987
35987
35986
35984
35979
35978
35976
35968
35958
35955
35949
35946
35942
35919
35916
35906
35890
35888
35885
35883
35881
35872
35853
35847
35844
35828
35824
35781
35762
35754
35753
35747
35734
35733
35724
35722
35715
35707
35703
35698
35685
35665
35657
35657
35654
35624
35619
35619
35615
35614
35613
35612
35597
35591
35589
35588
35581
35581
35578
35562
35557
35550
35546
35541
35528
35522
35517
35517
35513
35513
35510
35508
35505
35504
35498
35496
35495
35492
35492
35492
35490
35485
35484
35482
35470
35470
35463
35462
35460
35459
35459
35445
35441
35436
35435
35400
35398
35388
35381
35378
35377
35372
35370
35369
35361
35356
35354
35343
35339
35337
35333
35330
35325
35323
35318
35314
35310
35304
35265
35260
35248
35236
35228
35222
35220
35211
35211
35205
35202
35200
35180
35178
35167
35159
35158
35149
35148
35132
35128
35110
35108
35102
35099
35094
35094
35093
35091
35091
35090
35083
35081
35076
35074
35074
35062
35059
35058
35056
35055
35054
35050
35041
35040
35038
35029
35020
35018
35015
35001
34998
34995
34985
34972
34970
34955
34951
34946
34943
34938
34922
34914
34912
34903
34898
34889
34879
34868
34859
34858
34857
34855
34850
34832
34832
34824
34824
34816
34812
34808
34806
34797
34797
34791
34777
34774
34774
34773
34773
34773
34771
34760
34755
34750
34747
34740
34706
34698
34694
34683
34682
34677
34676
34674
34674
34672
34669
34666
34666
34648
34644
34640
34639
34636
34633
34616
34614
34604
34602
34596
34589
34588
34588
34585
34565
34565
34560
34557
34549
34535
34531
34527
34527
34511
34503
34501
34497
34494
34485
34445
34442
34439
34430
34429
34427
34419
34410
34405
34395
34391
34384
34379
34363
34345
34343
34339
34336
34328
34328
34319
34313
34313
34313
34285
34274
34274
34263
34236
34236
34233
34216
34213
34206
34203
34197
34192
34189
34181
34175
34173
34167
34159
34157
34142
34121
34102
34100
34076
34071
34061
34044
34038
34037
34025
34023
34019
34011
34008
34008
33995
33990
33990
33979
33965
33958
33957
33953
33950
33934
33923
33922
33919
33917
33914
33913
33903
33900
33896
33875
33866
33865
33863
33860
33859
33857
33854
33847
33839
33830
33825
33824
33815
33813
33801
33796
33794
33792
33784
33777
33772
33763
33759
33756
33751
33749
33745
33744
33744
33734
33733
33708
33696
33693
33673
33672
33671
33664
33664
33661
33630
33629
33625
33625
33622
33621
33620
33619
33609
33595
33591
33569
33556
33554
33538
33534
33518
33511
33504
33501
33497
33496
33489
33487
33486
33485
33477
33476
33476
33470
33457
33452
33445
33440
33426
33413
33412
33401
33398
33397
33397
33396
33394
33391
33377
33372
33363
33352
33338
33332
33330
33320
33319
33285
33282
33282
33280
33279
33276
33276
33275
33271
33266
33248
33241
33236
33235
33217
33209
33202
33194
33189
33188
33164
33163
33127
33116
33109
33108
33095
33094
33085
33073
33069
33067
33050
33049
33040
33038
33037
33032
33029
33021
33021
33020
33019
33019
33014
33003
33001
32996
32995
32984
32982
32955
32947
32936
32922
32913
32908
32900
32898
32891
32876
32873
32870
32865
32856
32846
32846
32841
32838
32834
32812
32810
32805
32800
32797
32785
32773
32765
32763
32760
32744
32742
32741
32735
32732
32727
32705
32703
32692
32691
32690
32684
32682
32658
32642
32619
32616
32610
32596
32594
32584
32576
32557
32551
32537
32531
32527
32513
32504
32503
32494
32491
32486
32485
32465
32449
32443
32440
32419
32417
32412
32405
32404
32381
32369
32364
32357
32352
32352
32349
32348
32348
32346
32332
32329
32326
32325
32324
32311
32309
32289
32268
32267
32264
32256
32248
32248
32222
32195
32193
32176
32165
32153
32152
32152
32150
32135
32112
32090
32090
32076
32068
32066
32054
32048
32047
32043
32032
32028
32019
32016
32009
31994
31993
31984
31983
31983
31968
31967
31965
31964
31964
31962
31948
31945
31941
31940
31931
31929
31923
31920
31915
31896
31885
31883
31867
31836
31829
31829
31827
31820
31817
31786
31783
31778
31775
31764
31753
31732
31721
31712
31692
31688
31685
31683
31669
31660
31643
31643
31624
31604
31600
31593
31592
31592
31591
31590
31563
31536
31536
31530
31527
31523
31522
31518
31505
31494
31483
31463
31463
31458
31435
31423
31406
31390
31380
31370
31359
31352
31345
31336
31334
31306
31298
31295
31279
31277
31276
31266
31260
31235
31231
31228
31226
31218
31202
31196
31191
31185
31184
31177
31174
31170
31159
31157
31145
31139
31135
31134
31134
31131
31130
31129
31115
31113
31098
31087
31084
31079
31072
31070
31068
31066
31066
31064
31064
31056
31051
31046
31040
31030
31028
31024
31019
31014
31007
31004
30994
30990
30979
30978
30973
30970
30953
30943
30940
30934
30924
30923
30922
30921
30899
30894
30883
30876
30855
30854
30849
30837
30834
30833
30830
30829
30824
30823
30819
30815
30810
30805
30800
30797
30787
30779
30776
30766
30759
30756
30746
30746
30745
30734
30730
30719
30714
30710
30705
30704
30702
30701
30689
30679
30678
30672
30669
30669
30659
30659
30640
30632
30631
30622
30607
30607
30603
30600
30591
30588
30574
30573
30552
30540
30536
30530
30526
30514
30509
30508
30503
30501
30499
30495
30490
30480
30480
30475
30468
30465
30447
30438
30431
30424
30423
30418
30389
30386
30386
30384
30381
30377
30377
30374
30356
30346
30344
30336
30329
30317
30307
30250
30248
30209
30203
30202
30198
30192
30191
30189
30182
30181
30179
30175
30174
30172
30168
30168
30158
30152
30151
30142
30140
30123
30115
30112
30107
30107
30100
30084
30082
30082
30057
30048
30047
30041
30023
30014
30013
30009
30008
30008
30007
30005
30000
29997
29994
29991
29986
29986
29968
29955
29941
29934
29925
29920
29915
29915
29901
29900
29867
29865
29862
29859
29852
29845
29836
29811
29809
29795
29785
29780
29775
29766
29754
29751
29745
29743
29739
29719
29700
29699
29692
29676
29669
29665
29659
29658
29649
29644
29641
29635
29635
29627
29610
29609
29608
29605
29597
29595
29589
29582
29558
29546
29545
29538
29536
29525
29520
29517
29507
29473
29462
29460
29452
29448
29439
29433
29424
29422
29418
29418
29416
29414
29412
29406
29404
29399
29396
29386
29385
29379
29361
29359
29354
29352
29350
29347
29344
29343
29338
29337
29325
29323
29322
29312
29296
29292
29280
29271
29262
29261
29256
29251
29248
29248
29243
29233
29229
29227
29224
29201
29191
29189
29188
29184
29184
29180
29179
29176
29168
29167
29159
29148
29147
29135
29129
29124
29124
29108
29104
29095
29095
29094
29083
29083
29076
29075
29066
29063
29063
29059
29059
29053
29048
29046
29038
29031
29029
29028
29023
29019
29019
29017
29010
29003
28996
28990
28986
28984
28975
28974
28964
28964
28953
28950
28938
28934
28931
28929
28920
28910
28902
28900
28897
28893
28886
28876
28875
28873
28850
28839
28836
28831
28825
28818
28812
28805
28799
28791
28786
28785
28785
28773
28752
28743
28739
28714
28706
28696
28690
28688
28669
28657
28649
28647
28598
28596
28593
28538
28536
28520
28516
28496
28492
28479
28469
28469
28468
28465
28453
28450
28449
28444
28444
28443
28442
28434
28430
28429
28419
28417
28416
28416
28413
28405
28397
28393
28389
28388
28351
28316
28312
28312
28301
28294
28283
28283
28273
28272
28270
28260
28260
28254
28252
28220
28219
28193
28191
28189
28174
28168
28165
28162
28138
28137
28133
28127
28125
28124
28121
28118
28093
28089
28089
28085
28080
28067
28067
28061
28050
28047
28044
28029
28028
28026
28024
28008
28003
27999
27998
27995
27994
27993
27974
27958
27955
27945
27926
27899
27898
27889
27873
27870
27850
27836
27827
27814
27811
27802
27801
27799
27790
27780
27778
27770
27769
27768
27758
27755
27754
27753
27751
27742
27741
27733
27732
27725
27719
27716
27707
27706
27701
27701
27699
27696
27694
27688
27681
27670
27668
27652
27634
27631
27629
27628
27628
27617
27600
27582
27573
27569
27567
27564
27561
27555
27550
27537
27534
27532
27529
27526
27524
27521
27520
27520
27512
27511
27509
27504
27501
27488
27485
27482
27481
27477
27471
27449
27440
27440
27439
27428
27427
27426
27425
27421
27402
27390
27390
27389
27387
27386
27384
27382
27374
27366
27352
27347
27346
27337
27331
27329
27325
27317
27305
27295
27281
27279
27274
27271
27268
27263
27263
27263
27259
27258
27254
27251
27213
27212
27206
27202
27191
27187
27175
27173
27158
27158
27156
27156
27150
27149
27141
27133
27123
27109
27108
27106
27098
27095
27091
27089
27089
27074
27069
27059
27054
27046
27041
27036
27023
27013
27009
26995
26995
26993
26985
26977
26968
26920
26917
26914
26894
26893
26892
26891
26888
26888
26884
26879
26875
26874
26865
26839
26777
26776
26768
26763
26761
26735
26732
26729
26711
26705
26697
26693
26691
26688
26687
26687
26680
26669
26667
26665
26643
26638
26636
26624
26620
26611
26607
26599
26595
26580
26575
26573
26572
26569
26568
26565
26559
26558
26552
26546
26545
26544
26536
26532
26517
26516
26513
26513
26511
26508
26503
26499
26489
26484
26483
26481
26471
26471
26469
26452
26431
26427
26412
26409
26408
26408
26408
26407
26406
26404
26401
26383
26374
26373
26372
26370
26365
26363
26363
26359
26357
26323
26321
26318
26313
26310
26297
26290
26287
26286
26284
26268
26257
26247
26235
26212
26193
26186
26181
26174
26166
26161
26158
26154
26152
26149
26146
26145
26145
26128
26120
26117
26094
26046
26045
26034
26020
26011
26010
26009
26003
25999
25998
25996
25991
25982
25973
25973
25972
25938
25935
25918
25912
25909
25908
25906
25889
25873
25865
25853
25842
25841
25839
25828
25818
25806
25802
25798
25791
25786
25782
25776
25773
25756
25755
25754
25749
25749
25741
25734
25732
25727
25727
25703
25685
25675
25661
25654
25645
25635
25633
25632
25629
25625
25624
25612
25590
25588
25583
25574
25566
25561
25556
25550
25540
25538
25536
25535
25526
25508
25503
25497
25495
25488
25484
25470
25469
25465
25460
25457
25456
25444
25437
25434
25432
25424
25420
25403
25392
25385
25374
25367
25354
25354
25341
25327
25321
25319
25318
25311
25300
25285
25283
25252
25249
25243
25241
25231
25215
25213
25205
25202
25191
25190
25188
25174
25170
25165
25133
25133
25129
25119
25119
25103
25098
25097
25091
25084
25056
25028
25026
25017
25012
25010
25009
24999
24991
24982
24965
24961
24958
24956
24955
24946
24936
24911
24907
24901
24890
24886
24884
24876
24874
24872
24867
24867
24848
24846
24831
24831
24830
24824
24820
24794
24793
24789
24785
24784
24783
24782
24781
24780
24770
24770
24769
24755
24737
24727
24724
24706
24705
24702
24699
24691
24689
24685
24676
24652
24644
24641
24610
24608
24606
24598
24592
24586
24554
24552
24551
24548
24538
24536
24530
24525
24520
24505
24482
24453
24451
24438
24436
24435
24421
24419
24416
24408
24403
24403
24401
24394
24393
24391
24387
24365
24362
24358
24355
24351
24341
24341
24333
24327
24320
24308
24301
24299
24290
24287
24274
24272
24268
24267
24255
24250
24245
24245
24239
24237
24237
24231
24231
24226
24216
24211
24204
24204
24187
24179
24168
24164
24162
24160
24157
24155
24146
24143
24142
24137
24137
24133
24132
24116
24113
24104
24104
24101
24091
24085
24081
24072
24054
24053
24052
24046
24042
24038
24014
24011
24010
24003
24001
23992
23985
23981
23964
23960
23951
23943
23942
23941
23922
23921
23920
23916
23912
23904
23898
23895
23894
23893
23887
23882
23873
23871
23869
23866
23856
23824
23819
23814
23813
23808
23808
23808
23804
23803
23803
23788
23775
23771
23765
23762
23759
23753
23747
23740
23719
23709
23708
23686
23686
23685
23680
23677
23666
23663
23660
23654
23652
23650
23644
23628
23626
23625
23614
23612
23604
23579
23556
23554
23539
23534
23534
23532
23530
23509
23509
23507
23500
23498
23498
23496
23488
23484
23483
23477
23475
23474
23467
23454
23452
23452
23431
23427
23408
23405
23399
23396
23375
23374
23373
23372
23363
23358
23356
23356
23356
23350
23349
23342
23336
23319
23309
23303
23302
23297
23278
23277
23276
23263
23256
23244
23242
23229
23209
23203
23200
23200
23197
23197
23195
23194
23190
23190
23189
23187
23182
23178
23158
23157
23156
23139
23136
23124
23121
23120
23119
23115
23108
23104
23092
23091
23087
23087
23066
23065
23062
23057
23052
23049
23035
23032
23024
23016
23006
23000
22996
22993
22986
22980
22979
22967
22963
22960
22949
22915
22909
22903
22903
22902
22893
22890
22889
22885
22884
22876
22865
22865
22863
22850
22849
22842
22838
22832
22829
22824
22822
22820
22818
22817
22815
22810
22793
22792
22785
22782
22773
22770
22762
22756
22751
22749
22749
22748
22744
22740
22730
22717
22705
22702
22690
22670
22661
22657
22652
22635
22631
22621
22611
22606
22594
22581
22577
22575
22572
22571
22571
22559
22556
22551
22545
22538
22529
22518
22516
22508
22501
22494
22480
22476
22457
22446
22436
22432
22429
22382
22380
22377
22373
22365
22361
22355
22334
22329
22327
22317
22309
22301
22300
22297
22296
22268
22259
22258
22247
22245
22243
22243
22240
22238
22232
22228
22215
22203
22200
22197
22197
22177
22171
22167
22154
22153
22148
22147
22139
22139
22130
22119
22119
22111
22097
22089
22056
22041
22040
22035
22033
22024
22009
22008
21994
21993
21992
21988
21971
21964
21958
21946
21946
21921
21905
21901
21890
21888
21875
21861
21861
21842
21831
21826
21824
21797
21789
21788
21779
21772
21771
21765
21758
21755
21748
21746
21745
21743
21733
21730
21719
21713
21712
21701
21697
21695
21686
21680
21672
21669
21660
21651
21646
21643
21639
21625
21616
21612
21603
21599
21582
21576
21575
21574
21565
21562
21562
21557
21551
21551
21547
21533
21523
21520
21499
21493
21491
21480
21477
21476
21475
21470
21469
21447
21438
21425
21424
21416
21414
21413
21413
21409
21405
21402
21393
21386
21377
21377
21368
21367
21364
21358
21356
21348
21315
21313
21308
21293
21292
21281
21260
21250
21228
21226
21203
21200
21200
21198
21190
21177
21176
21168
21165
21158
21144
21118
21110
21107
21103
21097
21089
21087
21081
21081
21073
21066
21060
21057
21057
21050
21046
21042
21039
21024
21020
21017
21015
21002
21000
20977
20975
20963
20960
20943
20943
20943
20938
20928
20927
20921
20910
20898
20894
20889
20861
20861
20858
20855
20840
20836
20835
20832
20830
20825
20822
20816
20800
20792
20789
20774
20762
20762
20761
20752
20730
20728
20721
20718
20716
20713
20700
20693
20685
20667
20663
20654
20642
20641
20630
20628
20622
20619
20609
20602
20570
20569
20568
20562
20552
20552
20546
20545
20531
20525
20523
20519
20512
20512
20501
20500
20497
20492
20483
20477
20472
20465
20455
20447
20444
20434
20432
20427
20425
20418
20403
20380
20373
20345
20342
20325
20325
20309
20298
20291
20276
20265
20265
20243
20233
20227
20221
20220
20215
20214
20205
20196
20190
20180
20172
20161
20160
20148
20124
20120
20091
20090
20088
20087
20087
20085
20080
20080
20079
20078
20078
20078
20063
20055
20047
20047
20046
20045
20034
20033
20030
20029
20026
20013
20013
20000
19976
19967
19961
19952
19943
19941
19938
19936
19936
19934
19932
19929
19923
19922
19921
19912
19907
19881
19880
19876
19876
19862
19840
19836
19836
19833
19829
19827
19824
19812
19809
19793
19782
19781
19779
19779
19779
19768
19763
19754
19744
19734
19718
19717
19715
19712
19707
19699
19698
19683
19680
19672
19670
19664
19649
19623
19615
19596
19591
19590
19585
19571
19564
19561
19559
19555
19554
19552
19549
19534
19530
19529
19502
19502
19491
19473
19462
19461
19447
19442
19432
19431
19430
19427
19423
19420
19420
19418
19418
19416
19405
19402
19402
19386
19384
19382
19379
19368
19367
19366
19360
19355
19340
19337
19324
19320
19314
19303
19298
19290
19289
19281
19278
19247
19244
19229
19223
19195
19194
19194
19192
19181
19173
19171
19163
19151
19146
19145
19143
19136
19125
19121
19115
19103
19101
19085
19082
19075
19073
19069
19068
19067
19051
19050
19039
19018
19012
19003
18995
18995
18991
18989
18984
18978
18972
18943
18934
18933
18933
18933
18926
18921
18915
18904
18902
18887
18879
18878
18868
18857
18852
18851
18829
18816
18813
18802
18799
18799
18793
18791
18785
18778
18772
18769
18765
18755
18753
18737
18735
18713
18707
18706
18701
18693
18687
18686
18685
18682
18670
18667
18666
18659
18655
18651
18646
18625
18611
18585
18569
18561
18556
18555
18554
18547
18532
18530
18518
18518
18515
18512
18505
18494
18493
18488
18487
18484
18481
18475
18473
18463
18459
18458
18450
18449
18446
18443
18443
18437
18436
18428
18415
18412
18404
18398
18397
18397
18393
18384
18377
18370
18365
18362
18359
18358
18353
18348
18346
18310
18303
18301
18298
18290
18282
18275
18263
18243
18233
18224
18210
18205
18182
18176
18165
18157
18155
18150
18143
18139
18135
18132
18128
18124
18120
18110
18100
18091
18089
18077
18074
18072
18067
18061
18048
18039
18030
18023
18022
18019
18008
18006
17988
17987
17985
17984
17975
17973
17966
17959
17956
17945
17944
17943
17941
17932
17926
17921
17921
17914
17910
17910
17908
17905
17905
17902
17896
17884
17882
17852
17844
17834
17832
17831
17830
17829
17829
17828
17828
17824
17810
17797
17797
17790
17777
17771
17766
17754
17752
17742
17739
17735
17732
17730
17719
17713
17703
17703
17698
17689
17688
17682
17676
17661
17654
17641
17637
17615
17597
17594
17592
17591
17585
17583
17583
17579
17574
17567
17561
17547
17545
17542
17530
17529
17528
17511
17510
17507
17496
17486
17477
17472
17472
17455
17453
17447
17440
17434
17433
17429
17427
17407
17405
17398
17379
17370
17369
17359
17342
17337
17334
17329
17329
17321
17316
17316
17306
17306
17301
17278
17277
17263
17255
17252
17248
17242
17240
17229
17229
17225
17217
17204
17191
17179
17179
17165
17150
17147
17141
17140
17135
17124
17121
17120
17111
17107
17106
17090
17082
17081
17076
17065
17054
17042
17036
17032
17022
17013
17004
16990
16984
16976
16964
16958
16957
16954
16948
16946
16945
16945
16939
16936
16926
16918
16908
16908
16888
16887
16866
16865
16848
16839
16827
16820
16812
16806
16790
16790
16784
16782
16779
16778
16777
16771
16766
16765
16763
16761
16752
16745
16735
16721
16715
16710
16704
16699
16694
16672
16670
16660
16646
16641
16640
16637
16633
16631
16621
16616
16600
16596
16596
16589
16584
16584
16582
16577
16573
16568
16568
16567
16556
16547
16540
16539
16537
16535
16527
16522
16518
16513
16506
16504
16503
16502
16495
16476
16476
16474
16451
16449
16421
16417
16406
16402
16400
16391
16390
16383
16382
16377
16370
16359
16355
16353
16352
16348
16347
16344
16343
16341
16334
16330
16327
16314
16312
16311
16309
16302
16300
16297
16296
16292
16245
16245
16243
16242
16224
16204
16201
16186
16185
16178
16157
16155
16154
16152
16149
16142
16137
16129
16124
16111
16103
16080
16074
16071
16071
16065
16051
16050
16046
16030
16020
16015
16009
16000
15982
15978
15957
15952
15942
15927
15925
15925
15922
15915
15909
15895
15889
15886
15874
15851
15845
15840
15835
15824
15823
15816
15812
15808
15805
15804
15802
15795
15789
15788
15782
15781
15768
15768
15763
15762
15759
15751
15744
15738
15729
15725
15721
15715
15708
15708
15701
15696
15684
15675
15674
15666
15665
15659
15658
15657
15654
15647
15647
15643
15642
15638
15638
15631
15629
15616
15615
15614
15611
15607
15605
15595
15589
15582
15574
15567
15566
15560
15554
15554
15553
15553
15552
15550
15548
15543
15540
15538
15537
15536
15532
15530
15517
15509
15505
15502
15488
15468
15461
15458
15454
15449
15442
15424
15413
15400
15398
15394
15381
15350
15343
15340
15339
15332
15325
15319
15306
15304
15304
15300
15300
15298
15288
15280
15268
15263
15252
15244
15232
15214
15201
15195
15167
15164
15157
15154
15137
15132
15127
15126
15116
15114
15108
15106
15097
15093
15085
15080
15075
15073
15072
15066
15061
15057
15047
15046
15041
15033
15029
15027
15007
15007
15006
15002
14975
14967
14966
14964
14957
14952
14952
14949
14941
14935
14925
14918
14915
14905
14898
14886
14886
14880
14877
14874
14862
14858
14858
14848
14838
14829
14817
14814
14806
14773
14773
14768
14764
14762
14737
14729
14714
14709
14707
14703
14703
14693
14691
14684
14683
14681
14681
14679
14666
14653
14651
14634
14622
14621
14618
14607
14601
14593
14589
14581
14580
14579
14573
14568
14563
14552
14549
14548
14546
14546
14536
14518
14516
14499
14484
14479
14479
14472
14470
14470
14469
14460
14451
14444
14438
14431
14414
14399
14388
14370
14356
14349
14343
14335
14322
14312
14312
14310
14306
14301
14301
14266
14252
14243
14241
14239
14237
14219
14215
14210
14208
14201
14200
14193
14190
14186
14182
14173
14163
14162
14149
14148
14143
14140
14136
14136
14133
14128
14106
14106
14091
14081
14068
14061
14059
14057
14053
14049
14048
14048
14039
14032
14031
14017
14014
13993
13976
13974
13962
13954
13950
13950
13947
13947
13939
13894
13893
13888
13887
13885
13883
13883
13881
13880
13875
13871
13868
13866
13833
13832
13819
13819
13813
13809
13799
13784
13781
13780
13778
13778
13774
13773
13771
13768
13757
13757
13756
13751
13736
13736
13735
13728
13724
13722
13710
13704
13702
13699
13695
13694
13692
13689
13679
13677
13667
13660
13642
13642
13616
13606
13602
13597
13590
13585
13583
13573
13568
13562
13560
13552
13544
13523
13518
13516
13502
13491
13486
13484
13472
13456
13452
13445
13437
13434
13434
13427
13422
13420
13413
13407
13396
13395
13379
13376
13376
13373
13372
13365
13363
13360
13359
13346
13324
13314
13309
13304
13295
13293
13288
13280
13276
13275
13265
13256
13255
13249
13235
13232
13216
13204
13198
13191
13190
13184
13181
13177
13176
13167
13166
13159
13153
13149
13135
13135
13115
13109
13105
13090
13088
13081
13072
13068
13065
13064
13043
13025
13023
13022
13019
13012
13000
12989
12979
12976
12972
12971
12952
12924
12923
12919
12909
12904
12891
12887
12884
12883
12880
12868
12860
12853
12853
12847
12841
12840
12818
12816
12813
12812
12811
12808
12802
12790
12788
12783
12727
12722
12709
12701
12700
12696
12687
12682
12662
12653
12650
12632
12624
12623
12619
12614
12611
12603
12603
12598
12581
12572
12565
12564
12559
12550
12538
12532
12511
12507
12500
12499
12491
12485
12482
12472
12470
12459
12457
12442
12432
12432
12428
12426
12409
12390
12383
12375
12366
12347
12346
12344
12344
12343
12332
12328
12324
12323
12309
12292
12288
12283
12281
12276
12275
12268
12267
12265
12257
12247
12246
12244
12244
12238
12238
12234
12233
12182
12180
12179
12178
12174
12165
12146
12146
12128
12125
12123
12120
12119
12106
12102
12100
12092
12083
12080
12064
12061
12042
12040
12037
12015
12013
12009
12006
12004
11996
11987
11980
11980
11975
11970
11968
11965
11965
11948
11947
11947
11947
11937
11933
11931
11928
11912
11909
11903
11898
11897
11878
11870
11861
11852
11851
11851
11844
11820
11817
11816
11814
11810
11803
11800
11794
11790
11788
11779
11776
11761
11757
11756
11748
11741
11740
11732
11729
11728
11725
11713
11705
11697
11687
11679
11667
11665
11662
11657
11656
11652
11651
11650
11650
11643
11632
11627
11615
11601
11596
11594
11581
11576
11572
11555
11548
11542
11542
11520
11513
11497
11495
11482
11467
11463
11453
11452
11443
11440
11437
11436
11436
11432
11428
11422
11416
11402
11399
11398
11397
11394
11394
11388
11387
11387
11376
11369
11359
11352
11351
11349
11332
11329
11329
11327
11327
11323
11320
11318
11308
11305
11293
11266
11265
11254
11242
11242
11238
11235
11216
11212
11209
11204
11199
11186
11176
11174
11173
11171
11162
11152
11142
11130
11128
11125
11107
11107
11083
11078
11077
11076
11076
11071
11064
11042
11039
11035
11034
11031
11020
11017
11017
11016
11003
10993
10991
10985
10984
10981
10977
10972
10967
10956
10950
10947
10933
10932
10910
10909
10909
10905
10894
10893
10891
10890
10887
10883
10880
10855
10850
10834
10827
10825
10820
10819
10818
10814
10813
10811
10802
10802
10798
10794
10792
10775
10773
10767
10760
10755
10748
10746
10742
10733
10717
10715
10710
10703
10698
10694
10691
10688
10686
10683
10681
10680
10649
10647
10647
10644
10643
10630
10623
10620
10608
10600
10594
10580
10576
10570
10569
10559
10557
10556
10545
10537
10536
10535
10535
10507
10503
10483
10480
10480
10478
10474
10462
10458
10448
10445
10440
10437
10422
10420
10410
10408
10401
10383
10375
10372
10372
10371
10368
10367
10366
10366
10365
10358
10357
10352
10345
10343
10339
10332
10328
10320
10317
10287
10286
10284
10283
10277
10272
10265
10261
10258
10245
10243
10243
10241
10240
10215
10205
10203
10195
10191
10184
10183
10169
10164
10158
10157
10152
10148
10148
10147
10144
10141
10141
10125
10124
10124
10100
10098
10094
10067
10061
10057
10057
10055
10049
10049
10046
10032
10028
10027
10026
10025
10019
10019
10017
10012
9997
9985
9971
9970
9964
9947
9942
9926
9911
9906
9906
9905
9898
9896
9889
9887
9875
9875
9865
9849
9844
9842
9841
9840
9839
9837
9825
9820
9820
9811
9807
9800
9792
9784
9772
9770
9750
9737
9734
9733
9717
9711
9709
9702
9702
9697
9687
9676
9674
9674
9671
9656
9655
9639
9633
9629
9624
9620
9603
9593
9581
9576
9575
9563
9552
9549
9527
9525
9523
9519
9515
9511
9510
9509
9485
9476
9463
9448
9445
9436
9427
9425
9403
9389
9388
9372
9363
9354
9339
9335
9334
9333
9297
9295
9293
9292
9272
9272
9265
9261
9261
9260
9240
9240
9237
9235
9232
9230
9221
9210
9210
9193
9184
9152
9143
9117
9109
9108
9097
9090
9075
9074
9066
9062
9060
9057
9053
9050
9049
9028
9026
9023
9014
9011
9009
9000
8992
8982
8982
8982
8972
8969
8958
8949
8946
8943
8942
8941
8938
8926
8921
8921
8917
8904
8900
8867
8865
8861
8859
8848
8847
8845
8843
8840
8837
8822
8812
8810
8807
8801
8798
8780
8773
8773
8772
8754
8749
8748
8733
8727
8725
8721
8716
8707
8704
8702
8700
8700
8687
8677
8674
8670
8654
8646
8645
8630
8622
8612
8605
8602
8590
8589
8583
8579
8576
8567
8560
8552
8526
8500
8493
8486
8482
8474
8469
8469
8442
8435
8420
8416
8414
8407
8389
8386
8379
8373
8368
8365
8363
8353
8349
8345
8334
8331
8328
8327
8324
8323
8317
8314
8311
8307
8294
8291
8285
8283
8278
8276
8272
8262
8257
8225
8219
8218
8210
8196
8188
8187
8185
8183
8181
8175
8157
8155
8150
8147
8129
8122
8119
8118
8105
8098
8096
8095
8091
8090
8088
8088
8087
8073
8065
8052
8037
8036
8031
8025
8017
8003
7993
7990
7985
7979
7974
7964
7959
7958
7937
7914
7899
7895
7890
7889
7886
7860
7850
7836
7835
7833
7823
7821
7819
7817
7816
7810
7805
7802
7801
7786
7786
7779
7776
7775
7771
7760
7756
7741
7740
7711
7705
7689
7686
7683
7677
7675
7671
7666
7663
7654
7652
7650
7636
7632
7625
7624
7622
7619
7618
7616
7612
7603
7595
7589
7584
7584
7578
7576
7571
7559
7558
7555
7555
7553
7550
7548
7544
7536
7523
7522
7521
7520
7518
7510
7508
7503
7503
7502
7498
7477
7462
7457
7452
7440
7425
7424
7423
7423
7404
7403
7377
7371
7367
7351
7345
7334
7329
7327
7317
7306
7298
7295
7289
7273
7270
7257
7252
7247
7245
7243
7238
7234
7219
7218
7216
7215
7214
7209
7199
7198
7193
7186
7183
7183
7168
7162
7156
7152
7147
7143
7140
7137
7132
7131
7126
7124
7123
7098
7084
7081
7070
7063
7020
7017
7006
6996
6992
6979
6977
6965
6964
6963
6962
6944
6929
6926
6908
6906
6901
6900
6895
6892
6889
6884
6880
6878
6872
6850
6844
6841
6839
6837
6834
6816
6812
6810
6805
6804
6802
6799
6792
6789
6777
6774
6773
6758
6757
6756
6753
6749
6740
6738
6729
6719
6718
6718
6712
6706
6703
6692
6688
6686
6680
6674
6651
6648
6643
6635
6628
6618
6617
6608
6550
6548
6545
6533
6532
6525
6524
6520
6500
6492
6481
6479
6479
6465
6453
6421
6410
6408
6404
6393
6389
6386
6369
6367
6338
6337
6334
6331
6321
6320
6318
6305
6303
6294
6293
6291
6280
6273
6251
6251
6247
6235
6233
6219
6217
6211
6211
6210
6194
6191
6190
6173
6147
6145
6144
6136
6132
6122
6118
6108
6107
6103
6098
6095
6091
6087
6079
6078
6078
6068
6062
6060
6058
6050
6043
6042
6040
6030
6030
6020
6017
6015
6010
6000
5974
5972
5961
5947
5941
5928
5923
5922
5919
5911
5908
5896
5895
5895
5858
5854
5852
5840
5819
5813
5812
5801
5784
5783
5773
5771
5740
5738
5731
5721
5720
5712
5693
5690
5688
5686
5685
5684
5674
5674
5672
5669
5667
5658
5653
5646
5639
5631
5625
5601
5598
5597
5593
5590
5583
5581
5573
5570
5565
5558
5555
5543
5543
5543
5528
5518
5513
5510
5472
5463
5454
5439
5438
5425
5421
5421
5402
5395
5395
5388
5386
5383
5376
5365
5359
5357
5356
5349
5347
5342
5328
5327
5314
5311
5309
5300
5294
5292
5283
5282
5278
5232
5229
5223
5213
5205
5201
5188
5178
5178
5168
5165
5146
5145
5129
5115
5110
5109
5103
5101
5081
5076
5075
5073
5065
5059
5055
5036
5013
5006
5000
4996
4996
4992
4991
4979
4973
4970
4967
4965
4953
4946
4931
4930
4925
4922
4895
4887
4875
4871
4865
4854
4831
4830
4828
4817
4816
4815
4814
4812
4808
4807
4799
4775
4766
4766
4764
4752
4748
4747
4746
4732
4732
4728
4720
4716
4707
4705
4698
4688
4685
4681
4658
4656
4655
4654
4651
4644
4630
4623
4608
4603
4569
4560
4556
4555
4552
4545
4545
4534
4533
4531
4519
4518
4518
4511
4508
4498
4497
4491
4491
4488
4485
4482
4469
4460
4453
4449
4437
4425
4425
4411
4408
4405
4401
4398
4391
4389
4388
4381
4375
4362
4356
4356
4350
4348
4347
4343
4337
4334
4323
4290
4277
4272
4262
4257
4255
4250
4249
4242
4242
4240
4239
4229
4228
4221
4193
4176
4175
4173
4161
4157
4155
4153
4135
4132
4130
4099
4090
4075
4071
4068
4064
4049
4042
4025
4023
4021
4017
4013
4008
3997
3993
3986
3982
3965
3955
3940
3922
3915
3912
3910
3908
3895
3886
3876
3872
3865
3861
3852
3842
3830
3813
3813
3811
3808
3804
3795
3790
3775
3774
3768
3739
3731
3718
3706
3702
3697
3690
3689
3672
3645
3641
3635
3634
3615
3614
3599
3592
3583
3577
3575
3572
3563
3551
3549
3543
3542
3539
3531
3523
3519
3514
3513
3511
3509
3508
3496
3495
3480
3473
3472
3458
3455
3453
3448
3447
3437
3432
3422
3422
3412
3408
3406
3403
3400
3400
3374
3372
3366
3364
3360
3359
3342
3342
3338
3337
3319
3318
3317
3302
3294
3290
3289
3288
3285
3283
3282
3251
3240
3237
3229
3208
3193
3176
3175
3170
3169
3161
3143
3139
3103
3101
3092
3087
3080
3066
3066
3044
3039
3034
3033
3016
3004
2992
2978
2972
2971
2969
2967
2965
2957
2947
2929
2918
2911
2896
2893
2893
2889
2885
2885
2876
2875
2875
2872
2862
2860
2855
2854
2847
2844
2841
2838
2836
2834
2831
2830
2828
2826
2825
2825
2810
2809
2801
2799
2797
2790
2786
2778
2772
2767
2738
2731
2728
2717
2714
2714
2709
2707
2681
2668
2654
2645
2641
2631
2623
2612
2610
2608
2603
2587
2558
2558
2555
2555
2554
2546
2531
2530
2522
2517
2501
2488
2484
2472
2454
2453
2451
2445
2444
2442
2442
2433
2426
2423
2414
2395
2374
2374
2373
2371
2370
2369
2364
2358
2351
2346
2339
2326
2318
2291
2287
2287
2282
2277
2270
2265
2243
2240
2238
2234
2206
2198
2197
2192
2190
2190
2189
2186
2185
2184
2176
2170
2169
2163
2153
2152
2148
2124
2123
2118
2112
2111
2109
2094
2093
2092
2091
2090
2085
2081
2079
2078
2077
2073
2068
2062
2054
2052
2039
2034
2029
2024
2017
2012
2010
2008
2004
1992
1988
1984
1983
1981
1979
1978
1971
1963
1960
1952
1949
1945
1941
1941
1940
1940
1938
1919
1911
1904
1893
1890
1887
1881
1878
1875
1871
1854
1850
1827
1823
1820
1820
1810
1797
1792
1785
1773
1750
1742
1734
1733
1733
1720
1719
1718
1716
1712
1711
1704
1703
1701
1698
1697
1690
1686
1675
1673
1665
1648
1627
1623
1620
1615
1614
1614
1602
1595
1586
1581
1575
1569
1568
1567
1562
1561
1544
1529
1524
1522
1520
1518
1515
1513
1508
1504
1500
1484
1484
1470
1469
1448
1445
1444
1441
1433
1421
1410
1392
1391
1391
1390
1387
1373
1372
1366
1365
1357
1346
1339
1331
1327
1318
1312
1311
1308
1297
1293
1292
1287
1285
1269
1268
1255
1246
1238
1237
1237
1236
1234
1223
1223
1218
1218
1205
1182
1178
1172
1164
1162
1161
1159
1138
1133
1122
1111
1111
1109
1103
1074
1073
1060
1055
1052
1037
1036
1036
1028
1027
1025
1024
1016
1011
1011
1008
1004
1002
1000
996
993
990
987
977
973
971
963
960
957
932
930
920
918
915
913
913
911
910
897
894
890
889
872
866
864
860
859
850
845
833
830
822
819
810
805
800
793
785
743
739
730
727
718
706
690
690
675
675
672
671
669
659
649
642
642
633
628
621
611
609
607
607
606
602
602
601
593
592
581
576
574
573
569
564
551
548
530
523
506
501
497
474
464
460
460
456
423
423
411
410
410
410
395
391
358
347
346
339
325
315
303
292
284
284
281
279
275
275
267
257
255
255
244
226
218
218
209
192
154
147
136
126
124
119
94
92
88
85
85
74
73
68
67
63
25
19
7
5
3
