18704
31070
68722
32872
63537
32408
70558
90607
93079
73283
13328
16530
81014
35433
49141
15090
52965
20526
19317
92034
41411
83381
54255
90500
7527
85749
73766
79311
29914
26420
20422
48619
57491
89144
81491
37380
37905
68402
27987
30984
58037
41315
63866
39051
76748
13008
54141
46065
49886
89810
38099
91297
73191
8707
98149
97070
94456
71915
76381
40723
14688
96804
89342
88531
2300
87185
25911
40205
55587
53898
87541
13624
95213
51408
69027
88314
80768
39521
34379
30654
29331
88831
21952
18875
97538
36453
15945
8346
24721
92327
49069
39409
5483
54763
27940
24135
58301
53851
64341
30240
24101
68234
43865
35666
19642
29244
23980
410
85117
58360
47417
14449
63543
85721
33324
61081
22174
65621
85779
46895
74300
51201
86304
79783
5964
30596
3919
80617
799
84612
10858
24900
69198
71075
60567
88841
319
899
5603
85437
75611
69372
16238
39154
55093
65914
16587
77268
31535
2367
24163
5836
53568
26820
1971
75884
73768
22242
56502
90920
23206
83712
15820
92405
54787
92739
97598
55106
9991
3201
56895
85602
88926
73133
24757
44019
55399
41344
21287
86935
60063
61803
9123
29983
4975
27446
22220
95095
49689
95074
86015
72895
78786
18188
81652
33573
27279
79250
5031
37270
98804
61927
22873
87730
51412
63982
31749
6812
21678
69389
10099
81742
47544
35574
11725
68871
63020
50297
63966
29061
45371
66334
18309
24157
84522
99961
57730
28153
79212
62762
65424
78016
41041
4649
82098
92453
84983
13847
15617
6661
99588
42068
4755
47132
93994
32833
32355
57015
83130
96322
86076
28502
79008
4385
52659
63530
20699
26742
8035
99911
5856
89811
94279
46897
10812
76377
55702
95795
6576
87672
2457
6165
46092
23564
69649
40087
56397
2005
97102
39528
14679
99530
84382
93687
20268
37041
73569
40967
80135
81604
57230
2343
71416
51509
65592
82228
44238
21295
78024
50814
25319
96833
56979
87763
36749
42981
27850
93147
44986
41304
49027
59665
40835
33409
69704
77455
86802
43273
18422
66938
24877
75652
69281
12645
43513
34874
94874
87751
72521
89250
38565
14192
2435
11897
1955
39184
71230
46158
48683
16216
87462
97710
92233
44649
31119
61937
22104
17922
21562
56878
1212
46439
48882
86845
59085
92395
38071
70311
96498
26944
75913
51416
57488
94700
79665
59444
50236
50895
5602
98920
83463
9416
12982
92048
54066
44102
53985
92522
78376
91899
49401
79588
38338
14635
82785
13775
23383
20857
438
19881
64153
92703
87649
21642
87403
67314
97438
37640
34561
3040
52912
18024
28808
65894
10072
99226
9996
80409
91749
4724
72308
57502
664
26999
72137
83450
57126
11872
20659
73917
31754
84812
66620
35755
6454
54024
3070
3892
8016
53983
23284
60928
72008
68445
26822
98432
67671
36819
95194
59420
57895
67502
16922
58560
10853
5412
42010
84332
17284
62669
58249
65390
63833
24869
1146
86640
78893
20568
6884
86909
74551
46521
64189
62911
14966
91012
61344
82637
44183
56538
58410
2078
40392
91684
60638
67598
13448
19000
51930
30733
98021
10179
12475
61855
35048
29973
48495
30294
50541
55379
33555
41445
1900
97745
4356
33218
5109
82052
15856
49292
38590
90618
67722
95335
82302
44713
62933
95751
63713
31215
42836
61735
41394
55311
23590
92794
85285
88437
39440
52178
60168
89348
93623
62069
3445
14332
11639
8554
96384
43847
74198
51327
34465
58272
46662
16768
2985
25947
28871
66699
57162
88059
28434
14908
43370
68376
24054
45007
56813
79847
13538
16981
69195
7161
95402
88992
37845
7042
97546
34230
50889
88096
85557
1707
46368
48571
34827
65706
90870
63698
32405
64384
51757
77191
95644
11479
61919
19698
72839
35084
15897
86377
68417
85092
9890
63820
74084
47736
87214
87982
81966
54455
92430
83875
72514
55151
48798
7341
20857
39668
87391
69614
4052
55500
46805
99696
66980
25076
35746
39819
60160
51644
42548
28577
53088
52438
8749
27173
174
12315
31507
98492
83123
40290
82367
55637
95441
31165
62979
16298
87185
50370
2264
91237
5871
65421
7285
89203
90497
43032
45374
50657
94676
87922
95586
47764
40360
4336
91289
40535
33003
39149
39027
16126
79439
37747
71764
74880
85264
34743
7530
72450
1465
9794
80039
7336
75215
87325
12891
82064
30357
58265
32721
41385
46187
44659
5501
86548
65347
96791
43435
98351
35940
98814
14477
31731
36561
2593
22963
21826
53688
30493
10628
55154
56639
90667
78842
48206
77992
91734
30270
24701
49999
79343
66086
96187
40354
71588
99087
5702
68379
42522
4053
20671
41336
34882
52402
94250
37476
75365
32428
91164
22210
43056
46318
95201
33723
25161
59759
28068
33247
6381
52769
83246
85724
18856
95785
26078
90444
94872
48132
75175
37394
52185
12198
95083
87068
80952
89333
40896
72669
21761
32060
11231
81169
94731
6432
31244
19892
66191
59312
69491
72572
12082
52737
74648
47290
48523
17078
37734
59747
65211
29261
13494
33748
57811
8577
37168
38763
14262
78064
27784
52375
10125
39015
49896
4856
45447
81140
41100
27990
40453
26943
16914
68887
79680
7914
16177
44555
24992
53911
4303
6555
99524
34149
40304
57335
59078
93824
12450
73340
71889
40234
42067
98366
79249
91963
19574
41048
73103
77026
85390
29908
3969
18656
98795
1
26570
14972
44557
51562
85235
65212
74470
84759
15713
31126
58446
74791
24950
70896
64483
13191
27482
6550
11557
23083
14865
47483
80483
87968
24509
65873
34229
44830
84529
33024
44832
11099
47997
5741
79014
49584
87305
53484
34344
3018
84610
9142
94161
25912
96391
58644
39104
23873
65194
67013
46957
80059
14497
27440
84379
55358
9666
34960
16541
94195
67985
61373
21647
32334
83466
17013
81918
87123
86849
32614
6493
71459
41757
654
13723
38148
59298
52827
78373
40844
36193
25330
37255
67042
69123
37986
22400
78789
72947
38941
89336
57284
16666
27335
89618
16484
44348
87888
19959
31197
20503
26452
19008
78612
43458
49084
33112
19108
18263
11485
59952
54456
53168
13559
21498
22291
51546
60251
17432
40845
15544
23120
98129
48563
50456
4099
65047
11156
91987
1359
58706
28842
27811
94066
7454
71270
43150
56918
90378
61414
68404
66683
15870
21572
80242
53721
60215
48140
13972
93999
5337
29516
17119
3466
78079
83927
23917
59479
11436
32257
60838
70142
61099
5001
64208
84906
92623
7359
41824
99354
85125
26580
82389
995
89885
89884
89875
89860
89853
89844
89839
89836
89828
89813
89806
89787
89787
89786
89780
89780
89777
89776
89775
89768
89750
89744
89731
89723
89716
89696
89692
89691
89684
89674
89667
89657
89650
89640
89637
89630
89629
89621
89593
89589
89578
89577
89559
89525
89522
89520
89499
89497
89497
89479
89450
89429
89423
89419
89418
89399
89395
89386
89361
89348
89342
89316
89309
89295
89293
89267
89260
89250
89232
89232
89229
89209
89203
89202
89164
89116
89115
89114
89100
89099
89094
89080
89080
89077
89070
89050
89049
89049
89044
89016
89000
88997
88982
88975
88962
88943
88939
88925
88924
88904
88882
88879
88849
88817
88816
88814
88803
88796
88778
88777
88773
88735
88735
88730
88724
88707
88694
88692
88668
88654
88629
88623
88604
88603
88597
88589
88586
88554
88547
88540
88539
88531
88531
88527
88516
88515
88503
88498
88488
88476
88470
88447
88438
88434
88391
88384
88374
88373
88370
88355
88342
88340
88340
88336
88334
88332
88325
88319
88311
88310
88282
88280
88238
88235
88219
88218
88215
88213
88212
88208
88191
88181
88176
88176
88168
88148
88139
88129
88123
88121
88113
88107
88079
88078
88075
88068
88061
88059
88051
88047
88035
88030
88000
87998
87995
87985
87957
87953
87952
87946
87934
87933
87903
87886
87886
87885
87879
87862
87860
87852
87836
87820
87818
87818
87798
87784
87777
87773
87769
87761
87729
87721
87698
87685
87671
87664
87659
87658
87653
87651
87642
87639
87626
87616
87611
87610
87599
87542
87540
87530
87525
87516
87513
87503
87502
87492
87470
87468
87463
87456
87450
87448
87442
87411
87407
87406
87403
87395
87388
87368
87365
87356
87351
87339
87326
87324
87324
87321
87318
87315
87311
87299
87296
87284
87264
87240
87230
87218
87123
87116
87115
87107
87105
87070
87051
87048
87047
87040
87039
87039
87035
87018
87009
86980
86979
86964
86963
86957
86927
86923
86918
86905
86900
86886
86885
86883
86868
86856
86828
86817
86814
86804
86803
86758
86739
86733
86723
86711
86679
86656
86654
86641
86617
86598
86567
86544
86544
86535
86530
86526
86524
86500
86496
86493
86489
86476
86472
86467
86457
86440
86415
86411
86406
86357
86337
86337
86331
86320
86313
86307
86305
86300
86297
86291
86288
86284
86273
86270
86269
86261
86221
86215
86198
86179
86149
86129
86124
86111
86102
86101
86088
86076
86075
86075
86063
86054
86023
85984
85962
85942
85922
85916
85905
85902
85891
85889
85884
85858
85851
85842
85838
85837
85833
85818
85817
85805
85802
85799
85794
85785
85775
85773
85772
85767
85757
85756
85751
85747
85744
85742
85728
85721
85716
85704
85704
85703
85688
85688
85676
85663
85660
85656
85653
85650
85632
85614
85605
85594
85589
85581
85578
85574
85551
85505
85494
85477
85460
85456
85449
85443
85440
85419
85419
85414
85398
85397
85346
85338
85305
85296
85281
85278
85275
85275
85258
85257
85251
85238
85235
85231
85221
85201
85198
85192
85182
85181
85174
85169
85169
85160
85156
85142
85121
85117
85114
85112
85105
85104
85098
85034
85023
84972
84972
84963
84956
84952
84949
84939
84938
84924
84918
84917
84915
84914
84908
84898
84891
84879
84878
84849
84817
84769
84769
84698
84692
84690
84679
84669
84657
84651
84649
84646
84646
84639
84636
84635
84623
84622
84616
84607
84598
84588
84567
84567
84552
84551
84544
84544
84540
84534
84531
84521
84512
84508
84499
84484
84473
84464
84459
84437
84424
84421
84395
84394
84394
84392
84375
84363
84342
84337
84326
84321
84312
84311
84306
84304
84297
84291
84278
84277
84277
84271
84270
84244
84239
84227
84222
84222
84218
84209
84198
84188
84158
84132
84074
84052
84044
84037
84032
84022
84019
84007
83994
83980
83972
83953
83939
83923
83919
83903
83887
83887
83884
83878
83871
83870
83867
83863
83853
83841
83833
83824
83809
83804
83793
83783
83780
83747
83738
83733
83718
83718
83718
83710
83700
83688
83688
83683
83683
83678
83640
83640
83597
83595
83579
83577
83571
83570
83568
83562
83562
83558
83531
83525
83512
83499
83497
83493
83485
83474
83471
83469
83469
83465
83465
83441
83440
83422
83421
83399
83370
83364
83348
83346
83337
83331
83328
83323
83316
83289
83266
83223
83218
83207
83206
83206
83197
83183
83174
83169
83142
83138
83130
83127
83126
83106
83095
83093
83077
83050
83048
83045
83036
83021
83020
83020
83019
83011
83001
82948
82927
82890
82883
82850
82847
82846
82837
82837
82829
82825
82821
82809
82773
82760
82758
82746
82723
82721
82717
82698
82690
82690
82683
82656
82654
82642
82638
82618
82593
82589
82584
82578
82578
82567
82551
82545
82538
82537
82535
82524
82518
82508
82508
82498
82495
82495
82489
82474
82459
82451
82450
82446
82433
82421
82418
82394
82391
82384
82382
82380
82354
82349
82344
82339
82315
82291
82265
82252
82243
82234
82234
82219
82211
82207
82201
82197
82195
82182
82170
82166
82149
82138
82121
82099
82090
82090
82087
82067
82041
82040
82036
82035
82028
82002
81995
81989
81987
81982
81973
81973
81959
81958
81955
81945
81939
81925
81917
81913
81884
81880
81865
81847
81817
81814
81813
81803
81781
81768
81760
81734
81732
81725
81716
81714
81712
81683
81681
81674
81670
81668
81665
81665
81647
81645
81624
81594
81587
81586
81577
81576
81570
81569
81569
81562
81533
81533
81527
81512
81502
81481
81447
81446
81420
81416
81404
81367
81361
81360
81345
81339
81333
81302
81296
81262
81261
81254
81249
81231
81229
81208
81197
81193
81157
81145
81140
81130
81124
81121
81116
81095
81095
81072
81069
81062
81048
81043
81039
81039
81014
80999
80997
80990
80982
80978
80970
80948
80946
80928
80923
80902
80898
80896
80871
80859
80850
80844
80843
80839
80834
80823
80811
80811
80810
80810
80789
80780
80780
80777
80777
80753
80745
80736
80726
80718
80715
80713
80699
80697
80632
80623
80619
80608
80603
80601
80590
80566
80565
80547
80535
80520
80516
80513
80500
80477
80475
80462
80462
80456
80415
80406
80389
80369
80359
80359
80356
80342
80341
80327
80326
80322
80316
80313
80283
80273
80268
80267
80267
80264
80262
80262
80247
80247
80241
80240
80226
80219
80218
80214
80203
80190
80180
80166
80163
80141
80129
80126
80124
80115
80111
80107
80102
80081
80074
80073
80064
80043
80035
80034
80012
80011
80011
80009
80007
80000
79978
79950
79948
79926
79908
79899
79899
79891
79886
79876
79861
79843
79840
79840
79840
79822
79812
79808
79763
79755
79742
79732
79725
79720
79714
79710
79699
79693
79688
79684
79668
79665
79660
79655
79643
79611
79604
79582
79581
79572
79559
79547
79502
79499
79482
79467
79459
79431
79408
79369
79368
79353
79344
79305
79294
79294
79289
79287
79280
79262
79242
79227
79179
79156
79153
79152
79135
79132
79119
79113
79104
79076
79070
79069
79068
79057
79038
79023
79013
79005
78978
78946
78940
78919
78915
78898
78857
78856
78841
78834
78813
78805
78801
78758
78756
78751
78747
78741
78718
78717
78715
78714
78708
78706
78684
78683
78672
78671
78668
78660
78659
78659
78646
78636
78630
78610
78609
78605
78591
78584
78583
78569
78566
78532
78517
78492
78484
78481
78444
78437
78436
78434
78404
78401
78399
78375
78372
78371
78348
78334
78329
78327
78326
78314
78302
78299
78296
78266
78254
78247
78232
78230
78215
78215
78208
78202
78201
78200
78184
78154
78145
78127
78103
78076
78072
78072
78070
78055
78049
78045
78044
78041
78041
78034
78019
78012
78006
78001
77962
77956
77950
77945
77936
77935
77894
77887
77874
77873
77864
77858
77856
77807
77804
77773
77766
77759
77751
77751
77747
77731
77730
77710
77703
77702
77696
77692
77690
77684
77682
77674
77647
77646
77634
77631
77622
77621
77618
77617
77608
77606
77598
77586
77569
77544
77537
77524
77521
77496
77456
77452
77403
77402
77399
77390
77389
77370
77360
77356
77354
77348
77344
77300
77298
77291
77279
77276
77276
77262
77259
77252
77248
77243
77233
77218
77213
77192
77188
77186
77178
77177
77171
77168
77167
77154
77145
77144
77143
77138
77122
77101
77095
77094
77075
77068
77039
77039
77038
77035
77014
77012
77009
76989
76987
76983
76981
76966
76960
76955
76945
76919
76892
76879
76875
76862
76860
76844
76841
76837
76803
76783
76781
76775
76758
76757
76755
76737
76736
76716
76694
76674
76670
76663
76658
76644
76633
76615
76598
76592
76587
76554
76540
76464
76462
76448
76433
76431
76428
76413
76400
76400
76400
76390
76386
76372
76361
76357
76343
76312
76296
76283
76281
76271
76261
76256
76252
76243
76241
76215
76211
76177
76176
76161
76160
76144
76140
76139
76104
76103
76101
76094
76088
76079
76071
76049
76048
76039
76032
76031
76020
76016
75995
75970
75965
75963
75955
75955
75949
75939
75922
75901
75872
75850
75848
75823
75807
75788
75759
75734
75722
75709
75707
75705
75687
75686
75683
75671
75662
75633
75632
75618
75592
75592
75583
75572
75561
75555
75544
75539
75535
75522
75518
75514
75512
75511
75508
75498
75494
75487
75480
75451
75434
75426
75422
75418
75417
75416
75415
75414
75399
75391
75385
75384
75379
75328
75321
75320
75304
75294
75285
75255
75231
75183
75181
75169
75164
75162
75141
75121
75107
75107
75103
75090
75088
75055
75046
75021
75002
74996
74970
74963
74961
74958
74954
74947
74912
74892
74883
74854
74839
74835
74828
74820
74795
74782
74778
74773
74767
74749
74746
74741
74740
74737
74735
74716
74699
74697
74692
74690
74687
74676
74675
74664
74662
74639
74628
74618
74587
74579
74561
74555
74555
74549
74529
74528
74522
74521
74505
74504
74502
74496
74482
74481
74479
74476
74474
74472
74464
74451
74449
74448
74448
74444
74430
74400
74393
74379
74367
74362
74361
74355
74346
74346
74339
74338
74326
74297
74290
74288
74287
74285
74275
74253
74248
74230
74214
74199
74175
74175
74171
74163
74160
74158
74149
74148
74147
74131
74131
74118
74113
74094
74093
74074
74052
74033
74005
73996
73996
73988
73982
73967
73963
73955
73953
73944
73926
73919
73901
73890
73883
73872
73827
73766
73760
73758
73749
73744
73740
73728
73716
73702
73700
73694
73685
73678
73670
73659
73652
73646
73615
73614
73607
73595
73592
73578
73571
73567
73566
73541
73539
73472
73458
73440
73415
73413
73412
73411
73398
73393
73388
73374
73368
73357
73355
73345
73342
73341
73310
73298
73253
73247
73246
73230
73220
73218
73217
73213
73192
73184
73178
73167
73160
73158
73153
73152
73144
73131
73124
73121
73121
73119
73114
73111
73100
73096
73095
73094
73074
73068
73033
73018
73010
73002
72996
72979
72959
72950
72941
72917
72913
72912
72900
72873
72862
72858
72844
72806
72806
72788
72777
72775
72767
72762
72741
72722
72705
72704
72698
72694
72647
72642
72584
72581
72569
72536
72510
72506
72472
72461
72446
72440
72421
72415
72413
72383
72375
72366
72356
72318
72313
72289
72274
72241
72232
72231
72227
72219
72193
72193
72186
72182
72180
72179
72156
72156
72148
72146
72131
72129
72106
72106
72066
72054
72049
72046
72041
72031
72028
72023
72021
72014
72013
72007
71989
71951
71941
71940
71929
71917
71909
71908
71906
71898
71897
71873
71842
71810
71804
71790
71788
71778
71764
71754
71736
71716
71702
71700
71695
71670
71669
71641
71616
71616
71612
71611
71609
71596
71588
71575
71573
71568
71552
71540
71525
71515
71507
71493
71477
71467
71464
71457
71452
71439
71437
71431
71414
71411
71411
71403
71398
71397
71393
71391
71388
71379
71360
71335
71310
71297
71284
71282
71276
71263
71259
71244
71241
71223
71185
71179
71156
71155
71153
71145
71128
71107
71097
71091
71086
71083
71041
71028
71023
71013
71001
70994
70981
70967
70962
70960
70959
70925
70915
70910
70889
70885
70870
70844
70839
70828
70806
70805
70801
70794
70786
70783
70780
70774
70757
70749
70748
70731
70710
70705
70703
70684
70680
70679
70675
70660
70651
70631
70620
70616
70613
70604
70579
70550
70546
70537
70536
70534
70532
70531
70527
70525
70525
70502
70497
70495
70492
70476
70456
70423
70419
70419
70413
70393
70393
70374
70348
70348
70346
70345
70342
70336
70334
70327
70323
70319
70304
70297
70293
70289
70288
70277
70268
70263
70261
70250
70241
70241
70238
70236
70218
70187
70184
70177
70160
70158
70146
70145
70137
70109
70102
70096
70085
70080
70079
70057
70042
70039
70035
70003
69976
69966
69959
69958
69953
69948
69941
69937
69931
69919
69919
69897
69895
69881
69872
69849
69843
69829
69827
69803
69777
69758
69755
69753
69746
69735
69730
69729
69725
69721
69719
69706
69699
69690
69689
69673
69664
69639
69629
69626
69623
69593
69580
69576
69570
69568
69562
69554
69541
69540
69539
69530
69520
69516
69505
69505
69503
69493
69467
69430
69407
69402
69368
69365
69359
69327
69318
69318
69315
69299
69297
69289
69281
69276
69267
69264
69252
69241
69226
69214
69205
69199
69187
69161
69158
69156
69144
69129
69128
69112
69084
69070
69069
69064
69048
69047
69045
69043
69043
69043
69032
69029
69019
69015
69010
69008
69006
68993
68980
68969
68960
68955
68951
68944
68941
68936
68934
68922
68917
68915
68906
68883
68870
68868
68867
68862
68834
68813
68810
68801
68791
68788
68770
68760
68745
68738
68720
68718
68692
68684
68682
68682
68651
68642
68633
68631
68609
68607
68604
68580
68561
68555
68544
68541
68524
68522
68513
68509
68508
68490
68476
68472
68450
68443
68423
68422
68421
68419
68414
68386
68376
68359
68340
68336
68333
68332
68327
68323
68317
68314
68313
68293
68273
68269
68249
68212
68194
68182
68177
68171
68157
68157
68155
68139
68131
68110
68093
68078
68046
68039
68037
68030
68026
68021
68003
67993
67987
67987
67986
67975
67972
67968
67967
67966
67954
67950
67935
67907
67895
67883
67880
67877
67876
67869
67866
67834
67812
67807
67807
67806
67802
67788
67785
67784
67781
67779
67770
67770
67766
67762
67762
67756
67756
67720
67720
67717
67713
67707
67700
67668
67665
67663
67662
67662
67661
67660
67643
67642
67636
67633
67606
67603
67595
67594
67593
67587
67566
67552
67544
67537
67528
67527
67521
67498
67496
67479
67469
67447
67437
67435
67421
67409
67377
67368
67365
67364
67359
67349
67343
67342
67333
67326
67323
67319
67309
67308
67304
67300
67268
67251
67220
67211
67198
67193
67188
67179
67176
67174
67170
67163
67149
67107
67106
67089
67079
67056
67055
67053
67041
67029
67020
67002
66995
66970
66965
66951
66941
66937
66935
66924
66920
66911
66895
66894
66886
66882
66833
66813
66768
66764
66748
66741
66737
66711
66700
66698
66693
66687
66673
66656
66654
66651
66645
66642
66635
66627
66615
66592
66583
66572
66567
66546
66541
66539
66538
66530
66519
66481
66453
66450
66440
66438
66431
66431
66428
66421
66408
66405
66402
66399
66387
66377
66369
66338
66334
66299
66298
66285
66267
66257
66256
66255
66250
66249
66235
66213
66198
66190
66182
66181
66170
66152
66116
66102
66099
66095
66078
66069
66055
66030
66000
65976
65975
65969
65965
65963
65961
65953
65939
65929
65901
65893
65872
65866
65853
65851
65829
65827
65823
65817
65814
65806
65793
65786
65753
65751
65739
65733
65699
65687
65681
65674
65669
65647
65628
65622
65620
65620
65617
65609
65608
65604
65603
65589
65569
65560
65523
65523
65502
65501
65490
65478
65463
65459
65459
65458
65454
65451
65443
65432
65429
65428
65415
65404
65386
65371
65362
65316
65312
65301
65276
65265
65209
65205
65205
65203
65165
65165
65147
65146
65132
65125
65120
65114
65105
65096
65086
65063
65046
65042
65037
65031
65022
65019
65017
65007
64986
64974
64972
64965
64960
64954
64952
64952
64948
64940
64933
64925
64907
64895
64884
64869
64862
64842
64833
64822
64821
64821
64811
64791
64790
64737
64715
64693
64686
64685
64663
64663
64658
64650
64639
64630
64629
64624
64624
64617
64612
64611
64611
64607
64607
64603
64559
64557
64547
64537
64512
64510
64500
64479
64472
64466
64465
64461
64446
64441
64436
64426
64425
64423
64421
64399
64374
64354
64330
64321
64318
64287
64275
64245
64220
64213
64211
64195
64187
64182
64158
64158
64157
64155
64123
64098
64088
64079
64075
64052
64030
63965
63961
63952
63948
63941
63933
63933
63925
63920
63919
63913
63895
63888
63883
63865
63861
63855
63854
63851
63849
63835
63835
63824
63811
63804
63800
63786
63779
63765
63753
63752
63741
63736
63735
63734
63730
63728
63721
63702
63671
63657
63654
63651
63640
63632
63614
63608
63600
63578
63575
63571
63552
63552
63547
63541
63537
63536
63534
63528
63528
63527
63517
63515
63492
63486
63470
63467
63441
63431
63425
63421
63420
63403
63397
63395
63392
63387
63367
63365
63360
63353
63350
63334
63312
63307
63306
63303
63294
63272
63267
63266
63265
63256
63256
63253
63250
63246
63242
63237
63200
63188
63183
63175
63166
63155
63149
63146
63139
63138
63133
63116
63111
63101
63092
63076
63074
63061
63060
63057
63032
63029
63026
63024
63020
62997
62984
62963
62956
62954
62952
62950
62915
62907
62898
62885
62879
62874
62851
62841
62835
62819
62811
62800
62784
62781
62774
62766
62751
62751
62744
62697
62687
62683
62676
62674
62670
62662
62640
62630
62629
62628
62601
62600
62593
62575
62571
62567
62553
62541
62541
62530
62511
62489
62485
62449
62438
62434
62396
62378
62368
62352
62342
62339
62325
62318
62307
62301
62294
62290
62286
62283
62280
62264
62263
62260
62254
62250
62236
62234
62212
62208
62187
62177
62174
62173
62162
62155
62136
62122
62116
62109
62101
62092
62092
62078
62074
62067
62062
62060
62055
62039
62038
62036
62033
62022
61987
61987
61986
61984
61983
61980
61978
61966
61944
61944
61942
61917
61899
61889
61887
61881
61880
61850
61846
61845
61835
61824
61823
61806
61804
61803
61792
61789
61788
61744
61743
61714
61702
61696
61687
61686
61681
61676
61665
61657
61646
61621
61614
61612
61610
61609
61604
61587
61579
61572
61566
61557
61544
61539
61534
61530
61491
61490
61479
61474
61460
61455
61448
61443
61442
61428
61422
61410
61403
61394
61381
61376
61357
61333
61330
61324
61323
61314
61313
61291
61284
61284
61283
61273
61268
61256
61254
61254
61252
61245
61223
61217
61216
61209
61199
61189
61181
61178
61161
61152
61147
61144
61129
61127
61125
61116
61102
61086
61082
61074
61070
61053
61038
61024
61023
60998
60990
60970
60959
60945
60944
60944
60929
60921
60919
60882
60882
60881
60876
60869
60850
60848
60832
60810
60792
60786
60769
60751
60745
60744
60734
60726
60715
60709
60706
60701
60699
60681
60678
60663
60660
60653
60645
60644
60641
60627
60625
60620
60589
60588
60587
60582
60573
60572
60545
60544
60538
60529
60521
60492
60476
60461
60460
60459
60453
60450
60406
60376
60373
60371
60358
60347
60342
60341
60328
60317
60310
60306
60300
60265
60248
60240
60235
60234
60233
60230
60228
60227
60226
60182
60158
60146
60132
60116
60109
60105
60095
60086
60082
60081
60063
60058
60057
60041
60024
60005
60004
59998
59998
59998
59988
59985
59969
59960
59960
59950
59907
59898
59888
59880
59873
59870
59868
59861
59835
59822
59819
59817
59778
59754
59749
59747
59726
59714
59701
59699
59698
59693
59688
59687
59686
59656
59638
59634
59627
59624
59623
59616
59605
59596
59588
59576
59556
59552
59546
59532
59525
59521
59520
59463
59453
59448
59436
59433
59431
59428
59414
59409
59405
59388
59385
59381
59350
59348
59346
59337
59325
59324
59319
59316
59311
59288
59277
59257
59241
59229
59215
59193
59190
59188
59185
59175
59175
59173
59161
59132
59118
59085
59062
59058
59029
59028
59020
58983
58983
58976
58975
58954
58947
58933
58925
58907
58905
58905
58899
58889
58878
58873
58870
58858
58858
58843
58838
58822
58790
58778
58771
58763
58750
58735
58722
58691
58680
58673
58670
58640
58615
58614
58614
58612
58586
58558
58556
58537
58529
58529
58525
58523
58520
58488
58478
58457
58456
58442
58438
58432
58428
58414
58380
58361
58358
58345
58342
58324
58317
58298
58293
58283
58235
58234
58210
58204
58182
58161
58152
58143
58116
58090
58088
58064
58051
58046
58039
58038
58029
58023
58015
58014
58008
58008
58004
58003
57998
57991
57983
57964
57959
57943
57936
57923
57906
57902
57885
57876
57868
57837
57836
57826
57819
57804
57804
57791
57791
57770
57752
57750
57737
57729
57721
57705
57699
57696
57687
57666
57653
57648
57647
57641
57632
57621
57613
57611
57610
57594
57593
57574
57570
57570
57569
57528
57520
57507
57487
57483
57483
57481
57479
57471
57470
57467
57440
57436
57425
57417
57410
57393
57389
57371
57361
57358
57309
57296
57294
57263
57253
57245
57236
57213
57209
57188
57182
57176
57167
57164
57160
57154
57143
57141
57134
57122
57121
57085
57075
57061
57048
57047
57044
57042
57033
57023
57021
57015
57013
57008
57004
56973
56961
56940
56940
56923
56903
56894
56875
56856
56847
56845
56837
56818
56815
56812
56810
56799
56779
56772
56759
56753
56752
56741
56736
56730
56721
56701
56680
56665
56659
56646
56639
56613
56611
56611
56608
56608
56596
56595
56592
56581
56549
56549
56546
56542
56538
56533
56531
56530
56529
56525
56519
56504
56503
56490
56485
56469
56450
56448
56446
56444
56420
56379
56378
56378
56350
56345
56324
56309
56308
56304
56295
56285
56232
56212
56199
56185
56178
56176
56174
56168
56163
56149
56133
56114
56111
56072
56067
56066
56060
56058
56055
56052
56045
56036
56029
56004
56000
55997
55990
55988
55973
55960
55951
55944
55936
55928
55907
55904
55890
55889
55875
55865
55860
55857
55854
55852
55852
55840
55831
55821
55809
55802
55784
55775
55754
55744
55740
55737
55727
55724
55716
55714
55707
55701
55692
55687
55671
55658
55654
55632
55616
55612
55606
55578
55563
55543
55542
55536
55476
55474
55469
55465
55464
55458
55440
55437
55436
55432
55427
55413
55410
55403
55397
55386
55384
55382
55359
55294
55276
55270
55255
55244
55214
55173
55142
55135
55125
55124
55113
55104
55087
55081
55079
55077
55073
55070
55068
55052
55049
55029
55027
55013
55010
54996
54994
54994
54989
54985
54970
54966
54949
54949
54921
54910
54897
54893
54881
54879
54828
54824
54812
54807
54799
54789
54772
54763
54758
54753
54747
54746
54714
54712
54700
54691
54687
54665
54663
54629
54628
54621
54608
54602
54597
54589
54568
54546
54544
54538
54516
54495
54493
54491
54489
54489
54470
54449
54418
54400
54393
54380
54357
54352
54345
54297
54296
54295
54264
54178
54163
54153
54147
54142
54141
54138
54137
54136
54128
54112
54111
54100
54097
54096
54090
54080
54072
54060
54048
54047
54047
54024
54023
54012
54009
54003
54002
53983
53979
53953
53931
53917
53907
53903
53897
53888
53879
53849
53847
53836
53824
53823
53809
53808
53782
53781
53780
53779
53775
53770
53757
53753
53749
53747
53710
53684
53679
53672
53652
53640
53639
53627
53615
53608
53606
53603
53597
53590
53577
53572
53564
53547
53542
53539
53513
53510
53504
53486
53483
53474
53469
53461
53460
53441
53435
53411
53405
53393
53390
53386
53373
53357
53351
53337
53335
53325
53319
53313
53303
53301
53293
53291
53256
53245
53209
53189
53163
53155
53138
53123
53121
53101
53101
53093
53089
53089
53088
53063
53056
53048
53045
53021
53020
53017
52985
52974
52968
52951
52950
52923
52913
52907
52889
52882
52862
52858
52856
52851
52845
52836
52836
52833
52831
52814
52813
52810
52803
52792
52778
52777
52776
52764
52764
52762
52761
52743
52724
52724
52719
52719
52709
52708
52681
52678
52663
52653
52651
52649
52643
52620
52610
52610
52601
52600
52599
52531
52525
52506
52494
52488
52474
52473
52465
52455
52433
52430
52416
52402
52396
52386
52380
52356
52354
52353
52340
52337
52337
52331
52330
52326
52311
52306
52286
52279
52274
52273
52245
52237
52193
52170
52164
52153
52149
52145
52092
52086
52067
52066
52046
52032
52032
52024
52016
52006
52000
52000
51994
51973
51971
51969
51957
51956
51952
51942
51933
51926
51921
51918
51857
51856
51851
51842
51841
51831
51827
51783
51771
51757
51753
51744
51731
51703
51700
51692
51690
51688
51687
51686
51679
51677
51675
51674
51665
51663
51651
51609
51602
51602
51596
51567
51555
51551
51543
51542
51534
51528
51524
51507
51499
51492
51487
51486
51472
51459
51457
51416
51415
51402
51402
51392
51392
51387
51383
51382
51379
51353
51336
51336
51313
51308
51302
51296
51276
51273
51259
51250
51242
51239
51230
51224
51217
51215
51190
51177
51163
51162
51159
51133
51117
51104
51087
51087
51084
51071
51051
51040
51038
51027
51024
51009
51002
50994
50993
50984
50973
50954
50939
50938
50933
50913
50910
50905
50877
50875
50863
50856
50855
50848
50844
50823
50823
50811
50807
50803
50803
50803
50777
50737
50732
50729
50722
50711
50699
50691
50684
50680
50678
50676
50662
50659
50656
50632
50626
50618
50610
50608
50596
50589
50589
50571
50551
50544
50483
50480
50480
50479
50469
50464
50461
50455
50446
50413
50413
50409
50394
50358
50348
50346
50331
50315
50306
50305
50296
50292
50291
50290
50287
50276
50227
50204
50192
50162
50161
50155
50133
50113
50110
50091
50086
50038
50023
50015
50014
50007
49986
49984
49982
49976
49967
49967
49962
49961
49944
49941
49931
49921
49910
49902
49896
49886
49869
49868
49826
49824
49822
49820
49808
49807
49805
49799
49790
49774
49756
49748
49747
49746
49714
49697
49691
49644
49638
49637
49629
49599
49593
49591
49581
49577
49575
49542
49542
49533
49531
49526
49497
49483
49470
49453
49443
49430
49426
49420
49410
49407
49407
49403
49398
49393
49339
49320
49320
49296
49292
49279
49275
49274
49247
49228
49224
49221
49215
49195
49191
49184
49170
49100
49092
49081
49063
49051
49043
49010
48997
48995
48991
48980
48979
48972
48954
48953
48946
48944
48943
48937
48934
48925
48925
48923
48918
48912
48906
48880
48844
48842
48833
48833
48828
48814
48808
48804
48785
48776
48770
48769
48763
48751
48742
48733
48716
48707
48697
48697
48692
48689
48675
48661
48657
48619
48614
48589
48572
48563
48545
48543
48534
48534
48527
48523
48513
48506
48459
48450
48445
48444
48443
48440
48415
48406
48392
48387
48370
48358
48349
48339
48338
48331
48306
48302
48263
48251
48248
48246
48235
48232
48221
48213
48209
48198
48195
48181
48159
48152
48145
48144
48138
48136
48117
48117
48116
48110
48100
48095
48092
48088
48069
48048
48047
48045
48027
48013
48008
48000
47981
47976
47973
47971
47958
47954
47946
47940
47931
47931
47928
47926
47925
47894
47881
47867
47845
47835
47833
47832
47825
47822
47804
47803
47803
47799
47794
47792
47764
47749
47725
47722
47716
47711
47709
47699
47694
47689
47688
47679
47674
47660
47649
47613
47611
47598
47591
47586
47578
47561
47548
47543
47527
47524
47521
47514
47504
47497
47451
47429
47427
47388
47384
47374
47371
47354
47347
47339
47335
47316
47314
47308
47294
47271
47264
47254
47250
47239
47230
47229
47216
47201
47199
47194
47172
47165
47163
47160
47143
47138
47121
47107
47059
47055
47052
47040
47017
47002
46978
46962
46953
46944
46936
46933
46916
46897
46876
46869
46852
46851
46848
46847
46842
46825
46816
46813
46812
46811
46803
46801
46784
46769
46769
46764
46753
46714
46706
46701
46670
46660
46659
46640
46628
46613
46602
46593
46588
46585
46579
46568
46557
46534
46514
46486
46473
46461
46449
46436
46434
46432
46426
46406
46398
46381
46380
46373
46369
46353
46347
46337
46304
46302
46284
46260
46255
46248
46246
46212
46206
46188
46135
46124
46120
46118
46114
46087
46086
46082
46067
46067
46058
46057
46050
46044
46044
46042
46035
46010
46002
46000
45986
45979
45979
45970
45969
45953
45924
45918
45912
45910
45902
45899
45898
45871
45865
45859
45856
45842
45825
45823
45821
45821
45813
45807
45801
45794
45779
45765
45762
45745
45714
45714
45705
45670
45666
45663
45656
45646
45641
45623
45620
45607
45595
45587
45579
45567
45561
45549
45545
45542
45539
45528
45527
45517
45516
45513
45511
45503
45498
45486
45482
45464
45455
45453
45448
45417
45412
45411
45408
45391
45383
45367
45342
45332
45332
45327
45325
45321
45312
45302
45301
45301
45298
45276
45237
45236
45235
45224
45222
45216
45215
45206
45194
45189
45185
45170
45166
45157
45153
45132
45121
45119
45092
45079
45078
45069
45067
45066
45063
45061
45053
45047
45020
45016
45008
45005
45003
44991
44979
44961
44951
44940
44939
44936
44919
44907
44896
44896
44892
44883
44872
44872
44872
44868
44864
44860
44849
44846
44836
44803
44802
44800
44777
44771
44769
44749
44736
44707
44700
44675
44673
44669
44665
44659
44658
44651
44640
44622
44619
44613
44607
44602
44588
44579
44578
44571
44566
44558
44552
44550
44547
44527
44522
44517
44510
44474
44474
44474
44467
44446
44445
44435
44433
44428
44406
44402
44401
44380
44379
44372
44362
44360
44353
44334
44310
44303
44302
44298
44288
44288
44287
44277
44277
44277
44264
44250
44231
44220
44181
44174
44173
44124
44119
44109
44106
44105
44094
44088
44080
44068
44062
44052
44039
44035
44034
44022
44017
43996
43987
43974
43959
43936
43930
43928
43925
43913
43898
43893
43883
43882
43874
43864
43859
43857
43847
43815
43794
43787
43781
43778
43777
43773
43769
43762
43758
43746
43740
43737
43731
43721
43721
43709
43705
43704
43697
43684
43682
43675
43655
43627
43625
43548
43546
43544
43536
43530
43521
43515
43505
43490
43480
43472
43471
43470
43453
43431
43425
43411
43400
43382
43368
43347
43338
43329
43320
43319
43315
43307
43303
43294
43281
43280
43254
43254
43252
43245
43241
43238
43229
43228
43207
43205
43195
43184
43176
43155
43153
43153
43150
43125
43114
43112
43111
43102
43097
43088
43072
43071
43069
43049
43034
43033
43025
43022
42994
42986
42970
42944
42931
42919
42902
42889
42889
42881
42875
42866
42846
42831
42818
42814
42809
42804
42798
42776
42757
42749
42742
42732
42730
42720
42718
42716
42705
42703
42691
42686
42683
42665
42660
42651
42639
42626
42621
42619
42609
42597
42583
42577
42572
42568
42566
42551
42549
42544
42538
42536
42521
42521
42509
42507
42484
42474
42460
42452
42445
42421
42415
42391
42391
42382
42380
42373
42361
42358
42342
42329
42312
42282
42262
42226
42200
42188
42178
42173
42153
42144
42128
42123
42090
42084
42063
42061
42022
41995
41981
41961
41953
41908
41904
41898
41889
41847
41840
41827
41821
41802
41789
41784
41757
41755
41746
41739
41736
41719
41716
41710
41708
41704
41699
41690
41689
41686
41676
41659
41656
41641
41637
41621
41609
41595
41582
41571
41559
41556
41546
41541
41533
41515
41510
41502
41485
41483
41469
41468
41464
41463
41457
41455
41448
41427
41420
41406
41397
41394
41391
41387
41383
41377
41371
41360
41360
41344
41343
41332
41329
41327
41325
41289
41287
41287
41277
41259
41254
41240
41238
41233
41228
41205
41190
41182
41170
41157
41149
41137
41133
41130
41127
41079
41075
41061
41061
41058
41044
41026
41017
41006
40998
40991
40988
40982
40971
40970
40969
40935
40923
40921
40919
40911
40898
40890
40873
40865
40862
40840
40840
40830
40821
40813
40805
40796
40787
40773
40759
40745
40742
40741
40739
40728
40721
40704
40696
40678
40657
40650
40637
40615
40607
40606
40539
40534
40532
40522
40517
40511
40489
40471
40469
40465
40460
40424
40404
40395
40365
40364
40363
40357
40343
40318
40317
40299
40296
40291
40277
40271
40268
40262
40254
40235
40225
40204
40189
40178
40162
40152
40147
40133
40125
40107
40102
40096
40072
40072
40070
40065
40065
40059
40056
40035
40033
40005
39989
39988
39972
39951
39942
39938
39935
39911
39869
39865
39863
39842
39837
39830
39821
39817
39811
39766
39759
39758
39742
39736
39734
39733
39730
39717
39712
39707
39670
39667
39653
39648
39645
39631
39623
39612
39608
39594
39591
39588
39579
39562
39559
39557
39538
39531
39530
39528
39527
39512
39511
39508
39502
39490
39489
39487
39486
39466
39465
39456
39454
39442
39409
39408
39403
39391
39382
39378
39378
39374
39340
39337
39330
39329
39323
39322
39307
39297
39290
39283
39280
39274
39274
39269
39265
39247
39246
39246
39244
39236
39235
39214
39196
39182
39182
39181
39163
39133
39129
39126
39124
39112
39111
39109
39105
39086
39083
39081
39081
39077
39063
39060
39054
39052
39047
39044
39039
39027
39024
38995
38994
38983
38976
38968
38965
38947
38944
38937
38907
38907
38899
38897
38853
38851
38814
38808
38794
38790
38773
38735
38731
38726
38714
38694
38692
38689
38685
38670
38649
38602
38599
38598
38587
38585
38580
38578
38573
38572
38556
38553
38546
38536
38532
38528
38516
38513
38490
38481
38470
38437
38430
38418
38407
38396
38382
38379
38373
38356
38355
38347
38345
38344
38342
38338
38323
38323
38322
38312
38299
38285
38278
38271
38266
38246
38236
38222
38215
38212
38212
38184
38184
38164
38151
38149
38123
38116
38107
38094
38090
38088
38080
38064
38062
38048
38048
38047
38042
38011
38006
37985
37985
37980
37972
37971
37963
37957
37945
37943
37939
37937
37925
37920
37905
37882
37863
37845
37839
37819
37801
37799
37798
37775
37766
37764
37756
37754
37744
37742
37728
37721
37713
37709
37696
37676
37671
37667
37650
37644
37644
37640
37610
37593
37574
37572
37570
37553
37552
37549
37535
37508
37506
37493
37493
37485
37474
37469
37469
37459
37456
37454
37448
37427
37426
37423
37418
37404
37395
37379
37362
37360
37359
37338
37327
37321
37317
37305
37300
37294
37273
37267
37266
37266
37265
37258
37229
37216
37212
37201
37192
37170
37164
37152
37150
37142
37139
37127
37127
37108
37106
37095
37094
37093
37091
37089
37056
37042
37041
37028
37018
36989
36988
36983
36982
36951
36941
36935
36929
36929
36911
36888
36865
36856
36841
36839
36827
36820
36800
36789
36775
36762
36754
36731
36723
36720
36718
36690
36658
36645
36640
36639
36633
36626
36622
36597
36595
36575
36571
36566
36552
36542
36520
36516
36509
36503
36498
36494
36476
36455
36439
36428
36423
36415
36414
36413
36408
36390
36370
36355
36349
36342
36341
36340
36338
36324
36320
36307
36296
36289
36287
36285
36278
36277
36274
36265
36245
36238
36225
36215
36213
36202
36186
36168
36164
36133
36128
36123
36100
36098
36061
36058
36038
36037
36022
36021
36004
36000
35998
35988
35968
35950
35948
35944
35908
35905
35901
35900
35889
35883
35880
35865
35862
35862
35858
35844
35831
35823
35808
35805
35802
35799
35789
35787
35783
35768
35764
35753
35701
35698
35694
35686
35684
35672
35671
35663
35658
35648
35648
35637
35627
35622
35617
35606
35604
35570
35562
35545
35544
35536
35523
35507
35500
35474
35462
35449
35447
35441
35430
35428
35399
35376
35349
35343
35339
35330
35316
35310
35304
35297
35297
35296
35290
35286
35266
35254
35250
35240
35222
35186
35167
35164
35127
35119
35097
35082
35079
35077
35069
35061
35054
35049
35020
35017
35012
34984
34982
34959
34954
34952
34948
34943
34941
34938
34935
34914
34913
34906
34880
34874
34855
34853
34841
34832
34820
34820
34817
34797
34788
34787
34777
34755
34745
34716
34694
34693
34692
34675
34663
34660
34657
34646
34645
34644
34644
34605
34600
34586
34573
34556
34550
34519
34511
34508
34508
34500
34499
34458
34450
34436
34435
34419
34416
34367
34357
34355
34353
34332
34332
34329
34307
34301
34300
34299
34287
34258
34255
34243
34228
34208
34202
34160
34152
34150
34144
34135
34117
34112
34091
34085
34084
34069
34057
34039
34028
34028
34022
34017
34011
34005
33996
33983
33951
33935
33914
33911
33907
33892
33886
33881
33878
33871
33853
33840
33822
33816
33812
33809
33796
33782
33780
33771
33768
33732
33721
33706
33683
33668
33660
33659
33655
33650
33649
33647
33641
33638
33608
33603
33596
33586
33581
33574
33570
33554
33549
33544
33534
33496
33496
33482
33466
33439
33424
33424
33417
33412
33404
33386
33381
33370
33370
33364
33327
33306
33304
33301
33277
33270
33268
33262
33258
33206
33203
33158
33145
33125
33113
33100
33092
33091
33080
33070
33057
33048
33047
33044
33036
33032
33020
33019
33004
33003
32998
32989
32944
32938
32933
32927
32925
32924
32902
32897
32896
32896
32893
32889
32881
32877
32875
32869
32864
32852
32820
32817
32800
32788
32769
32763
32757
32751
32743
32742
32738
32725
32724
32723
32722
32717
32709
32699
32698
32674
32655
32649
32645
32641
32617
32615
32604
32599
32594
32592
32584
32579
32576
32570
32559
32557
32549
32543
32533
32519
32513
32512
32506
32493
32463
32460
32447
32441
32439
32433
32432
32429
32425
32415
32386
32380
32330
32321
32319
32312
32294
32292
32288
32279
32273
32267
32267
32261
32250
32239
32225
32217
32216
32210
32209
32193
32193
32160
32159
32143
32136
32134
32132
32131
32128
32087
32084
32080
32075
32069
32041
32037
32036
32031
32006
32004
31989
31979
31965
31941
31928
31928
31900
31895
31884
31862
31860
31834
31831
31823
31822
31817
31814
31810
31809
31807
31805
31805
31782
31781
31779
31773
31770
31765
31764
31762
31760
31751
31748
31746
31743
31741
31737
31731
31721
31718
31716
31704
31698
31692
31683
31679
31672
31652
31605
31603
31601
31600
31597
31584
31568
31557
31526
31502
31495
31489
31487
31481
31474
31469
31457
31450
31424
31424
31424
31421
31403
31401
31400
31383
31364
31361
31353
31348
31336
31330
31266
31259
31245
31239
31236
31230
31225
31206
31201
31185
31171
31168
31160
31153
31145
31136
31128
31115
31115
31111
31102
31098
31089
31088
31068
31036
31031
31023
30989
30981
30975
30958
30941
30937
30928
30914
30913
30897
30894
30893
30892
30883
30875
30856
30847
30847
30847
30847
30845
30844
30836
30833
30833
30826
30816
30811
30785
30749
30743
30743
30707
30701
30700
30677
30666
30648
30630
30627
30626
30620
30615
30609
30606
30604
30592
30588
30586
30578
30578
30567
30567
30567
30557
30556
30552
30516
30513
30482
30476
30475
30471
30458
30457
30448
30446
30420
30420
30394
30387
30379
30353
30353
30345
30332
30332
30324
30319
30318
30317
30287
30268
30238
30187
30183
30177
30175
30169
30160
30158
30146
30140
30126
30123
30123
30117
30094
30091
30091
30079
30023
30008
29998
29990
29985
29970
29960
29948
29948
29933
29913
29912
29904
29900
29864
29862
29862
29837
29836
29831
29828
29823
29820
29820
29806
29804
29798
29747
29747
29740
29736
29728
29726
29717
29706
29695
29692
29676
29670
29664
29658
29633
29620
29614
29593
29587
29578
29558
29556
29554
29554
29548
29542
29539
29522
29522
29518
29514
29500
29489
29489
29485
29485
29468
29457
29456
29451
29416
29412
29400
29397
29396
29383
29377
29376
29375
29374
29371
29343
29334
29333
29303
29271
29251
29240
29235
29230
29227
29213
29203
29181
29181
29169
29163
29163
29150
29146
29142
29126
29108
29093
29086
29080
29077
29075
29072
29065
29055
29052
29028
29019
29017
29012
29000
28994
28980
28891
28890
28872
28858
28854
28850
28838
28837
28837
28817
28799
28788
28768
28755
28711
28676
28669
28653
28623
28614
28612
28600
28589
28569
28560
28550
28544
28539
28534
28529
28487
28472
28457
28439
28434
28421
28421
28416
28398
28397
28389
28388
28388
28372
28370
28362
28357
28354
28342
28339
28335
28323
28302
28295
28290
28288
28288
28280
28277
28275
28273
28272
28261
28248
28227
28223
28222
28220
28219
28219
28215
28211
28197
28174
28162
28158
28155
28155
28151
28149
28144
28139
28137
28133
28125
28119
28111
28093
28089
28088
28076
28074
28066
28063
28050
28045
28041
28024
28022
28017
28003
27973
27967
27954
27953
27951
27941
27929
27911
27899
27886
27875
27858
27855
27828
27823
27823
27791
27789
27773
27772
27767
27765
27763
27761
27760
27755
27717
27708
27684
27676
27673
27666
27665
27645
27629
27584
27584
27582
27576
27575
27569
27567
27563
27560
27550
27544
27518
27508
27497
27469
27442
27429
27421
27412
27412
27409
27385
27362
27358
27339
27328
27317
27298
27271
27258
27257
27252
27240
27235
27226
27225
27211
27206
27194
27185
27180
27170
27140
27130
27101
27093
27089
27066
27058
27044
27035
27019
27012
26983
26979
26973
26965
26964
26957
26904
26904
26892
26880
26862
26862
26857
26782
26780
26771
26770
26768
26762
26754
26747
26736
26730
26728
26728
26717
26705
26695
26682
26676
26674
26672
26651
26636
26630
26624
26614
26608
26608
26592
26587
26580
26563
26552
26547
26543
26521
26513
26498
26497
26496
26494
26479
26471
26464
26444
26413
26390
26383
26346
26329
26325
26316
26304
26303
26283
26278
26273
26265
26241
26237
26232
26231
26219
26217
26202
26199
26154
26139
26136
26113
26084
26084
25996
25993
25978
25971
25970
25950
25924
25919
25918
25916
25915
25913
25913
25909
25907
25887
25885
25871
25870
25858
25845
25838
25831
25822
25821
25811
25802
25797
25790
25768
25732
25725
25714
25657
25657
25647
25639
25630
25623
25576
25573
25570
25570
25558
25547
25540
25522
25521
25507
25498
25484
25480
25475
25475
25468
25455
25454
25443
25422
25404
25404
25394
25387
25385
25368
25358
25353
25329
25306
25293
25270
25268
25260
25249
25228
25213
25210
25207
25204
25195
25188
25168
25152
25149
25144
25144
25142
25137
25131
25127
25102
25082
25070
25066
25057
25056
25049
25042
25042
25041
25033
25028
25018
24981
24980
24970
24945
24938
24927
24923
24908
24877
24869
24867
24864
24861
24860
24849
24835
24830
24821
24816
24795
24789
24779
24776
24766
24765
24763
24752
24710
24706
24704
24698
24691
24682
24677
24675
24660
24645
24631
24628
24625
24622
24621
24609
24593
24590
24589
24586
24581
24571
24562
24548
24529
24521
24511
24511
24490
24462
24460
24454
24446
24439
24437
24436
24431
24397
24387
24382
24316
24315
24313
24306
24298
24297
24291
24282
24281
24272
24263
24249
24239
24230
24213
24213
24176
24163
24110
24078
24078
24076
24071
24028
24022
24016
24011
23996
23992
23981
23975
23973
23973
23963
23953
23947
23929
23922
23922
23916
23908
23865
23854
23838
23830
23815
23810
23808
23802
23792
23786
23778
23754
23745
23724
23723
23718
23682
23678
23675
23668
23661
23654
23651
23644
23642
23635
23621
23593
23558
23555
23552
23544
23542
23533
23515
23510
23483
23462
23457
23438
23417
23398
23374
23371
23366
23354
23350
23348
23341
23328
23320
23319
23314
23305
23291
23279
23276
23269
23265
23262
23249
23239
23214
23207
23149
23129
23120
23116
23102
23078
23061
23058
23057
23044
23027
23025
23018
22998
22994
22992
22990
22985
22977
22963
22959
22951
22945
22920
22898
22891
22888
22886
22868
22844
22842
22826
22814
22814
22803
22791
22785
22770
22763
22751
22729
22729
22729
22728
22716
22716
22714
22713
22707
22706
22695
22681
22645
22636
22625
22613
22587
22546
22523
22522
22512
22485
22484
22470
22447
22420
22415
22413
22398
22376
22360
22351
22350
22333
22331
22309
22307
22303
22295
22262
22254
22234
22229
22224
22220
22215
22206
22200
22185
22172
22172
22167
22150
22125
22106
22105
22103
22090
22087
22072
22062
22040
22027
22017
21993
21980
21980
21976
21976
21975
21973
21960
21955
21947
21943
21939
21933
21930
21926
21912
21910
21908
21908
21902
21888
21866
21862
21837
21832
21821
21815
21809
21808
21785
21771
21749
21742
21732
21729
21727
21727
21722
21703
21690
21688
21686
21682
21659
21641
21641
21624
21622
21621
21594
21593
21592
21568
21541
21539
21538
21537
21530
21524
21515
21492
21485
21475
21469
21467
21465
21454
21450
21437
21432
21426
21402
21387
21381
21381
21379
21375
21369
21359
21340
21336
21334
21310
21299
21288
21286
21273
21272
21251
21238
21227
21222
21220
21218
21212
21181
21171
21170
21166
21162
21162
21147
21101
21097
21073
21068
21064
21061
21010
21007
21000
20998
20994
20994
20942
20929
20910
20908
20901
20893
20888
20880
20865
20864
20861
20855
20828
20824
20822
20822
20790
20782
20779
20779
20775
20775
20740
20737
20736
20733
20724
20722
20722
20715
20707
20702
20693
20680
20673
20665
20660
20645
20626
20621
20621
20616
20597
20592
20582
20575
20573
20535
20525
20520
20520
20508
20503
20485
20482
20474
20470
20448
20417
20414
20413
20402
20365
20359
20347
20344
20297
20272
20227
20226
20224
20190
20184
20151
20150
20148
20139
20137
20121
20104
20096
20093
20084
20079
20076
20070
20068
20059
20055
20054
20044
20037
20027
19998
19992
19975
19964
19955
19951
19938
19937
19936
19934
19932
19927
19871
19857
19856
19847
19833
19820
19810
19804
19801
19748
19743
19733
19731
19729
19728
19727
19720
19712
19709
19709
19694
19694
19680
19680
19679
19669
19662
19650
19641
19633
19633
19631
19615
19606
19606
19598
19575
19563
19560
19537
19516
19516
19514
19514
19513
19508
19497
19488
19483
19478
19477
19455
19448
19440
19434
19429
19416
19408
19407
19391
19389
19386
19381
19367
19365
19364
19361
19356
19350
19323
19307
19298
19263
19254
19248
19246
19222
19221
19205
19191
19187
19187
19178
19174
19165
19149
19141
19136
19131
19083
19081
19080
19074
19074
19067
19045
19043
19043
19033
19033
19011
19010
19002
18992
18991
18991
18985
18978
18965
18963
18962
18935
18927
18923
18922
18921
18863
18861
18843
18835
18832
18831
18828
18818
18814
18797
18759
18737
18732
18717
18697
18688
18681
18673
18651
18646
18639
18626
18623
18616
18613
18597
18582
18578
18570
18551
18530
18529
18522
18521
18518
18492
18489
18485
18484
18481
18481
18479
18474
18458
18438
18435
18426
18423
18403
18403
18387
18382
18375
18368
18363
18344
18331
18327
18321
18302
18288
18275
18275
18268
18262
18261
18249
18243
18238
18235
18230
18200
18193
18180
18172
18169
18168
18168
18158
18147
18146
18146
18144
18142
18134
18118
18103
18097
18070
18064
18047
18006
18000
17988
17978
17972
17966
17941
17931
17879
17875
17862
17858
17847
17844
17827
17827
17812
17810
17807
17779
17778
17752
17731
17730
17722
17710
17709
17694
17694
17676
17671
17665
17663
17662
17650
17633
17629
17629
17613
17611
17602
17598
17593
17564
17559
17557
17556
17542
17540
17535
17528
17524
17512
17511
17503
17484
17483
17479
17475
17472
17454
17448
17396
17395
17387
17385
17370
17364
17337
17318
17318
17313
17290
17289
17283
17273
17262
17242
17182
17182
17176
17160
17148
17144
17141
17134
17121
17108
17079
17055
17041
17038
17028
17023
17022
17019
17017
16999
16986
16980
16971
16970
16949
16947
16928
16920
16912
16910
16910
16904
16876
16867
16825
16824
16815
16801
16794
16782
16780
16776
16771
16750
16749
16714
16699
16675
16654
16648
16644
16639
16612
16605
16588
16577
16576
16559
16551
16541
16540
16530
16528
16506
16496
16494
16493
16490
16487
16467
16464
16464
16463
16453
16447
16438
16436
16391
16390
16385
16380
16354
16342
16336
16332
16288
16271
16270
16259
16252
16252
16251
16229
16226
16224
16222
16210
16187
16183
16167
16157
16153
16152
16135
16116
16114
16113
16112
16096
16040
16036
16025
16019
16013
16001
15990
15966
15953
15940
15897
15895
15888
15876
15873
15869
15852
15838
15836
15820
15810
15804
15773
15748
15733
15714
15709
15703
15697
15681
15657
15649
15641
15636
15635
15634
15624
15618
15603
15603
15546
15545
15539
15536
15534
15529
15526
15524
15517
15517
15516
15492
15489
15471
15470
15464
15452
15450
15444
15435
15405
15398
15360
15351
15335
15329
15328
15316
15315
15302
15297
15297
15288
15283
15281
15256
15251
15222
15212
15191
15188
15178
15165
15155
15136
15135
15127
15125
15122
15117
15115
15113
15095
15088
15082
15081
15075
15058
15051
15047
15045
15044
15043
15037
15010
15001
14991
14990
14975
14962
14948
14942
14934
14933
14894
14878
14875
14842
14827
14804
14797
14773
14760
14759
14729
14726
14709
14705
14688
14684
14675
14656
14626
14619
14614
14605
14594
14590
14581
14581
14577
14558
14526
14513
14508
14506
14484
14456
14440
14439
14436
14421
14416
14408
14373
14363
14341
14337
14320
14315
14288
14286
14284
14275
14245
14245
14244
14241
14230
14214
14210
14203
14196
14181
14178
14175
14168
14167
14166
14157
14142
14138
14134
14132
14128
14122
14119
14108
14093
14091
14090
14084
14067
14059
14051
14030
14027
14025
14020
14011
14007
13997
13993
13986
13963
13962
13952
13949
13941
13921
13920
13903
13888
13884
13842
13834
13825
13823
13804
13802
13797
13751
13747
13731
13731
13731
13720
13719
13709
13700
13681
13679
13669
13666
13649
13647
13637
13622
13614
13611
13598
13595
13586
13559
13556
13535
13524
13484
13463
13457
13436
13428
13415
13407
13401
13373
13373
13368
13367
13367
13364
13319
13307
13299
13297
13295
13282
13281
13277
13275
13273
13264
13263
13249
13248
13237
13216
13212
13211
13209
13203
13201
13200
13190
13186
13158
13157
13151
13145
13144
13139
13133
13131
13116
13113
13091
13085
13084
13075
13074
13062
13057
13026
13022
12987
12986
12961
12961
12955
12904
12883
12859
12856
12856
12839
12823
12821
12794
12781
12772
12754
12745
12728
12705
12704
12703
12702
12701
12676
12670
12662
12655
12652
12629
12626
12624
12614
12611
12595
12582
12577
12559
12550
12549
12535
12531
12523
12522
12516
12509
12486
12483
12475
12467
12464
12463
12445
12442
12418
12406
12394
12369
12360
12351
12337
12315
12299
12294
12294
12293
12272
12271
12253
12245
12238
12229
12211
12204
12184
12181
12168
12160
12139
12137
12136
12109
12108
12098
12082
12082
12080
12058
12050
12032
12017
12016
12015
12008
11990
11987
11954
11951
11938
11936
11935
11907
11897
11897
11894
11892
11881
11879
11877
11872
11870
11868
11842
11786
11785
11784
11768
11761
11757
11755
11742
11737
11729
11708
11697
11686
11684
11670
11665
11649
11645
11633
11632
11622
11621
11608
11605
11590
11581
11568
11549
11538
11531
11525
11524
11521
11498
11498
11493
11488
11484
11476
11471
11462
11456
11455
11449
11441
11434
11430
11430
11425
11417
11407
11380
11378
11377
11375
11360
11351
11347
11342
11334
11302
11294
11289
11276
11270
11247
11240
11232
11221
11219
11211
11208
11207
11203
11180
11179
11152
11148
11133
11103
11093
11090
11089
11059
11051
11046
11044
11038
11036
11013
10983
10981
10981
10964
10935
10935
10919
10902
10880
10875
10867
10860
10859
10808
10805
10794
10792
10787
10786
10771
10770
10767
10765
10755
10749
10744
10736
10735
10721
10706
10705
10698
10694
10678
10674
10665
10661
10653
10635
10590
10586
10568
10555
10551
10535
10528
10496
10473
10463
10460
10459
10455
10449
10414
10410
10392
10368
10356
10351
10340
10338
10319
10319
10306
10292
10286
10281
10259
10255
10241
10235
10232
10221
10215
10215
10213
10210
10192
10185
10184
10160
10153
10142
10140
10136
10133
10132
10120
10114
10081
10073
10060
10053
10047
10046
10045
10039
10037
10023
10018
9984
9979
9977
9976
9970
9929
9914
9913
9910
9906
9900
9899
9880
9868
9867
9866
9852
9841
9809
9807
9796
9786
9784
9779
9776
9773
9746
9740
9736
9734
9726
9714
9696
9696
9694
9691
9686
9679
9659
9650
9620
9609
9605
9598
9598
9584
9577
9572
9569
9557
9534
9528
9526
9521
9514
9509
9496
9463
9455
9447
9447
9437
9436
9428
9425
9416
9411
9409
9402
9402
9395
9387
9371
9364
9347
9322
9306
9306
9300
9287
9283
9281
9280
9244
9237
9233
9227
9211
9190
9186
9168
9155
9139
9118
9116
9104
9101
9100
9097
9096
9077
9073
9057
9050
9046
9043
9031
9022
9011
9007
9005
9002
9001
8993
8993
8991
8983
8978
8955
8935
8907
8895
8879
8873
8869
8867
8861
8860
8853
8833
8822
8818
8809
8781
8767
8733
8730
8721
8716
8714
8711
8698
8695
8687
8687
8672
8642
8638
8632
8612
8598
8590
8577
8572
8565
8556
8521
8518
8499
8460
8457
8448
8438
8429
8426
8383
8372
8362
8342
8317
8309
8284
8277
8276
8273
8265
8259
8252
8232
8230
8228
8227
8211
8201
8193
8190
8168
8163
8148
8145
8141
8140
8129
8124
8121
8104
8095
8063
8055
8044
8026
8023
8023
8018
8012
8006
7993
7987
7971
7959
7947
7934
7927
7912
7910
7883
7870
7848
7845
7842
7825
7815
7801
7759
7757
7753
7749
7749
7745
7733
7724
7719
7718
7669
7665
7655
7654
7652
7650
7647
7644
7642
7640
7638
7636
7635
7626
7620
7615
7613
7612
7576
7573
7567
7564
7551
7538
7514
7510
7508
7506
7468
7465
7460
7457
7455
7455
7442
7426
7421
7419
7414
7413
7408
7399
7394
7378
7365
7355
7352
7348
7331
7319
7315
7294
7283
7278
7259
7258
7237
7235
7222
7212
7203
7192
7183
7179
7143
7141
7129
7128
7123
7122
7122
7075
7070
7058
7049
7040
7032
7029
7014
6974
6945
6913
6911
6893
6885
6882
6878
6871
6857
6851
6838
6832
6830
6828
6825
6812
6811
6776
6775
6766
6760
6759
6751
6715
6708
6692
6677
6669
6663
6655
6651
6647
6628
6624
6614
6611
6610
6596
6594
6584
6579
6570
6549
6537
6533
6531
6519
6494
6485
6472
6451
6445
6428
6419
6398
6397
6397
6368
6365
6364
6362
6352
6349
6348
6345
6343
6341
6336
6326
6295
6293
6292
6273
6262
6256
6255
6235
6232
6218
6217
6216
6208
6186
6171
6169
6165
6137
6137
6128
6125
6123
6115
6104
6104
6092
6080
6077
6062
6056
6051
6047
6032
6017
6005
6004
5991
5974
5956
5954
5913
5869
5861
5851
5845
5828
5823
5823
5815
5803
5780
5763
5749
5745
5721
5720
5718
5711
5709
5705
5689
5650
5648
5640
5638
5626
5624
5619
5617
5594
5585
5576
5549
5535
5531
5524
5523
5516
5489
5483
5480
5478
5458
5447
5427
5419
5417
5388
5378
5377
5375
5371
5366
5327
5325
5322
5312
5306
5304
5300
5296
5266
5257
5252
5247
5236
5227
5213
5171
5163
5157
5149
5147
5146
5140
5129
5117
5115
5114
5113
5096
5090
5082
5073
5065
5042
5031
5015
5003
4997
4992
4977
4974
4971
4949
4945
4943
4930
4928
4921
4880
4879
4872
4870
4857
4849
4846
4845
4842
4835
4828
4826
4825
4810
4809
4807
4800
4799
4795
4793
4791
4759
4756
4747
4743
4735
4730
4721
4718
4715
4715
4714
4711
4710
4707
4697
4697
4691
4654
4645
4636
4630
4626
4622
4621
4572
4570
4561
4542
4536
4524
4504
4503
4500
4492
4491
4489
4488
4484
4482
4480
4473
4470
4468
4463
4458
4434
4415
4400
4398
4378
4367
4359
4336
4331
4329
4315
4311
4308
4294
4293
4287
4282
4281
4260
4257
4230
4229
4228
4227
4211
4202
4190
4188
4174
4173
4148
4142
4137
4133
4131
4129
4129
4121
4117
4114
4084
4080
4067
4062
4062
4055
4054
4048
4038
4033
4022
4006
3999
3975
3971
3956
3951
3946
3944
3943
3941
3937
3922
3919
3905
3903
3903
3892
3888
3887
3879
3871
3869
3866
3865
3859
3856
3824
3822
3785
3782
3760
3755
3745
3730
3723
3723
3703
3653
3639
3633
3614
3608
3598
3598
3594
3583
3576
3574
3560
3551
3548
3539
3535
3533
3531
3519
3517
3517
3484
3483
3477
3472
3467
3460
3404
3394
3363
3358
3352
3349
3340
3336
3321
3310
3270
3270
3268
3247
3240
3237
3234
3227
3222
3213
3211
3201
3199
3197
3186
3158
3155
3148
3144
3134
3113
3106
3093
3089
3062
3037
3032
2990
2989
2984
2977
2977
2964
2963
2955
2954
2951
2948
2933
2932
2912
2907
2900
2898
2896
2892
2890
2880
2833
2832
2827
2799
2794
2758
2749
2748
2729
2728
2713
2695
2691
2691
2687
2686
2666
2624
2619
2596
2583
2582
2581
2578
2570
2569
2554
2552
2544
2543
2542
2535
2534
2526
2518
2512
2512
2506
2506
2495
2484
2475
2452
2452
2450
2450
2450
2444
2438
2433
2431
2421
2417
2407
2405
2397
2346
2340
2337
2327
2315
2314
2296
2282
2272
2231
2223
2186
2151
2138
2124
2118
2099
2096
2092
2086
2084
2083
2082
2069
2063
2045
2003
1986
1980
1975
1965
1961
1955
1936
1931
1925
1914
1897
1887
1882
1877
1874
1861
1842
1839
1832
1817
1811
1811
1810
1806
1790
1787
1781
1759
1737
1735
1707
1702
1699
1690
1682
1669
1660
1659
1656
1603
1600
1592
1586
1564
1547
1539
1530
1503
1488
1481
1481
1461
1448
1441
1437
1429
1427
1424
1420
1399
1390
1381
1366
1364
1336
1320
1296
1288
1283
1261
1251
1247
1242
1240
1238
1237
1213
1197
1194
1193
1192
1186
1181
1159
1154
1110
1108
1096
1095
1088
1088
1084
1082
1072
1055
1050
1046
1028
1017
1006
998
987
979
952
951
896
881
876
871
860
849
842
809
800
795
765
762
743
733
727
692
676
638
625
613
591
550
532
508
501
494
490
487
485
471
469
459
450
446
438
436
434
421
418
397
375
374
362
361
323
316
315
314
313
310
279
243
240
239
232
221
165
161
130
119
103
96
88
85
82
80
71
65
51
49
49
35
35
7
