61067
18428
56743
36128
98079
99604
4842
90968
95660
17616
33209
48218
90836
83798
66318
94580
98644
21930
42841
55633
96264
70984
5057
2721
61855
45517
73617
50999
50849
4893
56901
28268
39673
13644
64396
37752
29600
85591
45073
25261
3207
94634
73479
94044
78432
39797
88624
93429
78079
47818
49062
74344
18802
70471
93417
97009
32341
83386
48008
83190
4632
4909
27810
44305
34906
92206
98410
64506
94149
43483
89767
97357
38117
79598
7753
32902
35748
12729
26331
30179
60547
91745
20875
95701
62216
14293
92711
94557
97679
40719
77747
2311
61981
21909
62969
96887
30468
61379
61393
24617
4862
67513
21974
59331
47111
46079
92233
99211
58809
34916
29391
19356
26661
66618
15058
88878
80911
7769
83435
94943
64840
77535
97254
26821
99444
76575
23708
29912
37954
85102
54530
59168
52615
92856
18500
16078
38936
27085
31642
97745
62002
61033
33453
88663
44003
64863
77541
24915
72632
77329
36210
53825
54864
49816
80646
70660
26392
20707
573
64346
22161
71455
23515
74776
80663
58367
7206
19599
85452
38848
33696
63806
16233
83502
52470
60237
48365
46363
1504
37350
23692
37714
91175
78556
87530
88173
65569
30274
25232
66142
94621
47393
53949
34488
38521
34612
92855
62080
70564
94659
928
20612
58466
33514
4114
27288
10103
68832
73651
11607
6182
97344
65673
13709
92252
69555
18234
57821
99830
43467
40315
10803
90860
94264
61643
45734
45229
70850
7814
15793
65509
8742
52757
40327
58608
73224
67615
68711
42056
41267
96670
48238
38611
78695
61947
47215
64603
96533
5037
80785
40000
45352
7940
47213
55969
69583
92947
1198
40433
761
33343
22294
25855
2452
78974
84464
75676
46589
69527
17732
4208
82550
82322
42819
61245
60621
90035
25848
57155
11424
22985
97155
73128
30925
44368
29097
508
37315
46647
57293
54428
96342
79588
80284
98795
58562
81100
74471
21503
50627
8556
25712
49529
90878
84883
10775
51500
91270
52975
8655
2694
75961
5810
75823
6886
66531
21272
7395
20198
67920
64688
74627
64262
60628
71263
79409
35542
68715
70233
57046
35694
78789
82758
85224
69667
67641
95999
21167
75264
65326
46174
77958
41287
51985
70133
48174
34868
91406
71921
55066
75678
52961
46045
56292
13590
33660
35702
49132
2375
5935
22530
38070
84724
5288
23294
70743
89282
35645
8263
64546
971
54437
58856
58611
22774
28990
6785
57642
36748
95058
29061
12426
64371
91458
68718
77961
25119
20772
43446
43846
26707
65976
81916
27783
87617
21562
98527
76899
73559
6790
57797
90883
61227
16653
49494
84002
61995
72631
57996
98743
67689
87057
27521
32060
94868
12592
26374
19987
33364
86172
63833
60072
68500
62102
87855
72469
16
2734
65720
89928
25876
23517
80811
87104
56523
46657
87458
18518
19288
61806
33614
3329
65216
77487
51741
60084
90079
94467
80071
23444
80639
60256
99868
65492
38710
4075
37961
55079
6810
3682
45007
32686
43551
25818
36142
74
72475
39952
34945
8115
1759
84911
11444
66975
78750
79537
27059
68830
74005
23482
8626
70996
90
8494
36488
38801
12569
90802
93880
35731
10836
55239
84770
54387
81057
20912
70814
69884
77217
22111
77999
78976
23374
5795
62303
2124
85332
89362
70954
59337
29196
79580
30334
29286
4426
83174
84439
16996
90328
94671
69079
1164
49910
53849
71904
47319
91114
42718
33555
68331
81181
11554
47307
4555
33701
25962
6679
19034
31676
93986
94723
60872
89918
41409
6510
94345
24584
7302
27693
14912
1973
96772
32429
68236
50622
4333
31907
58088
63403
65463
26419
44584
93369
90078
65491
27071
16040
72170
46105
47716
66156
57180
8588
56075
98590
31450
66772
39526
38752
94465
70790
57078
7589
3219
41666
58211
23904
73573
16299
3659
55388
59070
48243
48758
49148
30086
75829
65188
2257
38286
29256
84765
95466
54196
57192
10408
85647
23964
49934
40751
34781
20725
14181
42371
40296
55847
16934
64201
45773
49586
67860
1161
8656
32456
49919
74157
62542
42100
55697
81151
96738
84954
82269
8557
39150
39461
18965
41149
79778
68900
81901
30911
5977
96082
73282
46273
68282
6569
10474
14055
72507
94687
31568
97515
27143
97840
71672
89685
39940
27370
87189
36679
28676
69458
45236
84178
25271
64201
25328
5049
49453
23581
35961
55430
36015
25595
1704
4297
48516
28530
34704
21023
23217
82625
18539
50360
80465
90211
56398
20405
33933
43587
73436
78961
29397
35024
63140
54668
15578
4820
59718
65031
28401
12031
36814
64416
53978
54870
85066
2495
83400
36122
23518
6618
18747
58409
56978
15564
64973
29728
52322
15258
89667
25758
94220
19064
77135
73712
73733
92713
78532
33451
74096
6933
61834
10910
87701
15812
65780
89119
34659
49181
41594
74530
72151
76693
32939
45481
92258
14264
75210
44580
29523
64877
86690
40095
83942
63825
13807
57675
72890
92339
7478
46987
99272
85664
57897
3325
1476
40030
92445
52488
5563
34039
27018
77714
10732
76309
23195
19342
90574
98405
63922
20097
79635
66965
60192
63577
30790
90351
37604
3681
82690
61434
67020
98314
47098
41269
1639
48574
81299
10436
17414
3214
60827
44432
80928
71560
20742
20476
90902
27668
35233
71177
64117
14868
38142
40661
94797
85284
31012
32401
5317
13702
93835
72337
12016
57285
13607
30007
5860
11258
40444
39626
14473
1271
84059
11753
89183
21153
32229
96438
48821
67463
67615
12938
82331
22109
69951
93481
23745
963
25882
45415
14665
36070
17752
43033
93355
47711
73040
15567
75322
13484
55194
89795
14756
55605
17900
3939
76758
50130
16729
41931
33945
84344
71221
32628
22805
41172
26109
62903
42135
68344
8318
73152
4414
42422
16185
14121
6486
89225
46041
81808
2710
17587
87955
33818
73192
5855
54109
66302
72337
70839
24585
6282
71535
95806
38911
94341
53330
65020
73596
95465
33364
81914
68617
54130
40688
1154
84604
47174
90379
30645
45334
9441
48232
33289
43259
37776
55497
97369
20430
27834
68208
45015
34117
39743
40821
73028
50436
94151
54400
40384
5968
87765
38650
90937
58247
79339
92091
42851
42865
82470
73496
4552
91912
38080
54193
51523
92208
9690
48892
12638
37525
33452
74005
87994
89548
14826
77374
56336
25329
31774
96721
31297
19539
35371
38586
77787
31062
30677
36990
90280
29500
26839
94832
37764
64919
49025
89287
73480
58716
54532
2470
12593
4336
76476
16939
93884
7654
94313
50221
32984
26087
63294
80633
61979
15017
19220
56118
46080
66249
93108
36360
12101
19947
31192
49865
1219
96569
55505
91051
55285
26389
93521
84230
30725
69997
1169
40962
77652
95482
7535
26988
37922
70829
7621
99901
85846
43193
56019
48278
25795
65479
84638
37896
85427
32182
4114
2998
28752
59619
94049
389
2360
87570
84620
33085
73920
2141
90399
67924
97624
97934
94912
51898
85115
18885
51799
87314
78431
24170
35592
4226
6001
36583
42122
91428
85117
46236
10778
30221
22207
4827
30611
24567
8750
31583
74005
82670
33724
80756
50594
47700
78691
61858
15950
80158
97095
67749
67472
75526
8271
3065
79752
14273
56000
38227
22053
41117
815
32832
71339
39375
54011
18302
80294
62761
49885
70651
61783
99961
51408
12377
64014
46451
90587
79964
26609
87683
64066
94082
63209
72337
13499
59314
2962
69499
13893
41368
10616
31060
90552
81955
70435
44563
257
67082
7325
66494
37733
69108
82808
89141
97838
46822
51944
4777
26786
78554
92460
7204
72636
72022
95894
2487
47688
98856
71986
77933
40224
82602
8993
30776
80910
95781
91692
97519
62863
15369
80366
596
829
63174
6090
98667
9996
58034
3445
53134
36588
12257
60339
25576
631
56233
28063
64671
71441
16401
42604
28018
15356
51598
75146
12618
47379
66838
10137
10242
82207
6855
27190
83037
70029
33280
98056
96377
91315
17853
65864
44255
46463
42555
86184
47094
15140
14247
28118
86581
47001
70722
30951
62357
38672
6098
74975
86051
89288
1464
12645
87848
8320
39836
87237
94701
89468
1645
7431
80783
35851
73295
41391
82314
32202
27575
45760
47342
58174
73878
50275
5175
60953
81227
83884
99625
3677
58859
2029
9317
76676
14674
13517
84996
70862
17106
96049
60331
18752
3480
57466
54603
93127
15209
53269
25329
42784
15381
89023
959
5612
39299
22486
66565
36878
6371
66190
56907
81582
68219
82576
58258
99246
96094
43254
86460
13200
55656
63143
31952
75488
36962
2907
68616
52171
72528
10297
94956
87910
99321
12267
93522
38620
51105
60087
91850
57476
42629
48757
39059
27201
31333
13669
42799
27427
73276
45611
56980
28932
8755
5284
4420
45717
8192
89388
97888
97072
99686
9196
84982
99007
37815
94856
53979
88921
71295
45829
62749
13925
94586
18160
57478
42271
31830
16629
86051
5106
62240
43031
50390
70995
48315
54810
33064
72859
60551
47305
69932
60237
56501
71266
75596
10669
66123
29575
99590
37418
91756
78691
67695
86342
96852
25173
44965
45034
41802
31016
66492
20395
90399
16882
91390
38715
88044
40807
27926
48595
88112
14210
25184
44613
85477
780
71634
51600
30355
71224
89018
22111
66268
73066
24805
79472
98239
86123
24506
56394
17139
7350
76789
7539
24232
84531
62606
12276
25338
90532
77224
29802
4743
2408
90768
6572
3189
62402
58172
49896
49979
63542
88360
16247
36608
29517
95719
51200
15640
36577
23946
49132
43927
17087
73023
84511
1618
35629
13139
43309
42513
90363
73111
63608
9124
63879
70180
28665
26282
44704
94913
92613
8247
83273
8860
61207
29143
20931
12407
61135
57508
36353
26619
17787
53440
99642
18650
71411
51623
31789
31072
10489
38505
89759
89746
89719
89709
89708
89704
89700
89696
89692
89684
89661
89654
89643
89642
89632
89631
89620
89610
89605
89594
89589
89576
89573
89571
89570
89569
89556
89517
89515
89512
89499
89496
89494
89490
89486
89468
89458
89444
89440
89440
89437
89435
89435
89417
89412
89406
89399
89396
89378
89376
89369
89365
89357
89353
89348
89345
89325
89306
89284
89282
89274
89265
89265
89254
89253
89244
89241
89237
89233
89229
89198
89179
89178
89168
89167
89154
89147
89143
89142
89134
89116
89115
89113
89104
89103
89101
89101
89089
89085
89083
89082
89080
89077
89070
89068
89045
89043
89040
89030
89020
89016
89010
89007
88997
88994
88991
88986
88984
88984
88972
88971
88958
88957
88947
88946
88929
88927
88909
88904
88898
88890
88875
88872
88871
88849
88848
88841
88835
88824
88816
88803
88790
88788
88776
88769
88762
88762
88740
88734
88727
88721
88718
88708
88708
88699
88670
88670
88667
88661
88661
88647
88625
88625
88613
88611
88601
88601
88597
88585
88576
88570
88569
88556
88553
88542
88542
88539
88537
88528
88527
88525
88508
88499
88474
88472
88471
88450
88441
88441
88429
88428
88427
88424
88423
88417
88413
88399
88399
88395
88390
88383
88374
88362
88347
88337
88334
88334
88328
88327
88317
88313
88310
88309
88304
88302
88297
88287
88284
88270
88264
88264
88253
88249
88246
88229
88223
88220
88219
88218
88213
88196
88193
88180
88180
88175
88173
88138
88137
88125
88121
88120
88119
88118
88109
88107
88104
88097
88093
88080
88053
88043
88041
88040
88039
88036
88025
88020
88018
88008
88003
87993
87992
87989
87979
87970
87968
87958
87953
87950
87946
87946
87942
87933
87930
87930
87912
87904
87899
87883
87877
87876
87875
87875
87873
87870
87867
87867
87858
87857
87849
87846
87841
87827
87824
87816
87814
87808
87803
87788
87773
87768
87764
87755
87746
87738
87716
87716
87709
87708
87698
87680
87678
87677
87672
87649
87647
87635
87631
87631
87629
87620
87616
87589
87582
87582
87581
87579
87578
87575
87567
87562
87557
87549
87547
87542
87537
87533
87528
87527
87522
87516
87512
87509
87509
87496
87494
87480
87475
87471
87470
87457
87442
87441
87436
87435
87426
87424
87406
87403
87401
87379
87376
87375
87362
87337
87327
87313
87304
87299
87298
87297
87297
87292
87264
87254
87238
87232
87232
87224
87223
87221
87202
87201
87187
87184
87172
87168
87164
87163
87163
87163
87159
87155
87141
87136
87131
87126
87119
87115
87114
87108
87107
87097
87081
87079
87060
87051
87047
87041
87028
87027
87023
87010
87000
86988
86984
86979
86968
86962
86953
86942
86941
86941
86907
86896
86891
86891
86881
86880
86864
86858
86847
86844
86828
86820
86818
86812
86809
86808
86798
86796
86781
86780
86766
86763
86760
86755
86749
86749
86749
86730
86727
86725
86700
86697
86695
86686
86680
86678
86678
86673
86672
86669
86667
86646
86625
86620
86618
86615
86614
86609
86590
86581
86580
86573
86569
86567
86558
86552
86543
86541
86541
86539
86529
86528
86512
86500
86498
86493
86492
86492
86489
86478
86476
86447
86446
86440
86426
86419
86369
86368
86343
86342
86332
86329
86327
86320
86320
86315
86312
86306
86303
86285
86272
86257
86256
86253
86248
86227
86226
86219
86217
86207
86199
86196
86172
86168
86153
86140
86132
86128
86125
86124
86118
86106
86101
86097
86095
86091
86086
86080
86072
86072
86055
86051
86033
86024
86017
86012
85995
85985
85982
85976
85973
85968
85962
85953
85952
85920
85901
85900
85881
85880
85876
85875
85849
85848
85835
85834
85815
85806
85805
85800
85798
85797
85796
85786
85784
85776
85775
85770
85767
85765
85760
85753
85743
85739
85738
85732
85723
85722
85722
85714
85700
85676
85674
85657
85655
85614
85598
85597
85594
85590
85584
85574
85572
85570
85570
85568
85567
85567
85566
85565
85562
85559
85550
85545
85543
85536
85528
85523
85520
85515
85514
85503
85494
85485
85475
85464
85460
85452
85443
85443
85437
85433
85425
85422
85416
85416
85414
85409
85409
85404
85403
85403
85401
85399
85392
85386
85382
85382
85377
85368
85365
85347
85337
85336
85334
85331
85326
85324
85323
85314
85308
85293
85273
85270
85269
85261
85261
85260
85258
85247
85239
85229
85225
85215
85212
85210
85204
85196
85195
85195
85192
85190
85188
85175
85166
85165
85161
85157
85151
85150
85146
85136
85128
85119
85116
85113
85109
85104
85095
85094
85090
85088
85080
85062
85059
85052
85042
85041
85035
85028
85020
85014
85008
85002
84981
84972
84958
84954
84949
84944
84942
84940
84938
84931
84929
84925
84924
84920
84911
84908
84907
84892
84891
84883
84882
84878
84871
84870
84863
84847
84842
84841
84841
84829
84826
84820
84811
84804
84800
84796
84788
84784
84778
84776
84772
84757
84755
84751
84705
84695
84688
84684
84679
84658
84655
84644
84624
84622
84622
84622
84618
84617
84615
84608
84599
84591
84587
84579
84573
84570
84550
84543
84536
84522
84508
84506
84503
84502
84496
84494
84492
84490
84485
84484
84482
84475
84473
84467
84451
84447
84445
84443
84438
84436
84424
84419
84403
84399
84390
84371
84357
84339
84335
84310
84308
84303
84300
84300
84294
84291
84279
84274
84270
84267
84265
84264
84259
84253
84245
84243
84237
84233
84233
84229
84224
84224
84221
84218
84216
84207
84204
84194
84191
84191
84189
84186
84185
84177
84146
84133
84131
84128
84126
84122
84118
84110
84081
84075
84074
84041
84013
84012
83996
83993
83990
83990
83978
83975
83971
83958
83955
83951
83941
83931
83919
83916
83904
83899
83882
83877
83858
83848
83839
83830
83825
83822
83811
83808
83804
83794
83769
83755
83746
83745
83738
83736
83727
83726
83721
83720
83713
83705
83689
83662
83655
83643
83639
83637
83628
83626
83622
83618
83616
83615
83608
83594
83576
83565
83542
83536
83530
83510
83499
83490
83490
83487
83479
83479
83457
83455
83453
83448
83443
83432
83427
83426
83425
83414
83403
83402
83375
83370
83370
83364
83362
83358
83354
83350
83347
83324
83294
83288
83282
83277
83268
83257
83247
83239
83237
83231
83200
83191
83188
83187
83186
83176
83169
83158
83158
83157
83151
83148
83147
83146
83127
83126
83114
83097
83092
83088
83086
83082
83078
83067
83066
83063
83043
83042
83027
83006
83004
82999
82988
82988
82987
82968
82963
82948
82943
82919
82910
82896
82892
82884
82878
82874
82860
82829
82825
82812
82802
82793
82776
82755
82752
82744
82742
82735
82728
82725
82719
82706
82705
82695
82692
82689
82679
82673
82668
82665
82664
82658
82646
82642
82630
82630
82625
82606
82599
82597
82596
82595
82592
82588
82581
82566
82566
82548
82539
82534
82523
82515
82510
82505
82499
82491
82483
82480
82479
82470
82468
82465
82465
82461
82441
82436
82430
82426
82422
82422
82417
82416
82412
82395
82388
82382
82377
82352
82350
82339
82336
82331
82315
82315
82313
82311
82310
82307
82302
82301
82285
82284
82282
82280
82274
82263
82259
82247
82245
82243
82241
82240
82229
82226
82225
82218
82218
82205
82202
82200
82198
82197
82178
82175
82161
82161
82160
82153
82135
82133
82130
82114
82103
82101
82090
82078
82065
82061
82058
82054
82050
82030
82025
82018
82018
82008
81999
81995
81982
81966
81959
81954
81952
81948
81919
81918
81914
81909
81907
81906
81902
81894
81871
81870
81865
81862
81861
81860
81859
81852
81850
81842
81841
81835
81830
81824
81808
81807
81782
81779
81771
81761
81757
81755
81743
81740
81739
81737
81723
81714
81709
81699
81698
81696
81692
81691
81687
81686
81683
81673
81671
81666
81655
81643
81635
81625
81619
81618
81607
81602
81590
81576
81572
81561
81558
81544
81536
81534
81528
81522
81510
81501
81490
81474
81473
81461
81446
81437
81432
81429
81425
81414
81411
81403
81399
81395
81395
81391
81389
81380
81379
81373
81367
81351
81350
81343
81338
81336
81327
81325
81309
81309
81302
81302
81295
81294
81294
81281
81272
81245
81233
81224
81223
81212
81198
81182
81182
81180
81173
81166
81156
81156
81154
81128
81117
81116
81108
81106
81091
81091
81089
81085
81071
81070
81067
81066
81066
81061
81056
81045
81044
81043
81036
81028
81027
81018
81009
81005
81001
80999
80998
80991
80987
80986
80979
80961
80958
80947
80938
80899
80899
80897
80887
80878
80871
80867
80865
80860
80856
80852
80845
80831
80820
80819
80816
80813
80811
80810
80802
80802
80800
80784
80780
80778
80776
80776
80769
80757
80754
80742
80734
80729
80726
80726
80719
80719
80718
80704
80697
80690
80690
80680
80674
80665
80656
80649
80627
80618
80617
80616
80592
80585
80576
80573
80562
80552
80551
80545
80543
80533
80520
80516
80502
80501
80484
80482
80478
80477
80475
80468
80462
80444
80440
80433
80427
80411
80403
80396
80370
80357
80356
80346
80336
80321
80315
80311
80308
80303
80293
80289
80271
80270
80266
80264
80264
80242
80242
80206
80205
80202
80197
80194
80189
80183
80169
80164
80158
80152
80151
80145
80144
80126
80124
80120
80117
80099
80094
80082
80075
80073
80065
80061
80058
80056
80030
80020
80003
79992
79982
79973
79970
79966
79959
79957
79947
79940
79936
79917
79914
79911
79910
79907
79893
79874
79869
79868
79861
79861
79852
79851
79846
79843
79843
79827
79825
79820
79800
79799
79797
79784
79771
79771
79763
79758
79757
79756
79756
79752
79747
79730
79728
79715
79708
79702
79690
79665
79665
79656
79653
79649
79648
79638
79634
79633
79620
79619
79618
79617
79612
79605
79604
79593
79576
79575
79572
79571
79562
79554
79537
79530
79523
79522
79516
79515
79511
79509
79509
79502
79496
79480
79471
79468
79464
79463
79461
79456
79445
79442
79439
79422
79414
79411
79408
79401
79401
79400
79394
79384
79376
79373
79363
79362
79362
79357
79356
79342
79341
79319
79319
79310
79294
79288
79287
79279
79276
79275
79272
79268
79267
79264
79257
79249
79240
79240
79236
79234
79233
79218
79202
79190
79175
79166
79165
79160
79158
79148
79143
79125
79113
79111
79102
79093
79091
79089
79079
79075
79071
79069
79064
79059
79053
79052
79051
79032
79027
79026
79024
79014
78999
78989
78987
78980
78979
78971
78970
78959
78953
78942
78941
78939
78936
78934
78933
78924
78921
78920
78910
78901
78895
78885
78874
78865
78864
78858
78849
78846
78841
78840
78836
78819
78812
78799
78799
78796
78771
78759
78752
78747
78726
78721
78715
78708
78698
78690
78688
78686
78686
78684
78645
78641
78636
78633
78621
78616
78614
78613
78591
78587
78584
78577
78558
78558
78557
78555
78553
78549
78542
78532
78531
78530
78525
78524
78515
78501
78498
78495
78490
78476
78466
78461
78461
78452
78451
78449
78447
78444
78438
78434
78417
78409
78400
78400
78390
78376
78365
78363
78343
78332
78331
78330
78325
78325
78318
78314
78308
78297
78297
78292
78287
78286
78285
78284
78284
78273
78260
78256
78254
78249
78248
78248
78246
78238
78232
78222
78219
78216
78199
78188
78187
78185
78168
78161
78157
78154
78153
78151
78145
78136
78133
78128
78127
78120
78112
78095
78093
78076
78066
78060
78060
78059
78054
78047
78046
78039
78025
78017
78017
78016
78013
78002
78001
77966
77964
77953
77941
77930
77930
77929
77927
77902
77888
77884
77882
77882
77871
77865
77853
77837
77831
77828
77816
77814
77798
77793
77787
77777
77760
77752
77747
77737
77730
77707
77705
77680
77676
77676
77670
77661
77656
77653
77652
77636
77635
77612
77605
77600
77593
77593
77586
77584
77579
77578
77577
77568
77563
77561
77548
77541
77534
77508
77501
77483
77483
77477
77472
77467
77462
77451
77442
77439
77437
77431
77419
77417
77414
77411
77378
77376
77354
77353
77350
77343
77342
77338
77329
77323
77310
77307
77304
77304
77303
77295
77293
77293
77286
77279
77276
77256
77252
77244
77229
77229
77218
77214
77212
77212
77210
77208
77201
77197
77184
77178
77166
77166
77156
77147
77132
77120
77105
77100
77096
77087
77074
77073
77073
77071
77055
77055
77047
77042
77036
77034
77028
76999
76988
76984
76972
76936
76934
76924
76920
76909
76904
76903
76896
76894
76892
76878
76862
76854
76850
76839
76837
76835
76826
76804
76790
76790
76788
76785
76782
76781
76780
76778
76773
76773
76771
76764
76759
76759
76754
76736
76735
76725
76710
76704
76701
76699
76694
76678
76674
76668
76656
76651
76645
76637
76627
76614
76610
76605
76602
76588
76578
76564
76560
76558
76556
76537
76535
76533
76532
76530
76519
76509
76505
76504
76504
76503
76497
76495
76492
76467
76451
76447
76444
76442
76439
76436
76435
76426
76421
76417
76408
76406
76401
76400
76394
76389
76389
76387
76387
76382
76380
76377
76374
76370
76336
76328
76320
76312
76304
76302
76292
76291
76289
76284
76277
76276
76266
76257
76255
76254
76246
76234
76230
76230
76228
76221
76217
76212
76201
76199
76187
76183
76179
76173
76170
76170
76168
76153
76146
76140
76132
76121
76121
76120
76114
76109
76108
76095
76092
76091
76079
76075
76074
76073
76072
76072
76065
76048
76041
76033
76029
76023
76019
76017
76003
75981
75976
75975
75974
75973
75966
75961
75954
75951
75945
75927
75926
75925
75902
75901
75901
75899
75885
75883
75877
75872
75868
75865
75863
75856
75851
75844
75824
75801
75797
75794
75793
75790
75787
75767
75762
75759
75753
75731
75723
75720
75716
75711
75706
75695
75694
75690
75662
75649
75643
75640
75616
75598
75596
75579
75570
75569
75559
75557
75556
75549
75544
75537
75537
75520
75520
75516
75508
75508
75497
75481
75480
75468
75466
75463
75459
75455
75447
75441
75431
75405
75400
75398
75391
75389
75386
75385
75382
75379
75368
75366
75365
75363
75347
75343
75324
75320
75315
75305
75303
75300
75293
75290
75283
75277
75258
75251
75248
75246
75245
75242
75237
75234
75229
75228
75226
75225
75213
75212
75200
75185
75168
75163
75159
75156
75146
75144
75142
75126
75115
75112
75097
75092
75080
75077
75068
75064
75060
75054
75050
75049
75048
75045
75042
75038
75031
75030
75029
75028
75026
75020
75007
74995
74989
74988
74980
74973
74971
74958
74958
74955
74952
74951
74946
74946
74944
74939
74938
74932
74918
74911
74909
74904
74880
74878
74877
74866
74859
74846
74845
74820
74819
74814
74813
74807
74803
74803
74803
74797
74793
74781
74776
74770
74767
74749
74718
74707
74701
74695
74692
74688
74685
74685
74684
74680
74674
74671
74671
74665
74664
74662
74659
74653
74640
74630
74629
74628
74622
74610
74605
74605
74603
74597
74597
74594
74587
74585
74576
74569
74560
74552
74550
74549
74547
74539
74537
74526
74517
74516
74512
74501
74501
74497
74494
74487
74475
74472
74468
74465
74464
74457
74456
74450
74443
74435
74434
74432
74420
74418
74415
74415
74408
74401
74394
74392
74384
74376
74373
74368
74367
74365
74363
74362
74348
74347
74345
74344
74338
74333
74321
74311
74310
74310
74305
74295
74289
74283
74282
74281
74267
74258
74252
74242
74239
74235
74226
74225
74217
74207
74207
74206
74200
74197
74186
74184
74179
74178
74175
74129
74116
74102
74088
74087
74083
74080
74080
74079
74074
74071
74062
74058
74057
74049
74041
74023
74022
74021
74020
74015
74011
74006
74001
73994
73992
73983
73979
73974
73949
73946
73945
73939
73937
73931
73929
73919
73896
73883
73870
73857
73852
73838
73806
73802
73778
73766
73766
73750
73745
73722
73721
73717
73711
73701
73694
73672
73668
73650
73647
73643
73641
73639
73620
73617
73581
73579
73578
73577
73576
73550
73546
73543
73525
73521
73520
73510
73496
73491
73489
73487
73475
73465
73464
73441
73436
73436
73428
73424
73413
73409
73409
73402
73398
73397
73395
73394
73391
73385
73380
73379
73370
73366
73350
73349
73341
73339
73333
73331
73321
73321
73296
73285
73282
73245
73242
73239
73230
73220
73213
73208
73207
73190
73183
73178
73177
73169
73169
73165
73164
73164
73164
73148
73145
73141
73137
73125
73118
73116
73114
73110
73106
73095
73092
73090
73085
73077
73076
73070
73053
73034
73018
73016
72987
72986
72973
72972
72968
72961
72946
72936
72936
72932
72924
72922
72917
72905
72873
72866
72864
72863
72863
72853
72851
72843
72825
72820
72818
72816
72800
72795
72794
72787
72776
72771
72768
72767
72766
72763
72755
72738
72731
72727
72720
72715
72714
72706
72703
72702
72701
72696
72690
72670
72648
72638
72625
72625
72622
72621
72619
72612
72611
72608
72604
72596
72583
72582
72579
72569
72566
72566
72561
72552
72537
72503
72502
72484
72480
72479
72477
72477
72476
72472
72467
72466
72461
72456
72443
72436
72434
72432
72430
72424
72422
72414
72409
72403
72402
72398
72397
72396
72392
72387
72382
72382
72378
72374
72367
72359
72352
72349
72333
72319
72310
72305
72302
72299
72291
72281
72279
72270
72257
72257
72248
72236
72230
72228
72222
72195
72190
72182
72170
72164
72160
72157
72155
72140
72132
72116
72111
72108
72074
72066
72058
72052
72047
72040
71993
71969
71960
71960
71958
71954
71954
71951
71946
71928
71917
71910
71906
71906
71890
71883
71882
71880
71880
71874
71874
71857
71845
71839
71828
71818
71817
71809
71804
71801
71793
71788
71785
71784
71771
71758
71750
71748
71745
71734
71732
71719
71707
71687
71681
71679
71677
71672
71670
71667
71665
71660
71659
71654
71653
71634
71631
71617
71584
71581
71576
71572
71566
71556
71551
71541
71533
71524
71518
71515
71502
71491
71491
71482
71481
71480
71479
71475
71458
71453
71452
71431
71412
71401
71396
71396
71389
71388
71371
71368
71354
71348
71337
71335
71315
71305
71274
71272
71255
71239
71224
71224
71223
71217
71212
71206
71198
71192
71190
71185
71183
71175
71174
71171
71167
71166
71142
71137
71136
71129
71125
71115
71110
71093
71089
71075
71069
71064
71061
71059
71049
71038
71038
71037
71025
71022
71017
71011
71009
71006
70997
70994
70991
70991
70983
70979
70969
70969
70953
70948
70946
70945
70940
70935
70930
70915
70911
70909
70889
70887
70883
70879
70879
70858
70858
70843
70836
70824
70823
70819
70816
70799
70796
70790
70774
70773
70765
70762
70761
70750
70744
70734
70732
70726
70725
70724
70721
70717
70710
70705
70703
70695
70687
70675
70664
70655
70652
70644
70626
70622
70616
70578
70564
70559
70558
70558
70546
70544
70541
70530
70523
70522
70520
70517
70510
70506
70505
70482
70477
70474
70466
70465
70464
70456
70448
70447
70444
70443
70443
70443
70436
70435
70432
70428
70415
70410
70407
70404
70403
70402
70395
70393
70383
70383
70376
70371
70366
70363
70360
70356
70340
70333
70332
70332
70326
70297
70277
70276
70269
70265
70237
70226
70205
70203
70202
70199
70193
70188
70165
70158
70149
70141
70137
70136
70134
70126
70116
70110
70107
70106
70097
70091
70085
70068
70067
70061
70059
70059
70051
70048
70028
70024
70023
70022
70018
70014
70004
69993
69992
69984
69973
69973
69971
69963
69957
69957
69949
69940
69940
69939
69939
69927
69919
69907
69903
69902
69895
69891
69886
69878
69872
69869
69855
69850
69838
69830
69826
69822
69821
69816
69806
69794
69781
69777
69777
69776
69768
69763
69761
69745
69739
69737
69731
69723
69720
69716
69699
69691
69687
69673
69673
69670
69662
69659
69645
69633
69632
69631
69631
69630
69627
69617
69616
69615
69606
69600
69596
69580
69560
69559
69558
69537
69526
69513
69513
69486
69483
69482
69480
69456
69456
69451
69440
69439
69435
69426
69425
69424
69411
69409
69400
69397
69392
69381
69378
69374
69371
69348
69347
69339
69331
69323
69313
69305
69303
69297
69295
69294
69271
69260
69259
69247
69245
69244
69233
69220
69220
69219
69190
69186
69183
69178
69176
69145
69142
69129
69117
69113
69106
69101
69092
69092
69088
69085
69081
69076
69058
69051
69045
69031
69031
69028
69027
69026
69018
69005
69004
68996
68995
68975
68969
68966
68963
68955
68932
68930
68929
68928
68923
68921
68918
68912
68911
68908
68906
68902
68901
68886
68884
68881
68879
68877
68875
68873
68868
68858
68857
68847
68842
68835
68834
68826
68820
68819
68819
68818
68815
68809
68809
68805
68770
68770
68765
68759
68754
68744
68743
68740
68729
68728
68725
68725
68719
68713
68712
68710
68709
68708
68694
68675
68670
68669
68657
68655
68652
68650
68648
68646
68645
68633
68624
68622
68621
68619
68618
68615
68590
68582
68557
68542
68538
68536
68519
68499
68492
68492
68486
68475
68466
68463
68449
68447
68437
68436
68426
68417
68416
68408
68407
68406
68400
68387
68384
68377
68359
68357
68320
68318
68309
68308
68307
68305
68301
68299
68296
68288
68287
68280
68265
68255
68239
68238
68223
68216
68208
68206
68183
68183
68183
68182
68179
68173
68166
68161
68149
68135
68123
68122
68108
68098
68088
68087
68080
68063
68060
68046
68042
68040
68039
68029
68026
68019
68016
68012
68004
68002
67989
67989
67984
67978
67971
67971
67967
67966
67929
67923
67921
67914
67912
67909
67909
67903
67885
67878
67875
67861
67859
67851
67848
67843
67835
67831
67830
67819
67813
67806
67775
67767
67764
67763
67750
67748
67747
67736
67732
67731
67725
67721
67717
67713
67704
67682
67671
67664
67651
67647
67637
67636
67629
67622
67605
67604
67597
67593
67582
67582
67569
67566
67563
67560
67548
67547
67545
67540
67538
67535
67526
67507
67504
67500
67496
67483
67461
67456
67454
67452
67452
67445
67445
67443
67442
67435
67420
67419
67414
67402
67401
67396
67396
67395
67394
67394
67388
67386
67386
67378
67364
67361
67343
67333
67331
67327
67327
67326
67323
67310
67308
67304
67302
67300
67297
67296
67296
67274
67274
67252
67239
67221
67197
67184
67170
67161
67160
67156
67152
67152
67125
67116
67111
67093
67092
67082
67081
67081
67064
67062
67062
67057
67050
67028
67027
67021
67014
67007
67005
67001
66994
66984
66983
66971
66969
66961
66939
66930
66929
66929
66921
66913
66911
66892
66891
66871
66867
66851
66845
66843
66838
66830
66829
66822
66821
66815
66811
66811
66805
66800
66799
66794
66785
66783
66764
66755
66740
66735
66731
66724
66712
66705
66695
66682
66678
66660
66650
66650
66620
66615
66613
66610
66607
66592
66582
66581
66578
66576
66576
66574
66565
66561
66560
66557
66551
66548
66547
66542
66539
66538
66537
66530
66520
66520
66517
66506
66501
66492
66490
66474
66462
66459
66430
66424
66417
66417
66414
66408
66408
66396
66382
66379
66379
66373
66365
66349
66348
66346
66339
66338
66326
66321
66315
66307
66305
66300
66300
66296
66288
66286
66280
66265
66264
66262
66254
66251
66242
66242
66237
66230
66227
66225
66225
66220
66207
66205
66200
66194
66185
66181
66178
66173
66172
66171
66171
66151
66144
66143
66141
66117
66104
66098
66096
66090
66087
66080
66070
66069
66047
66034
66027
66015
66013
65992
65984
65975
65975
65968
65965
65956
65955
65953
65944
65942
65934
65933
65912
65909
65893
65890
65889
65886
65885
65879
65876
65874
65872
65858
65845
65841
65838
65829
65828
65822
65815
65811
65808
65807
65803
65793
65777
65773
65766
65764
65741
65731
65730
65718
65699
65697
65692
65679
65674
65672
65665
65661
65658
65655
65632
65624
65618
65598
65597
65578
65560
65554
65550
65547
65546
65546
65534
65524
65502
65494
65487
65486
65484
65484
65478
65475
65475
65464
65456
65445
65435
65433
65433
65422
65419
65418
65412
65405
65405
65401
65400
65388
65356
65336
65335
65333
65333
65332
65331
65307
65307
65293
65286
65271
65249
65248
65248
65244
65243
65223
65195
65193
65177
65170
65168
65155
65154
65153
65141
65134
65118
65108
65107
65106
65090
65084
65073
65064
65058
65054
65053
65048
65044
65042
65037
65035
65033
65022
65019
65015
65002
64989
64971
64952
64951
64946
64942
64934
64926
64920
64910
64905
64895
64886
64885
64885
64884
64883
64881
64873
64864
64852
64849
64840
64833
64831
64830
64830
64829
64823
64823
64811
64808
64804
64800
64788
64787
64784
64777
64776
64773
64770
64759
64755
64749
64747
64739
64728
64727
64725
64724
64723
64719
64718
64696
64695
64692
64690
64687
64684
64682
64673
64662
64655
64653
64623
64616
64607
64601
64597
64597
64592
64590
64590
64587
64581
64579
64575
64567
64563
64563
64554
64549
64545
64540
64517
64498
64497
64492
64490
64487
64487
64485
64485
64479
64477
64470
64457
64452
64446
64446
64435
64430
64423
64423
64415
64410
64410
64402
64396
64395
64392
64391
64381
64377
64366
64362
64358
64358
64350
64342
64333
64331
64329
64321
64316
64314
64311
64306
64303
64298
64296
64295
64291
64290
64279
64273
64271
64269
64261
64249
64246
64242
64235
64231
64204
64204
64203
64185
64167
64163
64137
64135
64121
64108
64101
64097
64092
64086
64075
64073
64073
64071
64051
64039
64037
64030
64024
64024
64008
64004
64002
64000
63996
63995
63983
63978
63977
63973
63971
63965
63912
63911
63910
63908
63903
63893
63852
63835
63830
63829
63812
63803
63794
63786
63778
63760
63756
63752
63750
63746
63744
63743
63740
63724
63721
63718
63716
63715
63703
63697
63683
63677
63674
63673
63660
63652
63651
63640
63609
63608
63589
63588
63581
63576
63553
63546
63546
63544
63543
63541
63537
63525
63520
63516
63502
63495
63482
63458
63451
63446
63445
63428
63427
63425
63413
63402
63400
63391
63386
63383
63372
63370
63367
63363
63361
63356
63343
63336
63321
63320
63316
63312
63312
63311
63296
63294
63290
63285
63280
63274
63267
63266
63250
63244
63233
63229
63225
63222
63205
63204
63193
63185
63175
63161
63157
63156
63149
63142
63139
63131
63129
63120
63095
63094
63084
63083
63082
63079
63069
63062
63061
63051
63044
63043
63041
63037
63031
63027
63020
63017
63015
63013
63010
63007
62997
62996
62995
62982
62976
62974
62952
62939
62933
62928
62907
62898
62895
62895
62885
62872
62862
62861
62861
62857
62857
62846
62846
62842
62840
62837
62836
62825
62823
62822
62819
62810
62808
62790
62789
62760
62759
62759
62754
62731
62729
62724
62720
62717
62709
62701
62690
62682
62681
62677
62672
62664
62663
62660
62651
62649
62634
62629
62628
62626
62606
62604
62601
62600
62597
62596
62594
62594
62583
62571
62565
62558
62556
62545
62540
62527
62526
62525
62523
62514
62506
62492
62477
62470
62461
62461
62455
62450
62447
62444
62434
62429
62425
62423
62406
62406
62391
62391
62389
62371
62358
62354
62352
62350
62350
62349
62349
62342
62329
62315
62295
62279
62259
62254
62240
62227
62223
62210
62201
62199
62189
62187
62172
62172
62157
62154
62152
62144
62134
62127
62123
62116
62103
62102
62100
62099
62093
62081
62073
62065
62058
62055
62051
62043
62037
62020
62017
62007
61988
61984
61972
61965
61961
61947
61934
61930
61930
61920
61904
61904
61889
61878
61876
61872
61848
61844
61833
61831
61825
61820
61796
61779
61773
61772
61770
61764
61761
61751
61748
61740
61733
61727
61727
61724
61714
61713
61700
61682
61677
61676
61660
61649
61647
61645
61635
61633
61630
61626
61621
61619
61587
61581
61571
61570
61564
61563
61559
61559
61557
61555
61537
61518
61510
61504
61502
61495
61489
61479
61463
61449
61446
61441
61441
61432
61417
61405
61403
61401
61387
61386
61384
61382
61377
61372
61369
61367
61365
61352
61344
61340
61329
61321
61318
61316
61312
61300
61298
61295
61287
61284
61279
61275
61260
61259
61251
61247
61241
61237
61225
61200
61188
61180
61160
61152
61147
61144
61142
61139
61139
61132
61131
61127
61122
61116
61110
61108
61106
61095
61094
61091
61091
61081
61077
61071
61058
61054
61051
61041
61041
61039
61023
61017
61016
61014
61008
61006
61006
60993
60992
60985
60982
60980
60978
60975
60941
60926
60918
60916
60914
60911
60910
60905
60896
60895
60882
60881
60875
60862
60851
60849
60845
60837
60830
60825
60823
60800
60796
60793
60792
60791
60772
60757
60742
60735
60732
60729
60717
60715
60711
60709
60703
60698
60690
60676
60674
60671
60670
60669
60656
60655
60653
60652
60647
60638
60629
60614
60594
60588
60581
60578
60577
60575
60570
60531
60517
60512
60511
60503
60484
60482
60481
60467
60461
60459
60410
60409
60402
60381
60371
60370
60363
60357
60357
60344
60336
60333
60327
60325
60319
60314
60313
60305
60305
60299
60292
60291
60280
60278
60277
60276
60272
60271
60266
60251
60246
60246
60245
60242
60238
60230
60229
60213
60213
60201
60192
60191
60189
60186
60183
60182
60176
60175
60172
60166
60164
60161
60157
60149
60147
60144
60137
60134
60116
60115
60114
60113
60108
60108
60103
60099
60082
60073
60072
60071
60069
60058
60054
60054
60047
60035
60034
60028
60028
60026
60020
60019
60012
60003
59998
59997
59993
59990
59978
59964
59963
59954
59941
59936
59933
59930
59912
59891
59873
59857
59856
59852
59848
59841
59839
59837
59837
59823
59821
59811
59781
59757
59754
59753
59752
59741
59721
59720
59717
59709
59701
59701
59700
59697
59682
59674
59667
59659
59649
59633
59625
59605
59602
59599
59596
59577
59574
59570
59552
59547
59544
59538
59526
59521
59513
59510
59510
59505
59504
59503
59490
59480
59477
59470
59469
59468
59466
59463
59459
59453
59445
59443
59439
59420
59411
59402
59399
59396
59390
59381
59366
59363
59356
59350
59342
59339
59332
59330
59329
59321
59321
59306
59304
59301
59301
59298
59293
59292
59292
59291
59285
59273
59271
59264
59260
59247
59245
59239
59236
59230
59208
59202
59196
59193
59185
59172
59168
59159
59157
59156
59156
59151
59146
59142
59134
59131
59127
59125
59121
59118
59107
59097
59086
59084
59063
59059
59056
59047
59025
59018
59003
59001
58999
58991
58990
58981
58972
58971
58969
58960
58952
58950
58948
58934
58927
58925
58923
58915
58910
58895
58893
58892
58884
58883
58879
58874
58873
58870
58862
58860
58859
58855
58850
58842
58837
58834
58825
58811
58805
58802
58792
58791
58783
58782
58779
58771
58766
58762
58756
58726
58721
58715
58707
58706
58705
58699
58696
58695
58690
58678
58677
58668
58664
58661
58660
58655
58653
58625
58615
58608
58604
58599
58599
58596
58596
58591
58582
58581
58577
58576
58569
58564
58562
58557
58555
58547
58531
58516
58498
58497
58492
58491
58488
58482
58473
58465
58457
58456
58453
58448
58443
58441
58437
58429
58421
58405
58399
58384
58380
58360
58355
58350
58344
58338
58306
58294
58273
58272
58272
58267
58264
58254
58252
58247
58233
58228
58219
58215
58206
58189
58183
58176
58167
58160
58154
58144
58131
58131
58108
58097
58068
58063
58060
58059
58057
58052
58038
58033
58010
58009
58002
57999
57996
57991
57981
57981
57975
57968
57968
57966
57957
57955
57944
57942
57939
57937
57932
57927
57925
57922
57919
57895
57886
57883
57875
57875
57875
57869
57865
57862
57859
57858
57853
57848
57832
57825
57825
57816
57796
57794
57784
57783
57779
57779
57778
57776
57764
57755
57748
57744
57744
57743
57740
57727
57713
57705
57701
57685
57683
57679
57669
57667
57661
57655
57650
57644
57642
57632
57623
57612
57605
57591
57591
57589
57586
57584
57583
57575
57571
57567
57563
57545
57528
57524
57518
57514
57491
57473
57468
57464
57457
57442
57438
57433
57428
57428
57413
57394
57388
57379
57377
57376
57368
57363
57349
57341
57329
57323
57317
57315
57314
57309
57308
57288
57284
57273
57271
57269
57266
57261
57257
57255
57254
57234
57225
57217
57214
57201
57198
57196
57193
57189
57174
57164
57163
57159
57153
57135
57134
57132
57126
57121
57115
57100
57085
57078
57072
57070
57068
57062
57062
57057
57057
57051
57049
57048
57039
57034
57033
57017
57016
57007
56985
56985
56972
56969
56964
56958
56956
56954
56941
56940
56938
56938
56935
56930
56913
56904
56904
56892
56887
56882
56881
56876
56861
56851
56846
56846
56845
56837
56835
56835
56832
56803
56789
56787
56785
56772
56758
56756
56749
56743
56738
56729
56728
56725
56724
56715
56710
56709
56707
56704
56704
56694
56688
56688
56687
56687
56661
56658
56657
56651
56650
56648
56647
56645
56640
56634
56631
56627
56622
56621
56616
56613
56610
56601
56597
56597
56592
56588
56585
56583
56583
56576
56569
56557
56546
56543
56542
56539
56534
56529
56523
56517
56504
56498
56492
56484
56483
56480
56478
56476
56473
56472
56472
56469
56455
56445
56442
56439
56438
56435
56433
56427
56425
56424
56422
56408
56407
56402
56389
56386
56374
56372
56370
56363
56350
56349
56347
56340
56333
56310
56307
56281
56275
56255
56255
56250
56244
56239
56236
56234
56229
56225
56221
56218
56212
56205
56199
56195
56187
56181
56176
56175
56172
56172
56170
56168
56167
56162
56156
56152
56145
56142
56139
56137
56132
56130
56127
56127
56120
56118
56109
56108
56104
56102
56101
56100
56100
56096
56096
56090
56068
56062
56053
56030
56028
56024
56024
56019
56016
55995
55971
55958
55957
55953
55949
55949
55931
55929
55927
55924
55909
55906
55906
55902
55900
55887
55886
55884
55882
55869
55857
55856
55820
55804
55803
55791
55783
55782
55780
55776
55713
55698
55693
55690
55689
55668
55668
55662
55661
55657
55655
55649
55633
55632
55629
55629
55624
55618
55614
55609
55579
55564
55561
55555
55522
55520
55513
55498
55483
55483
55475
55474
55472
55467
55460
55457
55450
55439
55435
55432
55422
55419
55419
55419
55419
55417
55405
55400
55391
55379
55371
55349
55338
55333
55329
55324
55323
55302
55302
55299
55297
55291
55283
55282
55275
55270
55256
55248
55244
55238
55238
55237
55232
55206
55203
55192
55185
55180
55167
55159
55154
55153
55150
55147
55140
55138
55127
55110
55107
55100
55097
55091
55088
55078
55077
55071
55062
55060
55052
55043
55042
55041
55028
55025
55015
55009
54998
54995
54991
54985
54978
54962
54949
54936
54935
54924
54921
54919
54909
54904
54891
54889
54886
54886
54881
54870
54868
54862
54860
54858
54841
54816
54814
54808
54805
54805
54801
54801
54795
54794
54791
54789
54780
54777
54775
54773
54773
54772
54771
54757
54756
54748
54740
54738
54737
54735
54731
54716
54716
54701
54693
54689
54684
54680
54676
54660
54639
54622
54618
54603
54599
54595
54582
54578
54577
54568
54567
54565
54565
54565
54563
54552
54546
54543
54540
54540
54518
54508
54503
54497
54495
54483
54480
54478
54473
54470
54457
54447
54444
54443
54442
54441
54433
54413
54396
54375
54374
54372
54364
54363
54351
54349
54343
54337
54328
54325
54317
54303
54301
54279
54271
54260
54260
54257
54255
54250
54249
54249
54245
54244
54226
54219
54216
54210
54208
54195
54193
54188
54185
54184
54160
54158
54158
54155
54147
54109
54104
54096
54094
54087
54082
54082
54077
54066
54049
54040
54026
54022
54020
54017
54012
54010
54010
54004
53994
53993
53986
53982
53981
53964
53957
53954
53946
53945
53944
53939
53939
53925
53924
53920
53904
53896
53895
53882
53877
53877
53876
53859
53856
53850
53831
53828
53822
53820
53814
53813
53808
53788
53778
53776
53762
53751
53750
53745
53744
53737
53735
53732
53715
53714
53711
53708
53707
53703
53689
53684
53684
53677
53677
53672
53667
53664
53659
53648
53648
53648
53646
53632
53631
53619
53616
53616
53600
53599
53584
53577
53574
53569
53569
53565
53554
53548
53545
53537
53534
53532
53519
53512
53511
53509
53490
53486
53475
53465
53464
53460
53457
53457
53456
53453
53444
53441
53430
53426
53424
53417
53411
53405
53397
53391
53389
53385
53384
53360
53353
53352
53344
53341
53332
53328
53317
53308
53306
53297
53296
53294
53290
53289
53284
53282
53278
53273
53249
53245
53242
53241
53217
53215
53213
53211
53203
53201
53187
53180
53157
53155
53155
53148
53146
53142
53138
53114
53104
53097
53093
53090
53085
53085
53080
53070
53065
53057
53054
53047
53046
53038
53033
53031
53024
53016
53014
53005
53004
53003
53000
52992
52992
52988
52987
52971
52969
52965
52964
52960
52952
52945
52928
52928
52914
52905
52902
52902
52900
52897
52893
52878
52860
52853
52833
52806
52803
52799
52775
52769
52767
52767
52738
52737
52715
52710
52701
52699
52693
52692
52677
52673
52659
52651
52646
52643
52636
52631
52627
52612
52604
52600
52588
52583
52575
52570
52568
52564
52562
52560
52556
52553
52540
52537
52532
52518
52511
52508
52495
52495
52488
52479
52478
52471
52453
52452
52450
52441
52435
52430
52425
52425
52420
52412
52410
52400
52398
52391
52381
52364
52361
52352
52346
52341
52340
52338
52326
52319
52301
52297
52293
52292
52284
52282
52274
52264
52251
52247
52243
52229
52223
52216
52206
52204
52192
52188
52185
52184
52183
52178
52177
52176
52172
52165
52164
52159
52158
52150
52144
52141
52137
52122
52121
52108
52106
52090
52088
52083
52077
52074
52064
52058
52044
52040
52037
52036
52028
52013
52006
52003
51996
51987
51978
51972
51970
51961
51956
51953
51947
51938
51938
51937
51935
51929
51927
51921
51919
51917
51914
51911
51903
51892
51892
51889
51888
51879
51876
51841
51839
51822
51820
51819
51809
51798
51794
51785
51780
51777
51759
51724
51718
51715
51714
51705
51692
51685
51680
51674
51671
51654
51654
51653
51647
51643
51639
51634
51627
51626
51616
51594
51591
51588
51587
51586
51585
51583
51569
51566
51557
51550
51549
51540
51516
51508
51503
51486
51483
51476
51470
51465
51458
51458
51452
51439
51432
51429
51417
51410
51399
51398
51393
51387
51385
51379
51376
51363
51361
51353
51351
51349
51349
51348
51344
51333
51333
51332
51331
51305
51295
51291
51281
51280
51276
51275
51271
51261
51257
51253
51251
51240
51223
51219
51217
51203
51198
51188
51171
51164
51142
51138
51130
51114
51110
51100
51090
51089
51085
51084
51081
51079
51077
51069
51057
51038
51035
51031
51021
51018
51014
50996
50991
50991
50976
50966
50955
50946
50941
50941
50921
50913
50902
50895
50893
50892
50884
50882
50881
50872
50867
50859
50859
50851
50849
50842
50832
50823
50821
50821
50812
50802
50793
50788
50768
50767
50766
50757
50753
50749
50744
50739
50733
50720
50718
50700
50693
50690
50685
50685
50674
50666
50662
50646
50645
50637
50633
50627
50625
50613
50599
50599
50586
50571
50561
50552
50552
50527
50525
50522
50518
50514
50509
50503
50500
50497
50495
50454
50453
50453
50450
50444
50437
50431
50424
50414
50400
50400
50372
50367
50366
50364
50360
50334
50321
50319
50315
50303
50303
50302
50299
50299
50299
50298
50296
50296
50285
50275
50275
50266
50253
50246
50245
50204
50203
50199
50190
50180
50178
50165
50151
50150
50145
50134
50134
50133
50124
50111
50105
50101
50100
50084
50083
50071
50062
50058
50055
50054
50044
50034
50032
50031
50023
50015
49995
49974
49969
49962
49952
49945
49943
49943
49940
49926
49922
49918
49915
49908
49901
49890
49888
49867
49860
49854
49853
49851
49851
49850
49839
49839
49825
49817
49811
49805
49801
49792
49783
49783
49783
49773
49762
49746
49711
49709
49709
49706
49706
49694
49685
49676
49676
49669
49662
49660
49659
49653
49648
49638
49627
49624
49615
49596
49589
49589
49588
49582
49581
49569
49565
49564
49549
49545
49543
49536
49526
49520
49516
49515
49509
49504
49494
49492
49492
49489
49488
49486
49485
49482
49481
49478
49476
49445
49429
49419
49407
49396
49396
49378
49378
49368
49366
49366
49362
49362
49357
49348
49343
49343
49333
49320
49296
49295
49281
49260
49255
49249
49246
49245
49244
49240
49240
49235
49223
49222
49197
49178
49170
49169
49161
49155
49152
49151
49146
49142
49142
49115
49108
49105
49105
49102
49095
49092
49089
49077
49075
49063
49055
49048
49030
49024
49020
49010
49003
48993
48985
48983
48982
48972
48965
48952
48951
48951
48941
48931
48924
48920
48906
48900
48896
48886
48883
48879
48874
48874
48869
48841
48798
48796
48786
48771
48770
48768
48765
48761
48760
48760
48759
48748
48747
48745
48725
48724
48721
48721
48705
48701
48694
48693
48693
48691
48686
48684
48683
48680
48670
48669
48665
48651
48635
48624
48618
48610
48607
48596
48591
48587
48582
48582
48553
48551
48547
48542
48539
48534
48524
48518
48491
48488
48487
48479
48467
48466
48451
48450
48449
48441
48435
48417
48416
48416
48406
48395
48393
48382
48380
48378
48377
48375
48375
48373
48372
48360
48354
48347
48345
48335
48316
48297
48292
48282
48275
48272
48269
48258
48252
48242
48211
48210
48207
48205
48190
48187
48186
48170
48167
48163
48157
48156
48156
48142
48137
48135
48134
48110
48105
48094
48092
48086
48084
48078
48072
48065
48057
48053
48052
48049
48042
48030
48026
48025
48025
48021
48018
48011
48002
48000
47993
47979
47977
47965
47959
47955
47953
47949
47940
47932
47921
47911
47897
47888
47886
47885
47873
47872
47855
47850
47826
47817
47817
47814
47809
47786
47784
47784
47771
47764
47747
47740
47734
47725
47695
47686
47666
47663
47648
47648
47647
47638
47636
47631
47621
47614
47607
47606
47606
47591
47582
47582
47581
47567
47567
47554
47537
47504
47488
47485
47478
47475
47474
47473
47469
47461
47457
47455
47450
47447
47446
47442
47438
47390
47387
47387
47369
47365
47356
47355
47355
47347
47346
47345
47344
47334
47334
47317
47317
47308
47281
47280
47279
47275
47275
47273
47265
47252
47251
47240
47237
47234
47231
47219
47217
47198
47188
47179
47168
47147
47146
47132
47123
47117
47113
47110
47108
47104
47092
47079
47078
47077
47072
47061
47042
47041
47015
47014
47007
47005
47002
46995
46987
46983
46973
46969
46957
46937
46926
46916
46912
46904
46899
46881
46880
46876
46866
46866
46844
46844
46840
46828
46825
46820
46819
46811
46806
46805
46793
46791
46778
46767
46765
46760
46759
46750
46750
46741
46739
46739
46739
46739
46723
46716
46713
46702
46701
46699
46696
46674
46669
46666
46651
46646
46638
46635
46616
46613
46588
46584
46580
46564
46562
46561
46560
46558
46549
46544
46539
46521
46516
46507
46500
46488
46488
46485
46478
46471
46469
46466
46465
46465
46454
46453
46452
46440
46434
46431
46412
46400
46397
46386
46384
46383
46380
46364
46352
46349
46338
46334
46334
46333
46320
46314
46295
46294
46280
46267
46264
46252
46248
46243
46243
46231
46229
46228
46201
46201
46201
46198
46193
46188
46187
46186
46184
46174
46173
46169
46168
46168
46149
46146
46146
46127
46127
46119
46111
46100
46097
46080
46057
46056
46056
46055
46039
46039
46015
46008
46007
45998
45976
45968
45965
45961
45945
45927
45926
45905
45896
45896
45891
45887
45887
45887
45878
45868
45858
45849
45848
45844
45844
45826
45820
45819
45808
45803
45802
45786
45786
45783
45781
45775
45773
45772
45765
45761
45752
45735
45733
45724
45724
45723
45715
45700
45694
45683
45676
45661
45661
45656
45640
45624
45618
45611
45602
45600
45593
45590
45590
45575
45572
45569
45568
45561
45553
45551
45525
45516
45493
45482
45452
45436
45424
45418
45412
45396
45394
45377
45359
45359
45357
45353
45352
45340
45336
45330
45326
45322
45315
45297
45291
45286
45281
45280
45279
45272
45266
45247
45241
45238
45234
45223
45208
45203
45202
45202
45202
45198
45193
45188
45167
45165
45157
45145
45131
45118
45116
45110
45105
45100
45099
45088
45081
45060
45056
45049
45046
45036
45033
45033
45021
45008
45007
45003
44990
44982
44976
44967
44966
44965
44960
44936
44932
44927
44925
44918
44917
44905
44892
44882
44876
44857
44841
44830
44812
44807
44794
44788
44771
44756
44745
44744
44736
44734
44733
44733
44718
44716
44715
44706
44670
44666
44657
44642
44627
44622
44620
44617
44612
44610
44609
44580
44578
44573
44572
44543
44538
44535
44517
44515
44514
44511
44510
44505
44498
44497
44493
44492
44490
44481
44472
44449
44438
44437
44429
44413
44409
44404
44404
44396
44387
44378
44372
44365
44340
44326
44297
44277
44272
44266
44265
44256
44256
44240
44235
44234
44222
44194
44189
44183
44175
44175
44166
44165
44155
44148
44146
44144
44138
44136
44127
44105
44101
44094
44068
44060
44057
44044
44041
44028
44016
44013
44007
43996
43995
43995
43987
43983
43982
43978
43972
43966
43961
43949
43939
43932
43930
43929
43911
43909
43887
43884
43883
43882
43879
43876
43870
43869
43866
43856
43854
43852
43849
43848
43837
43830
43827
43821
43807
43799
43792
43791
43785
43778
43774
43773
43762
43750
43745
43742
43739
43737
43736
43731
43731
43726
43721
43721
43711
43710
43708
43688
43668
43663
43658
43655
43639
43632
43631
43628
43623
43617
43605
43603
43596
43591
43576
43565
43563
43551
43546
43541
43539
43538
43538
43536
43530
43525
43522
43498
43488
43484
43483
43480
43473
43466
43463
43461
43438
43434
43432
43427
43410
43406
43405
43403
43397
43393
43389
43388
43375
43360
43358
43356
43342
43342
43333
43325
43322
43321
43318
43310
43310
43310
43295
43287
43287
43282
43273
43271
43270
43269
43259
43258
43253
43247
43247
43244
43233
43231
43215
43211
43211
43205
43202
43200
43196
43194
43180
43167
43166
43161
43155
43142
43133
43126
43113
43099
43099
43098
43096
43085
43083
43080
43079
43075
43067
43063
43053
43048
43047
43044
43038
43033
43022
43019
43008
42996
42994
42993
42992
42990
42985
42984
42983
42978
42973
42969
42966
42952
42951
42940
42937
42931
42928
42928
42923
42919
42914
42910
42906
42883
42882
42852
42849
42848
42831
42827
42816
42814
42809
42806
42799
42788
42779
42777
42764
42762
42761
42758
42752
42749
42740
42733
42720
42714
42710
42690
42690
42687
42682
42679
42673
42669
42668
42665
42662
42661
42641
42638
42636
42628
42626
42623
42622
42608
42602
42602
42599
42599
42597
42587
42586
42580
42570
42568
42562
42562
42560
42554
42548
42541
42536
42531
42516
42515
42511
42509
42503
42501
42493
42492
42479
42473
42473
42470
42459
42454
42438
42435
42433
42432
42432
42431
42417
42411
42403
42392
42373
42372
42371
42366
42361
42360
42360
42352
42345
42343
42327
42324
42322
42319
42313
42311
42305
42299
42287
42280
42275
42271
42266
42249
42249
42246
42236
42231
42231
42227
42221
42217
42205
42204
42195
42194
42171
42167
42167
42154
42145
42144
42135
42119
42116
42106
42098
42097
42088
42083
42083
42080
42077
42075
42073
42068
42062
42059
42058
42047
42033
42025
42007
42004
41999
41989
41989
41986
41974
41969
41957
41952
41949
41942
41940
41938
41936
41928
41925
41925
41924
41917
41905
41900
41895
41892
41891
41877
41862
41843
41837
41827
41813
41812
41804
41804
41798
41797
41790
41764
41758
41756
41753
41747
41745
41744
41736
41731
41723
41722
41713
41712
41708
41693
41692
41675
41672
41668
41666
41664
41656
41655
41649
41638
41628
41622
41615
41610
41601
41601
41594
41582
41571
41565
41542
41539
41537
41533
41533
41524
41521
41521
41519
41503
41486
41477
41462
41451
41449
41448
41445
41435
41422
41418
41417
41416
41413
41413
41409
41407
41397
41396
41385
41385
41378
41377
41352
41348
41348
41346
41328
41327
41313
41310
41295
41290
41287
41275
41273
41267
41259
41257
41253
41253
41226
41217
41214
41213
41212
41212
41201
41198
41187
41184
41180
41178
41173
41172
41168
41156
41155
41128
41126
41114
41087
41074
41067
41066
41048
41047
41043
41040
41039
41029
41024
41023
41017
41014
41012
40998
40996
40994
40983
40978
40977
40973
40955
40949
40948
40948
40947
40942
40941
40937
40936
40935
40913
40905
40893
40893
40876
40875
40875
40874
40873
40865
40856
40851
40849
40846
40843
40839
40836
40828
40824
40820
40816
40814
40813
40804
40803
40796
40794
40790
40790
40789
40778
40757
40741
40730
40707
40701
40698
40686
40670
40668
40663
40658
40658
40657
40655
40642
40637
40633
40629
40618
40616
40594
40589
40583
40578
40577
40569
40566
40565
40564
40559
40559
40558
40546
40545
40537
40524
40522
40521
40518
40512
40504
40488
40483
40482
40481
40479
40465
40463
40455
40453
40445
40444
40443
40442
40436
40428
40426
40414
40412
40404
40401
40380
40372
40372
40362
40358
40347
40343
40339
40331
40330
40325
40314
40312
40312
40312
40312
40307
40298
40297
40292
40289
40286
40279
40270
40254
40245
40238
40220
40217
40207
40203
40202
40188
40186
40182
40176
40172
40160
40156
40154
40133
40131
40122
40111
40110
40096
40094
40085
40073
40072
40070
40068
40051
40046
40046
40038
40037
40036
40033
40028
40027
40023
40021
40019
40011
40010
40000
40000
39995
39989
39984
39976
39975
39971
39966
39964
39954
39953
39942
39926
39923
39904
39903
39896
39893
39890
39889
39888
39881
39878
39877
39876
39874
39869
39861
39859
39858
39855
39851
39848
39838
39837
39836
39831
39827
39819
39810
39796
39793
39785
39774
39774
39772
39750
39750
39747
39742
39720
39719
39719
39709
39701
39696
39687
39686
39684
39680
39679
39677
39675
39673
39667
39662
39658
39638
39632
39615
39596
39586
39582
39575
39556
39549
39548
39545
39519
39519
39512
39473
39472
39470
39466
39452
39447
39440
39439
39431
39429
39420
39408
39403
39401
39397
39393
39391
39369
39365
39364
39356
39356
39346
39342
39338
39337
39327
39325
39310
39307
39298
39289
39288
39287
39279
39275
39272
39252
39251
39244
39239
39234
39234
39227
39214
39210
39210
39206
39193
39190
39176
39156
39148
39143
39124
39108
39101
39094
39082
39082
39076
39065
39061
39054
39038
39029
39025
39018
38994
38974
38968
38967
38966
38963
38955
38943
38940
38933
38931
38919
38919
38914
38906
38902
38897
38896
38885
38884
38879
38875
38873
38871
38866
38866
38842
38827
38820
38802
38799
38798
38796
38794
38791
38788
38788
38787
38785
38781
38781
38779
38764
38761
38758
38748
38744
38744
38743
38741
38731
38727
38721
38717
38715
38715
38715
38700
38693
38691
38689
38688
38686
38682
38680
38660
38660
38647
38645
38640
38630
38629
38627
38625
38621
38616
38610
38606
38602
38600
38594
38594
38588
38573
38572
38560
38549
38544
38540
38534
38531
38529
38507
38506
38505
38503
38502
38464
38458
38455
38454
38446
38445
38444
38418
38399
38392
38386
38380
38368
38364
38349
38330
38326
38325
38318
38309
38294
38293
38291
38279
38277
38273
38268
38264
38241
38229
38224
38221
38215
38200
38199
38190
38186
38184
38183
38179
38179
38163
38158
38142
38140
38134
38125
38124
38120
38101
38094
38094
38093
38093
38091
38085
38076
38075
38075
38068
38056
38048
38044
38036
38029
38027
38024
38020
38014
38011
38008
37999
37992
37980
37964
37953
37953
37952
37937
37923
37912
37909
37906
37894
37889
37882
37880
37875
37871
37869
37858
37848
37848
37840
37834
37833
37828
37827
37822
37804
37801
37798
37793
37792
37792
37790
37788
37769
37768
37761
37759
37743
37704
37703
37701
37697
37695
37689
37672
37666
37664
37644
37637
37636
37623
37599
37596
37594
37590
37589
37588
37563
37561
37556
37550
37541
37539
37538
37536
37529
37522
37509
37506
37484
37476
37475
37461
37458
37457
37457
37453
37453
37434
37431
37430
37426
37424
37422
37414
37409
37409
37408
37390
37389
37384
37384
37384
37377
37366
37361
37354
37353
37352
37345
37338
37337
37336
37322
37321
37314
37311
37306
37304
37299
37297
37296
37293
37290
37288
37263
37258
37254
37243
37225
37221
37210
37209
37196
37187
37180
37179
37164
37160
37147
37143
37137
37137
37121
37120
37117
37117
37111
37104
37101
37094
37091
37088
37079
37075
37072
37064
37059
37053
37050
37046
37030
37021
37007
37001
36998
36997
36994
36977
36977
36968
36948
36940
36938
36920
36911
36903
36899
36886
36886
36885
36884
36878
36867
36867
36861
36854
36852
36850
36847
36835
36828
36820
36818
36814
36811
36804
36782
36768
36762
36760
36751
36749
36747
36734
36723
36718
36716
36693
36685
36683
36662
36659
36656
36645
36633
36629
36620
36615
36603
36601
36601
36600
36580
36574
36568
36567
36559
36558
36555
36546
36520
36519
36514
36510
36508
36503
36503
36498
36490
36490
36486
36484
36483
36482
36440
36435
36423
36415
36406
36403
36399
36378
36378
36371
36371
36365
36364
36360
36341
36335
36309
36297
36286
36277
36277
36251
36247
36244
36203
36200
36200
36199
36183
36181
36177
36166
36154
36135
36117
36116
36103
36102
36094
36092
36090
36088
36080
36080
36070
36053
36040
36039
36037
36037
36033
36012
36008
36004
35994
35983
35978
35976
35973
35968
35967
35967
35961
35959
35958
35951
35948
35945
35941
35927
35909
35907
35906
35905
35883
35882
35880
35863
35853
35846
35844
35839
35825
35824
35815
35814
35808
35801
35796
35774
35770
35768
35762
35757
35739
35735
35734
35717
35716
35679
35676
35668
35650
35646
35639
35622
35621
35616
35603
35601
35596
35593
35577
35564
35564
35561
35556
35545
35544
35543
35538
35534
35529
35520
35512
35511
35510
35484
35474
35469
35459
35456
35454
35448
35442
35438
35434
35421
35414
35412
35390
35388
35381
35379
35373
35365
35361
35355
35350
35344
35344
35340
35328
35327
35326
35309
35308
35302
35299
35292
35283
35281
35279
35273
35273
35270
35267
35244
35242
35239
35231
35228
35227
35225
35218
35216
35213
35204
35203
35201
35199
35190
35172
35167
35159
35156
35153
35146
35139
35122
35107
35107
35091
35090
35086
35086
35079
35077
35072
35057
35055
35052
35045
35043
35040
35028
35026
35024
35003
34988
34975
34974
34969
34967
34946
34943
34932
34931
34928
34927
34923
34922
34922
34905
34896
34895
34892
34885
34876
34874
34863
34853
34850
34836
34835
34831
34829
34820
34811
34789
34783
34775
34763
34763
34753
34749
34748
34742
34724
34717
34708
34701
34701
34701
34698
34696
34661
34659
34659
34654
34651
34651
34650
34630
34626
34624
34614
34606
34600
34595
34594
34593
34588
34584
34581
34570
34561
34540
34527
34519
34515
34512
34512
34512
34497
34497
34488
34480
34468
34466
34464
34459
34442
34421
34376
34373
34356
34344
34338
34334
34330
34328
34327
34327
34316
34313
34310
34307
34295
34295
34271
34269
34266
34251
34249
34243
34210
34203
34199
34195
34184
34171
34168
34165
34151
34136
34116
34115
34110
34106
34103
34102
34102
34082
34078
34060
34046
34040
34033
34026
34025
34017
34016
33988
33966
33964
33954
33906
33900
33898
33890
33888
33874
33866
33845
33832
33822
33820
33820
33814
33795
33795
33776
33770
33767
33752
33744
33742
33720
33708
33699
33695
33677
33670
33657
33652
33648
33647
33646
33640
33626
33624
33620
33619
33617
33604
33601
33592
33588
33588
33581
33573
33569
33562
33558
33554
33553
33551
33536
33534
33518
33511
33507
33504
33492
33490
33489
33485
33473
33468
33467
33465
33460
33459
33448
33442
33438
33425
33412
33401
33393
33387
33387
33376
33373
33371
33365
33359
33354
33354
33354
33353
33330
33322
33319
33313
33311
33311
33308
33308
33307
33304
33301
33297
33296
33296
33293
33291
33287
33274
33273
33267
33267
33258
33251
33246
33241
33239
33227
33219
33217
33207
33200
33197
33196
33195
33193
33176
33175
33160
33132
33118
33114
33112
33100
33098
33096
33096
33089
33073
33058
33050
33049
33027
33026
32998
32996
32991
32983
32982
32966
32955
32952
32950
32926
32926
32907
32905
32904
32904
32901
32899
32894
32893
32888
32886
32885
32881
32878
32864
32860
32850
32847
32847
32840
32836
32835
32834
32830
32825
32824
32815
32812
32810
32807
32803
32752
32728
32722
32718
32713
32711
32706
32699
32696
32689
32689
32678
32671
32669
32661
32652
32651
32651
32630
32609
32607
32606
32605
32600
32600
32591
32586
32582
32560
32554
32543
32540
32538
32534
32530
32516
32514
32504
32499
32496
32484
32472
32471
32470
32468
32467
32456
32415
32413
32409
32401
32398
32396
32395
32394
32389
32383
32374
32371
32371
32362
32354
32353
32349
32345
32321
32294
32291
32266
32260
32259
32235
32235
32235
32225
32200
32198
32197
32196
32195
32194
32193
32186
32186
32179
32175
32166
32163
32161
32158
32154
32143
32142
32139
32133
32128
32127
32114
32110
32109
32096
32061
32032
32031
32015
32010
31971
31964
31961
31960
31951
31950
31950
31948
31941
31941
31930
31915
31913
31906
31901
31899
31878
31871
31853
31838
31830
31824
31822
31822
31818
31816
31801
31788
31778
31777
31761
31759
31757
31753
31753
31748
31738
31737
31729
31727
31724
31723
31721
31718
31716
31714
31693
31679
31667
31667
31659
31658
31641
31627
31627
31626
31616
31613
31593
31575
31566
31566
31566
31547
31545
31534
31534
31534
31523
31509
31494
31493
31482
31470
31464
31464
31457
31456
31452
31441
31440
31438
31436
31422
31422
31419
31417
31412
31411
31410
31407
31403
31392
31385
31383
31374
31367
31362
31358
31358
31358
31357
31339
31339
31308
31305
31303
31299
31297
31290
31283
31281
31280
31269
31269
31268
31264
31264
31256
31251
31245
31237
31233
31232
31223
31205
31201
31193
31182
31175
31167
31166
31155
31148
31146
31143
31141
31138
31138
31128
31126
31124
31106
31101
31092
31090
31083
31079
31077
31067
31059
31041
31041
31040
31037
31036
31036
31030
31024
31013
31010
31003
31002
30997
30994
30991
30985
30979
30976
30975
30958
30950
30947
30946
30938
30923
30907
30906
30887
30881
30880
30871
30867
30865
30859
30851
30840
30838
30821
30819
30818
30818
30813
30812
30796
30781
30769
30767
30754
30743
30739
30734
30729
30725
30720
30712
30702
30684
30673
30660
30660
30657
30657
30642
30640
30617
30611
30606
30591
30583
30575
30572
30566
30562
30542
30533
30530
30528
30517
30517
30516
30514
30512
30509
30501
30494
30490
30479
30474
30459
30449
30445
30444
30431
30419
30415
30415
30413
30372
30371
30367
30366
30365
30357
30355
30355
30349
30349
30344
30335
30330
30314
30312
30305
30278
30274
30270
30266
30259
30256
30247
30244
30243
30215
30210
30205
30203
30200
30195
30188
30181
30181
30179
30173
30171
30165
30133
30128
30123
30122
30121
30107
30107
30100
30091
30086
30085
30077
30077
30072
30054
30052
30051
30029
30024
30021
30021
30013
30005
30005
30003
30001
29991
29985
29978
29975
29969
29963
29950
29941
29926
29923
29912
29909
29908
29902
29900
29891
29891
29889
29886
29869
29869
29867
29863
29858
29855
29835
29813
29804
29801
29786
29778
29766
29762
29762
29758
29756
29752
29747
29743
29734
29731
29729
29721
29714
29688
29681
29677
29667
29662
29661
29654
29652
29637
29612
29602
29589
29586
29579
29569
29568
29566
29566
29557
29554
29548
29539
29533
29519
29516
29515
29514
29513
29512
29486
29484
29481
29481
29480
29477
29466
29460
29454
29444
29443
29436
29432
29429
29428
29426
29418
29414
29413
29412
29399
29395
29388
29387
29381
29378
29372
29365
29362
29332
29309
29307
29302
29287
29281
29277
29268
29266
29255
29228
29218
29216
29205
29201
29201
29182
29181
29164
29162
29153
29149
29134
29133
29126
29120
29112
29100
29093
29092
29085
29082
29082
29074
29074
29072
29071
29069
29061
29057
29057
29056
29052
29050
29044
29035
29033
29032
29020
29020
29017
29013
29006
28998
28996
28995
28993
28991
28987
28981
28979
28952
28950
28946
28944
28940
28928
28927
28925
28924
28922
28920
28916
28912
28907
28902
28895
28888
28884
28876
28875
28868
28861
28854
28838
28834
28808
28793
28786
28759
28742
28742
28732
28731
28719
28719
28718
28702
28693
28688
28684
28681
28669
28668
28661
28656
28654
28652
28642
28641
28639
28626
28624
28616
28601
28599
28590
28587
28581
28581
28580
28580
28573
28566
28554
28552
28543
28532
28531
28519
28508
28502
28501
28461
28457
28446
28442
28438
28414
28408
28407
28397
28383
28370
28364
28355
28353
28318
28308
28306
28296
28295
28286
28285
28282
28280
28273
28271
28271
28268
28258
28251
28245
28241
28241
28239
28230
28228
28224
28222
28218
28201
28197
28192
28187
28186
28170
28169
28168
28164
28158
28156
28156
28152
28145
28140
28133
28129
28126
28117
28116
28115
28102
28096
28083
28075
28074
28068
28053
28044
28043
28034
28029
28027
28025
28019
28013
28013
28005
27977
27973
27972
27958
27954
27953
27946
27944
27929
27924
27923
27918
27910
27908
27906
27900
27890
27884
27883
27871
27867
27861
27860
27853
27853
27852
27848
27848
27846
27829
27821
27811
27802
27795
27787
27785
27782
27775
27774
27772
27766
27759
27754
27752
27741
27738
27732
27720
27719
27704
27696
27688
27675
27668
27665
27663
27663
27658
27653
27651
27647
27641
27630
27615
27604
27604
27594
27593
27577
27575
27570
27567
27566
27565
27543
27543
27517
27512
27512
27510
27490
27481
27480
27443
27441
27438
27436
27425
27417
27408
27405
27402
27378
27378
27373
27348
27348
27347
27346
27339
27336
27332
27318
27317
27294
27289
27282
27266
27263
27252
27234
27226
27221
27220
27215
27208
27197
27191
27180
27164
27163
27157
27151
27150
27130
27124
27122
27116
27111
27104
27101
27099
27099
27094
27093
27092
27092
27079
27073
27069
27065
27056
27043
27042
27042
27041
27027
27010
27010
27006
27004
26993
26987
26980
26976
26975
26961
26953
26951
26946
26943
26938
26934
26928
26927
26927
26919
26889
26883
26882
26877
26870
26869
26868
26867
26857
26839
26835
26831
26827
26798
26793
26790
26778
26777
26776
26768
26764
26752
26748
26743
26738
26737
26734
26730
26715
26713
26702
26702
26695
26695
26695
26691
26687
26674
26670
26654
26644
26642
26632
26620
26618
26608
26605
26603
26594
26588
26573
26563
26557
26539
26534
26534
26524
26519
26517
26517
26505
26495
26491
26486
26477
26470
26467
26457
26451
26438
26432
26406
26402
26399
26398
26382
26363
26358
26335
26323
26318
26315
26313
26312
26309
26308
26293
26286
26281
26273
26260
26259
26256
26239
26239
26239
26214
26212
26207
26206
26200
26188
26188
26178
26176
26155
26154
26150
26138
26093
26090
26082
26078
26077
26066
26064
26060
26059
26055
26053
26048
26032
26031
26029
26025
26023
26022
26019
26007
26003
25997
25978
25960
25958
25956
25954
25948
25936
25933
25931
25920
25910
25895
25895
25889
25885
25878
25873
25868
25866
25835
25806
25804
25801
25800
25799
25795
25794
25787
25781
25771
25763
25756
25742
25722
25719
25717
25713
25710
25702
25694
25692
25683
25671
25669
25665
25664
25664
25659
25653
25650
25649
25648
25648
25645
25644
25629
25621
25618
25602
25593
25586
25585
25578
25569
25568
25564
25559
25552
25551
25546
25534
25527
25524
25524
25510
25506
25502
25494
25492
25482
25478
25473
25453
25453
25449
25443
25443
25433
25429
25427
25426
25421
25407
25400
25381
25381
25370
25362
25349
25347
25322
25317
25311
25309
25303
25299
25295
25292
25279
25278
25275
25275
25266
25263
25250
25229
25200
25198
25178
25176
25168
25167
25165
25162
25155
25154
25140
25133
25125
25125
25124
25120
25119
25117
25117
25108
25092
25091
25084
25082
25081
25070
25065
25063
25060
25058
25049
25048
25042
25039
25022
25013
24990
24976
24952
24946
24946
24942
24938
24936
24935
24932
24922
24921
24919
24916
24908
24906
24906
24906
24902
24902
24897
24865
24825
24825
24820
24820
24806
24792
24792
24779
24774
24773
24772
24771
24762
24747
24746
24743
24737
24737
24728
24719
24715
24707
24703
24701
24696
24688
24677
24677
24671
24671
24664
24660
24652
24649
24647
24634
24624
24621
24612
24609
24599
24598
24595
24594
24590
24578
24574
24531
24530
24522
24501
24501
24494
24492
24487
24487
24484
24482
24479
24479
24478
24473
24458
24453
24446
24413
24405
24403
24398
24398
24387
24384
24380
24375
24369
24369
24342
24337
24330
24323
24321
24318
24316
24303
24301
24278
24273
24270
24270
24269
24268
24268
24264
24246
24244
24244
24239
24233
24228
24225
24214
24203
24187
24187
24178
24174
24169
24166
24164
24163
24160
24160
24157
24151
24127
24127
24126
24126
24110
24108
24105
24097
24087
24075
24064
24062
24062
24061
24058
24053
24045
24037
24036
24033
24029
24011
23998
23991
23979
23976
23973
23964
23956
23955
23953
23949
23945
23941
23941
23938
23925
23919
23918
23917
23917
23913
23907
23903
23861
23853
23849
23848
23844
23839
23838
23826
23824
23817
23815
23808
23804
23802
23797
23795
23792
23772
23771
23770
23769
23757
23748
23748
23742
23741
23737
23736
23728
23727
23721
23716
23715
23709
23706
23706
23705
23704
23698
23693
23693
23678
23677
23661
23659
23659
23657
23656
23639
23628
23620
23611
23598
23598
23590
23587
23575
23572
23569
23568
23557
23549
23544
23524
23516
23508
23501
23498
23497
23483
23478
23473
23469
23466
23447
23446
23441
23408
23404
23403
23401
23395
23378
23377
23376
23376
23370
23351
23348
23340
23312
23312
23303
23290
23288
23267
23260
23258
23253
23246
23245
23242
23241
23238
23219
23217
23212
23205
23187
23178
23176
23175
23174
23164
23162
23162
23160
23146
23144
23120
23118
23116
23111
23098
23088
23079
23036
23012
23011
23003
22993
22991
22991
22982
22975
22973
22965
22959
22952
22950
22949
22948
22932
22895
22893
22883
22880
22863
22854
22848
22825
22794
22789
22781
22780
22774
22771
22761
22755
22754
22747
22747
22745
22741
22741
22737
22733
22726
22722
22718
22717
22715
22707
22706
22680
22680
22671
22657
22653
22645
22642
22633
22630
22628
22628
22626
22608
22587
22581
22574
22573
22559
22555
22540
22532
22523
22515
22484
22478
22477
22471
22467
22464
22462
22451
22448
22445
22444
22433
22429
22426
22425
22421
22414
22410
22405
22395
22391
22382
22357
22353
22352
22349
22345
22312
22312
22309
22280
22266
22260
22258
22246
22228
22222
22219
22202
22202
22199
22191
22186
22183
22181
22179
22173
22170
22167
22145
22136
22114
22081
22074
22069
22058
22057
22054
22053
22018
22007
21998
21987
21987
21985
21983
21967
21959
21936
21933
21933
21926
21926
21922
21917
21910
21907
21902
21901
21883
21872
21855
21848
21843
21842
21828
21825
21820
21813
21802
21794
21790
21774
21759
21753
21751
21748
21741
21740
21739
21709
21700
21698
21698
21694
21694
21693
21689
21688
21674
21667
21663
21655
21650
21649
21646
21607
21591
21583
21580
21579
21579
21569
21563
21562
21546
21545
21544
21529
21525
21513
21513
21496
21488
21473
21467
21462
21458
21449
21444
21441
21431
21417
21412
21407
21403
21400
21371
21368
21359
21359
21359
21356
21354
21350
21348
21346
21344
21323
21323
21319
21317
21312
21311
21309
21306
21304
21296
21293
21290
21289
21289
21287
21282
21282
21277
21270
21267
21254
21249
21241
21233
21230
21226
21216
21213
21213
21191
21181
21180
21176
21170
21164
21149
21144
21138
21127
21096
21095
21095
21089
21086
21083
21082
21081
21073
21069
21045
21041
21037
21019
21014
21008
21002
20987
20986
20975
20974
20968
20966
20965
20950
20925
20922
20919
20914
20913
20911
20903
20901
20901
20900
20900
20881
20881
20871
20859
20838
20834
20811
20798
20794
20788
20781
20774
20774
20766
20763
20748
20738
20728
20717
20715
20707
20707
20702
20698
20681
20669
20651
20650
20643
20632
20628
20620
20608
20595
20585
20582
20549
20548
20538
20537
20523
20518
20510
20498
20498
20496
20486
20486
20483
20478
20477
20474
20474
20467
20465
20463
20454
20451
20449
20441
20431
20428
20425
20423
20419
20414
20413
20413
20410
20400
20395
20393
20387
20383
20371
20370
20366
20363
20362
20352
20320
20311
20309
20302
20300
20284
20271
20249
20237
20224
20220
20212
20209
20193
20182
20178
20172
20171
20164
20161
20152
20152
20149
20138
20137
20130
20105
20105
20102
20094
20094
20086
20077
20077
20055
20051
20037
20027
20014
20012
20003
19982
19981
19980
19975
19974
19958
19957
19939
19926
19920
19917
19904
19899
19894
19885
19879
19864
19864
19862
19853
19847
19846
19836
19821
19818
19811
19811
19810
19791
19790
19790
19790
19787
19775
19769
19740
19729
19728
19724
19719
19713
19707
19696
19692
19671
19667
19656
19641
19634
19625
19623
19616
19612
19612
19609
19598
19595
19583
19578
19577
19577
19568
19564
19561
19560
19552
19538
19534
19531
19507
19498
19485
19473
19461
19454
19437
19434
19423
19422
19418
19407
19402
19388
19385
19377
19366
19363
19361
19360
19357
19351
19349
19341
19341
19340
19336
19332
19325
19292
19273
19263
19248
19245
19244
19243
19243
19241
19236
19235
19225
19216
19214
19210
19197
19194
19192
19192
19186
19181
19175
19167
19162
19161
19158
19153
19147
19131
19126
19125
19120
19109
19107
19100
19095
19075
19073
19058
19055
19044
19010
19008
19008
19008
19007
19007
18999
18997
18995
18987
18985
18979
18977
18976
18975
18965
18944
18930
18926
18924
18923
18922
18914
18912
18903
18897
18897
18896
18888
18876
18874
18873
18872
18867
18864
18856
18855
18854
18848
18841
18836
18827
18826
18824
18816
18811
18807
18804
18799
18794
18785
18745
18723
18717
18717
18707
18705
18703
18700
18700
18684
18679
18675
18673
18660
18656
18653
18652
18648
18641
18635
18633
18632
18630
18597
18596
18595
18574
18562
18556
18545
18544
18532
18531
18529
18528
18526
18524
18509
18507
18500
18498
18487
18486
18481
18478
18471
18468
18466
18460
18460
18456
18451
18430
18430
18430
18430
18430
18426
18423
18416
18413
18407
18403
18396
18392
18392
18384
18380
18373
18366
18362
18352
18348
18337
18335
18319
18304
18294
18283
18277
18268
18266
18258
18251
18242
18238
18230
18227
18221
18217
18215
18209
18204
18202
18198
18196
18193
18189
18163
18148
18139
18138
18124
18117
18115
18114
18107
18103
18089
18077
18068
18058
18058
18053
18040
18037
18031
18020
18015
18005
17997
17984
17953
17950
17941
17938
17920
17918
17914
17901
17896
17894
17888
17880
17878
17874
17870
17866
17865
17858
17854
17839
17835
17832
17818
17817
17812
17802
17798
17791
17780
17779
17773
17770
17766
17758
17733
17719
17716
17713
17713
17708
17704
17697
17687
17678
17677
17666
17664
17655
17645
17641
17641
17636
17629
17627
17613
17611
17611
17606
17593
17585
17562
17558
17549
17529
17514
17510
17506
17503
17498
17498
17477
17458
17448
17445
17437
17437
17435
17431
17428
17427
17423
17417
17406
17402
17392
17391
17379
17376
17375
17373
17367
17336
17321
17321
17319
17318
17309
17308
17302
17291
17291
17264
17255
17252
17250
17236
17226
17225
17223
17221
17212
17202
17173
17170
17159
17157
17155
17148
17146
17145
17145
17112
17110
17100
17093
17084
17084
17042
17041
17035
17004
17004
16988
16986
16978
16972
16968
16961
16959
16949
16946
16945
16944
16941
16940
16917
16917
16904
16902
16898
16867
16865
16863
16862
16856
16855
16854
16852
16851
16835
16822
16818
16816
16810
16806
16785
16775
16771
16765
16759
16745
16745
16744
16708
16708
16700
16691
16690
16674
16658
16657
16650
16642
16629
16627
16618
16614
16612
16610
16609
16606
16604
16603
16598
16588
16579
16577
16545
16540
16539
16534
16502
16500
16498
16485
16479
16473
16461
16460
16455
16451
16446
16442
16435
16433
16432
16417
16416
16385
16363
16357
16348
16325
16317
16299
16298
16294
16293
16289
16275
16272
16265
16258
16256
16251
16244
16238
16229
16225
16223
16218
16205
16203
16185
16181
16175
16174
16162
16153
16150
16138
16132
16131
16130
16120
16120
16117
16105
16100
16085
16064
16057
16057
16053
16051
16040
16030
16022
16016
16008
16003
15993
15991
15990
15983
15980
15980
15978
15974
15944
15936
15932
15927
15927
15904
15899
15893
15893
15891
15889
15889
15885
15884
15879
15874
15873
15866
15850
15838
15837
15832
15821
15816
15808
15805
15788
15788
15788
15762
15751
15737
15737
15724
15718
15715
15712
15709
15705
15704
15698
15692
15683
15675
15675
15666
15663
15662
15660
15653
15650
15648
15638
15618
15615
15599
15588
15586
15576
15562
15550
15544
15540
15531
15529
15528
15521
15514
15510
15504
15489
15482
15475
15473
15472
15471
15466
15460
15456
15455
15445
15431
15427
15421
15417
15408
15387
15385
15383
15382
15372
15361
15357
15347
15345
15340
15337
15335
15334
15334
15333
15326
15312
15310
15296
15289
15286
15276
15267
15265
15257
15253
15251
15244
15241
15240
15239
15235
15233
15228
15226
15223
15214
15212
15199
15198
15187
15172
15163
15161
15143
15134
15122
15108
15103
15093
15082
15081
15079
15063
15058
15052
15040
15035
15033
15027
15004
15003
14999
14999
14999
14979
14973
14973
14962
14962
14928
14910
14909
14907
14900
14897
14895
14891
14888
14887
14872
14862
14858
14857
14851
14845
14841
14834
14822
14806
14798
14793
14787
14786
14750
14745
14741
14719
14712
14704
14703
14702
14692
14684
14676
14668
14645
14638
14638
14637
14634
14624
14618
14617
14609
14609
14592
14577
14575
14575
14567
14558
14555
14553
14553
14549
14531
14519
14514
14514
14495
14489
14488
14484
14483
14481
14476
14469
14467
14467
14464
14436
14422
14416
14411
14405
14401
14399
14389
14384
14379
14375
14372
14364
14352
14320
14311
14299
14297
14264
14256
14250
14233
14231
14226
14219
14217
14216
14213
14204
14196
14193
14178
14176
14157
14152
14150
14146
14139
14131
14125
14112
14111
14097
14097
14090
14083
14069
14064
14057
14052
14049
14041
14035
14013
14008
14007
14004
13992
13989
13985
13983
13982
13977
13977
13973
13959
13952
13943
13937
13937
13935
13932
13929
13914
13914
13910
13892
13891
13885
13879
13875
13870
13868
13867
13864
13860
13856
13855
13853
13852
13849
13845
13845
13844
13836
13836
13835
13830
13828
13823
13819
13795
13791
13752
13740
13723
13718
13713
13702
13696
13695
13694
13685
13683
13677
13669
13667
13665
13661
13661
13659
13652
13649
13638
13634
13628
13618
13612
13603
13591
13580
13564
13547
13541
13531
13519
13515
13513
13510
13504
13496
13493
13491
13482
13480
13473
13469
13466
13465
13464
13462
13449
13443
13443
13437
13429
13417
13414
13413
13403
13399
13397
13397
13387
13384
13383
13360
13355
13351
13349
13344
13338
13335
13334
13334
13329
13313
13305
13284
13283
13279
13272
13271
13266
13261
13256
13248
13243
13232
13230
13208
13200
13200
13196
13188
13186
13185
13185
13183
13168
13166
13160
13140
13139
13139
13131
13130
13125
13116
13102
13099
13090
13081
13077
13074
13072
13072
13072
13062
13060
13028
13026
13020
13010
13009
13003
12995
12971
12970
12960
12951
12929
12922
12908
12900
12899
12894
12887
12882
12879
12878
12874
12865
12865
12856
12839
12834
12824
12821
12818
12816
12812
12810
12807
12805
12798
12795
12794
12791
12777
12770
12763
12759
12749
12747
12745
12730
12724
12699
12694
12692
12688
12683
12646
12641
12620
12616
12613
12571
12568
12563
12561
12558
12551
12541
12534
12534
12532
12526
12515
12506
12505
12504
12490
12479
12467
12456
12455
12450
12449
12447
12445
12442
12440
12436
12407
12407
12407
12401
12392
12384
12380
12378
12377
12364
12363
12355
12345
12344
12340
12336
12334
12327
12326
12312
12304
12289
12286
12284
12276
12276
12276
12273
12265
12263
12263
12263
12262
12223
12198
12191
12185
12169
12154
12136
12131
12129
12067
12066
12066
12065
12057
12042
12039
12030
11998
11992
11971
11944
11937
11930
11917
11916
11907
11902
11898
11896
11896
11889
11883
11881
11863
11855
11853
11842
11831
11817
11809
11792
11789
11783
11782
11771
11768
11764
11747
11746
11741
11738
11735
11733
11729
11725
11719
11709
11704
11698
11697
11694
11693
11680
11677
11677
11674
11672
11663
11638
11627
11618
11596
11589
11588
11587
11558
11550
11546
11538
11527
11526
11520
11516
11514
11510
11503
11500
11468
11464
11460
11457
11455
11445
11443
11442
11439
11422
11419
11416
11415
11414
11409
11408
11404
11403
11403
11398
11394
11389
11379
11377
11355
11349
11342
11342
11326
11324
11317
11314
11313
11307
11304
11292
11280
11275
11274
11268
11268
11266
11264
11262
11257
11251
11246
11242
11241
11238
11225
11223
11220
11220
11198
11188
11184
11181
11176
11175
11165
11164
11164
11145
11142
11139
11134
11131
11131
11122
11114
11104
11103
11103
11099
11090
11087
11081
11076
11070
11068
11045
11011
11004
10993
10992
10989
10978
10971
10970
10961
10944
10944
10942
10938
10927
10920
10915
10913
10906
10906
10904
10901
10899
10898
10882
10878
10878
10865
10858
10852
10852
10840
10836
10823
10820
10809
10803
10801
10797
10794
10793
10788
10775
10775
10771
10766
10765
10756
10739
10733
10730
10726
10721
10717
10715
10713
10712
10711
10711
10703
10686
10678
10671
10658
10656
10650
10643
10642
10640
10628
10616
10612
10606
10603
10603
10595
10592
10592
10581
10571
10549
10543
10536
10526
10493
10481
10476
10475
10471
10458
10452
10451
10444
10437
10433
10418
10416
10405
10405
10404
10404
10403
10400
10390
10389
10384
10378
10375
10371
10366
10363
10362
10359
10358
10356
10351
10349
10342
10342
10337
10334
10332
10327
10324
10309
10302
10302
10302
10287
10283
10283
10273
10272
10254
10253
10250
10248
10245
10244
10244
10225
10222
10214
10204
10201
10189
10180
10163
10157
10152
10151
10144
10140
10137
10137
10130
10109
10098
10093
10092
10087
10086
10085
10085
10085
10071
10070
10064
10057
10055
10038
10030
10025
10008
9993
9991
9981
9974
9970
9967
9967
9964
9946
9939
9939
9932
9927
9922
9911
9902
9893
9878
9869
9865
9863
9852
9851
9840
9833
9830
9830
9825
9807
9777
9775
9772
9771
9767
9764
9755
9754
9752
9734
9733
9719
9708
9693
9690
9672
9670
9661
9660
9642
9640
9639
9632
9630
9629
9627
9616
9611
9611
9602
9598
9594
9592
9559
9558
9557
9555
9552
9536
9527
9526
9523
9517
9517
9505
9503
9497
9482
9476
9469
9454
9444
9440
9437
9436
9425
9425
9420
9407
9407
9405
9403
9402
9389
9379
9372
9367
9346
9345
9326
9326
9322
9299
9292
9292
9292
9280
9272
9268
9250
9245
9240
9223
9223
9216
9213
9210
9210
9200
9200
9191
9180
9176
9176
9174
9174
9162
9160
9159
9157
9157
9151
9148
9131
9111
9066
9064
9059
9050
9046
9042
9025
9016
9014
9012
9009
9004
8996
8993
8987
8982
8982
8981
8979
8975
8973
8966
8964
8963
8950
8948
8935
8919
8918
8915
8908
8899
8897
8896
8894
8887
8882
8878
8873
8867
8865
8865
8860
8855
8848
8845
8838
8835
8809
8803
8803
8800
8792
8789
8767
8719
8710
8704
8691
8688
8675
8673
8668
8667
8665
8658
8654
8650
8647
8642
8636
8621
8618
8613
8611
8608
8603
8599
8592
8586
8576
8567
8557
8549
8519
8518
8516
8515
8499
8489
8484
8467
8464
8441
8432
8424
8412
8407
8407
8403
8389
8374
8363
8355
8348
8343
8329
8329
8327
8322
8311
8310
8300
8279
8278
8265
8258
8258
8245
8240
8235
8233
8229
8224
8224
8205
8203
8194
8186
8177
8172
8158
8157
8157
8150
8148
8126
8112
8102
8099
8094
8075
8074
8067
8062
8055
8044
8038
8037
8033
8029
8026
8016
7988
7987
7974
7973
7972
7952
7948
7939
7927
7922
7921
7921
7909
7902
7902
7896
7872
7869
7864
7860
7859
7858
7856
7847
7846
7845
7842
7842
7837
7827
7824
7821
7811
7802
7799
7777
7774
7771
7769
7758
7758
7750
7750
7741
7733
7727
7722
7702
7701
7687
7684
7684
7681
7680
7675
7660
7658
7651
7643
7643
7642
7625
7619
7619
7613
7611
7605
7604
7598
7597
7587
7575
7565
7563
7562
7561
7555
7544
7532
7522
7517
7508
7499
7496
7493
7490
7489
7487
7487
7478
7475
7468
7453
7451
7440
7431
7429
7421
7415
7415
7410
7409
7409
7401
7383
7360
7356
7354
7349
7345
7340
7334
7331
7280
7272
7260
7250
7249
7249
7246
7242
7198
7193
7188
7188
7179
7174
7142
7141
7134
7126
7118
7098
7081
7077
7075
7068
7068
7047
7043
7038
7038
7032
7029
7027
7025
7010
7004
6984
6974
6960
6951
6939
6923
6909
6909
6892
6873
6858
6855
6845
6837
6826
6814
6809
6795
6793
6788
6785
6785
6776
6770
6767
6758
6756
6740
6724
6719
6717
6712
6711
6706
6705
6705
6681
6678
6667
6658
6648
6643
6638
6619
6597
6583
6576
6574
6571
6557
6553
6549
6541
6531
6528
6515
6509
6494
6494
6494
6489
6488
6478
6477
6474
6470
6469
6457
6440
6432
6413
6412
6398
6396
6394
6393
6392
6389
6385
6341
6332
6322
6313
6302
6297
6290
6279
6247
6244
6235
6227
6227
6226
6225
6217
6213
6212
6197
6189
6189
6185
6182
6162
6160
6148
6146
6143
6137
6136
6128
6122
6119
6115
6098
6097
6082
6073
6067
6066
6061
6059
6057
6039
6036
6027
6022
6021
6009
6005
5994
5992
5991
5973
5967
5966
5962
5950
5949
5932
5930
5917
5913
5912
5911
5907
5904
5896
5888
5887
5877
5864
5864
5863
5860
5852
5830
5827
5822
5819
5810
5808
5808
5790
5780
5773
5767
5764
5762
5736
5735
5702
5702
5697
5695
5695
5688
5673
5669
5667
5648
5635
5626
5626
5616
5614
5606
5604
5603
5597
5589
5587
5585
5584
5575
5573
5568
5565
5561
5560
5552
5545
5527
5508
5494
5490
5466
5466
5465
5462
5461
5455
5454
5427
5426
5425
5420
5419
5419
5413
5402
5391
5386
5382
5372
5365
5360
5360
5357
5348
5346
5344
5344
5336
5334
5334
5325
5319
5314
5296
5294
5293
5292
5283
5279
5272
5271
5266
5266
5250
5242
5230
5229
5223
5216
5210
5192
5181
5175
5174
5165
5160
5140
5136
5126
5117
5116
5113
5109
5105
5104
5093
5093
5087
5085
5083
5068
5068
5064
5062
5060
5047
5043
5042
5033
5022
5015
5012
5004
4993
4993
4987
4984
4981
4971
4949
4939
4932
4909
4907
4907
4901
4895
4890
4889
4884
4883
4882
4864
4857
4851
4848
4834
4832
4813
4811
4787
4785
4782
4778
4772
4771
4764
4763
4750
4735
4734
4733
4731
4731
4726
4717
4706
4705
4699
4693
4690
4685
4680
4678
4656
4635
4629
4620
4607
4605
4587
4580
4576
4572
4569
4568
4558
4557
4553
4552
4540
4533
4524
4521
4512
4510
4508
4505
4503
4498
4493
4482
4468
4447
4420
4417
4399
4394
4389
4380
4375
4369
4367
4366
4362
4359
4358
4358
4355
4347
4346
4343
4342
4329
4318
4311
4310
4303
4293
4277
4275
4271
4264
4257
4254
4253
4250
4240
4233
4232
4212
4210
4206
4189
4186
4183
4182
4173
4165
4159
4150
4142
4131
4118
4112
4107
4101
4096
4096
4094
4085
4084
4081
4078
4077
4075
4059
4049
4035
4035
4032
4028
4027
4010
4009
3999
3988
3979
3976
3973
3965
3958
3957
3937
3933
3910
3899
3898
3896
3893
3889
3879
3871
3866
3865
3864
3860
3851
3844
3827
3816
3811
3805
3802
3802
3800
3800
3798
3788
3781
3772
3770
3767
3764
3760
3755
3736
3722
3721
3717
3715
3712
3704
3700
3695
3685
3682
3681
3680
3673
3671
3656
3653
3649
3642
3640
3625
3624
3622
3620
3618
3600
3580
3579
3558
3551
3544
3541
3530
3521
3513
3499
3477
3472
3462
3452
3446
3445
3444
3442
3413
3407
3400
3393
3389
3388
3386
3375
3365
3360
3347
3344
3344
3335
3318
3311
3297
3297
3292
3286
3278
3269
3266
3265
3260
3258
3253
3241
3233
3223
3221
3202
3191
3187
3175
3174
3171
3168
3161
3153
3145
3141
3138
3134
3133
3117
3115
3113
3111
3107
3079
3066
3063
3057
3047
3030
3017
3014
3011
2997
2996
2956
2955
2949
2931
2923
2912
2896
2892
2842
2837
2833
2833
2823
2821
2813
2793
2789
2787
2783
2759
2753
2753
2746
2744
2729
2727
2727
2723
2718
2718
2704
2649
2648
2647
2645
2638
2637
2625
2623
2623
2614
2614
2608
2596
2592
2588
2587
2573
2567
2554
2544
2539
2538
2536
2536
2532
2515
2513
2512
2510
2509
2506
2503
2484
2483
2463
2450
2438
2433
2419
2414
2410
2391
2383
2380
2377
2374
2354
2353
2333
2329
2326
2326
2308
2301
2291
2288
2278
2276
2270
2269
2261
2259
2255
2255
2249
2247
2247
2230
2229
2214
2209
2206
2192
2189
2189
2184
2176
2152
2149
2143
2134
2111
2101
2100
2081
2079
2074
2070
2063
2050
2050
2046
2044
2043
2042
2042
2038
2038
2035
2032
2021
2007
2006
2003
1998
1997
1994
1988
1987
1986
1984
1984
1983
1967
1966
1963
1956
1946
1946
1943
1937
1930
1929
1927
1922
1903
1902
1891
1891
1889
1884
1883
1880
1876
1875
1851
1844
1839
1836
1832
1820
1818
1810
1810
1808
1805
1802
1795
1793
1790
1781
1780
1759
1755
1748
1742
1740
1736
1733
1727
1719
1716
1709
1708
1705
1704
1687
1682
1681
1671
1669
1662
1660
1659
1644
1622
1620
1614
1597
1587
1578
1557
1549
1538
1536
1531
1519
1510
1494
1489
1471
1470
1436
1436
1434
1429
1423
1419
1417
1410
1401
1378
1375
1371
1369
1367
1365
1365
1355
1342
1341
1339
1336
1334
1321
1311
1304
1293
1261
1245
1226
1226
1221
1219
1218
1217
1210
1210
1201
1197
1185
1177
1177
1174
1171
1168
1168
1167
1163
1140
1121
1117
1105
1094
1089
1088
1078
1062
1062
1057
1045
1044
1043
1037
1019
1017
1016
1016
1005
1001
996
991
989
976
959
955
949
942
941
924
920
919
917
912
908
894
894
892
891
890
885
885
880
860
854
847
843
836
834
819
809
806
803
774
763
759
750
740
738
736
728
728
722
709
666
655
648
648
647
632
629
624
614
614
609
603
603
600
600
593
590
587
587
580
577
577
576
572
570
566
561
559
550
541
539
535
534
515
500
493
480
476
474
471
464
462
454
450
444
440
434
430
399
398
379
371
362
358
356
345
337
337
332
325
324
322
314
312
298
297
295
290
275
273
269
261
248
241
233
220
218
197
191
190
175
173
162
162
162
160
160
148
146
144
144
137
134
130
127
116
106
104
104
100
99
94
93
91
86
68
56
55
50
48
46
46
23
17
17
0
0
