26105
27146
6156
28537
25560
1644
2712
14256
23358
146
16621
13984
5859
10507
4556
18618
20974
21723
22214
7656
2777
14647
13468
2564
21328
16703
26073
28597
21290
18616
13999
17395
22114
20155
22284
17674
28151
24996
1931
21510
25143
18552
11846
7354
5411
22754
25972
26385
14477
24538
10394
17255
9185
214
26171
514
16917
28596
5463
8207
17212
19462
1954
9326
15969
24238
27001
20473
25587
5284
11983
27082
188
23829
4436
5600
16583
6761
8337
7412
7651
25083
1019
16837
25298
27191
23703
18567
25787
5518
26775
13000
24981
5081
28678
17302
5672
25679
7775
1259
7315
26110
4693
7504
19939
9129
19456
12874
22242
27793
20287
29894
29229
21306
23083
24527
24849
16786
19446
20637
22304
22573
9989
23637
27655
8667
17292
9679
10699
25067
10938
18014
27530
15631
1870
17469
1112
21326
6696
23355
25472
3335
29601
24701
993
22684
25580
25843
9470
15026
16480
8126
7600
2821
1764
11607
11488
25408
21286
22187
26827
8576
10202
24357
559
18424
18179
1671
9751
24875
1378
5223
28210
979
6276
5555
23663
1856
1398
9485
23234
24230
23964
7186
27051
2080
18793
8540
27488
10079
7079
24315
25007
23633
18673
25566
12058
6852
27238
21809
8079
4968
3384
6289
12300
9660
18196
12315
17868
19595
21801
17454
13825
15765
24641
10877
17845
13434
25769
21685
29866
2848
16000
24873
26482
4673
20440
8540
11525
24030
349
19604
5350
10085
2245
17650
26097
20442
29966
13965
16389
28119
1419
214
20236
2412
17443
14433
15847
13212
6118
22065
16061
22118
16938
18895
26792
13730
27435
14669
14112
4136
10626
19463
14221
19223
7113
10318
16017
7079
635
2406
11550
8406
8973
1786
10819
26416
16219
3018
15981
22337
25083
8394
14456
18373
27289
17600
2104
24724
2269
16216
28860
19247
12031
19433
14823
19145
6103
7192
2576
13090
9599
14127
21496
24924
15913
2315
27692
2133
5333
13673
24470
6768
22067
15278
25142
19356
2878
27246
20432
11500
19814
25644
7099
1846
21429
21922
27343
27532
29115
6271
10622
15066
26750
8471
16342
12664
17138
14034
21149
28824
4060
21971
5592
2479
7250
734
28188
16480
4332
18620
4332
24147
20617
11432
2345
12046
3354
6040
15931
8821
12311
2905
239
9062
11376
16581
28078
28515
6968
25579
3691
11028
17550
9283
19859
1152
16370
18047
23985
20702
13020
28317
21201
9989
9749
29898
22035
19456
5938
14318
4629
24602
17224
4869
10016
4952
27802
8094
9819
4770
3673
13510
22150
27575
22794
12010
5080
15516
6409
29065
6218
25781
3734
3772
5770
19836
3670
4158
9292
9609
18476
20273
10563
12052
25142
20579
17005
22945
28673
26824
4067
8698
10335
26218
12625
9481
14580
24057
24997
20989
29474
7567
23123
3209
11339
28893
23045
15010
9403
8689
971
4232
28962
11534
16284
457
2113
3289
29754
7138
6466
10173
15836
16801
6391
4813
2634
27323
28871
27631
24665
28345
11550
17788
1554
22890
23033
951
7900
2437
15992
8871
13021
21307
20405
29305
28116
28870
8947
27870
6008
15413
14395
28196
2214
20787
3009
11200
18110
26897
26891
26866
26864
26859
26856
26849
26835
26834
26829
26809
26798
26788
26784
26780
26778
26775
26771
26771
26765
26764
26753
26750
26739
26718
26715
26711
26711
26703
26700
26698
26697
26695
26685
26684
26681
26669
26666
26664
26657
26656
26650
26648
26641
26637
26635
26632
26627
26621
26618
26596
26575
26573
26571
26570
26563
26558
26553
26553
26545
26543
26529
26523
26522
26512
26510
26495
26492
26484
26477
26475
26426
26425
26420
26418
26400
26395
26393
26388
26384
26382
26375
26373
26373
26358
26354
26352
26348
26342
26333
26323
26322
26322
26321
26319
26309
26308
26305
26303
26302
26298
26283
26262
26258
26239
26222
26213
26189
26187
26184
26169
26161
26159
26152
26142
26139
26136
26135
26130
26128
26121
26103
26089
26087
26085
26084
26070
26068
26066
26064
26064
26053
26051
26048
26044
26033
26024
26013
26010
26010
26005
26002
26000
25998
25986
25977
25977
25977
25968
25964
25964
25957
25956
25947
25945
25943
25930
25927
25911
25908
25903
25894
25891
25890
25887
25879
25874
25872
25869
25867
25860
25857
25853
25850
25848
25843
25840
25827
25821
25815
25805
25803
25802
25801
25796
25795
25788
25776
25776
25773
25764
25759
25751
25743
25735
25734
25727
25727
25723
25723
25714
25706
25695
25681
25678
25671
25668
25657
25623
25614
25610
25590
25586
25585
25583
25577
25574
25562
25561
25560
25557
25552
25549
25542
25533
25533
25518
25514
25506
25505
25496
25494
25487
25486
25484
25483
25473
25465
25456
25453
25441
25441
25440
25422
25417
25408
25403
25402
25393
25392
25387
25372
25371
25370
25369
25368
25367
25360
25358
25358
25354
25352
25347
25346
25342
25334
25327
25323
25321
25318
25310
25307
25303
25301
25295
25290
25289
25287
25282
25280
25276
25268
25264
25248
25246
25241
25240
25233
25231
25209
25207
25205
25196
25171
25170
25161
25151
25141
25137
25113
25110
25108
25102
25087
25085
25076
25061
25039
25039
25038
25035
25029
25014
25010
25008
25006
25005
24991
24985
24984
24982
24978
24974
24971
24969
24960
24951
24942
24938
24937
24937
24936
24929
24926
24921
24917
24914
24914
24910
24880
24841
24831
24830
24823
24821
24821
24814
24804
24801
24800
24800
24793
24788
24782
24781
24780
24771
24759
24757
24752
24744
24738
24736
24719
24706
24698
24693
24689
24684
24676
24675
24674
24674
24666
24659
24654
24646
24629
24622
24619
24615
24602
24602
24601
24596
24589
24586
24584
24583
24583
24582
24578
24565
24565
24556
24554
24554
24550
24545
24536
24535
24531
24530
24529
24527
24526
24520
24515
24514
24505
24503
24503
24501
24486
24477
24472
24457
24455
24454
24453
24448
24447
24445
24442
24439
24433
24422
24420
24417
24415
24411
24405
24403
24390
24388
24377
24375
24374
24369
24364
24358
24337
24331
24323
24321
24318
24316
24312
24302
24294
24294
24289
24280
24272
24265
24256
24254
24246
24226
24223
24223
24213
24212
24211
24197
24196
24195
24193
24191
24190
24185
24182
24152
24151
24150
24141
24133
24131
24128
24127
24126
24123
24118
24116
24111
24110
24109
24107
24103
24099
24095
24090
24088
24080
24079
24072
24068
24060
24047
24036
24035
24029
24021
24017
24003
23994
23993
23993
23980
23978
23949
23938
23936
23929
23927
23919
23907
23907
23906
23905
23901
23892
23890
23890
23889
23883
23882
23880
23878
23863
23861
23842
23835
23812
23793
23790
23784
23779
23777
23776
23773
23766
23753
23752
23749
23738
23736
23730
23728
23712
23706
23706
23701
23697
23680
23679
23672
23669
23661
23653
23641
23640
23614
23597
23586
23577
23576
23574
23573
23573
23571
23558
23550
23548
23527
23526
23524
23519
23514
23513
23498
23494
23491
23488
23467
23462
23459
23444
23440
23432
23431
23413
23409
23393
23387
23380
23377
23376
23375
23367
23359
23356
23353
23350
23331
23330
23330
23327
23315
23313
23309
23301
23300
23300
23281
23277
23263
23259
23257
23248
23247
23241
23238
23237
23232
23232
23229
23207
23204
23203
23196
23195
23194
23187
23184
23170
23162
23153
23148
23148
23147
23142
23142
23137
23134
23134
23131
23126
23125
23122
23122
23121
23107
23094
23094
23086
23081
23072
23057
23052
23049
23029
23026
23014
23004
23003
23002
23000
22991
22989
22977
22975
22971
22969
22969
22962
22960
22959
22959
22957
22956
22952
22949
22949
22941
22935
22926
22924
22916
22908
22902
22902
22895
22888
22885
22879
22875
22858
22856
22852
22852
22849
22836
22832
22830
22825
22825
22816
22814
22812
22803
22795
22791
22783
22774
22773
22765
22762
22761
22759
22753
22746
22722
22711
22695
22683
22673
22667
22667
22660
22660
22658
22654
22643
22643
22642
22641
22633
22617
22609
22599
22586
22576
22567
22562
22524
22498
22498
22482
22482
22477
22470
22468
22462
22452
22433
22432
22430
22430
22426
22423
22416
22405
22394
22391
22381
22378
22372
22368
22363
22361
22360
22357
22354
22352
22351
22349
22345
22334
22327
22320
22315
22303
22298
22297
22296
22292
22289
22281
22271
22264
22244
22242
22237
22236
22222
22222
22221
22207
22206
22201
22201
22199
22190
22174
22163
22160
22158
22154
22149
22147
22144
22138
22137
22125
22118
22114
22113
22112
22109
22105
22103
22086
22081
22078
22074
22073
22066
22064
22062
22057
22052
22047
22039
22034
22031
22029
22026
22023
22023
22014
22011
22003
22003
22003
21996
21988
21978
21977
21971
21967
21941
21941
21927
21923
21917
21914
21896
21896
21891
21891
21865
21862
21856
21856
21855
21847
21847
21833
21828
21819
21816
21814
21801
21801
21801
21789
21778
21768
21764
21757
21734
21723
21717
21714
21713
21712
21706
21706
21705
21693
21673
21670
21670
21660
21649
21640
21639
21635
21630
21617
21612
21591
21574
21574
21569
21568
21566
21562
21548
21548
21547
21531
21528
21526
21518
21517
21516
21510
21508
21508
21506
21495
21487
21483
21481
21480
21472
21459
21458
21457
21453
21451
21443
21443
21434
21430
21429
21424
21419
21416
21411
21396
21394
21387
21360
21351
21340
21339
21336
21336
21335
21334
21331
21327
21316
21310
21305
21299
21293
21293
21291
21290
21290
21283
21268
21263
21261
21257
21256
21251
21248
21246
21243
21242
21237
21234
21231
21223
21221
21218
21213
21204
21192
21173
21171
21166
21163
21162
21158
21153
21149
21141
21140
21135
21110
21106
21102
21092
21090
21083
21081
21079
21072
21071
21069
21068
21066
21058
21055
21053
21046
21046
21042
21025
21012
21009
21007
21004
21000
20992
20978
20971
20969
20950
20943
20935
20929
20927
20926
20920
20914
20914
20907
20900
20897
20893
20892
20879
20873
20855
20854
20843
20843
20838
20834
20833
20828
20827
20825
20812
20804
20804
20791
20791
20789
20776
20769
20765
20763
20756
20754
20753
20749
20736
20729
20722
20722
20720
20719
20718
20710
20705
20702
20684
20682
20680
20679
20670
20668
20662
20656
20656
20647
20641
20637
20634
20632
20630
20630
20619
20615
20611
20593
20589
20585
20580
20576
20573
20564
20544
20542
20542
20538
20532
20530
20529
20514
20499
20499
20494
20490
20477
20471
20463
20461
20457
20455
20451
20448
20447
20436
20433
20432
20431
20421
20390
20381
20378
20370
20365
20357
20355
20343
20329
20314
20292
20290
20285
20281
20274
20262
20260
20256
20250
20244
20235
20234
20233
20227
20227
20225
20218
20206
20204
20194
20187
20177
20175
20160
20160
20152
20150
20146
20140
20134
20133
20131
20131
20129
20127
20126
20126
20117
20108
20107
20107
20105
20084
20081
20068
20065
20051
20050
20026
20014
19993
19983
19974
19965
19960
19959
19957
19939
19922
19922
19911
19905
19903
19902
19899
19894
19891
19891
19891
19885
19883
19883
19882
19879
19873
19859
19859
19850
19845
19838
19826
19825
19815
19813
19805
19801
19793
19784
19760
19711
19703
19702
19701
19699
19692
19691
19687
19686
19681
19676
19674
19674
19673
19673
19667
19661
19657
19655
19652
19640
19638
19637
19635
19630
19630
19627
19621
19605
19589
19573
19558
19556
19544
19540
19537
19535
19535
19522
19516
19507
19499
19485
19474
19473
19472
19462
19453
19436
19429
19429
19422
19420
19419
19413
19409
19406
19399
19381
19373
19353
19350
19349
19331
19321
19320
19318
19317
19314
19306
19304
19296
19295
19294
19290
19283
19281
19279
19271
19266
19252
19246
19242
19237
19225
19215
19213
19207
19196
19189
19180
19179
19177
19176
19173
19167
19166
19162
19161
19153
19147
19146
19145
19145
19137
19134
19133
19133
19116
19112
19112
19109
19107
19107
19098
19091
19087
19083
19082
19075
19070
19050
19044
19040
19039
19039
19026
19022
19018
19014
19013
19012
19008
19001
18991
18990
18989
18984
18973
18963
18962
18960
18953
18953
18951
18946
18943
18943
18939
18936
18914
18908
18905
18873
18867
18856
18849
18848
18847
18844
18840
18830
18819
18819
18812
18812
18808
18807
18804
18801
18793
18789
18787
18780
18775
18771
18770
18761
18761
18750
18731
18714
18714
18705
18699
18698
18696
18683
18678
18659
18656
18656
18653
18642
18639
18635
18634
18631
18626
18623
18615
18602
18602
18599
18595
18583
18567
18567
18565
18551
18546
18546
18544
18541
18540
18536
18530
18510
18505
18500
18499
18497
18488
18484
18482
18475
18455
18454
18453
18440
18425
18418
18411
18399
18380
18377
18363
18362
18352
18346
18335
18332
18318
18310
18308
18307
18300
18298
18293
18288
18273
18267
18266
18257
18249
18245
18238
18231
18230
18228
18228
18228
18226
18219
18212
18211
18210
18205
18200
18199
18193
18192
18189
18182
18177
18175
18173
18167
18152
18142
18141
18137
18120
18097
18097
18090
18078
18077
18060
18053
18045
18032
18024
18023
18015
18000
17998
17997
17994
17993
17991
17988
17978
17972
17968
17952
17937
17934
17933
17930
17930
17924
17918
17908
17908
17908
17892
17880
17868
17859
17859
17846
17846
17843
17835
17828
17827
17825
17821
17815
17813
17813
17811
17808
17805
17795
17795
17793
17791
17782
17777
17773
17765
17760
17758
17754
17741
17735
17732
17723
17722
17718
17711
17695
17692
17691
17688
17687
17671
17643
17641
17626
17625
17623
17623
17621
17599
17587
17583
17562
17560
17532
17532
17527
17511
17507
17494
17493
17489
17481
17476
17476
17475
17469
17468
17464
17452
17449
17449
17442
17441
17430
17415
17394
17394
17391
17385
17374
17367
17351
17346
17338
17336
17331
17317
17316
17312
17312
17310
17309
17306
17299
17298
17289
17287
17271
17265
17249
17249
17245
17244
17244
17230
17228
17205
17200
17196
17183
17175
17161
17157
17156
17144
17143
17140
17139
17138
17135
17135
17133
17127
17116
17086
17084
17079
17079
17078
17077
17076
17072
17062
17032
17027
17026
17025
17023
17022
17021
17018
17014
17010
16999
16993
16984
16975
16971
16967
16964
16956
16946
16942
16933
16924
16908
16907
16897
16897
16891
16886
16882
16880
16879
16861
16853
16851
16851
16849
16845
16825
16823
16822
16820
16811
16801
16797
16796
16783
16758
16743
16735
16705
16698
16688
16687
16685
16669
16651
16651
16637
16632
16630
16617
16614
16614
16611
16585
16583
16583
16582
16575
16574
16565
16564
16562
16561
16560
16550
16548
16545
16544
16541
16541
16527
16522
16513
16511
16506
16491
16490
16481
16467
16463
16460
16447
16442
16437
16437
16433
16428
16427
16416
16406
16381
16379
16377
16367
16362
16354
16352
16350
16349
16345
16345
16344
16340
16336
16331
16331
16326
16323
16317
16310
16307
16294
16294
16281
16273
16271
16269
16268
16266
16266
16263
16253
16250
16241
16240
16239
16238
16235
16231
16230
16229
16225
16224
16217
16215
16195
16188
16176
16172
16170
16170
16167
16167
16154
16143
16139
16138
16125
16122
16121
16118
16117
16090
16085
16071
16063
16052
16043
16041
16031
16015
16013
16007
15974
15970
15959
15950
15935
15919
15917
15912
15909
15889
15885
15865
15860
15834
15830
15804
15796
15792
15785
15777
15770
15766
15756
15755
15747
15747
15740
15735
15720
15720
15715
15713
15709
15705
15704
15693
15676
15675
15669
15657
15656
15651
15642
15634
15634
15632
15624
15615
15613
15607
15606
15605
15604
15599
15598
15585
15568
15567
15560
15559
15540
15525
15514
15506
15503
15495
15486
15471
15467
15440
15419
15417
15417
15409
15396
15392
15392
15390
15384
15368
15368
15367
15358
15356
15341
15341
15330
15324
15316
15313
15311
15309
15308
15308
15306
15294
15287
15286
15284
15273
15272
15272
15258
15258
15256
15251
15245
15244
15240
15235
15233
15219
15211
15211
15210
15203
15203
15192
15192
15191
15185
15178
15176
15175
15169
15167
15163
15155
15151
15139
15136
15131
15130
15128
15125
15119
15114
15110
15105
15103
15088
15083
15082
15078
15064
15058
15050
15033
15024
15021
15020
15017
15011
15007
15006
15005
14997
14993
14990
14987
14986
14984
14970
14954
14940
14937
14937
14931
14928
14918
14907
14896
14895
14886
14880
14875
14870
14863
14859
14854
14852
14845
14835
14832
14828
14828
14824
14820
14817
14816
14808
14805
14787
14774
14755
14752
14750
14746
14739
14732
14730
14730
14723
14723
14717
14712
14712
14697
14679
14679
14677
14675
14674
14672
14669
14657
14650
14642
14635
14634
14634
14632
14618
14616
14614
14613
14612
14604
14589
14585
14581
14580
14579
14577
14574
14572
14571
14558
14557
14549
14545
14545
14539
14538
14517
14514
14504
14502
14501
14493
14485
14485
14477
14475
14469
14464
14461
14456
14453
14448
14444
14429
14428
14422
14413
14407
14405
14404
14404
14403
14378
14377
14371
14369
14363
14361
14347
14340
14333
14330
14324
14323
14304
14296
14290
14289
14288
14287
14283
14279
14250
14242
14240
14234
14230
14229
14216
14214
14213
14211
14210
14207
14205
14205
14163
14154
14148
14145
14140
14136
14128
14121
14116
14113
14112
14112
14107
14097
14095
14090
14084
14080
14074
14072
14038
14029
14029
14020
14009
13982
13979
13975
13967
13954
13952
13947
13945
13943
13939
13934
13929
13924
13921
13918
13916
13913
13901
13889
13880
13863
13859
13856
13851
13847
13846
13845
13836
13830
13830
13828
13825
13822
13821
13813
13805
13804
13803
13803
13800
13800
13795
13790
13788
13784
13778
13775
13774
13772
13772
13770
13745
13740
13735
13734
13731
13710
13708
13705
13703
13689
13688
13683
13672
13662
13648
13640
13624
13621
13614
13610
13598
13574
13569
13568
13564
13563
13550
13539
13536
13535
13526
13523
13518
13513
13511
13508
13498
13490
13487
13473
13472
13471
13462
13455
13451
13435
13433
13417
13412
13411
13410
13405
13396
13395
13394
13385
13384
13376
13371
13369
13366
13353
13350
13343
13342
13339
13335
13334
13330
13328
13312
13312
13311
13310
13303
13300
13291
13287
13282
13275
13266
13256
13256
13252
13251
13248
13239
13235
13232
13226
13222
13208
13204
13204
13202
13201
13200
13197
13196
13187
13181
13180
13171
13164
13159
13152
13149
13141
13134
13125
13125
13117
13115
13113
13112
13106
13096
13091
13071
13068
13066
13041
13039
13037
13017
13010
13005
12994
12991
12977
12977
12963
12962
12957
12943
12927
12922
12917
12915
12914
12907
12903
12902
12897
12891
12885
12884
12871
12869
12869
12868
12865
12861
12844
12843
12841
12840
12835
12824
12817
12816
12801
12798
12793
12791
12764
12753
12731
12731
12724
12719
12717
12716
12714
12708
12697
12697
12694
12693
12692
12677
12677
12667
12653
12642
12635
12633
12623
12622
12620
12619
12601
12592
12583
12580
12566
12561
12560
12557
12555
12552
12544
12524
12521
12518
12517
12512
12511
12510
12509
12502
12498
12491
12483
12476
12470
12469
12461
12455
12451
12448
12437
12422
12408
12402
12402
12401
12390
12372
12372
12368
12358
12357
12352
12349
12344
12342
12334
12311
12308
12288
12284
12284
12272
12254
12228
12227
12227
12227
12217
12215
12199
12196
12195
12188
12183
12179
12179
12177
12177
12157
12146
12145
12139
12130
12105
12094
12082
12077
12075
12073
12066
12061
12052
12046
12030
12030
12027
12025
12024
12024
12015
12006
11984
11980
11966
11966
11961
11955
11953
11942
11937
11931
11927
11924
11911
11910
11910
11898
11883
11870
11866
11859
11855
11837
11830
11827
11818
11802
11797
11782
11773
11769
11765
11765
11753
11744
11731
11724
11705
11695
11688
11682
11680
11680
11679
11670
11664
11660
11649
11644
11637
11636
11636
11634
11621
11621
11605
11605
11601
11592
11591
11582
11581
11573
11572
11566
11566
11552
11549
11548
11546
11543
11543
11542
11540
11523
11522
11521
11520
11496
11480
11474
11468
11466
11458
11457
11457
11452
11449
11446
11446
11420
11418
11412
11392
11391
11368
11339
11339
11334
11315
11313
11308
11307
11306
11306
11300
11285
11283
11280
11272
11269
11265
11244
11239
11238
11233
11233
11232
11230
11227
11226
11225
11221
11215
11214
11212
11200
11196
11196
11195
11189
11186
11182
11177
11160
11160
11157
11131
11118
11114
11111
11110
11107
11106
11105
11099
11078
11074
11071
11051
11050
11049
11047
11043
11040
11037
11036
11016
11004
11001
10996
10990
10989
10989
10987
10987
10979
10968
10965
10962
10962
10959
10955
10954
10945
10935
10932
10931
10915
10911
10911
10903
10899
10890
10889
10883
10879
10861
10860
10860
10853
10851
10841
10840
10834
10823
10818
10813
10796
10793
10788
10780
10780
10776
10775
10770
10769
10768
10768
10758
10741
10738
10735
10734
10730
10725
10723
10719
10716
10713
10702
10701
10698
10698
10696
10691
10686
10678
10673
10667
10651
10642
10637
10625
10615
10612
10612
10607
10578
10578
10567
10566
10563
10562
10552
10542
10540
10534
10526
10521
10517
10516
10512
10497
10497
10497
10494
10492
10482
10475
10473
10471
10468
10463
10453
10445
10437
10430
10423
10419
10418
10417
10416
10409
10388
10383
10380
10373
10364
10363
10349
10344
10343
10338
10336
10329
10327
10320
10316
10296
10291
10284
10282
10280
10275
10273
10267
10264
10256
10228
10222
10212
10196
10193
10180
10170
10163
10157
10156
10153
10123
10119
10119
10114
10105
10099
10094
10093
10088
10086
10083
10083
10068
10054
10045
10041
10036
10035
10035
10033
10030
10030
10025
10024
10023
10020
10018
10008
10000
9992
9981
9966
9960
9956
9956
9955
9942
9934
9931
9930
9928
9921
9911
9905
9905
9900
9884
9881
9880
9872
9867
9863
9861
9856
9833
9832
9818
9817
9815
9810
9805
9795
9789
9785
9784
9777
9769
9767
9766
9765
9760
9759
9755
9754
9749
9743
9739
9728
9722
9713
9709
9702
9700
9685
9681
9680
9666
9666
9664
9657
9643
9619
9611
9610
9606
9600
9567
9565
9565
9564
9560
9557
9556
9541
9529
9528
9527
9524
9520
9519
9507
9492
9480
9478
9478
9477
9476
9471
9468
9456
9446
9436
9436
9424
9418
9413
9384
9383
9376
9371
9320
9319
9315
9314
9306
9301
9301
9294
9293
9290
9286
9276
9269
9264
9264
9261
9261
9253
9248
9242
9241
9241
9239
9231
9228
9216
9213
9199
9190
9175
9174
9173
9153
9151
9149
9136
9132
9131
9120
9120
9109
9102
9093
9089
9081
9080
9080
9079
9076
9042
9041
9032
9024
9012
9002
9000
8996
8994
8985
8982
8980
8976
8975
8969
8953
8952
8948
8946
8941
8929
8925
8920
8912
8912
8900
8898
8894
8891
8891
8879
8876
8861
8843
8841
8841
8833
8812
8805
8801
8797
8797
8796
8785
8780
8775
8766
8761
8745
8744
8743
8727
8724
8715
8712
8692
8689
8688
8685
8681
8676
8675
8668
8668
8640
8639
8627
8617
8617
8601
8582
8580
8571
8558
8538
8530
8526
8514
8495
8477
8473
8465
8464
8444
8443
8441
8432
8430
8422
8421
8413
8408
8407
8389
8386
8373
8372
8372
8369
8366
8362
8356
8354
8352
8347
8345
8328
8323
8322
8313
8307
8294
8290
8287
8287
8283
8279
8278
8278
8274
8272
8265
8265
8263
8261
8255
8249
8243
8226
8209
8208
8203
8203
8188
8178
8177
8169
8167
8166
8160
8157
8157
8156
8153
8149
8144
8143
8139
8134
8124
8120
8113
8105
8095
8094
8092
8092
8091
8071
8041
8039
8038
8037
8030
8029
8028
8026
8021
8014
8002
7997
7984
7982
7971
7957
7948
7939
7936
7935
7931
7929
7918
7882
7855
7852
7835
7834
7826
7826
7824
7823
7802
7801
7792
7787
7783
7771
7765
7764
7760
7751
7738
7734
7722
7722
7720
7707
7698
7696
7694
7689
7678
7675
7672
7666
7662
7661
7656
7648
7643
7640
7636
7636
7633
7625
7621
7612
7604
7600
7600
7576
7571
7559
7557
7550
7549
7548
7542
7532
7530
7517
7513
7513
7509
7508
7507
7503
7501
7499
7498
7497
7487
7485
7462
7456
7454
7450
7439
7434
7431
7430
7419
7412
7407
7405
7404
7402
7399
7390
7386
7385
7382
7380
7378
7366
7358
7344
7341
7336
7330
7322
7318
7317
7311
7303
7301
7292
7291
7282
7271
7256
7253
7252
7250
7246
7228
7226
7222
7191
7188
7179
7177
7172
7170
7168
7168
7168
7165
7158
7155
7145
7109
7102
7101
7088
7081
7078
7074
7064
7052
7049
7039
7038
7032
7029
7020
7019
7015
7009
7007
7000
6989
6986
6983
6976
6975
6973
6965
6965
6962
6950
6946
6933
6930
6930
6922
6913
6909
6905
6894
6894
6893
6881
6878
6876
6876
6873
6872
6870
6869
6863
6863
6860
6856
6848
6821
6814
6809
6807
6796
6791
6789
6788
6787
6782
6781
6776
6775
6771
6766
6765
6756
6755
6753
6750
6749
6735
6727
6725
6724
6712
6710
6700
6695
6692
6690
6683
6683
6681
6679
6677
6658
6655
6650
6643
6638
6616
6612
6597
6588
6583
6569
6557
6556
6553
6553
6543
6530
6520
6502
6494
6493
6492
6474
6460
6451
6449
6446
6443
6439
6439
6433
6432
6429
6422
6421
6397
6391
6384
6383
6375
6367
6359
6351
6348
6346
6337
6334
6306
6295
6294
6293
6291
6281
6277
6271
6266
6265
6250
6248
6246
6239
6238
6227
6211
6196
6192
6187
6183
6173
6168
6156
6155
6152
6147
6143
6129
6129
6128
6119
6116
6116
6106
6097
6097
6075
6064
6037
6036
6035
6034
6021
6002
5998
5995
5995
5993
5992
5988
5977
5976
5968
5966
5964
5953
5952
5941
5940
5939
5937
5933
5929
5919
5917
5914
5912
5905
5901
5900
5874
5874
5858
5846
5841
5836
5834
5826
5825
5817
5814
5809
5793
5791
5790
5786
5783
5782
5780
5766
5758
5755
5750
5746
5743
5740
5739
5729
5725
5723
5716
5711
5709
5706
5669
5669
5664
5663
5651
5640
5639
5638
5638
5631
5622
5617
5617
5595
5588
5571
5570
5567
5564
5562
5560
5540
5520
5516
5510
5504
5499
5495
5494
5488
5473
5463
5435
5431
5425
5422
5421
5411
5411
5408
5389
5384
5382
5377
5371
5367
5365
5355
5355
5351
5349
5345
5342
5342
5339
5324
5319
5315
5299
5293
5290
5288
5286
5285
5277
5276
5265
5261
5261
5254
5244
5244
5237
5234
5227
5220
5218
5210
5199
5194
5181
5160
5152
5145
5144
5142
5132
5120
5109
5097
5092
5090
5081
5077
5074
5073
5057
5053
5049
5041
5034
5030
5026
5023
5009
5003
4992
4984
4967
4945
4943
4939
4933
4922
4922
4902
4899
4899
4897
4891
4890
4885
4883
4881
4877
4875
4867
4865
4865
4841
4835
4826
4816
4790
4783
4780
4775
4772
4766
4766
4764
4759
4752
4751
4749
4744
4738
4731
4727
4710
4701
4689
4682
4654
4653
4646
4645
4644
4643
4630
4625
4603
4602
4601
4599
4594
4589
4571
4564
4561
4553
4541
4534
4533
4524
4512
4508
4499
4491
4489
4486
4481
4481
4477
4471
4460
4440
4431
4427
4409
4394
4383
4377
4368
4367
4366
4362
4360
4360
4356
4349
4338
4329
4318
4317
4315
4305
4300
4296
4285
4282
4277
4273
4272
4271
4262
4257
4253
4253
4244
4197
4190
4184
4170
4170
4148
4140
4124
4124
4120
4118
4118
4114
4112
4112
4111
4098
4072
4069
4059
4056
4056
4054
4053
4047
4046
4043
4042
4039
4033
4028
4023
4010
4004
4002
3996
3995
3994
3993
3991
3989
3989
3988
3987
3986
3973
3972
3965
3957
3954
3949
3945
3943
3938
3934
3932
3922
3921
3918
3917
3904
3896
3895
3893
3892
3883
3883
3827
3822
3817
3816
3813
3809
3809
3805
3805
3796
3791
3790
3789
3785
3782
3774
3772
3741
3740
3715
3710
3702
3698
3695
3691
3688
3683
3675
3675
3670
3669
3658
3657
3654
3649
3645
3631
3628
3620
3610
3608
3604
3603
3585
3581
3576
3567
3559
3552
3551
3542
3542
3538
3536
3530
3529
3529
3525
3516
3496
3495
3489
3484
3479
3475
3468
3466
3466
3466
3464
3453
3449
3447
3446
3425
3424
3422
3421
3416
3416
3400
3400
3397
3370
3367
3365
3348
3332
3326
3322
3288
3288
3263
3247
3236
3228
3216
3206
3203
3195
3192
3187
3185
3184
3169
3161
3150
3149
3144
3134
3127
3121
3116
3108
3104
3100
3100
3094
3094
3092
3092
3085
3079
3073
3071
3069
3068
3067
3062
3059
3055
3052
3048
3045
3034
3028
3024
3019
3019
3001
2981
2979
2979
2977
2971
2965
2963
2960
2951
2945
2932
2917
2917
2916
2905
2903
2903
2901
2889
2885
2881
2876
2873
2867
2860
2855
2853
2846
2830
2828
2818
2812
2790
2782
2777
2769
2752
2747
2742
2741
2725
2722
2714
2703
2700
2691
2679
2675
2670
2669
2664
2644
2641
2641
2640
2633
2628
2626
2621
2616
2606
2593
2593
2589
2574
2573
2564
2552
2552
2551
2548
2542
2535
2521
2519
2517
2509
2503
2500
2498
2493
2485
2481
2457
2453
2442
2438
2430
2423
2419
2419
2412
2411
2399
2396
2395
2390
2380
2377
2376
2370
2363
2362
2345
2339
2338
2330
2330
2312
2311
2311
2305
2302
2299
2297
2288
2273
2271
2270
2269
2258
2254
2253
2250
2249
2247
2236
2235
2230
2228
2221
2218
2218
2214
2207
2203
2193
2176
2176
2174
2174
2166
2165
2156
2154
2148
2140
2140
2115
2111
2109
2106
2105
2099
2092
2054
2054
2047
2042
2031
2028
2021
2021
2016
1998
1991
1977
1973
1972
1966
1965
1965
1956
1951
1945
1927
1926
1925
1918
1910
1909
1905
1903
1899
1898
1889
1889
1849
1846
1845
1844
1844
1838
1837
1836
1835
1835
1833
1825
1808
1806
1796
1791
1790
1783
1782
1778
1771
1766
1766
1764
1762
1760
1759
1731
1730
1725
1720
1717
1717
1713
1710
1702
1698
1697
1695
1695
1677
1674
1671
1669
1662
1659
1654
1647
1644
1642
1638
1638
1610
1603
1602
1594
1592
1566
1558
1548
1545
1543
1531
1530
1523
1514
1512
1511
1505
1501
1501
1500
1498
1495
1492
1491
1489
1485
1480
1470
1465
1464
1455
1445
1432
1431
1425
1420
1411
1409
1407
1400
1385
1377
1370
1358
1354
1345
1337
1329
1328
1323
1298
1296
1295
1294
1294
1266
1265
1257
1253
1251
1244
1240
1231
1223
1219
1219
1216
1198
1186
1182
1180
1179
1166
1164
1155
1151
1145
1128
1128
1095
1093
1093
1092
1089
1088
1081
1075
1074
1073
1060
1044
1019
1014
1005
995
994
990
985
981
980
980
979
979
955
940
938
921
919
918
917
917
916
915
904
903
893
888
887
881
860
859
853
853
852
852
842
837
830
825
812
803
796
795
790
789
786
783
780
775
770
768
766
756
748
741
724
721
718
717
703
689
677
654
643
628
627
624
614
604
604
603
591
591
586
582
577
567
561
557
553
545
545
544
542
536
535
524
522
515
514
492
476
471
469
468
466
460
458
452
448
445
445
430
429
429
410
409
408
407
405
401
383
381
380
378
376
375
372
359
357
356
354
352
348
341
338
336
307
306
299
299
298
298
297
283
279
278
275
267
260
259
243
240
228
222
221
210
207
199
187
181
171
171
168
166
165
163
154
152
143
142
139
137
135
127
121
113
111
106
102
95
93
84
83
79
77
74
57
57
53
51
49
38
37
33
31
13
11
7
