14835
5156
2337
27974
25838
23652
15424
21567
17922
699
1117
18171
21341
26290
17115
27711
12364
15707
24321
14265
10413
20630
26889
15263
14061
27441
27597
10593
5561
15295
4862
26749
26803
13551
1075
22641
7203
16500
20560
1477
17199
28029
26001
14892
672
19468
12604
13036
5175
13277
27301
15588
10260
24190
7203
24321
27983
4800
11267
3545
20095
22481
294
16898
12385
1369
15891
19588
17869
12804
27418
5069
10833
29771
26313
11505
19239
15269
24541
766
28547
28195
22706
15159
28737
29909
15832
26721
11062
27099
6618
1157
19581
6912
24408
1966
8281
16651
27906
2503
29455
1676
13924
10289
1447
10237
28146
27038
25507
22688
27804
406
27235
20510
21917
2324
26772
7749
29045
7834
4849
12015
15343
782
18927
9751
2748
27209
2755
7006
6064
2210
8683
19988
18851
16482
225
16998
13521
2084
16038
11325
2490
13273
8188
24407
21949
11312
8509
27347
19146
13358
9362
4489
20492
28290
20593
23240
1851
29700
6598
7915
1910
21633
27903
20762
8116
4480
14112
21637
6565
150
9314
15407
19775
23854
16167
11724
5166
24676
9071
664
14386
18434
11506
4878
16724
8451
4470
24927
8151
11068
2842
10061
2702
7097
7175
17170
11577
21287
8807
18142
21437
24473
3550
17564
18328
26069
29289
29846
20745
14712
511
11483
3146
12017
16361
26222
20468
20831
21149
28619
8251
343
15032
17305
7440
22208
4475
19018
13495
19634
13512
11285
20460
23414
28849
8788
19483
4490
14986
16580
19203
15497
28063
22349
27514
14424
24924
24334
11607
22425
22953
26211
22769
7986
13516
6561
6546
24344
1931
26393
20330
15444
7678
10790
15210
12880
25930
4694
17370
10917
27626
6573
2766
25690
5275
6633
16466
199
967
4426
28976
273
637
21745
14611
14153
4659
21157
14849
6590
17550
11532
22034
1581
22322
7245
14461
24605
18291
8183
11874
15917
14757
14640
17959
26384
21273
10778
2935
28593
15204
1911
28866
15841
9
13477
6346
4668
10986
21196
11258
28536
2728
9645
117
1402
23242
20930
2359
17885
29114
14233
10154
20223
28874
28114
16607
26499
8892
25894
25092
24096
27805
310
9937
27814
13787
22635
8834
24773
20183
20093
29662
29263
6090
6131
666
29332
27062
3025
17217
2528
23611
27371
22751
28837
1837
15710
25336
10729
11604
26781
11177
9409
27091
27466
13576
17231
20102
28762
12004
16637
25207
18018
15901
1297
24150
16567
629
27564
25944
24198
6444
19555
21570
29195
18392
29759
14905
20081
16841
2861
23214
28018
18622
20305
1837
8550
7536
28291
7313
25893
14928
2520
13911
829
10170
14413
17396
10799
18329
19693
11350
24773
15600
9272
320
10345
9031
21577
426
25872
24438
29992
23891
19413
20297
2080
27963
27834
371
5276
79
15299
14149
20342
16129
24319
4756
9877
11470
29437
5922
29172
563
21523
8444
883
8220
17476
28813
14998
13348
23251
14990
13591
19016
5287
15671
16980
9473
22394
28608
9552
14046
19109
29895
6527
19780
11003
22756
1251
10440
28679
423
17355
26554
15220
18239
4774
2696
23404
19772
22396
23007
4762
12340
12024
10049
4363
29004
25875
26758
3964
5427
10804
23074
11674
17331
12854
22677
10087
20457
9470
15118
27233
26825
11672
12453
21416
22798
15149
14820
12570
13897
14180
23684
26237
26204
3734
601
25208
5961
27359
29172
11388
14515
28598
29415
8198
11453
28444
24637
1910
14266
9756
29143
17444
27780
11596
15212
20579
3097
33
9501
23347
20565
3186
19584
16769
13272
20185
18329
19233
23896
17501
6973
14763
16100
6388
22961
3905
11185
17599
5815
25451
3707
11311
12895
7839
29259
28108
4770
2357
4493
14272
2056
25058
23810
21640
11827
7082
18178
6508
2667
18426
24009
9640
3190
16461
22381
26151
20366
9918
20102
2534
5369
161
13845
24617
14353
13104
29077
19123
21813
9922
9747
221
4980
3557
21862
23159
16991
16392
6019
26010
4818
28
12003
8008
22842
4384
10512
19560
20654
6966
28446
2375
7128
18643
26992
21481
8100
2421
16956
29913
12343
26704
135
23675
6613
28349
23186
29957
14741
29205
25967
19559
5586
7970
3920
4780
18706
14432
24340
15712
27750
29139
18088
4878
17782
21432
2711
25882
23854
26020
2148
6197
29076
8635
6225
12041
6984
29411
11998
28077
4969
14318
23988
10555
28640
27908
15335
23699
18692
16027
9411
16443
15166
27168
27168
27166
27165
27159
27153
27153
27145
27139
27139
27138
27132
27126
27121
27120
27098
27098
27097
27095
27094
27093
27075
27070
27069
27055
27053
27049
27043
27042
27041
27040
27039
27036
27025
27024
27018
27017
27014
27003
26998
26998
26993
26993
26992
26992
26986
26978
26964
26960
26954
26944
26937
26934
26926
26924
26915
26905
26905
26903
26896
26893
26891
26885
26877
26866
26861
26858
26840
26838
26832
26828
26819
26819
26819
26816
26813
26810
26809
26800
26800
26794
26793
26788
26786
26786
26785
26782
26776
26776
26772
26768
26762
26759
26759
26758
26758
26758
26755
26751
26743
26736
26732
26732
26729
26720
26717
26717
26711
26698
26692
26691
26687
26683
26681
26680
26679
26674
26671
26668
26661
26656
26653
26645
26643
26639
26633
26631
26621
26609
26609
26607
26598
26595
26588
26586
26584
26582
26573
26571
26568
26567
26564
26564
26561
26555
26552
26548
26546
26543
26538
26534
26529
26529
26526
26518
26515
26514
26510
26510
26502
26498
26497
26472
26469
26461
26461
26460
26460
26450
26440
26437
26428
26428
26426
26406
26406
26392
26385
26381
26374
26372
26370
26370
26363
26360
26360
26358
26351
26343
26337
26334
26332
26329
26323
26320
26317
26317
26317
26314
26313
26311
26311
26310
26301
26296
26290
26288
26284
26273
26254
26253
26252
26242
26229
26214
26208
26205
26199
26191
26188
26184
26179
26177
26162
26161
26153
26144
26138
26137
26137
26132
26124
26118
26117
26102
26097
26086
26085
26084
26084
26072
26072
26059
26042
26042
26040
26039
26039
26035
26033
26033
26030
26028
26017
26013
26003
25995
25991
25985
25984
25983
25979
25973
25963
25959
25955
25950
25949
25943
25938
25930
25927
25927
25926
25922
25918
25918
25917
25911
25904
25898
25898
25897
25894
25891
25891
25881
25878
25877
25868
25865
25864
25861
25861
25859
25858
25857
25853
25852
25852
25846
25844
25843
25842
25837
25833
25832
25831
25823
25823
25817
25814
25803
25800
25794
25781
25778
25772
25767
25742
25740
25739
25738
25738
25734
25733
25729
25727
25726
25725
25724
25724
25722
25721
25721
25717
25712
25710
25705
25702
25694
25693
25688
25688
25685
25682
25679
25677
25675
25675
25670
25666
25663
25642
25638
25636
25629
25629
25627
25627
25619
25615
25614
25613
25607
25603
25603
25595
25593
25591
25591
25589
25588
25588
25582
25577
25569
25568
25568
25558
25554
25554
25553
25549
25549
25539
25536
25523
25517
25513
25510
25499
25495
25493
25488
25488
25486
25471
25467
25465
25457
25449
25448
25444
25439
25431
25428
25427
25421
25417
25412
25400
25397
25396
25394
25393
25391
25379
25379
25375
25372
25361
25360
25359
25359
25349
25348
25346
25343
25340
25339
25337
25336
25332
25330
25326
25325
25324
25321
25317
25307
25304
25304
25300
25297
25296
25295
25292
25285
25284
25275
25273
25272
25270
25269
25267
25250
25249
25248
25237
25236
25235
25205
25204
25196
25194
25193
25186
25179
25173
25172
25169
25168
25167
25165
25165
25155
25152
25149
25136
25132
25126
25124
25117
25117
25115
25113
25110
25108
25106
25094
25088
25072
25071
25071
25061
25061
25060
25056
25052
25050
25049
25044
25042
25036
25026
25012
25011
25001
24998
24995
24984
24980
24979
24974
24972
24964
24958
24953
24939
24935
24933
24924
24924
24921
24919
24917
24916
24914
24909
24908
24903
24897
24895
24891
24891
24891
24890
24889
24888
24881
24881
24880
24879
24879
24878
24876
24874
24863
24862
24858
24849
24848
24834
24833
24822
24821
24820
24816
24814
24814
24811
24810
24808
24801
24801
24781
24770
24769
24767
24767
24765
24765
24756
24751
24749
24748
24745
24741
24739
24738
24735
24729
24728
24727
24722
24721
24715
24714
24713
24704
24701
24694
24694
24692
24684
24672
24671
24668
24667
24660
24658
24645
24638
24634
24634
24630
24624
24621
24618
24614
24611
24607
24603
24602
24599
24598
24597
24595
24593
24590
24588
24587
24577
24570
24567
24565
24562
24549
24543
24537
24529
24523
24517
24504
24498
24498
24495
24494
24482
24475
24473
24470
24464
24458
24448
24448
24447
24445
24444
24441
24438
24436
24435
24425
24420
24415
24395
24390
24386
24385
24378
24375
24372
24372
24371
24371
24369
24363
24362
24356
24356
24353
24349
24343
24341
24339
24335
24333
24330
24330
24322
24315
24315
24296
24293
24287
24285
24269
24252
24237
24236
24228
24227
24226
24225
24223
24218
24217
24211
24201
24189
24188
24187
24186
24185
24181
24174
24173
24165
24157
24155
24151
24150
24148
24146
24145
24138
24132
24103
24103
24071
24068
24060
24052
24049
24049
24048
24047
24046
24036
24035
24035
24034
24028
24020
24017
24016
24015
24014
24010
24010
24007
24004
24002
23994
23992
23988
23986
23973
23965
23964
23963
23952
23948
23945
23933
23930
23929
23926
23925
23922
23922
23919
23917
23911
23908
23907
23902
23899
23893
23891
23883
23879
23863
23862
23853
23845
23843
23837
23829
23821
23817
23816
23812
23811
23809
23800
23796
23788
23786
23784
23782
23770
23750
23747
23741
23736
23731
23726
23725
23719
23714
23706
23700
23697
23674
23664
23662
23660
23657
23657
23653
23651
23649
23637
23636
23636
23626
23622
23620
23616
23607
23604
23600
23592
23590
23589
23584
23583
23583
23582
23580
23573
23569
23566
23561
23550
23527
23520
23516
23502
23498
23496
23493
23490
23485
23474
23472
23471
23460
23453
23451
23451
23451
23446
23433
23431
23425
23425
23420
23404
23402
23401
23390
23389
23378
23375
23368
23365
23361
23361
23356
23352
23351
23345
23342
23339
23336
23334
23329
23319
23317
23315
23304
23304
23302
23293
23289
23283
23271
23259
23255
23254
23252
23247
23244
23244
23223
23222
23219
23212
23202
23202
23194
23187
23184
23179
23175
23174
23170
23167
23167
23154
23151
23147
23144
23144
23141
23139
23138
23134
23133
23133
23126
23126
23123
23119
23117
23113
23111
23110
23108
23108
23092
23084
23078
23077
23077
23077
23072
23065
23065
23064
23060
23056
23056
23050
23049
23035
23032
23028
23024
23023
23021
23013
23012
23010
23010
23003
22999
22987
22983
22982
22979
22978
22978
22977
22976
22973
22972
22967
22963
22961
22959
22956
22955
22954
22950
22950
22949
22948
22939
22936
22930
22930
22929
22919
22912
22904
22900
22899
22893
22890
22876
22869
22869
22866
22859
22849
22848
22844
22842
22841
22841
22816
22815
22815
22809
22800
22799
22798
22798
22789
22786
22786
22784
22776
22775
22775
22767
22751
22750
22747
22740
22738
22732
22731
22730
22717
22716
22714
22714
22712
22711
22696
22687
22686
22685
22685
22682
22682
22678
22677
22676
22670
22663
22657
22657
22646
22642
22642
22638
22635
22628
22627
22623
22620
22615
22612
22607
22605
22597
22597
22594
22592
22586
22581
22575
22571
22570
22566
22563
22560
22558
22556
22554
22542
22541
22539
22537
22536
22529
22522
22520
22511
22504
22503
22498
22496
22495
22495
22493
22488
22485
22476
22469
22468
22456
22449
22449
22442
22437
22435
22431
22410
22405
22393
22392
22388
22386
22384
22378
22373
22372
22371
22370
22359
22355
22351
22339
22339
22330
22327
22322
22321
22319
22313
22312
22304
22302
22302
22299
22297
22292
22290
22289
22287
22285
22279
22277
22276
22275
22269
22268
22266
22256
22255
22253
22249
22249
22239
22233
22227
22223
22210
22204
22202
22200
22192
22192
22181
22174
22173
22162
22155
22152
22147
22145
22142
22140
22139
22134
22134
22133
22131
22119
22119
22115
22114
22113
22112
22104
22102
22100
22099
22087
22087
22077
22077
22076
22074
22057
22049
22048
22044
22033
22028
22027
22013
22012
21982
21979
21974
21958
21949
21945
21944
21942
21939
21935
21935
21925
21924
21923
21917
21917
21916
21909
21907
21906
21890
21888
21886
21880
21879
21877
21870
21865
21845
21842
21842
21841
21831
21823
21817
21815
21803
21800
21797
21793
21793
21789
21783
21779
21773
21744
21743
21741
21738
21738
21738
21736
21732
21724
21705
21700
21696
21695
21691
21687
21685
21684
21669
21651
21645
21641
21641
21639
21614
21611
21610
21609
21606
21603
21602
21600
21598
21596
21594
21591
21589
21588
21587
21584
21580
21574
21573
21569
21554
21551
21549
21549
21548
21545
21531
21529
21529
21525
21525
21514
21511
21509
21497
21486
21484
21474
21471
21467
21448
21447
21428
21428
21428
21426
21425
21421
21420
21420
21418
21414
21405
21404
21402
21399
21397
21395
21393
21381
21381
21377
21375
21368
21364
21363
21361
21359
21357
21349
21348
21346
21336
21331
21326
21325
21321
21313
21313
21310
21304
21304
21297
21290
21280
21277
21272
21271
21270
21267
21264
21259
21254
21253
21250
21246
21238
21236
21232
21230
21226
21226
21226
21226
21225
21217
21213
21210
21208
21204
21193
21186
21185
21180
21180
21177
21174
21174
21172
21165
21156
21154
21153
21150
21150
21150
21144
21138
21136
21134
21134
21127
21123
21122
21119
21118
21108
21107
21106
21103
21095
21090
21079
21072
21062
21059
21056
21049
21043
21038
21035
21035
21019
21012
21003
21002
21002
20988
20982
20979
20977
20977
20970
20967
20966
20962
20957
20950
20945
20936
20936
20933
20930
20926
20918
20903
20901
20894
20887
20874
20873
20865
20863
20840
20839
20838
20831
20830
20830
20827
20825
20823
20822
20821
20820
20819
20811
20809
20807
20805
20801
20796
20796
20790
20790
20786
20778
20777
20774
20772
20770
20768
20765
20759
20757
20751
20750
20736
20736
20727
20719
20715
20714
20706
20702
20700
20696
20696
20692
20685
20685
20681
20679
20677
20675
20671
20669
20667
20665
20664
20657
20652
20642
20641
20640
20629
20627
20627
20626
20623
20614
20602
20601
20600
20596
20581
20578
20576
20573
20568
20544
20538
20526
20525
20514
20511
20509
20501
20496
20493
20489
20486
20485
20482
20480
20478
20474
20470
20465
20465
20465
20457
20442
20442
20438
20436
20433
20433
20424
20418
20411
20410
20410
20408
20408
20406
20406
20395
20390
20384
20380
20375
20369
20367
20367
20366
20365
20357
20354
20351
20350
20349
20346
20344
20344
20341
20337
20326
20324
20319
20319
20316
20310
20301
20300
20297
20295
20294
20292
20285
20281
20280
20278
20275
20274
20269
20268
20264
20261
20258
20247
20244
20235
20229
20227
20224
20220
20219
20215
20206
20202
20198
20198
20198
20197
20197
20196
20186
20180
20176
20173
20171
20152
20144
20144
20139
20136
20134
20133
20133
20130
20125
20119
20111
20096
20094
20091
20090
20089
20081
20075
20074
20070
20068
20064
20059
20051
20051
20047
20040
20039
20038
20038
20036
20029
20026
20016
20014
20007
20006
19999
19999
19997
19997
19973
19970
19965
19952
19944
19941
19941
19940
19936
19929
19921
19918
19914
19913
19905
19901
19897
19890
19888
19882
19881
19880
19871
19868
19861
19847
19845
19836
19834
19832
19826
19821
19821
19821
19815
19815
19813
19805
19805
19804
19797
19796
19788
19786
19780
19779
19778
19776
19762
19758
19755
19751
19742
19736
19736
19730
19729
19722
19721
19719
19708
19705
19702
19692
19691
19688
19685
19685
19684
19683
19681
19671
19653
19647
19645
19644
19638
19629
19624
19624
19616
19614
19614
19603
19603
19602
19596
19595
19582
19580
19575
19568
19567
19564
19564
19557
19553
19550
19545
19543
19540
19537
19536
19532
19523
19523
19519
19518
19514
19514
19512
19506
19502
19499
19493
19485
19476
19473
19471
19466
19462
19458
19457
19457
19452
19452
19449
19440
19438
19435
19433
19422
19419
19415
19410
19402
19399
19398
19398
19396
19389
19384
19383
19379
19378
19373
19361
19359
19358
19357
19351
19351
19346
19346
19345
19341
19338
19334
19324
19318
19316
19314
19313
19313
19301
19296
19295
19292
19292
19290
19288
19285
19284
19280
19276
19274
19270
19266
19265
19263
19263
19262
19261
19259
19257
19234
19234
19234
19234
19227
19221
19219
19218
19207
19207
19205
19201
19195
19190
19189
19185
19185
19175
19170
19170
19169
19169
19164
19163
19146
19146
19131
19126
19126
19126
19122
19117
19115
19110
19104
19104
19099
19090
19084
19083
19080
19076
19072
19060
19057
19056
19055
19050
19047
19035
19035
19034
19031
19029
19023
19021
19015
19010
18996
18994
18979
18978
18978
18973
18970
18956
18951
18949
18948
18943
18937
18936
18934
18928
18926
18925
18922
18921
18912
18906
18903
18903
18902
18889
18887
18885
18884
18884
18883
18879
18877
18874
18872
18864
18863
18859
18856
18856
18852
18852
18849
18846
18844
18825
18825
18821
18819
18811
18799
18794
18792
18789
18783
18776
18775
18774
18767
18764
18760
18760
18755
18748
18746
18744
18742
18732
18729
18728
18717
18714
18709
18708
18707
18687
18685
18674
18664
18659
18656
18656
18654
18649
18649
18644
18636
18633
18632
18631
18631
18625
18624
18621
18621
18612
18611
18610
18609
18605
18604
18600
18596
18593
18584
18577
18575
18569
18567
18562
18547
18546
18542
18539
18535
18532
18526
18523
18519
18513
18511
18510
18510
18508
18508
18507
18503
18498
18497
18477
18475
18475
18474
18469
18469
18467
18457
18456
18451
18442
18439
18435
18431
18424
18417
18416
18402
18397
18392
18386
18382
18377
18369
18369
18363
18353
18351
18347
18337
18337
18332
18328
18324
18320
18320
18314
18313
18307
18306
18300
18290
18289
18287
18286
18285
18277
18266
18265
18256
18251
18227
18225
18221
18221
18214
18201
18201
18200
18196
18188
18188
18187
18174
18173
18166
18162
18156
18140
18135
18132
18131
18124
18121
18115
18114
18113
18111
18108
18106
18101
18097
18096
18093
18090
18087
18086
18067
18067
18067
18056
18051
18048
18026
18021
18018
18017
18011
18009
18008
18007
18004
18004
17989
17985
17984
17979
17973
17970
17969
17966
17965
17956
17955
17954
17951
17950
17944
17943
17940
17928
17927
17924
17917
17915
17915
17915
17911
17911
17905
17902
17901
17897
17893
17875
17874
17874
17872
17871
17871
17868
17860
17855
17844
17839
17835
17826
17804
17803
17798
17794
17793
17791
17790
17786
17782
17780
17779
17778
17772
17767
17763
17763
17762
17753
17751
17748
17745
17738
17738
17736
17732
17726
17723
17720
17719
17717
17716
17716
17716
17714
17713
17713
17712
17703
17686
17685
17684
17660
17660
17654
17651
17650
17639
17637
17635
17632
17632
17629
17628
17624
17624
17621
17621
17619
17618
17615
17611
17597
17582
17580
17576
17573
17570
17566
17563
17560
17554
17552
17547
17542
17540
17536
17525
17524
17522
17520
17508
17507
17506
17505
17501
17499
17499
17498
17498
17497
17493
17490
17490
17488
17482
17481
17476
17472
17470
17462
17461
17457
17452
17439
17432
17429
17428
17426
17424
17412
17411
17405
17399
17398
17391
17386
17385
17376
17375
17374
17370
17368
17367
17360
17359
17356
17352
17334
17333
17331
17331
17328
17326
17322
17321
17319
17309
17305
17302
17298
17292
17290
17290
17289
17288
17285
17266
17254
17251
17251
17249
17243
17240
17225
17224
17222
17222
17219
17218
17216
17216
17210
17210
17207
17196
17194
17193
17193
17192
17191
17187
17182
17171
17171
17166
17157
17148
17142
17130
17121
17121
17119
17115
17109
17106
17102
17097
17094
17093
17083
17083
17077
17072
17072
17068
17068
17064
17053
17052
17046
17035
17034
17029
17020
16996
16994
16985
16983
16983
16981
16980
16979
16972
16971
16967
16965
16960
16959
16958
16957
16942
16939
16934
16934
16930
16927
16917
16906
16904
16898
16892
16888
16887
16881
16880
16878
16871
16862
16841
16840
16833
16827
16810
16809
16807
16807
16802
16798
16795
16791
16790
16786
16778
16772
16768
16766
16765
16756
16756
16755
16749
16749
16748
16748
16747
16744
16743
16735
16733
16721
16718
16717
16713
16711
16711
16694
16683
16675
16669
16668
16667
16666
16660
16658
16637
16635
16632
16627
16622
16613
16610
16608
16601
16600
16600
16591
16586
16586
16585
16585
16581
16579
16577
16573
16568
16567
16567
16559
16558
16554
16553
16549
16546
16545
16540
16537
16536
16536
16534
16533
16526
16521
16520
16515
16514
16506
16505
16502
16494
16483
16481
16480
16475
16474
16471
16466
16464
16458
16458
16452
16451
16444
16440
16440
16439
16436
16435
16430
16430
16429
16426
16425
16420
16416
16415
16410
16404
16396
16393
16393
16392
16384
16377
16371
16371
16364
16351
16341
16331
16329
16325
16320
16318
16308
16308
16304
16293
16285
16270
16269
16267
16263
16263
16261
16258
16251
16247
16245
16244
16234
16230
16226
16226
16217
16202
16195
16194
16189
16185
16181
16176
16173
16159
16157
16156
16151
16141
16132
16132
16118
16115
16113
16107
16101
16100
16100
16090
16087
16085
16082
16082
16071
16060
16056
16054
16049
16048
16045
16039
16019
16001
15998
15986
15983
15980
15976
15972
15969
15961
15956
15951
15948
15945
15943
15937
15931
15923
15923
15922
15919
15917
15916
15916
15909
15907
15896
15895
15891
15891
15887
15882
15879
15878
15878
15876
15875
15874
15873
15871
15870
15867
15858
15847
15843
15838
15829
15826
15826
15811
15808
15807
15807
15807
15807
15806
15799
15799
15795
15784
15784
15782
15781
15772
15772
15751
15749
15748
15741
15734
15727
15727
15726
15725
15725
15713
15711
15705
15703
15693
15670
15663
15653
15653
15647
15647
15636
15635
15633
15626
15620
15619
15616
15605
15596
15595
15586
15579
15572
15566
15562
15562
15558
15557
15552
15544
15538
15526
15520
15518
15518
15511
15497
15495
15493
15492
15490
15481
15476
15471
15468
15452
15451
15449
15442
15438
15437
15430
15428
15427
15421
15420
15409
15409
15408
15408
15407
15406
15400
15398
15396
15395
15387
15369
15366
15366
15362
15359
15359
15359
15356
15349
15349
15347
15343
15341
15332
15332
15313
15312
15311
15310
15304
15299
15293
15291
15286
15285
15285
15260
15260
15254
15251
15250
15246
15241
15240
15233
15226
15226
15220
15220
15214
15207
15207
15197
15197
15193
15188
15188
15187
15185
15185
15179
15178
15169
15159
15159
15154
15150
15150
15149
15137
15121
15117
15110
15108
15107
15105
15104
15104
15103
15103
15097
15094
15078
15075
15061
15056
15052
15044
15040
15036
15026
15024
15022
15020
15016
15015
15004
15001
14999
14990
14983
14980
14978
14975
14974
14970
14968
14966
14963
14962
14959
14955
14944
14928
14924
14919
14919
14918
14912
14895
14890
14890
14882
14878
14875
14875
14873
14870
14868
14856
14840
14837
14829
14827
14827
14822
14820
14816
14813
14810
14806
14796
14793
14792
14787
14786
14780
14779
14779
14764
14756
14752
14749
14748
14736
14735
14734
14731
14730
14725
14715
14696
14694
14691
14688
14683
14678
14677
14672
14671
14668
14664
14663
14661
14654
14650
14643
14639
14637
14630
14629
14621
14620
14614
14614
14604
14596
14593
14592
14588
14583
14582
14574
14574
14573
14566
14566
14566
14564
14562
14559
14553
14549
14546
14539
14535
14534
14533
14527
14517
14514
14509
14506
14505
14502
14501
14500
14494
14489
14480
14475
14471
14469
14469
14451
14451
14448
14447
14442
14439
14438
14437
14436
14435
14433
14429
14423
14422
14421
14421
14420
14417
14416
14416
14410
14404
14404
14401
14401
14391
14385
14377
14377
14375
14362
14353
14339
14326
14316
14312
14305
14304
14297
14291
14288
14288
14274
14273
14271
14271
14269
14264
14263
14253
14246
14237
14230
14217
14216
14214
14210
14208
14208
14207
14196
14192
14174
14170
14157
14154
14153
14151
14147
14140
14139
14138
14137
14134
14131
14126
14126
14123
14119
14118
14108
14103
14102
14101
14088
14080
14079
14076
14060
14057
14056
14051
14041
14039
14035
14029
14028
14023
14021
14020
14019
14017
14016
14012
14010
14010
14002
13997
13994
13993
13988
13972
13964
13958
13957
13956
13954
13953
13951
13946
13944
13936
13936
13926
13924
13920
13911
13907
13894
13876
13873
13864
13864
13859
13859
13858
13855
13850
13841
13822
13811
13806
13799
13791
13786
13784
13782
13781
13780
13772
13771
13767
13764
13750
13749
13747
13740
13738
13736
13729
13726
13723
13719
13698
13693
13677
13660
13659
13656
13652
13652
13648
13629
13624
13616
13612
13586
13579
13573
13573
13567
13561
13561
13559
13556
13538
13537
13527
13525
13523
13516
13515
13512
13505
13504
13497
13494
13493
13493
13486
13483
13475
13471
13471
13462
13460
13459
13458
13453
13450
13446
13443
13440
13439
13430
13428
13428
13424
13423
13418
13416
13414
13412
13410
13405
13401
13398
13396
13390
13388
13381
13375
13375
13368
13367
13357
13354
13353
13352
13350
13347
13345
13345
13343
13328
13322
13321
13312
13311
13305
13301
13298
13291
13288
13285
13282
13282
13281
13281
13281
13273
13270
13270
13267
13265
13258
13257
13253
13247
13228
13219
13213
13212
13210
13209
13208
13207
13205
13190
13187
13182
13177
13177
13170
13162
13162
13137
13131
13111
13108
13108
13106
13104
13104
13104
13100
13096
13092
13088
13086
13082
13078
13077
13067
13062
13057
13051
13050
13043
13040
13039
13036
13032
13027
13025
13025
13022
13019
13017
13016
13012
13007
13006
13004
13001
12997
12993
12992
12985
12981
12977
12975
12972
12972
12967
12965
12963
12960
12958
12956
12950
12944
12942
12933
12925
12922
12919
12911
12909
12909
12908
12904
12902
12894
12894
12892
12889
12874
12867
12856
12854
12846
12842
12837
12832
12832
12825
12819
12816
12805
12795
12794
12785
12783
12782
12781
12780
12777
12774
12773
12772
12771
12767
12759
12757
12755
12754
12752
12748
12746
12725
12718
12716
12716
12715
12711
12711
12709
12700
12697
12688
12687
12687
12678
12675
12674
12668
12668
12667
12666
12661
12661
12647
12643
12643
12637
12630
12622
12617
12612
12604
12601
12597
12594
12594
12592
12583
12581
12579
12578
12573
12566
12566
12563
12562
12553
12552
12550
12548
12548
12547
12544
12526
12514
12510
12510
12509
12508
12507
12494
12493
12492
12487
12486
12477
12475
12472
12469
12468
12460
12454
12453
12450
12448
12447
12444
12443
12441
12437
12432
12413
12413
12411
12410
12403
12391
12390
12374
12373
12365
12359
12355
12351
12350
12332
12328
12317
12314
12309
12304
12296
12283
12279
12279
12278
12271
12264
12261
12257
12255
12241
12239
12236
12229
12225
12218
12213
12210
12208
12200
12196
12185
12184
12175
12171
12170
12169
12163
12162
12160
12157
12153
12147
12146
12144
12136
12121
12117
12095
12092
12086
12085
12085
12083
12080
12071
12068
12067
12059
12058
12057
12051
12046
12032
12029
12026
12020
12019
12019
12017
12015
12008
11996
11995
11994
11993
11985
11984
11984
11981
11980
11976
11976
11975
11975
11973
11969
11964
11955
11948
11948
11946
11941
11940
11938
11934
11931
11928
11920
11920
11918
11909
11903
11902
11898
11892
11892
11889
11887
11875
11875
11874
11870
11869
11869
11865
11852
11850
11849
11842
11842
11842
11832
11830
11822
11806
11797
11793
11792
11780
11779
11777
11745
11744
11741
11732
11729
11722
11721
11718
11716
11716
11715
11710
11700
11697
11693
11690
11689
11682
11681
11678
11675
11666
11664
11660
11659
11658
11657
11654
11653
11643
11641
11640
11636
11628
11617
11616
11612
11611
11607
11605
11604
11603
11599
11597
11595
11592
11592
11573
11571
11569
11568
11560
11556
11552
11545
11543
11526
11522
11515
11508
11506
11505
11499
11498
11494
11491
11486
11477
11463
11450
11440
11439
11437
11435
11432
11431
11431
11429
11428
11418
11414
11410
11407
11402
11399
11394
11389
11374
11363
11362
11362
11359
11356
11350
11349
11337
11328
11312
11306
11305
11303
11302
11302
11294
11290
11288
11288
11286
11283
11278
11277
11274
11273
11269
11267
11261
11260
11257
11245
11240
11239
11239
11238
11237
11235
11231
11231
11229
11222
11216
11214
11205
11197
11197
11196
11192
11190
11185
11175
11173
11173
11169
11160
11158
11155
11151
11151
11149
11149
11145
11143
11135
11134
11133
11128
11126
11126
11125
11125
11113
11111
11111
11110
11109
11109
11107
11089
11086
11085
11064
11063
11055
11045
11044
11042
11042
11036
11028
11019
11006
11001
10996
10993
10978
10965
10963
10959
10957
10956
10954
10954
10951
10944
10941
10936
10932
10926
10918
10914
10910
10908
10907
10904
10901
10894
10887
10885
10884
10875
10872
10872
10867
10865
10863
10858
10858
10857
10856
10850
10842
10842
10840
10838
10810
10803
10800
10789
10784
10776
10758
10755
10753
10752
10751
10750
10748
10747
10743
10734
10722
10711
10705
10704
10696
10694
10694
10693
10693
10690
10689
10687
10682
10679
10679
10678
10677
10677
10673
10672
10662
10661
10660
10657
10651
10644
10629
10621
10617
10617
10615
10613
10602
10598
10590
10587
10579
10577
10576
10575
10574
10566
10566
10559
10558
10557
10553
10546
10540
10537
10537
10530
10530
10525
10520
10510
10504
10498
10497
10494
10493
10481
10480
10467
10462
10458
10456
10447
10446
10442
10433
10431
10430
10425
10416
10410
10410
10401
10396
10392
10391
10389
10384
10381
10373
10372
10371
10359
10355
10354
10342
10321
10319
10317
10315
10315
10306
10300
10298
10296
10292
10289
10288
10286
10277
10274
10273
10269
10266
10260
10257
10250
10246
10246
10245
10242
10228
10226
10210
10209
10204
10198
10197
10188
10187
10187
10177
10173
10172
10170
10166
10162
10162
10157
10157
10150
10146
10143
10134
10130
10122
10121
10117
10115
10113
10113
10107
10106
10101
10091
10088
10084
10082
10080
10080
10076
10075
10070
10065
10064
10064
10057
10056
10055
10053
10050
10041
10033
10027
10027
10018
10012
10009
10005
10003
10000
9995
9989
9985
9982
9981
9981
9976
9974
9972
9971
9970
9962
9949
9947
9944
9938
9937
9930
9929
9928
9919
9919
9899
9897
9897
9892
9888
9888
9877
9876
9867
9866
9865
9861
9861
9851
9850
9849
9848
9847
9847
9840
9828
9817
9809
9790
9779
9776
9767
9767
9763
9760
9754
9753
9751
9748
9747
9745
9744
9741
9734
9725
9713
9701
9698
9698
9698
9693
9692
9685
9682
9680
9666
9664
9657
9656
9651
9646
9644
9644
9637
9635
9625
9625
9616
9612
9611
9611
9597
9594
9593
9591
9586
9586
9586
9584
9583
9582
9581
9578
9576
9573
9570
9564
9557
9556
9556
9552
9545
9545
9541
9541
9540
9538
9524
9518
9512
9505
9501
9499
9498
9495
9489
9485
9483
9477
9474
9466
9464
9463
9461
9460
9458
9448
9448
9446
9438
9437
9436
9427
9426
9423
9417
9415
9412
9410
9405
9395
9392
9378
9372
9371
9369
9368
9358
9356
9353
9350
9348
9347
9346
9337
9337
9335
9329
9329
9317
9308
9306
9304
9301
9301
9288
9277
9274
9272
9265
9264
9261
9261
9258
9257
9253
9252
9251
9250
9247
9246
9245
9243
9242
9239
9238
9229
9222
9209
9201
9200
9199
9196
9195
9192
9183
9182
9177
9168
9164
9163
9158
9154
9141
9139
9135
9125
9124
9122
9120
9105
9104
9104
9088
9088
9085
9082
9074
9072
9067
9066
9064
9053
9047
9047
9035
9033
9029
9027
9021
9018
9011
9010
9008
9008
9002
9000
8993
8991
8991
8990
8988
8976
8976
8973
8969
8963
8957
8948
8948
8936
8928
8920
8911
8911
8910
8905
8901
8895
8890
8886
8879
8871
8862
8861
8860
8852
8851
8850
8845
8844
8844
8838
8836
8835
8834
8825
8823
8821
8821
8814
8803
8799
8799
8797
8795
8794
8792
8773
8770
8770
8767
8765
8753
8748
8738
8735
8726
8725
8722
8715
8709
8703
8702
8682
8680
8677
8677
8675
8669
8669
8666
8666
8663
8661
8659
8655
8650
8648
8647
8642
8641
8638
8638
8638
8636
8630
8626
8617
8613
8611
8611
8611
8606
8604
8592
8590
8578
8567
8566
8559
8558
8558
8554
8547
8547
8536
8536
8533
8528
8524
8523
8521
8516
8514
8513
8509
8508
8505
8501
8500
8496
8493
8491
8491
8486
8480
8477
8470
8470
8460
8458
8450
8438
8436
8431
8429
8428
8422
8415
8415
8412
8408
8405
8400
8397
8391
8390
8382
8382
8377
8374
8371
8368
8368
8360
8357
8356
8351
8350
8330
8324
8321
8320
8313
8304
8301
8292
8289
8284
8284
8283
8278
8275
8273
8258
8257
8257
8255
8246
8242
8239
8235
8228
8225
8217
8211
8206
8202
8200
8197
8195
8193
8191
8189
8186
8185
8169
8168
8167
8161
8161
8160
8160
8157
8153
8145
8142
8140
8140
8140
8135
8131
8117
8092
8087
8078
8075
8075
8072
8070
8064
8061
8058
8056
8055
8050
8048
8047
8045
8045
8043
8037
8018
8013
8000
7998
7996
7995
7992
7989
7983
7981
7980
7979
7978
7975
7975
7975
7973
7962
7956
7956
7952
7948
7948
7939
7934
7932
7931
7918
7910
7905
7897
7896
7890
7883
7883
7877
7869
7869
7865
7862
7862
7860
7858
7852
7840
7839
7835
7833
7832
7831
7827
7826
7819
7816
7807
7803
7802
7790
7785
7780
7780
7776
7771
7769
7767
7759
7756
7752
7746
7745
7736
7727
7715
7714
7711
7705
7700
7699
7684
7683
7679
7678
7677
7664
7664
7657
7646
7643
7642
7620
7614
7606
7606
7601
7598
7592
7585
7585
7577
7576
7575
7572
7571
7567
7561
7560
7557
7555
7554
7552
7551
7546
7532
7532
7528
7525
7520
7519
7517
7514
7512
7511
7509
7493
7491
7482
7471
7470
7466
7463
7463
7462
7461
7455
7454
7450
7447
7445
7442
7441
7437
7434
7433
7433
7429
7429
7429
7427
7426
7425
7422
7421
7416
7404
7398
7390
7388
7381
7370
7370
7356
7355
7350
7341
7339
7338
7335
7327
7320
7320
7310
7307
7301
7292
7287
7280
7275
7274
7272
7270
7260
7254
7254
7244
7238
7231
7228
7228
7227
7218
7216
7214
7209
7209
7206
7205
7196
7195
7188
7188
7187
7181
7181
7177
7174
7169
7167
7161
7161
7148
7138
7135
7122
7114
7112
7111
7099
7097
7095
7094
7078
7077
7075
7070
7067
7059
7057
7052
7048
7042
7039
7028
7028
7024
7016
7015
7014
7012
7002
6994
6987
6986
6985
6984
6981
6971
6960
6959
6959
6952
6950
6934
6932
6917
6916
6915
6913
6909
6908
6906
6902
6901
6898
6898
6896
6896
6892
6890
6876
6868
6862
6861
6858
6854
6845
6838
6833
6832
6827
6823
6821
6819
6807
6802
6797
6781
6776
6775
6771
6763
6762
6762
6760
6753
6753
6749
6749
6746
6743
6733
6731
6719
6719
6714
6682
6669
6668
6667
6663
6661
6656
6656
6635
6614
6609
6606
6604
6602
6582
6582
6580
6574
6570
6560
6557
6551
6547
6543
6543
6535
6533
6520
6516
6516
6511
6509
6508
6507
6501
6498
6495
6494
6492
6475
6470
6468
6468
6464
6455
6448
6443
6425
6423
6416
6415
6394
6392
6381
6377
6368
6361
6360
6357
6356
6355
6348
6348
6344
6343
6342
6340
6334
6331
6327
6326
6311
6297
6297
6290
6284
6281
6280
6280
6278
6273
6267
6237
6228
6225
6225
6225
6213
6212
6211
6208
6205
6204
6201
6198
6193
6191
6183
6179
6175
6175
6174
6172
6163
6162
6155
6145
6142
6142
6138
6137
6131
6129
6129
6126
6125
6122
6116
6115
6112
6102
6099
6097
6088
6078
6074
6069
6065
6064
6054
6038
6021
6019
6016
6011
6006
6005
5999
5988
5986
5968
5965
5963
5956
5951
5948
5944
5932
5929
5927
5925
5916
5907
5904
5903
5899
5888
5870
5865
5855
5855
5844
5840
5831
5826
5818
5818
5809
5803
5798
5793
5785
5784
5775
5773
5769
5765
5756
5755
5740
5738
5737
5736
5731
5723
5722
5718
5716
5713
5712
5711
5711
5710
5708
5705
5702
5701
5699
5686
5673
5673
5669
5663
5659
5658
5650
5644
5641
5639
5632
5627
5618
5617
5599
5597
5592
5591
5588
5585
5584
5583
5569
5569
5567
5565
5563
5558
5555
5554
5541
5541
5540
5532
5529
5509
5502
5499
5496
5492
5488
5487
5481
5477
5475
5473
5469
5468
5465
5461
5446
5441
5440
5435
5434
5433
5429
5422
5404
5404
5399
5396
5390
5379
5378
5373
5369
5356
5346
5345
5338
5335
5332
5331
5330
5327
5324
5323
5319
5318
5316
5305
5304
5304
5300
5295
5292
5287
5277
5273
5270
5269
5268
5263
5260
5251
5240
5237
5233
5221
5215
5213
5209
5208
5198
5196
5195
5191
5185
5183
5181
5180
5179
5177
5176
5163
5155
5150
5147
5130
5125
5124
5120
5118
5099
5093
5087
5075
5069
5067
5062
5060
5060
5057
5051
5035
5035
5032
5026
5018
5017
5014
5006
5003
4997
4996
4996
4990
4983
4974
4965
4964
4952
4946
4946
4944
4943
4943
4941
4940
4924
4924
4919
4919
4919
4913
4912
4905
4899
4889
4888
4887
4884
4884
4882
4881
4872
4869
4861
4859
4856
4837
4827
4826
4823
4822
4819
4812
4812
4810
4807
4807
4806
4806
4805
4794
4792
4792
4789
4784
4779
4767
4764
4759
4752
4751
4749
4745
4743
4743
4733
4732
4730
4724
4720
4718
4709
4708
4703
4697
4696
4692
4687
4683
4682
4677
4673
4660
4657
4655
4655
4652
4652
4645
4645
4631
4618
4617
4617
4612
4609
4607
4604
4600
4594
4591
4586
4585
4584
4581
4573
4573
4571
4570
4570
4563
4562
4558
4557
4556
4554
4552
4546
4533
4525
4515
4511
4508
4505
4501
4500
4486
4483
4480
4478
4472
4468
4462
4460
4459
4457
4456
4455
4452
4440
4437
4435
4430
4430
4399
4397
4393
4389
4389
4382
4379
4372
4369
4368
4361
4351
4332
4330
4322
4321
4311
4309
4306
4306
4305
4304
4299
4295
4292
4283
4282
4274
4274
4273
4267
4262
4262
4256
4250
4249
4247
4246
4224
4212
4205
4203
4196
4194
4192
4186
4174
4171
4168
4165
4157
4152
4152
4149
4148
4137
4133
4130
4129
4126
4123
4114
4113
4109
4109
4088
4080
4079
4073
4069
4052
4048
4048
4045
4043
4029
4028
4025
4024
4014
4011
3998
3993
3991
3990
3983
3972
3962
3954
3946
3941
3940
3937
3933
3929
3929
3907
3903
3892
3891
3890
3889
3882
3873
3870
3867
3862
3856
3854
3841
3839
3837
3831
3814
3810
3802
3799
3791
3787
3786
3783
3783
3778
3778
3774
3772
3771
3768
3764
3758
3745
3743
3740
3726
3725
3718
3710
3707
3703
3697
3690
3688
3684
3683
3681
3678
3677
3675
3675
3673
3668
3665
3657
3656
3655
3650
3650
3649
3649
3645
3644
3641
3634
3621
3616
3610
3609
3603
3602
3600
3599
3596
3586
3578
3574
3571
3569
3565
3562
3558
3554
3550
3548
3546
3545
3530
3527
3522
3518
3518
3517
3509
3507
3500
3500
3493
3488
3485
3484
3482
3473
3471
3471
3456
3451
3443
3431
3424
3424
3420
3417
3402
3398
3388
3383
3371
3371
3371
3370
3351
3338
3333
3332
3331
3323
3322
3321
3321
3311
3309
3305
3305
3304
3304
3293
3291
3285
3280
3279
3277
3276
3274
3272
3272
3265
3263
3251
3248
3235
3230
3211
3206
3206
3205
3199
3194
3179
3177
3176
3176
3172
3166
3161
3147
3145
3145
3143
3140
3139
3137
3135
3134
3133
3124
3123
3123
3119
3108
3106
3105
3099
3098
3095
3094
3094
3091
3091
3076
3060
3060
3040
3038
3037
3034
3023
3023
3023
3014
3013
3005
2999
2997
2996
2995
2990
2985
2984
2978
2974
2969
2965
2965
2948
2948
2943
2929
2926
2924
2922
2921
2917
2916
2913
2910
2908
2908
2902
2901
2896
2891
2890
2888
2887
2884
2878
2878
2877
2877
2873
2869
2863
2859
2858
2855
2853
2849
2836
2834
2828
2826
2822
2822
2821
2815
2810
2801
2800
2799
2797
2794
2787
2785
2785
2783
2775
2772
2771
2758
2755
2751
2747
2735
2734
2730
2723
2718
2706
2701
2700
2695
2686
2686
2684
2684
2683
2679
2675
2669
2664
2660
2659
2657
2657
2655
2653
2652
2648
2648
2647
2640
2639
2633
2632
2621
2616
2606
2597
2589
2586
2583
2567
2567
2566
2564
2554
2539
2538
2527
2523
2519
2511
2511
2510
2509
2505
2505
2499
2487
2484
2480
2476
2473
2472
2470
2469
2467
2465
2461
2455
2452
2450
2443
2439
2436
2430
2429
2416
2410
2410
2404
2404
2394
2394
2390
2389
2389
2386
2385
2383
2383
2367
2366
2365
2364
2358
2353
2351
2350
2345
2344
2340
2331
2329
2328
2321
2320
2314
2314
2313
2307
2300
2298
2295
2291
2282
2275
2274
2271
2263
2263
2263
2248
2246
2245
2239
2231
2225
2224
2212
2212
2210
2207
2206
2204
2203
2191
2183
2177
2175
2173
2169
2168
2162
2162
2156
2150
2144
2133
2133
2119
2113
2103
2097
2096
2095
2094
2093
2089
2088
2088
2086
2081
2079
2071
2065
2056
2047
2041
2035
2034
2031
2031
2025
2014
2013
2006
2004
1997
1996
1993
1987
1985
1985
1983
1971
1967
1964
1962
1962
1961
1956
1953
1944
1939
1935
1933
1929
1926
1924
1919
1916
1915
1901
1900
1900
1898
1894
1892
1887
1885
1882
1880
1880
1871
1871
1870
1866
1863
1859
1853
1838
1836
1834
1833
1820
1818
1810
1808
1797
1797
1795
1794
1793
1782
1782
1779
1769
1762
1758
1754
1749
1747
1742
1737
1737
1735
1732
1725
1724
1720
1720
1718
1718
1715
1712
1711
1709
1701
1699
1686
1681
1672
1668
1659
1658
1658
1657
1655
1650
1639
1638
1636
1628
1622
1618
1617
1614
1614
1610
1606
1596
1595
1593
1592
1588
1583
1576
1574
1568
1567
1565
1547
1542
1540
1539
1525
1522
1522
1512
1508
1504
1504
1502
1501
1498
1497
1495
1493
1490
1487
1486
1485
1479
1475
1471
1467
1459
1451
1450
1450
1446
1445
1437
1436
1432
1429
1421
1408
1407
1403
1391
1373
1366
1366
1362
1353
1350
1350
1335
1331
1306
1306
1298
1292
1291
1289
1286
1279
1279
1278
1275
1268
1267
1264
1261
1261
1260
1254
1241
1239
1239
1226
1213
1208
1202
1200
1189
1184
1183
1178
1168
1166
1163
1157
1142
1137
1136
1128
1128
1127
1121
1119
1110
1107
1096
1092
1091
1088
1085
1085
1082
1080
1074
1070
1067
1045
1044
1044
1039
1035
1023
1015
1013
1012
1011
1011
1010
1008
1007
1005
1001
1001
997
979
967
966
966
965
962
960
957
956
955
950
943
939
935
935
930
929
924
918
915
907
904
902
899
893
892
892
890
888
887
885
885
881
879
875
871
870
868
863
860
851
850
849
845
840
839
834
826
825
824
815
812
808
805
804
801
799
792
784
777
774
769
768
766
760
753
750
748
744
743
743
742
740
738
735
729
724
724
724
720
717
715
712
706
704
692
691
689
686
684
675
672
665
656
653
643
643
636
625
623
622
616
613
608
603
596
596
596
594
591
580
560
548
541
538
536
524
511
511
502
501
501
498
496
491
491
489
488
486
484
474
466
462
457
447
439
428
427
424
413
404
403
403
401
397
389
387
378
366
363
357
350
349
339
335
334
333
330
326
324
321
312
309
307
304
294
288
281
269
268
266
264
263
263
260
256
255
255
250
249
249
241
238
221
217
213
211
200
195
194
191
188
179
177
177
172
161
144
138
131
126
125
119
119
115
115
114
109
109
106
102
100
95
94
85
79
78
76
75
74
69
65
57
56
52
51
48
46
42
36
35
27
26
25
25
18
12
12
3
