4183
74097
47629
84415
60630
76294
27049
5334
71207
19662
29933
70833
44874
91141
16328
65805
3548
77463
39665
56254
4083
57452
9694
20077
76102
97457
71701
24243
28529
82190
62748
49065
72639
26729
49832
49621
19375
76881
54956
90583
12895
84889
77768
57769
92382
94096
39926
95931
87911
79591
68537
91994
53395
78231
28424
45849
92041
16477
70092
20570
98667
49193
69635
87658
75922
35819
37280
95298
29052
8588
2233
41947
9829
80001
16068
2212
90449
72346
14495
78360
51937
83032
86707
21684
77615
15131
67533
69656
31608
53978
90227
46627
19523
76214
50637
95445
12034
4269
7095
41086
12857
9328
99386
22687
5681
31806
41251
12482
4153
55746
90843
72442
38778
93902
10479
16393
25385
78012
2402
73345
48342
8981
36324
67865
85195
86961
79663
13581
7583
3110
71020
20440
28791
86758
59479
34472
34916
730
63307
39069
56476
70502
27864
11606
64404
38343
28000
6141
32707
30402
79486
81050
39383
32162
65267
40930
35475
61282
70864
43058
64393
58236
63499
93184
44994
39330
44008
79910
40061
7315
35332
12889
94169
79548
24496
58573
17891
52496
81066
50598
99250
76904
48000
54985
9066
29620
12267
44542
7254
83131
3952
71647
41367
83803
81183
2713
23134
25192
98976
63195
48859
50660
76084
43029
30208
16932
17954
64451
69428
15373
31401
85030
92277
79402
40015
17696
25374
52283
78590
32628
51766
82542
20628
9486
66346
1811
28551
89480
43355
27527
69027
92215
94539
61463
51596
24747
78396
85902
5550
64176
1275
36952
65559
93553
32706
21926
11249
58080
90561
89839
7060
42328
88733
27688
68166
55079
45852
96717
60911
89207
40597
46290
97774
35136
7754
49370
76236
2502
51625
81786
83030
52900
18738
48589
46453
67796
70516
74054
25876
61077
80245
49289
19757
68979
93329
87923
40410
39181
84641
1322
44741
25238
47612
42515
76726
71718
8238
52962
90572
59863
51101
73603
29115
86191
38544
91921
53988
25412
65975
96216
86490
62573
61857
22599
47904
55187
10523
88314
10720
11516
5988
55461
53106
69953
14329
46184
41671
22567
15499
48596
98782
66600
38551
27897
69143
77095
19818
23131
2508
2146
35700
5350
81071
97557
27949
28975
52744
54824
17289
63465
82692
39630
35278
35798
9583
49607
81983
67606
88526
97482
16202
3660
80434
54753
47910
49577
48201
84080
89061
67061
86226
24761
72411
83649
22318
16712
12624
91415
71537
46266
71232
54229
85896
6510
6380
95479
72470
4715
79437
77348
18549
95640
81009
98983
66745
45271
64912
31298
29351
53973
98359
31930
78734
87122
15579
17405
3835
28204
8820
75372
74470
96404
45953
76718
19266
52333
88549
91736
57048
67986
69085
75597
79978
66446
90932
63076
11717
55845
94374
41068
9818
9086
72998
4905
96208
4930
22310
43
33134
47482
91767
23956
43886
37721
17026
63152
6406
5575
71241
79807
89913
56678
71756
69892
39476
62689
49320
51193
34886
60046
8613
61056
69132
97964
65961
81693
2894
4623
98088
52380
52105
89856
76336
12343
43929
9714
91848
66687
15289
63089
62846
21554
36119
34603
91446
75595
13644
57118
43140
64882
17165
51753
25938
2649
66069
91900
84342
68963
96523
82431
21343
64981
88639
14031
77324
48920
40097
85524
15607
55386
64965
94806
76941
1084
29409
84739
76679
59405
41858
36171
24287
75375
87925
50225
78024
53994
58477
62367
39310
71353
61150
77005
36334
66141
7389
30010
15061
47486
15535
47020
19225
96852
41826
12518
97937
87587
13609
90968
63344
71819
27140
87631
47194
31417
54209
25219
85411
12686
3938
41073
84039
65088
18079
36725
31229
25468
66736
62642
89306
98623
9662
8531
95475
67841
21049
9764
55428
51011
733
35125
22830
44225
22756
70025
75642
93317
95244
77405
22356
99182
18479
22747
80622
52910
59473
28203
94730
42561
90845
84036
57536
16859
8920
53011
84700
46321
79128
56481
97332
79861
91606
20163
24086
30714
90188
16080
40384
1784
93485
62740
17318
28316
1839
97940
97578
77664
42495
92308
20225
33340
92697
94113
50199
1617
63477
51252
47938
42605
7733
61623
22466
15691
81786
62904
46405
88326
95336
86789
90110
5173
65881
23780
33490
67721
38072
31068
45385
80567
39729
81963
13907
32426
76076
80458
50395
39553
31710
98333
98510
39443
76308
20976
55134
58094
232
17892
62772
95568
4681
69234
742
86915
93014
50584
54636
31086
98004
16373
11653
37733
14688
41912
86511
7117
22371
36906
63022
54081
51592
61533
9877
27900
98861
65011
2347
99094
82903
65119
11014
3937
50706
28108
7204
43720
78692
78192
91159
93049
10917
19164
47134
25606
61077
33646
32723
99800
70552
95745
70233
38496
73630
80110
66397
72492
45122
85096
71586
44377
66567
98952
64666
17273
27061
88222
77346
22105
66414
68505
15154
77332
87669
62289
19290
65098
95935
52013
81250
82839
64110
51484
21336
37741
31594
4085
10233
93068
89181
98171
53798
72100
97123
34816
89374
24184
23039
66720
46290
5805
35225
77796
83137
39246
40085
18779
20697
52372
70792
1947
35212
51255
69783
72900
5348
1378
93337
31933
94446
98870
30104
64596
70970
43579
99413
60344
84116
22452
43416
30406
28257
94993
24554
27747
50592
64640
46526
71289
17012
33671
89588
68576
1278
59372
57828
22978
77102
51165
54911
71548
50035
1367
36145
21006
44946
51910
97702
29062
74362
41119
75820
18971
36112
375
63070
3056
81367
25949
74345
14731
75972
80286
99660
77250
39658
57488
16580
16760
8654
71491
4660
75041
72858
57157
12399
34156
9067
10102
63219
99781
67573
55391
35105
20037
72118
14527
23094
53485
40476
13791
68217
16448
94077
67877
10050
50087
41717
26630
83199
50371
14473
4212
41765
3683
61369
54164
37840
86789
64266
17411
86570
48191
72802
38027
68229
61273
52555
7675
14758
93031
21466
99327
25832
31896
83556
52234
81983
25274
95217
81535
91997
9690
85747
33762
29726
63468
87927
67566
50257
68545
1329
53180
33089
90483
91207
17670
51756
43762
25345
66515
53146
63163
82194
95330
95059
65751
47564
93395
7377
59133
91282
99374
85176
77029
49489
14902
40497
53768
82468
7107
22313
149
60287
71754
90632
51494
89424
42389
11609
14769
25256
64755
94285
7450
60085
5696
89553
24001
99091
96930
83135
90373
12657
68311
83754
62146
83213
40604
32266
82033
47711
54579
82182
7998
42686
72814
75844
32110
31555
87453
63232
56811
68560
57517
80614
44997
63213
70167
68999
78657
83450
52134
85382
12459
36797
69137
90957
36362
9741
23223
18395
57452
94154
16929
81802
36840
6095
57646
68951
37651
61452
32183
10814
30012
6052
7780
75010
85617
77948
44009
64274
77750
12495
49657
90209
49292
18794
97518
85654
44887
20741
20401
18691
14895
53682
493
68088
59777
58139
37039
13780
19591
85574
40947
49604
7978
48727
40966
93595
43027
1327
57870
20777
13822
23879
27338
79466
59025
24856
81472
3912
61949
18225
22603
93197
71907
23096
61285
31684
97587
14676
61817
33531
16602
2764
99487
24580
51491
40453
18175
94519
41780
92397
31648
71954
16276
58987
67772
91653
195
49244
95565
78497
67469
34520
71694
55728
73968
32979
3764
71556
64007
65581
5087
80609
68345
20926
21541
36189
61379
56068
30708
19511
48466
78708
91465
81094
54047
59237
72748
54243
24833
84665
32740
8654
19186
20786
64382
93154
53765
68146
81062
34124
33728
2501
14733
18425
23427
52626
54614
1158
8694
1674
20669
73512
80383
28486
54607
34430
4075
43707
5025
28908
44724
54117
37562
63910
74903
1944
73417
45020
86443
70831
79144
36523
73333
10229
54948
13112
62855
25915
14271
87902
43941
51292
61414
40676
79779
32373
91459
83854
76080
96484
29115
20805
66954
66677
1067
41857
84974
90836
3230
87769
61668
98726
24292
51353
25308
79240
64465
4515
21507
78736
92417
65449
46381
53832
6125
26160
86205
97584
26366
78638
10421
55481
15795
77375
38511
33214
35584
39837
24051
55166
27606
2071
53893
51898
53424
79201
47490
17889
83716
68998
12978
76134
34447
75711
46318
56924
1871
48875
54509
44589
43865
81282
71
76012
58657
54934
9227
10593
94771
49630
65760
22377
68053
19653
90627
21477
15206
38117
55718
15274
23467
85048
7760
57914
60759
54078
14839
78982
19306
85700
23572
63171
66982
39995
39184
41991
94929
64763
68936
89700
30745
34696
28429
98798
70701
35408
36627
2259
89877
92345
17534
13345
77394
25294
87611
54505
95725
18802
33488
15031
4502
57060
78202
87836
97055
33738
46179
91984
14853
15116
98036
61950
66164
42817
60748
53218
78225
13727
55477
68102
6073
73011
81447
99819
14658
69059
54324
10383
87861
87812
25414
8716
61224
19968
12904
58279
70059
59084
66615
1264
90552
81003
63215
56716
23820
40315
9934
18397
54043
81764
86500
60116
71127
84299
76287
85785
69710
46963
12520
73924
34776
54286
82640
12352
74255
11896
70632
60666
70980
53599
61930
77884
34603
41497
34601
74775
81813
60887
93173
35856
42651
96025
12324
13779
80324
4963
15916
50035
51926
28437
23959
3054
99075
22951
15407
73330
34847
2391
50348
22180
55990
28631
64
6945
70128
51017
98073
51941
11905
91246
4149
70908
87271
32825
1039
83947
37788
33308
33982
89715
78097
74293
92769
77172
13596
24528
66855
64796
26919
17203
3328
99262
45834
3392
22559
32315
70762
20632
84256
99019
28230
4758
69927
15501
37583
87319
15801
91724
20627
66135
81439
98724
56781
90560
75896
70377
31441
42751
35173
58360
76307
54853
73974
38493
58246
96534
70808
45360
33518
71417
44379
61749
76175
14306
93602
30110
17977
9403
21834
38604
90128
90115
90108
90087
90078
90071
90066
90059
90054
90050
90046
90039
90037
90028
90028
90026
90015
90012
90007
90003
89988
89983
89973
89968
89965
89958
89948
89947
89927
89914
89908
89900
89897
89888
89884
89883
89868
89854
89849
89841
89828
89828
89827
89823
89822
89821
89813
89811
89810
89809
89794
89792
89789
89782
89769
89767
89766
89763
89748
89747
89738
89736
89733
89706
89702
89700
89691
89684
89684
89674
89660
89655
89637
89626
89590
89571
89569
89559
89550
89544
89525
89508
89502
89499
89497
89495
89480
89477
89472
89466
89462
89458
89449
89449
89440
89439
89438
89436
89417
89415
89414
89410
89410
89409
89393
89391
89353
89344
89337
89335
89305
89295
89294
89287
89283
89282
89278
89276
89273
89271
89271
89253
89241
89219
89209
89200
89188
89184
89173
89173
89166
89157
89145
89140
89139
89135
89130
89129
89120
89118
89118
89110
89095
89081
89077
89073
89060
89053
89049
89047
89046
89045
89039
89017
89009
89005
89004
89002
89000
88991
88973
88969
88963
88962
88948
88946
88943
88938
88938
88929
88919
88915
88907
88904
88902
88885
88870
88868
88863
88860
88859
88845
88843
88842
88831
88829
88820
88804
88804
88799
88795
88788
88778
88776
88774
88772
88759
88757
88754
88724
88721
88720
88719
88717
88715
88715
88708
88684
88683
88682
88680
88661
88650
88645
88645
88633
88615
88612
88612
88606
88602
88602
88599
88597
88587
88582
88581
88579
88575
88571
88565
88558
88558
88556
88555
88538
88536
88516
88513
88513
88508
88501
88497
88494
88489
88480
88470
88443
88440
88439
88436
88433
88426
88422
88421
88394
88377
88376
88373
88370
88325
88322
88314
88309
88308
88304
88300
88297
88287
88273
88270
88268
88261
88247
88242
88242
88241
88225
88220
88217
88213
88205
88202
88180
88172
88169
88160
88149
88147
88146
88142
88139
88135
88127
88120
88102
88096
88090
88082
88075
88062
88058
88056
88056
88046
88042
88038
88031
88026
88022
88015
88008
88000
87996
87967
87957
87950
87949
87947
87946
87927
87924
87918
87905
87904
87901
87900
87894
87893
87873
87870
87864
87864
87860
87854
87847
87846
87835
87832
87823
87797
87793
87792
87788
87786
87778
87776
87774
87771
87767
87763
87755
87751
87749
87704
87703
87703
87690
87680
87672
87672
87660
87659
87659
87637
87637
87616
87609
87602
87582
87582
87581
87568
87561
87559
87558
87544
87537
87530
87525
87525
87525
87525
87516
87499
87472
87451
87447
87442
87434
87419
87399
87394
87390
87369
87349
87340
87339
87329
87329
87324
87323
87323
87321
87317
87311
87304
87304
87296
87290
87281
87280
87274
87267
87258
87252
87248
87240
87235
87230
87228
87216
87214
87207
87196
87192
87191
87190
87189
87183
87174
87145
87143
87141
87132
87125
87123
87115
87102
87099
87091
87085
87080
87069
87036
87023
87019
87018
87006
86997
86995
86987
86950
86950
86949
86947
86944
86940
86924
86918
86910
86907
86886
86886
86883
86870
86869
86866
86862
86829
86814
86810
86807
86805
86803
86801
86794
86790
86788
86771
86769
86759
86752
86751
86748
86742
86741
86736
86735
86734
86726
86720
86715
86707
86704
86689
86673
86664
86651
86623
86621
86616
86613
86611
86596
86593
86593
86584
86578
86576
86573
86571
86559
86547
86545
86534
86513
86512
86508
86503
86502
86502
86495
86479
86476
86476
86474
86470
86469
86464
86464
86461
86456
86455
86453
86450
86438
86434
86433
86413
86401
86395
86383
86382
86368
86358
86347
86345
86344
86298
86291
86287
86286
86283
86280
86277
86276
86273
86259
86252
86251
86244
86244
86235
86234
86221
86218
86217
86207
86206
86198
86193
86185
86170
86165
86142
86131
86124
86123
86121
86119
86114
86108
86108
86105
86105
86100
86097
86096
86095
86090
86090
86086
86079
86079
86077
86074
86068
86067
86064
86063
86048
86040
86039
86025
86022
86019
86009
86006
86002
85997
85993
85993
85992
85991
85984
85980
85972
85956
85948
85935
85934
85925
85918
85915
85913
85909
85903
85885
85883
85882
85876
85870
85853
85836
85821
85816
85813
85796
85790
85782
85752
85750
85747
85745
85725
85716
85710
85707
85705
85696
85679
85671
85670
85661
85660
85651
85648
85648
85645
85636
85629
85627
85612
85592
85587
85587
85585
85576
85556
85552
85551
85545
85542
85538
85533
85529
85526
85521
85521
85521
85514
85514
85506
85505
85501
85498
85478
85455
85455
85455
85441
85440
85435
85434
85426
85421
85414
85414
85402
85399
85387
85378
85369
85350
85336
85332
85307
85286
85268
85260
85255
85254
85237
85237
85234
85212
85206
85206
85200
85199
85195
85193
85193
85187
85185
85183
85182
85181
85173
85169
85162
85162
85160
85149
85146
85136
85134
85132
85121
85115
85110
85108
85102
85075
85074
85071
85069
85068
85058
85058
85056
85051
85038
85037
85035
85033
84991
84979
84979
84950
84949
84943
84939
84922
84909
84908
84900
84897
84894
84889
84878
84875
84841
84835
84831
84827
84821
84815
84813
84803
84792
84783
84780
84779
84778
84769
84766
84766
84765
84764
84723
84721
84705
84700
84657
84652
84652
84648
84642
84642
84638
84633
84620
84619
84609
84597
84596
84593
84583
84580
84577
84569
84561
84557
84555
84553
84552
84536
84529
84519
84518
84518
84514
84505
84504
84503
84499
84498
84493
84480
84478
84465
84458
84458
84443
84428
84426
84418
84414
84412
84411
84404
84391
84387
84387
84384
84378
84376
84364
84327
84321
84319
84317
84307
84301
84284
84278
84239
84236
84231
84228
84223
84211
84209
84206
84187
84183
84182
84169
84162
84159
84151
84146
84137
84136
84135
84114
84096
84086
84084
84082
84079
84069
84052
84047
84044
84036
84032
84030
84020
83996
83994
83991
83978
83971
83971
83969
83951
83945
83925
83906
83901
83897
83890
83881
83881
83875
83867
83864
83863
83861
83860
83852
83843
83827
83824
83820
83804
83799
83785
83784
83732
83731
83730
83719
83705
83701
83700
83698
83689
83688
83682
83681
83672
83668
83648
83640
83637
83636
83635
83632
83631
83627
83616
83606
83601
83596
83593
83593
83587
83584
83583
83576
83572
83570
83563
83555
83554
83552
83548
83546
83543
83541
83532
83532
83529
83517
83513
83507
83502
83497
83495
83493
83493
83488
83485
83479
83477
83472
83470
83468
83465
83459
83458
83449
83418
83414
83412
83404
83395
83342
83342
83339
83331
83326
83309
83301
83298
83296
83290
83281
83274
83270
83258
83256
83253
83251
83250
83239
83230
83229
83226
83185
83177
83158
83130
83101
83100
83096
83085
83082
83077
83055
83045
83036
83026
83024
83019
83016
83016
83015
83011
83010
83003
82994
82991
82985
82964
82954
82948
82948
82946
82944
82941
82939
82937
82926
82914
82904
82900
82888
82888
82886
82883
82870
82854
82826
82814
82799
82779
82775
82773
82768
82761
82757
82753
82747
82738
82736
82714
82711
82711
82697
82694
82692
82658
82656
82648
82647
82641
82637
82625
82608
82602
82599
82597
82582
82578
82571
82570
82564
82559
82526
82507
82502
82500
82491
82490
82478
82478
82476
82475
82473
82473
82472
82470
82467
82462
82447
82427
82421
82410
82406
82404
82404
82398
82396
82384
82375
82372
82371
82361
82358
82347
82340
82321
82298
82294
82293
82292
82282
82281
82278
82275
82259
82253
82219
82214
82210
82206
82203
82201
82200
82200
82183
82179
82177
82165
82152
82147
82146
82141
82137
82134
82126
82125
82123
82123
82120
82119
82116
82113
82110
82107
82101
82098
82096
82092
82090
82090
82062
82062
82048
82029
82018
82015
82012
82010
82008
82001
81996
81995
81995
81978
81975
81958
81932
81925
81924
81915
81907
81900
81895
81895
81892
81891
81880
81878
81858
81857
81846
81845
81840
81835
81821
81818
81812
81810
81809
81806
81798
81792
81782
81780
81778
81776
81776
81775
81772
81767
81761
81753
81752
81746
81738
81735
81724
81721
81721
81705
81695
81687
81685
81679
81670
81666
81664
81637
81633
81631
81630
81621
81620
81616
81615
81609
81597
81589
81580
81572
81566
81560
81560
81553
81525
81521
81517
81512
81509
81505
81502
81501
81500
81498
81498
81496
81491
81490
81485
81463
81462
81461
81457
81449
81437
81433
81431
81426
81423
81420
81413
81400
81399
81399
81366
81356
81356
81354
81338
81307
81306
81305
81300
81294
81294
81288
81261
81258
81253
81248
81245
81245
81239
81227
81219
81215
81209
81204
81198
81189
81187
81181
81180
81177
81177
81167
81141
81140
81120
81108
81106
81105
81104
81099
81089
81081
81080
81054
81043
81031
81021
81017
81012
81008
81002
80996
80993
80986
80985
80971
80942
80939
80925
80915
80914
80907
80902
80901
80901
80897
80894
80894
80890
80888
80886
80877
80856
80856
80848
80848
80842
80830
80829
80818
80818
80816
80806
80788
80779
80762
80750
80750
80746
80746
80746
80735
80713
80712
80707
80698
80695
80693
80687
80682
80673
80672
80666
80666
80664
80652
80652
80647
80645
80639
80636
80632
80630
80606
80591
80584
80568
80565
80560
80548
80546
80529
80508
80502
80495
80479
80475
80467
80460
80450
80449
80440
80426
80417
80414
80407
80401
80400
80397
80393
80388
80384
80380
80374
80362
80360
80356
80348
80343
80335
80334
80333
80316
80310
80310
80297
80288
80287
80286
80275
80273
80273
80269
80265
80262
80257
80255
80250
80242
80240
80233
80232
80227
80204
80202
80201
80199
80180
80167
80163
80156
80136
80129
80126
80106
80097
80086
80083
80067
80066
80061
80052
80040
80036
80033
80031
80022
80022
80019
80010
80008
80007
80004
80004
79991
79984
79983
79982
79981
79979
79970
79969
79959
79958
79957
79943
79942
79923
79911
79905
79901
79901
79893
79892
79891
79875
79873
79858
79854
79848
79847
79835
79834
79829
79823
79818
79805
79805
79805
79797
79795
79794
79794
79784
79765
79764
79762
79743
79730
79720
79713
79676
79667
79663
79655
79651
79643
79641
79637
79633
79630
79630
79628
79623
79608
79607
79603
79590
79590
79589
79587
79581
79572
79566
79556
79553
79553
79549
79539
79536
79534
79515
79500
79477
79450
79443
79442
79442
79433
79427
79422
79418
79409
79401
79343
79313
79309
79308
79292
79290
79268
79256
79253
79242
79239
79236
79223
79215
79205
79188
79187
79183
79172
79169
79159
79157
79151
79148
79119
79117
79112
79096
79093
79093
79086
79086
79082
79075
79073
79070
79069
79062
79061
79053
79044
79037
79035
79029
79023
79004
78996
78994
78994
78993
78989
78978
78973
78972
78961
78959
78937
78925
78911
78898
78885
78882
78881
78855
78845
78840
78827
78819
78818
78813
78787
78780
78767
78758
78754
78743
78740
78739
78739
78725
78719
78714
78708
78705
78702
78700
78697
78695
78687
78673
78668
78666
78662
78661
78656
78655
78649
78649
78648
78648
78646
78643
78640
78633
78632
78610
78609
78604
78603
78593
78592
78582
78581
78573
78569
78568
78555
78550
78549
78537
78535
78534
78532
78531
78525
78517
78504
78488
78486
78476
78474
78438
78424
78424
78421
78419
78417
78409
78403
78401
78396
78394
78375
78368
78360
78357
78345
78339
78321
78306
78298
78287
78287
78285
78280
78275
78265
78264
78258
78256
78248
78239
78236
78233
78219
78219
78217
78216
78194
78188
78186
78175
78171
78162
78156
78133
78132
78124
78109
78100
78090
78080
78072
78067
78065
78060
78056
78051
78048
78046
78016
77993
77981
77973
77952
77946
77937
77932
77932
77931
77923
77911
77902
77897
77891
77889
77875
77865
77853
77846
77841
77836
77823
77816
77816
77811
77768
77766
77756
77754
77747
77738
77730
77725
77711
77710
77710
77709
77705
77702
77693
77692
77682
77676
77670
77664
77656
77635
77622
77620
77616
77611
77604
77596
77581
77581
77557
77556
77554
77554
77549
77547
77546
77546
77543
77525
77521
77505
77498
77485
77483
77481
77477
77466
77462
77461
77452
77443
77443
77438
77437
77434
77429
77418
77408
77400
77396
77380
77378
77378
77376
77376
77344
77342
77339
77338
77327
77325
77320
77318
77314
77311
77296
77288
77285
77282
77281
77281
77280
77276
77266
77258
77257
77236
77227
77220
77212
77203
77186
77185
77182
77177
77158
77145
77136
77136
77132
77130
77127
77122
77100
77098
77097
77078
77066
77057
77048
77045
77041
77026
77017
76992
76991
76988
76923
76912
76901
76901
76900
76891
76888
76864
76864
76859
76855
76851
76826
76824
76824
76806
76800
76794
76793
76792
76789
76788
76784
76783
76770
76765
76753
76751
76749
76741
76734
76733
76728
76723
76704
76687
76687
76677
76675
76663
76649
76648
76644
76635
76631
76629
76624
76623
76621
76605
76599
76594
76590
76584
76577
76565
76547
76546
76543
76536
76534
76523
76517
76513
76508
76506
76505
76504
76503
76486
76477
76469
76455
76451
76449
76439
76434
76427
76427
76415
76411
76403
76400
76397
76394
76388
76365
76362
76359
76344
76327
76322
76315
76314
76312
76305
76301
76301
76290
76286
76285
76270
76266
76263
76259
76254
76251
76227
76223
76219
76216
76216
76214
76210
76201
76190
76185
76181
76179
76142
76138
76124
76117
76117
76101
76093
76083
76075
76071
76063
76058
76057
76050
76044
76042
76034
76034
76028
76024
76016
76006
76003
75961
75946
75936
75930
75926
75919
75919
75898
75898
75896
75886
75884
75875
75852
75850
75849
75838
75830
75825
75825
75824
75822
75801
75801
75793
75775
75774
75766
75759
75748
75747
75740
75711
75704
75700
75699
75699
75697
75696
75678
75659
75646
75646
75642
75640
75624
75613
75611
75594
75594
75594
75591
75591
75590
75588
75585
75566
75561
75554
75545
75537
75535
75531
75529
75527
75526
75523
75515
75515
75497
75484
75480
75478
75471
75462
75461
75458
75456
75451
75437
75430
75418
75403
75390
75383
75375
75372
75367
75364
75359
75358
75353
75350
75344
75342
75337
75333
75315
75312
75312
75310
75309
75309
75305
75298
75257
75253
75233
75227
75203
75201
75196
75195
75194
75192
75191
75186
75185
75185
75158
75158
75155
75150
75148
75147
75142
75137
75134
75118
75117
75115
75113
75104
75093
75089
75088
75087
75086
75084
75073
75072
75071
75062
75057
75053
75051
75042
75034
75025
75006
75000
74998
74995
74978
74977
74969
74961
74945
74942
74940
74929
74927
74926
74922
74910
74908
74906
74899
74899
74883
74875
74872
74869
74862
74859
74857
74848
74846
74826
74826
74820
74819
74812
74803
74802
74799
74789
74781
74759
74756
74748
74747
74745
74739
74736
74731
74710
74705
74675
74666
74663
74659
74654
74651
74646
74643
74631
74624
74623
74614
74604
74598
74595
74593
74567
74555
74551
74545
74543
74527
74492
74490
74485
74466
74454
74446
74425
74422
74406
74397
74394
74392
74388
74380
74376
74374
74348
74338
74330
74325
74314
74312
74312
74302
74289
74288
74288
74283
74277
74275
74271
74253
74252
74248
74241
74235
74228
74205
74194
74186
74178
74172
74159
74141
74139
74138
74136
74124
74116
74109
74106
74100
74095
74086
74085
74072
74072
74067
74064
74059
74058
74055
74050
74044
74038
74029
74009
74007
73990
73989
73975
73967
73965
73963
73960
73959
73958
73946
73933
73925
73909
73908
73895
73894
73880
73875
73868
73864
73842
73839
73835
73834
73833
73832
73828
73816
73807
73803
73779
73775
73764
73762
73762
73758
73726
73725
73717
73713
73711
73710
73710
73704
73698
73686
73682
73678
73670
73670
73662
73640
73635
73628
73626
73624
73597
73592
73585
73581
73579
73567
73563
73562
73550
73550
73549
73548
73542
73540
73534
73531
73504
73473
73468
73465
73462
73452
73451
73448
73442
73442
73441
73432
73392
73368
73368
73358
73356
73332
73332
73332
73328
73326
73306
73286
73285
73285
73282
73275
73273
73266
73265
73253
73244
73232
73223
73210
73202
73199
73197
73195
73191
73185
73173
73168
73166
73155
73146
73145
73145
73140
73130
73121
73096
73096
73087
73086
73070
73063
73057
73053
73052
73048
73041
73040
73036
73035
73034
73032
73029
73023
73018
73017
73017
73015
73012
73005
73004
72994
72983
72972
72970
72960
72959
72946
72945
72942
72932
72932
72930
72924
72918
72911
72908
72904
72898
72891
72889
72886
72879
72875
72852
72845
72839
72836
72833
72831
72825
72809
72804
72800
72799
72795
72783
72777
72775
72762
72762
72724
72712
72696
72686
72675
72672
72663
72660
72658
72638
72637
72637
72636
72629
72628
72620
72611
72611
72600
72599
72598
72596
72590
72588
72583
72578
72577
72571
72570
72565
72558
72556
72548
72548
72542
72539
72536
72531
72528
72518
72502
72501
72484
72484
72482
72481
72474
72462
72461
72457
72449
72397
72378
72368
72362
72349
72348
72330
72306
72301
72291
72289
72287
72282
72275
72268
72267
72264
72260
72250
72250
72248
72239
72232
72231
72225
72224
72217
72203
72187
72183
72172
72172
72168
72146
72133
72128
72110
72108
72107
72104
72088
72082
72081
72078
72078
72075
72054
72051
72048
72047
72037
72032
71987
71987
71985
71976
71975
71970
71956
71952
71940
71935
71926
71924
71921
71917
71915
71910
71904
71901
71898
71897
71877
71874
71854
71853
71853
71846
71842
71841
71838
71832
71817
71812
71806
71794
71787
71785
71779
71768
71766
71764
71762
71738
71727
71705
71704
71701
71697
71694
71692
71687
71677
71671
71669
71661
71651
71648
71645
71634
71623
71620
71620
71611
71605
71594
71583
71581
71578
71577
71574
71562
71558
71540
71540
71528
71516
71495
71489
71484
71473
71459
71455
71449
71435
71425
71425
71418
71412
71407
71407
71405
71397
71395
71394
71391
71388
71375
71369
71367
71341
71332
71328
71326
71324
71317
71310
71308
71303
71300
71289
71282
71259
71253
71247
71241
71229
71228
71214
71203
71201
71200
71195
71193
71178
71167
71167
71165
71165
71164
71164
71163
71159
71151
71142
71137
71133
71127
71108
71107
71104
71098
71091
71086
71080
71073
71060
71060
71054
71043
71040
71032
71031
71016
70963
70954
70950
70948
70935
70923
70886
70882
70875
70868
70864
70857
70855
70853
70830
70830
70828
70808
70799
70788
70773
70773
70770
70766
70764
70759
70759
70755
70740
70736
70733
70731
70724
70722
70713
70702
70695
70686
70684
70684
70658
70648
70645
70627
70619
70619
70611
70610
70604
70590
70583
70577
70575
70572
70572
70569
70559
70556
70548
70540
70538
70520
70512
70500
70492
70489
70480
70478
70471
70465
70454
70452
70451
70444
70438
70429
70428
70426
70410
70395
70388
70368
70367
70358
70355
70354
70348
70345
70338
70323
70319
70304
70302
70297
70294
70289
70278
70274
70267
70266
70260
70252
70241
70229
70227
70221
70212
70200
70185
70182
70164
70154
70145
70144
70136
70129
70093
70080
70077
70074
70074
70067
70061
70057
70057
70042
70025
70008
69991
69978
69966
69962
69958
69955
69951
69950
69942
69939
69908
69907
69900
69898
69886
69884
69868
69862
69862
69854
69844
69836
69818
69817
69809
69802
69799
69793
69791
69788
69780
69761
69757
69735
69727
69726
69724
69721
69712
69704
69701
69686
69686
69658
69654
69634
69631
69627
69617
69607
69606
69599
69596
69581
69580
69569
69529
69519
69515
69514
69502
69501
69497
69482
69481
69473
69468
69466
69465
69465
69463
69462
69448
69446
69444
69443
69424
69420
69419
69407
69405
69403
69392
69391
69390
69367
69360
69352
69349
69348
69346
69342
69335
69329
69310
69305
69304
69298
69297
69292
69287
69278
69277
69267
69262
69254
69250
69248
69238
69231
69225
69223
69219
69193
69191
69185
69184
69179
69167
69147
69135
69127
69117
69115
69114
69104
69097
69070
69069
69067
69047
69037
69034
69028
69025
69020
69019
69017
69004
69002
68966
68963
68961
68957
68955
68950
68947
68941
68937
68935
68929
68921
68921
68907
68906
68905
68900
68891
68891
68889
68879
68863
68863
68861
68857
68845
68837
68818
68812
68811
68800
68798
68797
68791
68777
68764
68763
68758
68751
68741
68741
68741
68712
68692
68664
68650
68647
68646
68643
68639
68637
68622
68622
68621
68618
68613
68608
68607
68589
68567
68567
68567
68565
68564
68560
68555
68551
68549
68547
68545
68545
68543
68541
68538
68530
68526
68524
68501
68497
68496
68486
68483
68478
68471
68456
68440
68435
68432
68415
68412
68411
68405
68396
68389
68381
68379
68378
68375
68355
68351
68351
68336
68332
68332
68316
68310
68278
68269
68260
68256
68245
68242
68236
68234
68232
68231
68221
68199
68191
68189
68188
68184
68184
68184
68182
68177
68174
68167
68162
68149
68145
68144
68137
68134
68104
68100
68078
68059
68056
68055
68053
68048
68043
68017
68012
68007
67993
67992
67992
67987
67986
67986
67961
67956
67952
67947
67940
67932
67922
67917
67910
67895
67894
67889
67876
67871
67871
67859
67831
67827
67825
67810
67809
67805
67798
67781
67778
67768
67766
67764
67756
67756
67747
67730
67717
67717
67710
67707
67700
67695
67694
67685
67680
67674
67669
67664
67663
67658
67657
67656
67653
67646
67637
67629
67627
67627
67624
67622
67615
67607
67602
67595
67592
67586
67584
67567
67567
67553
67534
67530
67525
67507
67503
67498
67490
67490
67487
67486
67468
67467
67465
67449
67446
67442
67437
67427
67427
67424
67416
67410
67404
67385
67385
67385
67384
67382
67371
67371
67361
67336
67329
67328
67324
67316
67308
67301
67292
67288
67282
67276
67268
67256
67254
67246
67245
67242
67240
67237
67237
67230
67216
67214
67208
67204
67202
67202
67199
67192
67189
67169
67156
67154
67151
67141
67122
67117
67105
67104
67099
67098
67090
67085
67079
67067
67045
67039
67035
67023
67006
67006
66999
66998
66995
66994
66990
66986
66986
66980
66977
66963
66945
66927
66911
66908
66906
66899
66888
66879
66878
66875
66868
66855
66840
66839
66838
66804
66798
66797
66789
66781
66757
66751
66750
66738
66723
66723
66721
66716
66699
66694
66678
66665
66662
66660
66656
66650
66613
66609
66600
66596
66589
66581
66578
66564
66564
66559
66553
66544
66530
66518
66517
66507
66499
66497
66487
66479
66475
66473
66469
66468
66457
66451
66432
66425
66412
66400
66382
66378
66377
66363
66325
66319
66315
66314
66312
66309
66305
66304
66297
66290
66282
66279
66276
66275
66261
66248
66241
66221
66216
66212
66211
66211
66206
66199
66172
66168
66162
66153
66152
66152
66143
66141
66140
66128
66125
66120
66119
66114
66113
66112
66111
66080
66078
66071
66068
66063
66056
66050
66042
66036
66020
66009
66007
66002
65990
65986
65978
65973
65963
65963
65960
65948
65947
65936
65936
65927
65925
65924
65921
65913
65904
65901
65899
65894
65892
65891
65890
65883
65868
65866
65853
65834
65821
65808
65802
65798
65796
65764
65763
65760
65755
65749
65747
65746
65745
65739
65736
65733
65706
65704
65700
65700
65700
65696
65696
65689
65687
65682
65662
65642
65629
65627
65627
65624
65611
65610
65601
65593
65587
65580
65570
65560
65559
65558
65554
65552
65549
65542
65535
65530
65529
65526
65526
65515
65514
65505
65495
65486
65485
65471
65435
65434
65429
65426
65421
65411
65397
65393
65383
65376
65371
65367
65360
65358
65357
65346
65345
65340
65338
65336
65336
65334
65334
65325
65322
65312
65310
65298
65292
65290
65281
65280
65277
65277
65276
65275
65273
65256
65256
65255
65252
65252
65236
65233
65215
65209
65207
65206
65180
65167
65155
65149
65134
65128
65127
65119
65105
65104
65093
65081
65068
65062
65062
65062
65061
65053
65053
65040
65039
65037
65037
65034
65031
65029
65025
65009
64998
64989
64969
64965
64957
64955
64954
64939
64937
64934
64908
64893
64881
64878
64875
64860
64823
64821
64808
64799
64798
64792
64791
64786
64782
64777
64771
64760
64756
64748
64736
64731
64731
64727
64723
64719
64709
64707
64685
64676
64673
64672
64670
64668
64665
64650
64647
64644
64641
64638
64629
64627
64617
64617
64616
64614
64598
64597
64596
64594
64592
64590
64588
64586
64582
64575
64555
64555
64547
64547
64546
64543
64542
64542
64530
64526
64517
64515
64488
64485
64481
64470
64456
64452
64450
64437
64437
64436
64423
64414
64412
64409
64408
64404
64400
64394
64390
64382
64382
64376
64362
64355
64354
64346
64334
64323
64321
64319
64317
64302
64296
64283
64283
64264
64252
64251
64247
64244
64239
64237
64227
64218
64215
64214
64203
64202
64198
64198
64195
64190
64188
64185
64179
64170
64170
64162
64161
64148
64143
64142
64133
64128
64122
64117
64110
64106
64094
64093
64093
64084
64074
64047
64042
64041
64037
64034
64022
64012
64008
64008
64000
63987
63980
63975
63973
63972
63971
63970
63967
63966
63962
63960
63945
63941
63939
63938
63929
63929
63928
63923
63908
63889
63887
63885
63881
63876
63872
63871
63870
63868
63863
63855
63852
63792
63780
63771
63766
63764
63761
63748
63745
63743
63742
63733
63733
63722
63719
63718
63710
63706
63705
63697
63687
63683
63675
63664
63658
63658
63650
63649
63629
63628
63627
63621
63621
63609
63604
63601
63585
63581
63578
63576
63573
63571
63565
63553
63552
63543
63539
63538
63537
63531
63525
63521
63518
63517
63512
63508
63507
63500
63494
63491
63487
63478
63465
63461
63456
63452
63432
63425
63423
63400
63396
63396
63376
63370
63368
63364
63362
63356
63353
63350
63327
63317
63315
63299
63289
63276
63268
63262
63254
63251
63200
63197
63188
63180
63178
63177
63176
63175
63172
63170
63168
63167
63161
63157
63150
63142
63131
63126
63122
63115
63111
63109
63103
63103
63097
63094
63091
63086
63076
63072
63063
63057
63043
63042
63030
63027
63019
63019
63018
63018
63016
63007
62997
62997
62984
62983
62983
62968
62968
62952
62937
62927
62910
62900
62897
62895
62891
62885
62881
62869
62859
62850
62847
62841
62826
62820
62816
62816
62815
62809
62809
62803
62801
62787
62786
62781
62777
62774
62771
62761
62760
62758
62753
62752
62752
62750
62749
62746
62740
62734
62733
62733
62726
62719
62707
62706
62698
62690
62682
62682
62678
62669
62667
62666
62658
62650
62637
62631
62630
62628
62628
62627
62624
62623
62622
62591
62590
62587
62586
62580
62572
62568
62562
62551
62549
62545
62545
62537
62533
62521
62513
62508
62507
62503
62496
62496
62495
62494
62483
62476
62476
62471
62449
62442
62433
62426
62417
62409
62395
62388
62384
62376
62374
62371
62371
62345
62344
62339
62335
62331
62321
62305
62301
62300
62289
62270
62252
62249
62246
62238
62231
62228
62223
62217
62216
62215
62196
62195
62192
62179
62174
62155
62151
62145
62127
62119
62117
62115
62098
62077
62070
62068
62068
62065
62060
62030
62025
62018
62017
62013
62002
62002
61997
61967
61963
61959
61956
61948
61931
61924
61905
61899
61882
61870
61842
61834
61812
61807
61807
61791
61786
61784
61778
61757
61750
61749
61727
61726
61723
61715
61710
61702
61693
61688
61678
61668
61664
61656
61655
61653
61648
61640
61640
61639
61637
61636
61629
61627
61625
61623
61615
61609
61594
61587
61587
61579
61572
61569
61562
61556
61553
61539
61538
61533
61531
61530
61525
61505
61504
61499
61497
61477
61475
61469
61463
61458
61454
61454
61450
61438
61436
61435
61421
61420
61406
61405
61394
61391
61378
61371
61365
61365
61363
61348
61343
61342
61334
61325
61319
61303
61299
61299
61295
61290
61284
61278
61276
61273
61266
61260
61257
61251
61247
61244
61244
61237
61230
61208
61203
61198
61175
61154
61153
61141
61136
61117
61117
61111
61111
61106
61106
61105
61102
61100
61099
61093
61093
61092
61089
61084
61076
61075
61074
61073
61066
61052
61045
61034
61022
61021
61011
61010
61001
60997
60997
60996
60995
60986
60980
60972
60966
60952
60952
60940
60939
60937
60937
60906
60903
60896
60896
60894
60889
60886
60876
60872
60872
60852
60827
60812
60811
60809
60791
60787
60782
60780
60755
60746
60704
60701
60697
60696
60688
60687
60679
60671
60664
60653
60650
60644
60643
60643
60643
60632
60617
60609
60601
60601
60598
60592
60592
60591
60589
60588
60588
60581
60560
60558
60554
60550
60534
60525
60513
60505
60505
60475
60470
60469
60433
60432
60414
60406
60405
60403
60402
60397
60379
60376
60368
60358
60357
60351
60348
60344
60336
60307
60305
60290
60283
60268
60267
60264
60259
60252
60250
60249
60248
60247
60244
60242
60233
60232
60225
60220
60216
60211
60209
60203
60188
60174
60169
60168
60139
60136
60129
60121
60111
60110
60098
60094
60086
60071
60068
60038
60035
60033
60033
60032
60028
60014
60001
59982
59979
59978
59959
59953
59948
59939
59936
59935
59933
59927
59923
59904
59888
59882
59881
59876
59872
59870
59869
59869
59868
59863
59862
59862
59839
59807
59804
59797
59795
59786
59782
59776
59773
59769
59763
59750
59745
59737
59732
59732
59714
59714
59705
59701
59698
59697
59693
59691
59670
59668
59667
59658
59653
59651
59649
59649
59648
59644
59641
59627
59624
59622
59610
59607
59602
59601
59599
59598
59582
59556
59528
59519
59507
59501
59498
59491
59488
59486
59464
59457
59453
59444
59440
59425
59421
59420
59416
59411
59400
59400
59390
59387
59387
59384
59370
59369
59368
59339
59328
59311
59311
59311
59306
59298
59296
59281
59277
59268
59263
59260
59248
59233
59230
59219
59215
59215
59204
59201
59182
59170
59166
59151
59143
59130
59129
59121
59120
59117
59116
59103
59091
59089
59084
59076
59067
59064
59063
59055
59047
59044
59039
59034
59027
59026
59025
59012
59010
59004
58999
58992
58980
58974
58973
58969
58963
58955
58953
58951
58940
58923
58919
58917
58906
58881
58874
58871
58864
58858
58848
58847
58832
58821
58817
58817
58810
58800
58799
58788
58781
58778
58764
58759
58752
58750
58743
58740
58720
58701
58699
58695
58691
58687
58681
58679
58675
58675
58667
58667
58661
58655
58650
58647
58629
58616
58605
58598
58588
58576
58574
58574
58568
58564
58561
58548
58542
58536
58528
58509
58504
58503
58499
58497
58486
58482
58473
58462
58460
58455
58451
58450
58417
58414
58409
58399
58395
58392
58390
58371
58362
58360
58349
58348
58337
58337
58330
58330
58328
58326
58322
58313
58313
58306
58306
58305
58295
58291
58287
58280
58276
58269
58257
58238
58236
58230
58230
58226
58221
58217
58203
58197
58195
58180
58172
58170
58162
58161
58160
58141
58131
58123
58113
58098
58093
58087
58083
58082
58072
58056
58042
58028
58018
57988
57968
57968
57967
57963
57954
57954
57948
57947
57943
57939
57938
57935
57932
57927
57913
57906
57901
57894
57893
57891
57891
57878
57869
57865
57865
57860
57854
57854
57847
57826
57825
57819
57813
57812
57811
57809
57804
57802
57801
57788
57785
57775
57773
57773
57772
57769
57751
57745
57736
57715
57713
57710
57691
57684
57684
57683
57678
57672
57671
57670
57665
57665
57653
57639
57629
57629
57627
57626
57620
57618
57608
57601
57600
57590
57585
57568
57540
57534
57530
57510
57506
57499
57491
57490
57478
57474
57473
57465
57459
57455
57453
57442
57440
57435
57434
57417
57390
57387
57382
57381
57380
57373
57367
57350
57350
57347
57345
57339
57338
57333
57323
57313
57309
57308
57288
57265
57258
57252
57250
57246
57238
57228
57227
57226
57223
57222
57222
57220
57205
57203
57202
57187
57179
57167
57160
57142
57133
57124
57115
57103
57090
57088
57086
57085
57082
57078
57077
57072
57066
57064
57064
57058
57039
57039
57013
56986
56985
56981
56969
56969
56963
56962
56957
56957
56957
56955
56949
56948
56934
56932
56921
56919
56917
56913
56911
56909
56906
56902
56885
56883
56882
56871
56856
56851
56825
56820
56814
56809
56802
56799
56794
56791
56779
56776
56776
56773
56773
56772
56755
56753
56747
56739
56732
56731
56730
56730
56717
56717
56709
56704
56703
56684
56677
56672
56666
56656
56654
56641
56633
56621
56620
56619
56618
56613
56605
56604
56583
56581
56567
56562
56560
56542
56539
56532
56524
56520
56515
56515
56514
56510
56509
56508
56506
56495
56489
56482
56459
56437
56434
56430
56411
56411
56410
56409
56409
56406
56405
56399
56395
56389
56386
56377
56342
56327
56321
56316
56296
56290
56287
56273
56262
56256
56255
56248
56245
56236
56232
56224
56223
56218
56218
56208
56203
56193
56192
56191
56190
56173
56172
56171
56155
56137
56129
56127
56123
56112
56107
56098
56092
56081
56073
56071
56063
56062
56045
56044
56037
56036
56032
56026
56026
56025
56021
56018
56017
56008
56007
56004
55995
55983
55974
55974
55952
55944
55938
55936
55933
55931
55927
55916
55914
55904
55904
55903
55903
55896
55885
55882
55877
55872
55870
55868
55866
55861
55859
55854
55851
55848
55845
55845
55828
55827
55827
55826
55817
55814
55814
55798
55793
55782
55780
55772
55758
55752
55750
55746
55733
55725
55722
55721
55721
55706
55698
55689
55677
55671
55671
55667
55655
55645
55640
55627
55624
55619
55607
55602
55587
55586
55582
55568
55565
55564
55563
55551
55524
55522
55521
55504
55499
55487
55487
55483
55478
55476
55472
55469
55463
55458
55456
55436
55435
55431
55422
55414
55405
55397
55395
55386
55385
55353
55343
55329
55323
55294
55291
55279
55279
55275
55274
55274
55270
55234
55228
55228
55225
55221
55199
55191
55191
55189
55184
55176
55171
55165
55158
55148
55142
55142
55138
55128
55117
55116
55104
55099
55093
55090
55069
55063
55060
55055
55053
55052
55051
55048
55045
55014
55012
55009
55006
55004
54997
54990
54978
54976
54973
54973
54958
54951
54950
54948
54943
54942
54936
54936
54933
54931
54920
54918
54903
54896
54881
54881
54865
54852
54850
54847
54840
54823
54817
54810
54809
54808
54799
54796
54794
54792
54779
54774
54773
54763
54757
54757
54756
54752
54745
54740
54738
54732
54722
54715
54711
54707
54701
54694
54693
54683
54680
54651
54647
54641
54635
54632
54630
54626
54624
54616
54603
54603
54596
54591
54588
54555
54548
54541
54540
54535
54518
54516
54508
54488
54482
54482
54479
54467
54465
54464
54447
54447
54440
54420
54401
54399
54397
54394
54382
54359
54349
54349
54337
54336
54335
54334
54331
54323
54315
54313
54306
54286
54284
54275
54274
54270
54264
54263
54259
54256
54251
54241
54235
54233
54232
54226
54215
54206
54204
54203
54183
54161
54159
54158
54150
54146
54138
54115
54097
54092
54091
54088
54076
54076
54072
54067
54066
54050
54050
54048
54042
54023
54021
54017
54009
53999
53997
53987
53985
53983
53983
53973
53972
53968
53967
53966
53960
53957
53948
53940
53935
53928
53924
53908
53907
53868
53866
53853
53851
53841
53833
53825
53818
53809
53793
53791
53779
53775
53759
53754
53747
53747
53729
53708
53705
53694
53680
53671
53665
53661
53661
53659
53636
53608
53608
53601
53600
53599
53590
53587
53585
53583
53576
53569
53559
53555
53553
53548
53547
53536
53531
53522
53520
53520
53518
53505
53505
53500
53497
53488
53487
53482
53481
53458
53456
53444
53440
53440
53432
53427
53420
53416
53413
53411
53403
53402
53400
53392
53383
53383
53378
53377
53376
53373
53367
53366
53344
53343
53342
53336
53327
53327
53323
53315
53314
53297
53292
53284
53281
53272
53253
53250
53250
53245
53240
53236
53230
53228
53225
53209
53188
53183
53182
53179
53178
53178
53177
53156
53145
53143
53132
53125
53118
53117
53117
53110
53110
53101
53076
53070
53070
53067
53058
53057
53054
53054
53051
53048
53044
53042
53033
53030
53025
53022
53012
53006
53000
53000
52987
52979
52959
52949
52944
52942
52932
52923
52915
52914
52911
52902
52895
52888
52887
52880
52876
52874
52872
52855
52855
52840
52839
52834
52806
52784
52778
52772
52767
52763
52751
52751
52747
52740
52739
52736
52735
52733
52725
52716
52716
52715
52714
52707
52701
52690
52690
52683
52682
52681
52680
52678
52674
52674
52660
52659
52658
52656
52655
52643
52639
52637
52635
52630
52621
52619
52615
52611
52602
52601
52598
52571
52569
52563
52545
52525
52525
52525
52515
52496
52495
52490
52483
52479
52477
52472
52464
52464
52462
52460
52458
52458
52452
52451
52443
52426
52414
52413
52399
52388
52387
52378
52370
52367
52367
52360
52345
52338
52331
52316
52311
52299
52297
52293
52281
52280
52279
52271
52267
52255
52250
52249
52249
52248
52247
52244
52243
52232
52228
52222
52215
52214
52212
52209
52195
52187
52183
52175
52172
52170
52162
52158
52150
52139
52125
52118
52105
52103
52103
52094
52090
52083
52071
52071
52067
52065
52056
52052
52043
52035
52034
52032
52023
52013
52009
52000
51995
51990
51985
51984
51983
51982
51980
51973
51960
51942
51922
51920
51900
51895
51894
51894
51893
51890
51883
51881
51870
51867
51864
51854
51852
51843
51839
51832
51830
51822
51813
51800
51788
51783
51782
51775
51766
51745
51744
51737
51720
51716
51706
51701
51690
51683
51682
51672
51664
51649
51642
51640
51626
51625
51595
51588
51584
51580
51569
51566
51566
51565
51550
51547
51547
51543
51539
51525
51513
51509
51508
51508
51504
51501
51501
51493
51483
51483
51473
51472
51465
51423
51421
51420
51378
51369
51349
51342
51334
51331
51328
51327
51315
51307
51296
51289
51283
51283
51272
51272
51263
51254
51251
51240
51237
51230
51223
51218
51217
51212
51196
51195
51190
51181
51180
51178
51168
51164
51153
51147
51127
51123
51120
51118
51117
51093
51085
51085
51067
51066
51064
51043
51040
51035
51013
51010
50999
50998
50998
50990
50984
50982
50977
50970
50967
50960
50958
50949
50937
50937
50934
50933
50925
50924
50921
50918
50910
50909
50906
50900
50899
50897
50890
50883
50881
50881
50879
50873
50864
50860
50851
50837
50832
50827
50825
50809
50806
50801
50793
50792
50791
50775
50771
50768
50764
50762
50755
50731
50716
50714
50714
50710
50705
50668
50659
50658
50644
50638
50631
50627
50624
50618
50615
50610
50610
50607
50587
50586
50579
50577
50576
50566
50554
50536
50535
50524
50524
50518
50518
50511
50505
50503
50497
50496
50490
50486
50475
50473
50471
50460
50442
50438
50432
50432
50422
50420
50397
50375
50370
50358
50355
50354
50352
50351
50342
50334
50333
50329
50319
50318
50311
50309
50286
50285
50283
50279
50278
50276
50276
50269
50268
50253
50238
50232
50210
50208
50205
50201
50198
50196
50194
50194
50192
50178
50166
50154
50154
50150
50146
50140
50117
50101
50094
50091
50086
50071
50068
50057
50027
50006
49995
49989
49977
49973
49964
49957
49950
49937
49936
49924
49911
49910
49910
49907
49906
49898
49898
49891
49889
49868
49856
49837
49798
49798
49798
49792
49788
49788
49784
49784
49773
49771
49769
49769
49765
49763
49750
49740
49730
49728
49724
49719
49706
49704
49692
49673
49665
49661
49659
49652
49646
49614
49605
49588
49574
49572
49571
49569
49561
49559
49553
49547
49542
49540
49538
49534
49528
49524
49524
49519
49518
49517
49511
49511
49506
49506
49489
49489
49478
49477
49475
49473
49464
49453
49451
49446
49437
49437
49434
49426
49418
49410
49398
49397
49392
49391
49389
49384
49374
49347
49346
49345
49339
49327
49322
49317
49314
49314
49306
49302
49298
49285
49283
49261
49252
49247
49233
49232
49228
49228
49226
49213
49205
49199
49198
49189
49180
49173
49168
49164
49146
49133
49124
49121
49120
49117
49112
49112
49109
49105
49105
49104
49102
49101
49090
49085
49084
49083
49074
49059
49053
49032
49030
49025
49015
49012
49008
48988
48982
48980
48977
48965
48962
48961
48949
48931
48914
48892
48886
48873
48873
48860
48858
48857
48855
48837
48836
48826
48824
48818
48816
48816
48816
48775
48775
48772
48770
48763
48751
48751
48749
48746
48728
48728
48726
48718
48712
48712
48705
48693
48685
48680
48680
48675
48659
48657
48647
48642
48630
48619
48614
48611
48605
48596
48582
48576
48550
48542
48540
48519
48515
48501
48494
48492
48486
48481
48480
48448
48441
48426
48420
48410
48409
48408
48387
48384
48384
48384
48372
48370
48366
48365
48365
48363
48355
48354
48350
48331
48298
48294
48293
48291
48291
48283
48278
48264
48250
48240
48240
48235
48234
48226
48226
48223
48221
48220
48220
48169
48168
48167
48160
48145
48142
48141
48140
48137
48135
48135
48130
48128
48127
48097
48089
48085
48084
48081
48079
48061
48061
48056
48054
48053
48049
48045
48043
48035
48033
48022
48010
47999
47992
47985
47979
47964
47963
47944
47941
47939
47937
47917
47908
47905
47899
47897
47889
47879
47876
47873
47872
47870
47866
47862
47848
47844
47844
47829
47828
47772
47770
47756
47743
47737
47733
47722
47711
47702
47698
47695
47689
47675
47666
47663
47657
47655
47627
47624
47614
47611
47606
47602
47599
47596
47580
47580
47578
47565
47561
47542
47541
47537
47534
47516
47515
47514
47514
47510
47507
47503
47501
47493
47490
47486
47484
47471
47465
47465
47458
47453
47430
47411
47409
47408
47408
47359
47359
47336
47332
47308
47304
47295
47285
47269
47258
47258
47245
47243
47234
47233
47220
47218
47216
47213
47209
47202
47201
47191
47186
47185
47182
47173
47173
47154
47151
47149
47141
47132
47126
47118
47118
47115
47111
47109
47101
47099
47093
47093
47090
47086
47079
47070
47060
47054
47035
47028
47012
47006
47000
46994
46994
46988
46984
46979
46962
46948
46942
46941
46939
46933
46933
46922
46922
46919
46917
46904
46901
46898
46886
46883
46872
46866
46861
46857
46854
46846
46837
46828
46827
46821
46816
46815
46804
46801
46777
46773
46762
46751
46743
46733
46728
46728
46722
46719
46712
46703
46683
46678
46673
46664
46662
46657
46655
46641
46639
46621
46615
46609
46606
46601
46599
46597
46591
46579
46578
46575
46567
46563
46560
46554
46553
46539
46525
46524
46523
46521
46509
46508
46493
46472
46464
46460
46449
46439
46436
46426
46411
46385
46369
46363
46361
46346
46346
46342
46336
46328
46312
46290
46288
46273
46270
46266
46261
46254
46247
46244
46206
46202
46186
46181
46179
46173
46171
46169
46157
46155
46154
46153
46150
46143
46139
46135
46121
46111
46107
46101
46093
46086
46081
46068
46065
46059
46058
46057
46026
46022
46014
46009
46002
46001
45991
45985
45982
45980
45977
45975
45973
45970
45968
45967
45964
45952
45940
45939
45933
45926
45918
45918
45911
45906
45904
45902
45902
45897
45891
45891
45890
45888
45881
45876
45867
45866
45865
45857
45856
45855
45846
45840
45839
45831
45831
45827
45825
45822
45817
45806
45802
45790
45786
45782
45775
45761
45759
45746
45744
45738
45737
45735
45726
45724
45721
45712
45709
45691
45687
45681
45670
45649
45647
45644
45625
45617
45611
45598
45583
45582
45577
45577
45555
45554
45549
45547
45544
45544
45537
45535
45529
45522
45522
45502
45498
45493
45487
45485
45469
45467
45463
45463
45444
45435
45424
45422
45420
45412
45403
45366
45360
45356
45349
45346
45322
45320
45318
45317
45314
45310
45300
45300
45294
45281
45276
45271
45268
45268
45260
45259
45258
45254
45253
45242
45234
45227
45216
45200
45199
45194
45183
45180
45178
45177
45177
45173
45167
45159
45158
45156
45156
45149
45149
45140
45140
45127
45122
45120
45108
45105
45100
45099
45093
45092
45090
45088
45073
45069
45058
45054
45037
45031
45027
45023
45002
44997
44996
44993
44987
44980
44976
44974
44974
44970
44947
44939
44929
44909
44902
44890
44880
44878
44860
44856
44845
44843
44830
44829
44822
44818
44818
44807
44804
44799
44797
44795
44788
44774
44749
44742
44741
44740
44737
44720
44717
44714
44713
44711
44689
44686
44673
44665
44665
44658
44648
44636
44626
44610
44606
44600
44591
44590
44583
44577
44574
44570
44566
44564
44563
44549
44545
44541
44537
44527
44515
44507
44483
44467
44466
44461
44442
44441
44437
44428
44425
44408
44396
44381
44378
44346
44343
44333
44317
44306
44305
44281
44271
44263
44262
44262
44262
44260
44259
44255
44254
44244
44221
44219
44218
44216
44216
44206
44202
44198
44175
44172
44151
44148
44143
44129
44129
44124
44123
44115
44090
44085
44080
44080
44080
44070
44067
44066
44063
44045
44039
44031
44030
44020
44014
44006
44006
44005
44005
44003
44001
43998
43989
43983
43981
43967
43966
43944
43929
43919
43916
43894
43891
43891
43890
43887
43872
43870
43870
43855
43849
43847
43845
43845
43838
43838
43837
43835
43834
43830
43814
43807
43804
43795
43794
43792
43789
43777
43774
43765
43762
43761
43760
43756
43753
43753
43741
43738
43732
43730
43727
43724
43715
43715
43712
43712
43702
43701
43701
43699
43684
43676
43673
43670
43662
43657
43651
43650
43625
43623
43619
43611
43605
43605
43600
43595
43595
43592
43585
43582
43571
43567
43551
43538
43535
43525
43522
43517
43515
43505
43504
43503
43481
43479
43471
43470
43433
43418
43417
43417
43411
43408
43405
43401
43394
43379
43374
43367
43350
43346
43345
43344
43343
43332
43332
43321
43319
43314
43312
43311
43310
43295
43281
43278
43278
43277
43277
43276
43274
43257
43254
43253
43247
43230
43227
43220
43219
43212
43209
43206
43206
43203
43202
43199
43199
43199
43193
43186
43180
43170
43154
43141
43120
43117
43116
43105
43102
43090
43086
43054
43036
43036
43036
43033
43033
43019
43004
42995
42991
42991
42983
42976
42967
42963
42962
42961
42953
42936
42912
42906
42900
42889
42888
42886
42869
42862
42819
42811
42807
42787
42757
42754
42745
42742
42733
42733
42727
42713
42711
42702
42698
42697
42696
42685
42684
42681
42679
42678
42664
42657
42657
42650
42642
42641
42625
42622
42607
42605
42597
42594
42558
42555
42554
42549
42544
42539
42538
42529
42527
42518
42512
42510
42506
42504
42494
42461
42458
42458
42457
42442
42433
42431
42411
42409
42397
42396
42391
42391
42391
42389
42389
42382
42368
42357
42351
42345
42329
42329
42320
42314
42303
42297
42292
42281
42279
42269
42267
42266
42259
42252
42246
42244
42228
42223
42221
42217
42216
42203
42199
42196
42195
42190
42187
42175
42174
42160
42150
42143
42143
42137
42135
42128
42125
42117
42115
42112
42108
42108
42104
42081
42077
42059
42049
42045
42043
42042
42039
42039
42038
42038
42022
42021
42019
42010
42004
41999
41999
41994
41989
41972
41968
41964
41959
41938
41925
41917
41917
41907
41905
41903
41882
41878
41877
41868
41858
41847
41802
41794
41788
41780
41779
41776
41775
41746
41708
41703
41699
41686
41685
41678
41673
41672
41662
41652
41647
41636
41632
41631
41629
41622
41621
41615
41596
41588
41576
41572
41568
41556
41554
41554
41554
41552
41545
41541
41528
41525
41522
41516
41515
41504
41498
41490
41464
41463
41462
41437
41426
41425
41415
41411
41409
41403
41394
41384
41379
41376
41375
41366
41364
41349
41336
41330
41320
41308
41302
41299
41295
41293
41286
41281
41272
41268
41265
41252
41249
41248
41234
41216
41210
41162
41161
41147
41133
41113
41103
41086
41075
41070
41065
41038
41038
41036
41032
41027
41004
41001
40991
40985
40979
40977
40957
40957
40946
40945
40945
40926
40924
40923
40905
40904
40903
40902
40900
40891
40868
40862
40858
40857
40852
40849
40848
40841
40836
40826
40810
40808
40796
40793
40792
40792
40791
40783
40772
40769
40752
40739
40739
40730
40703
40699
40695
40695
40695
40694
40689
40680
40666
40657
40655
40646
40630
40622
40616
40613
40557
40549
40544
40527
40520
40516
40513
40509
40508
40506
40497
40493
40490
40485
40478
40477
40468
40452
40451
40444
40443
40440
40425
40420
40419
40418
40415
40406
40400
40399
40394
40392
40388
40385
40384
40380
40373
40357
40352
40350
40347
40328
40327
40321
40321
40319
40319
40319
40304
40283
40281
40277
40256
40255
40245
40226
40225
40215
40215
40214
40212
40211
40209
40195
40179
40170
40170
40166
40165
40163
40160
40147
40143
40133
40133
40124
40123
40107
40104
40093
40091
40088
40083
40066
40062
40056
40038
40014
40011
40006
39998
39988
39984
39963
39956
39954
39953
39927
39923
39921
39913
39904
39903
39893
39891
39888
39887
39861
39847
39819
39812
39810
39809
39773
39772
39771
39766
39758
39747
39728
39721
39716
39712
39710
39706
39687
39642
39635
39633
39624
39604
39602
39596
39592
39590
39577
39573
39562
39562
39562
39561
39557
39543
39539
39534
39532
39529
39528
39523
39523
39523
39512
39505
39505
39503
39500
39484
39484
39483
39474
39468
39459
39458
39446
39420
39414
39411
39410
39405
39395
39389
39381
39380
39376
39359
39346
39322
39321
39320
39319
39318
39312
39301
39266
39263
39256
39247
39244
39241
39229
39229
39218
39216
39213
39206
39196
39179
39175
39173
39173
39163
39145
39138
39124
39116
39113
39112
39097
39086
39085
39083
39081
39072
39069
39046
39039
39037
39036
39036
39035
39026
39025
39017
39016
39015
39013
39006
39004
39001
38998
38998
38992
38991
38989
38977
38969
38942
38932
38932
38911
38892
38888
38885
38866
38863
38862
38855
38852
38852
38842
38837
38831
38830
38824
38805
38798
38795
38794
38793
38785
38782
38781
38764
38761
38755
38746
38743
38742
38724
38706
38699
38698
38691
38687
38683
38678
38669
38666
38658
38656
38646
38642
38634
38631
38625
38624
38623
38621
38612
38604
38601
38598
38591
38582
38578
38574
38565
38545
38545
38529
38529
38511
38505
38499
38493
38487
38485
38480
38477
38474
38462
38458
38452
38447
38446
38417
38417
38413
38406
38370
38368
38352
38350
38343
38340
38340
38338
38311
38305
38299
38285
38283
38270
38259
38258
38257
38252
38239
38238
38235
38234
38229
38215
38214
38213
38211
38207
38201
38201
38198
38185
38184
38169
38168
38164
38161
38160
38159
38153
38132
38127
38122
38109
38106
38101
38079
38077
38071
38050
38031
38028
38009
38007
38006
38003
37997
37996
37981
37966
37966
37966
37962
37956
37949
37936
37930
37928
37914
37901
37898
37879
37873
37862
37860
37851
37845
37844
37838
37836
37830
37825
37825
37813
37792
37789
37788
37787
37783
37767
37762
37754
37741
37739
37736
37723
37722
37719
37703
37694
37688
37651
37643
37642
37637
37636
37635
37610
37601
37590
37587
37585
37583
37577
37574
37568
37563
37558
37554
37552
37541
37540
37539
37532
37517
37513
37510
37510
37504
37493
37478
37475
37474
37438
37436
37420
37412
37410
37405
37385
37385
37382
37381
37378
37358
37347
37339
37337
37320
37311
37309
37304
37304
37297
37277
37272
37263
37256
37251
37246
37242
37240
37239
37238
37223
37211
37206
37202
37191
37183
37181
37181
37173
37157
37156
37150
37143
37135
37123
37109
37106
37105
37104
37090
37087
37071
37071
37066
37036
37031
37028
37021
37018
37017
37016
36991
36969
36965
36957
36956
36955
36955
36949
36945
36944
36940
36931
36931
36922
36911
36904
36904
36886
36886
36874
36872
36865
36862
36862
36854
36853
36846
36835
36824
36817
36814
36805
36802
36797
36796
36787
36784
36782
36779
36776
36775
36762
36761
36758
36752
36749
36749
36737
36736
36735
36730
36729
36714
36714
36714
36711
36708
36708
36707
36686
36681
36672
36663
36652
36651
36643
36632
36631
36627
36622
36620
36601
36589
36570
36567
36560
36549
36543
36530
36522
36510
36501
36491
36487
36473
36472
36469
36466
36462
36455
36445
36443
36436
36434
36434
36432
36431
36429
36426
36414
36413
36411
36410
36402
36401
36397
36395
36382
36374
36366
36362
36361
36344
36337
36317
36316
36294
36294
36281
36268
36250
36243
36224
36224
36223
36210
36200
36196
36192
36191
36191
36188
36177
36175
36160
36159
36150
36150
36146
36133
36126
36118
36117
36114
36112
36109
36102
36088
36073
36072
36069
36055
36042
36039
36036
36034
36029
36025
36014
36000
35997
35995
35991
35991
35975
35973
35972
35972
35962
35954
35940
35928
35927
35916
35914
35907
35907
35904
35902
35900
35899
35892
35890
35887
35887
35885
35882
35879
35866
35862
35850
35833
35832
35832
35827
35811
35808
35807
35805
35799
35792
35789
35786
35782
35767
35739
35735
35734
35729
35726
35704
35703
35701
35697
35694
35694
35689
35670
35661
35660
35658
35652
35645
35644
35642
35639
35630
35623
35597
35595
35574
35574
35568
35560
35545
35527
35512
35512
35509
35507
35504
35497
35496
35485
35469
35453
35452
35451
35444
35425
35422
35418
35415
35401
35397
35371
35370
35352
35326
35325
35324
35320
35281
35277
35276
35263
35261
35261
35252
35246
35242
35240
35216
35204
35182
35180
35168
35164
35159
35156
35156
35144
35144
35113
35110
35106
35056
35052
35050
35041
35035
35029
35027
35018
35012
35006
35004
34975
34943
34937
34932
34928
34906
34902
34901
34887
34872
34864
34858
34848
34845
34839
34836
34820
34811
34789
34783
34774
34772
34761
34756
34755
34747
34743
34741
34728
34722
34714
34713
34712
34690
34681
34664
34659
34646
34634
34626
34618
34614
34612
34604
34602
34601
34596
34591
34589
34583
34574
34573
34569
34555
34553
34544
34537
34535
34522
34520
34510
34506
34504
34494
34493
34475
34475
34466
34458
34456
34454
34438
34412
34406
34392
34384
34376
34367
34338
34332
34328
34327
34326
34316
34314
34312
34308
34304
34297
34287
34276
34266
34265
34258
34255
34252
34245
34235
34217
34202
34199
34198
34196
34190
34189
34181
34170
34169
34155
34153
34150
34149
34144
34142
34139
34127
34121
34121
34120
34117
34108
34105
34104
34099
34097
34092
34077
34074
34067
34064
34055
34049
34044
34043
34033
34017
34013
34012
34011
34009
34008
33995
33984
33976
33970
33942
33934
33919
33902
33901
33896
33896
33893
33865
33860
33856
33853
33848
33845
33833
33830
33816
33816
33803
33793
33787
33787
33780
33777
33774
33769
33767
33767
33764
33763
33751
33744
33736
33736
33726
33721
33705
33702
33698
33688
33683
33674
33672
33666
33666
33665
33652
33651
33645
33638
33637
33609
33609
33607
33600
33594
33576
33576
33572
33572
33566
33563
33562
33562
33559
33556
33550
33542
33532
33530
33522
33518
33517
33509
33506
33505
33505
33474
33472
33463
33459
33438
33435
33425
33401
33392
33385
33384
33338
33327
33311
33307
33294
33293
33282
33279
33274
33265
33263
33258
33254
33246
33239
33217
33216
33207
33207
33202
33197
33184
33166
33161
33149
33136
33130
33099
33097
33083
33064
33057
33047
33041
33037
33037
33036
33034
33029
33026
32996
32995
32993
32989
32983
32979
32948
32947
32942
32931
32924
32895
32889
32888
32886
32882
32874
32873
32872
32871
32866
32860
32836
32834
32834
32833
32833
32811
32807
32796
32790
32784
32778
32768
32767
32767
32764
32759
32733
32730
32725
32718
32707
32697
32686
32680
32679
32668
32666
32651
32647
32644
32630
32629
32617
32606
32594
32593
32584
32581
32579
32574
32571
32567
32566
32554
32540
32538
32533
32533
32531
32524
32523
32522
32516
32508
32505
32500
32497
32486
32482
32482
32480
32477
32475
32465
32460
32457
32450
32445
32435
32416
32414
32406
32406
32405
32386
32373
32359
32358
32355
32342
32336
32332
32330
32324
32311
32304
32290
32286
32279
32277
32275
32268
32255
32251
32246
32242
32231
32231
32222
32222
32220
32213
32199
32197
32191
32186
32183
32176
32174
32151
32146
32134
32126
32125
32117
32112
32073
32059
32055
32055
32050
32041
32041
32039
32037
32006
31999
31996
31987
31964
31942
31938
31933
31924
31923
31889
31875
31875
31869
31858
31844
31838
31833
31816
31793
31790
31789
31786
31784
31776
31768
31763
31761
31760
31756
31752
31748
31748
31746
31740
31733
31731
31726
31715
31712
31703
31693
31693
31685
31674
31668
31664
31645
31642
31632
31629
31617
31606
31601
31600
31597
31581
31579
31578
31577
31572
31570
31566
31536
31535
31525
31513
31503
31497
31493
31492
31484
31472
31466
31465
31441
31438
31434
31428
31420
31400
31396
31384
31379
31372
31368
31368
31363
31352
31344
31342
31332
31325
31321
31311
31310
31302
31300
31295
31293
31285
31283
31273
31272
31270
31263
31260
31252
31251
31239
31232
31228
31227
31224
31218
31214
31185
31184
31184
31171
31164
31159
31147
31137
31135
31123
31122
31121
31107
31105
31096
31086
31084
31073
31061
31061
31057
31054
31048
31046
31037
31008
31003
30985
30981
30980
30959
30954
30953
30948
30939
30934
30934
30934
30922
30917
30916
30915
30909
30899
30891
30882
30875
30858
30854
30851
30848
30834
30832
30801
30791
30783
30780
30765
30761
30759
30756
30750
30748
30738
30731
30721
30721
30706
30701
30687
30674
30661
30661
30661
30658
30653
30653
30651
30640
30627
30617
30610
30599
30588
30586
30573
30567
30553
30539
30535
30532
30528
30525
30515
30513
30510
30504
30499
30494
30486
30485
30485
30474
30473
30472
30463
30460
30451
30449
30448
30412
30409
30391
30390
30389
30381
30361
30358
30339
30325
30309
30302
30301
30300
30298
30296
30292
30286
30284
30276
30262
30253
30250
30250
30240
30238
30232
30223
30216
30213
30211
30208
30208
30203
30201
30185
30181
30181
30177
30174
30173
30168
30158
30158
30156
30153
30129
30128
30110
30107
30102
30100
30098
30086
30084
30081
30080
30076
30053
30044
30034
30028
30024
30018
30016
30010
30010
30004
30003
29999
29998
29994
29993
29990
29964
29962
29957
29957
29954
29936
29935
29923
29912
29912
29908
29906
29875
29867
29866
29864
29859
29844
29823
29820
29812
29805
29803
29802
29802
29793
29792
29782
29782
29777
29762
29727
29703
29700
29698
29689
29686
29682
29669
29648
29643
29641
29634
29628
29619
29607
29599
29593
29588
29571
29567
29562
29555
29541
29529
29524
29523
29511
29508
29506
29505
29501
29488
29425
29425
29413
29411
29399
29379
29379
29374
29358
29351
29350
29346
29345
29344
29344
29342
29338
29331
29326
29317
29300
29294
29287
29277
29276
29242
29237
29236
29231
29227
29224
29214
29208
29205
29198
29197
29191
29188
29186
29186
29183
29179
29171
29168
29151
29145
29144
29144
29143
29141
29137
29133
29132
29124
29119
29094
29091
29087
29061
29054
29049
29048
29038
29031
29027
29025
29007
29005
29004
28992
28985
28982
28977
28969
28963
28963
28935
28927
28923
28922
28916
28909
28900
28898
28896
28887
28886
28878
28872
28865
28858
28854
28853
28830
28816
28813
28812
28806
28804
28798
28798
28795
28787
28773
28773
28757
28736
28732
28729
28726
28726
28705
28703
28694
28693
28691
28684
28680
28675
28665
28664
28663
28638
28635
28633
28623
28612
28606
28601
28599
28597
28589
28585
28582
28579
28576
28570
28570
28563
28560
28546
28529
28519
28516
28504
28491
28490
28484
28469
28468
28467
28455
28452
28446
28433
28431
28417
28417
28408
28405
28397
28394
28381
28380
28374
28370
28365
28355
28351
28351
28349
28330
28328
28327
28325
28321
28315
28299
28294
28277
28273
28271
28267
28262
28259
28250
28246
28239
28232
28224
28220
28212
28208
28198
28194
28188
28175
28172
28166
28164
28162
28158
28146
28141
28116
28103
28099
28094
28088
28084
28080
28065
28060
28057
28054
28053
28052
28046
28043
28040
28038
28028
28017
28015
27997
27994
27993
27993
27990
27985
27984
27980
27975
27963
27953
27947
27945
27945
27945
27927
27923
27921
27920
27916
27914
27908
27898
27896
27893
27890
27885
27881
27870
27863
27861
27854
27853
27848
27839
27823
27812
27801
27797
27794
27787
27783
27780
27760
27759
27748
27746
27733
27711
27704
27693
27681
27680
27656
27655
27644
27642
27638
27637
27615
27615
27604
27598
27585
27584
27582
27582
27577
27568
27564
27547
27542
27536
27525
27520
27519
27507
27507
27507
27505
27503
27488
27471
27468
27460
27454
27454
27438
27438
27437
27426
27418
27412
27404
27399
27380
27379
27375
27358
27352
27351
27344
27326
27324
27322
27322
27318
27318
27318
27304
27282
27256
27249
27238
27234
27233
27226
27224
27222
27218
27215
27189
27187
27174
27164
27157
27155
27152
27124
27109
27108
27105
27093
27089
27075
27068
27047
27038
27037
27034
27034
27031
27025
27024
27020
26994
26990
26990
26983
26968
26967
26947
26946
26942
26937
26936
26933
26928
26920
26915
26914
26907
26897
26887
26875
26874
26869
26865
26863
26853
26850
26848
26844
26839
26839
26831
26830
26828
26825
26816
26815
26792
26790
26787
26784
26757
26755
26721
26712
26709
26700
26699
26689
26668
26666
26665
26656
26651
26630
26627
26622
26612
26611
26609
26608
26604
26602
26597
26591
26587
26583
26579
26578
26577
26577
26577
26572
26572
26555
26554
26547
26539
26537
26529
26526
26521
26517
26511
26502
26499
26483
26479
26474
26469
26460
26456
26443
26442
26438
26423
26423
26420
26412
26411
26395
26388
26384
26374
26363
26360
26357
26355
26353
26352
26344
26341
26336
26334
26327
26323
26315
26312
26293
26291
26286
26276
26268
26268
26268
26261
26259
26251
26250
26245
26243
26237
26231
26229
26214
26214
26208
26201
26194
26191
26187
26170
26168
26168
26138
26129
26126
26124
26122
26103
26100
26095
26063
26057
26041
26040
26039
26024
26019
26008
25990
25971
25967
25965
25964
25949
25943
25937
25936
25933
25933
25932
25926
25922
25919
25919
25915
25911
25902
25894
25889
25889
25884
25884
25872
25838
25837
25832
25830
25825
25815
25812
25806
25803
25802
25791
25780
25778
25774
25770
25765
25763
25763
25760
25755
25743
25740
25730
25724
25718
25713
25711
25705
25661
25659
25656
25654
25652
25638
25637
25637
25636
25635
25626
25617
25616
25612
25608
25606
25604
25590
25586
25586
25584
25577
25577
25575
25572
25566
25548
25532
25529
25528
25527
25525
25509
25506
25497
25494
25485
25481
25475
25471
25466
25463
25457
25453
25445
25430
25427
25426
25426
25423
25423
25406
25398
25393
25391
25390
25383
25376
25358
25358
25348
25347
25347
25322
25320
25320
25308
25291
25283
25277
25274
25270
25270
25266
25262
25258
25257
25257
25249
25218
25216
25214
25210
25208
25207
25205
25202
25183
25182
25173
25168
25168
25164
25156
25149
25137
25133
25109
25092
25077
25069
25058
25057
25051
25046
25044
25044
25033
25027
25024
25021
25008
25001
24993
24993
24988
24977
24954
24953
24949
24941
24933
24928
24928
24920
24913
24902
24900
24899
24898
24892
24879
24876
24868
24864
24856
24856
24854
24851
24837
24834
24833
24825
24824
24821
24820
24813
24811
24797
24785
24778
24773
24773
24755
24744
24733
24732
24720
24717
24711
24709
24703
24695
24688
24679
24671
24665
24656
24655
24654
24653
24648
24645
24641
24618
24617
24606
24592
24585
24584
24573
24555
24541
24541
24532
24528
24528
24523
24519
24516
24514
24509
24509
24507
24498
24495
24488
24471
24450
24450
24443
24434
24429
24425
24413
24409
24405
24404
24402
24394
24392
24387
24377
24367
24365
24361
24351
24346
24341
24337
24331
24313
24301
24298
24297
24295
24279
24278
24268
24261
24257
24232
24226
24225
24225
24217
24213
24206
24202
24200
24184
24183
24180
24176
24159
24156
24138
24138
24124
24118
24113
24106
24105
24086
24085
24085
24084
24067
24062
24055
24050
24046
24044
24044
24041
24036
24014
24005
24002
24001
23999
23997
23985
23984
23972
23965
23948
23939
23934
23926
23926
23924
23917
23916
23903
23901
23900
23899
23895
23893
23888
23886
23886
23885
23875
23864
23862
23860
23828
23824
23818
23817
23811
23810
23800
23799
23797
23793
23780
23768
23745
23737
23702
23697
23695
23695
23688
23687
23681
23680
23679
23677
23675
23674
23672
23663
23656
23649
23641
23620
23619
23617
23615
23601
23601
23599
23584
23580
23570
23565
23554
23549
23544
23539
23538
23538
23529
23518
23516
23514
23508
23508
23507
23506
23499
23497
23496
23488
23480
23467
23453
23453
23443
23442
23437
23429
23425
23424
23422
23411
23411
23410
23408
23407
23407
23406
23404
23393
23387
23386
23374
23369
23369
23357
23345
23344
23325
23318
23308
23307
23300
23298
23297
23294
23265
23237
23235
23219
23203
23197
23182
23177
23166
23153
23145
23144
23131
23119
23107
23085
23066
23060
23059
23055
23046
23045
23040
23034
23033
23028
23013
23008
22998
22987
22976
22970
22969
22966
22955
22954
22948
22941
22941
22939
22937
22936
22923
22922
22922
22916
22911
22910
22908
22898
22889
22879
22873
22869
22867
22863
22862
22857
22856
22849
22849
22845
22845
22827
22823
22815
22811
22809
22802
22797
22797
22796
22788
22778
22775
22771
22768
22761
22756
22753
22745
22740
22739
22723
22713
22707
22704
22704
22694
22679
22679
22675
22659
22657
22648
22643
22633
22610
22606
22592
22562
22552
22552
22551
22551
22551
22549
22540
22535
22534
22532
22526
22516
22516
22510
22510
22510
22509
22507
22501
22474
22470
22468
22461
22460
22458
22454
22431
22420
22412
22407
22396
22390
22388
22376
22374
22368
22367
22365
22363
22357
22357
22349
22327
22312
22304
22284
22282
22280
22278
22255
22250
22247
22238
22228
22227
22226
22223
22218
22218
22211
22167
22161
22158
22157
22147
22146
22141
22141
22132
22129
22126
22126
22118
22109
22108
22108
22105
22102
22100
22095
22090
22083
22076
22075
22066
22064
22058
22052
22047
22026
22019
22004
21989
21988
21968
21960
21951
21947
21940
21930
21926
21926
21915
21911
21907
21907
21905
21903
21902
21900
21899
21899
21889
21875
21872
21867
21865
21847
21831
21828
21825
21819
21814
21808
21791
21780
21758
21739
21736
21736
21725
21718
21710
21705
21702
21697
21696
21691
21683
21678
21677
21676
21661
21657
21636
21633
21631
21625
21624
21620
21619
21619
21612
21609
21607
21591
21582
21571
21564
21523
21518
21513
21512
21494
21486
21482
21454
21448
21441
21433
21424
21422
21416
21413
21412
21410
21406
21396
21395
21392
21392
21390
21388
21387
21376
21372
21371
21361
21349
21336
21331
21329
21304
21296
21282
21279
21270
21266
21258
21256
21254
21246
21241
21226
21223
21212
21203
21198
21198
21196
21191
21180
21171
21160
21157
21139
21138
21137
21137
21134
21121
21119
21117
21111
21105
21104
21102
21092
21079
21078
21076
21068
21064
21051
21034
21031
21012
21008
21005
21000
20996
20992
20977
20972
20965
20957
20956
20954
20950
20941
20929
20919
20914
20914
20903
20895
20892
20891
20884
20883
20877
20864
20849
20844
20839
20836
20823
20817
20785
20783
20783
20776
20776
20767
20766
20762
20757
20754
20750
20739
20736
20732
20730
20729
20725
20714
20714
20709
20706
20686
20681
20675
20674
20657
20657
20643
20627
20623
20620
20610
20595
20594
20593
20590
20588
20586
20585
20585
20583
20582
20578
20576
20549
20547
20536
20532
20531
20524
20513
20509
20493
20487
20478
20475
20473
20470
20453
20452
20451
20433
20428
20426
20415
20411
20397
20394
20389
20386
20383
20382
20372
20357
20353
20350
20344
20340
20335
20330
20330
20304
20286
20283
20277
20266
20263
20259
20257
20256
20242
20229
20228
20226
20211
20192
20183
20181
20168
20156
20153
20150
20137
20128
20126
20115
20109
20105
20092
20088
20088
20087
20079
20079
20072
20071
20058
20052
20049
20048
20047
20046
20039
20038
20036
20030
20019
20015
20012
20006
20000
19990
19989
19982
19982
19971
19968
19965
19962
19950
19948
19918
19917
19912
19908
19906
19902
19901
19886
19881
19865
19863
19858
19848
19831
19828
19821
19821
19811
19806
19805
19799
19794
19790
19768
19765
19764
19762
19757
19756
19744
19731
19729
19725
19717
19706
19706
19700
19697
19681
19679
19672
19669
19663
19657
19643
19641
19640
19632
19631
19608
19601
19600
19598
19597
19590
19588
19586
19580
19573
19570
19565
19547
19540
19538
19526
19479
19468
19460
19451
19447
19447
19445
19445
19445
19441
19431
19423
19421
19419
19404
19400
19400
19394
19389
19387
19384
19377
19376
19367
19365
19358
19353
19345
19329
19316
19315
19312
19305
19300
19295
19294
19290
19289
19282
19276
19267
19252
19233
19222
19203
19203
19200
19194
19184
19182
19173
19170
19169
19168
19144
19143
19141
19141
19135
19132
19104
19103
19099
19098
19088
19086
19077
19075
19068
19064
19058
19058
19056
19056
19055
19051
19046
19043
19040
19036
19020
19004
19002
18987
18986
18976
18957
18947
18944
18930
18922
18917
18916
18913
18908
18892
18887
18887
18885
18880
18878
18877
18869
18866
18862
18861
18859
18838
18834
18832
18830
18826
18819
18813
18805
18790
18787
18781
18769
18768
18764
18757
18753
18744
18743
18737
18736
18713
18704
18700
18697
18696
18694
18692
18690
18687
18685
18673
18667
18663
18662
18656
18650
18649
18645
18641
18639
18633
18626
18587
18582
18579
18573
18568
18567
18551
18547
18547
18545
18544
18537
18530
18512
18496
18496
18491
18490
18484
18478
18475
18472
18453
18453
18452
18451
18448
18432
18429
18426
18424
18420
18410
18407
18406
18398
18391
18389
18387
18386
18380
18379
18373
18373
18372
18344
18335
18327
18324
18320
18316
18315
18308
18303
18300
18295
18283
18279
18260
18251
18238
18236
18236
18225
18223
18210
18205
18200
18196
18195
18195
18174
18169
18168
18166
18162
18158
18155
18151
18150
18110
18088
18084
18082
18078
18077
18076
18062
18052
18041
18041
18029
18012
18009
18008
18000
17996
17977
17966
17958
17953
17935
17932
17930
17929
17927
17925
17909
17886
17882
17843
17835
17822
17822
17798
17795
17794
17788
17771
17771
17750
17740
17728
17714
17712
17679
17674
17666
17664
17655
17653
17652
17625
17615
17613
17613
17610
17608
17604
17594
17584
17583
17582
17582
17577
17543
17541
17535
17532
17527
17522
17516
17516
17500
17497
17497
17497
17489
17480
17478
17473
17469
17468
17465
17460
17458
17453
17453
17439
17437
17421
17420
17415
17407
17400
17399
17398
17380
17370
17351
17347
17336
17327
17323
17315
17277
17275
17273
17270
17262
17252
17250
17248
17240
17237
17237
17231
17222
17222
17216
17207
17202
17199
17186
17176
17175
17167
17159
17159
17158
17149
17141
17139
17132
17131
17114
17104
17097
17092
17092
17085
17081
17081
17080
17072
17067
17055
17053
17050
17038
17036
17029
17024
17016
17011
17007
16992
16989
16988
16978
16977
16974
16972
16963
16956
16951
16948
16947
16920
16918
16909
16900
16899
16890
16888
16885
16873
16873
16866
16859
16857
16856
16854
16850
16849
16837
16837
16832
16827
16826
16819
16814
16812
16789
16780
16779
16775
16765
16762
16762
16760
16757
16744
16735
16729
16728
16723
16723
16720
16716
16713
16706
16695
16686
16685
16682
16677
16675
16661
16658
16655
16651
16650
16649
16646
16640
16635
16634
16629
16628
16616
16610
16606
16599
16591
16589
16585
16566
16563
16561
16554
16545
16544
16543
16532
16531
16526
16521
16514
16513
16504
16501
16493
16472
16469
16467
16455
16455
16446
16445
16435
16424
16421
16418
16413
16411
16408
16406
16395
16390
16389
16386
16381
16364
16340
16328
16327
16315
16300
16297
16293
16287
16277
16274
16272
16272
16261
16260
16260
16250
16242
16229
16227
16222
16216
16205
16200
16198
16193
16191
16187
16185
16184
16178
16171
16166
16156
16152
16138
16132
16130
16129
16126
16122
16117
16116
16106
16099
16089
16078
16063
16059
16044
16031
16031
16022
16022
16013
16004
15985
15985
15979
15978
15963
15960
15954
15941
15941
15937
15936
15934
15931
15928
15911
15904
15903
15902
15898
15896
15888
15877
15872
15871
15857
15850
15847
15847
15847
15845
15836
15836
15827
15827
15823
15815
15808
15806
15806
15806
15805
15797
15793
15788
15783
15771
15764
15748
15729
15718
15717
15715
15714
15702
15702
15685
15681
15675
15673
15670
15666
15660
15658
15656
15651
15631
15630
15623
15620
15619
15612
15611
15577
15564
15562
15555
15543
15539
15531
15531
15522
15510
15510
15505
15502
15501
15494
15492
15491
15491
15490
15471
15471
15464
15461
15458
15452
15447
15429
15428
15427
15426
15425
15424
15421
15416
15413
15413
15411
15410
15403
15386
15378
15378
15371
15363
15360
15356
15352
15349
15326
15322
15314
15309
15309
15308
15307
15292
15290
15286
15285
15279
15258
15256
15256
15254
15254
15248
15248
15215
15201
15194
15192
15191
15188
15188
15184
15183
15180
15165
15161
15141
15136
15136
15133
15133
15132
15130
15128
15127
15125
15119
15113
15103
15092
15086
15076
15063
15045
15040
15036
15026
15020
15009
15007
15002
14996
14990
14981
14977
14976
14956
14939
14932
14926
14921
14919
14912
14911
14903
14902
14894
14894
14891
14882
14872
14866
14826
14824
14813
14812
14808
14798
14781
14777
14768
14748
14747
14745
14734
14733
14730
14726
14718
14716
14715
14708
14705
14704
14697
14695
14692
14688
14678
14677
14674
14674
14662
14662
14655
14650
14643
14636
14632
14619
14618
14615
14608
14591
14585
14577
14576
14575
14571
14558
14555
14537
14532
14527
14517
14511
14495
14488
14481
14481
14472
14470
14448
14445
14443
14431
14430
14429
14421
14415
14411
14410
14402
14395
14390
14390
14389
14387
14385
14364
14358
14354
14351
14347
14338
14333
14333
14315
14287
14287
14274
14266
14266
14256
14254
14240
14240
14237
14231
14226
14216
14215
14213
14210
14205
14204
14195
14192
14180
14178
14175
14163
14161
14160
14155
14145
14135
14134
14127
14117
14110
14106
14088
14087
14074
14071
14070
14051
14045
14044
14044
14039
14034
14026
14024
14021
14006
13995
13986
13978
13975
13970
13965
13957
13950
13946
13944
13933
13922
13919
13883
13883
13874
13871
13861
13856
13836
13825
13821
13799
13782
13772
13769
13756
13755
13750
13739
13733
13730
13728
13727
13726
13723
13721
13712
13707
13703
13701
13699
13697
13697
13679
13669
13669
13663
13654
13644
13636
13632
13627
13623
13620
13619
13612
13591
13588
13586
13581
13574
13570
13565
13557
13549
13542
13539
13536
13531
13523
13522
13521
13512
13510
13498
13490
13478
13477
13472
13459
13446
13442
13441
13433
13409
13393
13379
13378
13378
13365
13347
13344
13344
13333
13327
13319
13318
13300
13287
13275
13268
13259
13258
13248
13245
13242
13239
13212
13205
13196
13186
13182
13174
13173
13169
13161
13160
13160
13144
13143
13141
13137
13116
13112
13111
13095
13094
13091
13091
13079
13076
13075
13074
13063
13056
13052
13052
13050
13045
13038
13038
13038
13023
13021
13014
13006
13006
13001
13000
12997
12976
12970
12968
12967
12953
12939
12935
12920
12917
12910
12902
12899
12883
12881
12869
12860
12860
12856
12855
12854
12851
12849
12848
12847
12827
12827
12823
12822
12813
12811
12791
12782
12778
12776
12765
12764
12761
12751
12738
12738
12731
12719
12715
12711
12711
12704
12704
12702
12689
12687
12686
12684
12681
12674
12666
12662
12643
12633
12622
12622
12617
12604
12599
12590
12565
12565
12565
12559
12544
12543
12540
12540
12537
12532
12527
12521
12517
12514
12512
12507
12506
12493
12488
12488
12487
12478
12475
12460
12454
12451
12439
12426
12405
12398
12396
12392
12391
12378
12372
12371
12364
12362
12358
12348
12345
12324
12319
12295
12291
12291
12289
12287
12279
12277
12268
12268
12265
12255
12248
12243
12240
12236
12217
12211
12203
12198
12185
12173
12172
12171
12153
12146
12137
12128
12120
12109
12107
12097
12088
12085
12061
12049
12024
12023
12021
12013
12008
12000
11998
11993
11991
11988
11987
11986
11978
11978
11965
11941
11931
11922
11912
11910
11908
11901
11900
11882
11880
11876
11870
11865
11859
11858
11857
11854
11849
11848
11843
11830
11826
11826
11825
11823
11815
11813
11804
11802
11795
11789
11769
11769
11767
11751
11747
11740
11729
11729
11729
11720
11719
11718
11714
11712
11709
11708
11698
11690
11683
11680
11667
11662
11660
11656
11653
11652
11648
11647
11640
11632
11618
11610
11603
11593
11582
11581
11570
11570
11568
11566
11559
11555
11552
11534
11519
11509
11508
11495
11488
11484
11483
11476
11464
11442
11442
11437
11435
11434
11434
11427
11425
11421
11420
11413
11413
11412
11408
11398
11389
11374
11364
11361
11355
11353
11352
11346
11320
11309
11309
11308
11304
11302
11300
11278
11265
11265
11264
11248
11242
11226
11225
11214
11210
11210
11199
11190
11174
11170
11167
11158
11152
11147
11145
11144
11132
11130
11125
11121
11120
11120
11110
11104
11101
11100
11098
11092
11085
11081
11080
11076
11058
11058
11057
11033
11015
11008
11002
11000
10997
10990
10983
10980
10968
10953
10952
10950
10942
10940
10925
10911
10906
10905
10903
10888
10883
10881
10872
10872
10867
10864
10861
10847
10837
10836
10831
10826
10826
10826
10818
10816
10804
10803
10801
10796
10792
10772
10763
10752
10741
10739
10739
10735
10732
10707
10690
10680
10660
10659
10656
10652
10644
10644
10643
10643
10638
10628
10626
10625
10620
10605
10599
10596
10582
10572
10569
10568
10565
10563
10560
10557
10553
10553
10543
10541
10529
10528
10520
10515
10515
10512
10499
10487
10484
10484
10477
10462
10462
10452
10434
10434
10434
10428
10421
10414
10414
10408
10408
10392
10391
10366
10364
10363
10362
10362
10360
10355
10353
10351
10348
10344
10334
10327
10322
10318
10316
10285
10283
10277
10272
10264
10255
10251
10250
10249
10247
10244
10235
10235
10228
10225
10214
10214
10196
10192
10184
10177
10176
10175
10173
10172
10172
10159
10157
10151
10139
10138
10131
10121
10109
10108
10103
10097
10095
10092
10091
10083
10065
10063
10063
10048
10040
10030
10010
10007
9984
9982
9978
9973
9969
9966
9954
9942
9941
9919
9914
9909
9876
9872
9870
9867
9864
9858
9848
9831
9821
9814
9807
9805
9798
9790
9783
9782
9779
9779
9776
9773
9770
9759
9756
9755
9747
9732
9732
9730
9725
9705
9696
9683
9656
9651
9646
9644
9638
9636
9632
9631
9630
9630
9623
9619
9619
9612
9610
9608
9601
9601
9588
9572
9567
9564
9554
9553
9539
9531
9526
9525
9508
9505
9500
9481
9479
9474
9470
9469
9468
9458
9451
9449
9437
9422
9417
9417
9395
9393
9388
9387
9380
9364
9357
9352
9344
9343
9338
9333
9327
9313
9311
9311
9307
9305
9304
9301
9293
9286
9283
9265
9262
9260
9253
9252
9241
9234
9227
9226
9213
9213
9204
9195
9192
9190
9179
9175
9174
9173
9170
9169
9154
9149
9133
9128
9121
9112
9111
9102
9100
9098
9085
9083
9082
9077
9074
9073
9068
9057
9041
9038
9023
9015
9014
9006
9001
9001
8999
8998
8983
8980
8975
8963
8963
8955
8938
8933
8914
8911
8899
8891
8884
8857
8856
8855
8837
8819
8814
8808
8806
8804
8802
8800
8797
8793
8786
8776
8767
8746
8740
8726
8722
8722
8709
8706
8704
8697
8693
8693
8685
8679
8657
8654
8650
8649
8639
8607
8607
8604
8581
8577
8555
8548
8544
8535
8515
8510
8495
8487
8485
8480
8478
8452
8447
8433
8430
8416
8398
8384
8374
8372
8346
8343
8334
8325
8322
8314
8311
8309
8294
8288
8286
8283
8270
8262
8259
8259
8250
8235
8206
8204
8198
8194
8193
8193
8189
8177
8173
8172
8165
8157
8132
8111
8075
8058
8054
8050
8044
8031
8026
7990
7985
7985
7976
7976
7973
7960
7958
7950
7943
7928
7927
7925
7904
7878
7877
7866
7846
7845
7842
7825
7820
7817
7816
7815
7808
7807
7782
7776
7775
7774
7771
7763
7737
7730
7728
7725
7719
7714
7702
7701
7693
7686
7683
7666
7658
7653
7648
7646
7637
7633
7627
7624
7616
7615
7609
7607
7603
7602
7602
7601
7591
7588
7556
7549
7544
7537
7523
7517
7510
7499
7494
7456
7456
7446
7444
7440
7431
7429
7425
7414
7413
7408
7403
7403
7399
7388
7386
7386
7379
7364
7362
7350
7343
7332
7324
7300
7295
7290
7275
7274
7259
7257
7255
7240
7229
7227
7217
7211
7204
7184
7184
7183
7175
7172
7169
7166
7164
7163
7160
7158
7157
7132
7109
7108
7106
7101
7085
7082
7081
7077
7063
7059
7052
7047
7042
7036
7023
7022
7018
7016
7016
7015
7010
6996
6991
6987
6986
6985
6984
6979
6977
6968
6966
6965
6960
6949
6949
6934
6926
6925
6923
6887
6878
6871
6867
6858
6849
6843
6830
6826
6825
6820
6812
6807
6790
6783
6782
6769
6751
6750
6750
6730
6722
6720
6711
6697
6695
6687
6685
6677
6654
6647
6636
6632
6617
6613
6613
6603
6591
6589
6584
6584
6582
6578
6568
6539
6538
6523
6494
6476
6470
6464
6462
6460
6457
6454
6445
6439
6436
6434
6392
6391
6387
6379
6378
6375
6367
6366
6356
6341
6337
6331
6314
6312
6309
6307
6296
6290
6289
6282
6279
6266
6265
6262
6260
6256
6255
6202
6195
6191
6179
6154
6142
6140
6132
6126
6123
6119
6118
6117
6101
6095
6089
6088
6083
6054
6049
6047
6044
6039
6039
6026
6026
6020
6004
6003
6001
5984
5976
5970
5970
5968
5964
5963
5960
5956
5949
5948
5932
5926
5922
5912
5911
5904
5902
5902
5898
5890
5883
5862
5849
5847
5834
5827
5825
5821
5819
5819
5806
5798
5793
5779
5747
5739
5738
5738
5734
5734
5733
5733
5721
5719
5717
5715
5683
5674
5664
5664
5655
5651
5649
5634
5633
5629
5624
5619
5608
5606
5589
5587
5562
5560
5549
5549
5547
5541
5534
5518
5481
5479
5473
5446
5426
5423
5419
5406
5403
5391
5389
5387
5387
5384
5383
5364
5361
5349
5348
5347
5344
5335
5335
5334
5331
5328
5322
5297
5292
5289
5273
5261
5258
5241
5241
5231
5228
5228
5222
5213
5201
5200
5197
5195
5193
5188
5188
5186
5182
5182
5175
5162
5156
5153
5135
5133
5131
5131
5130
5121
5116
5098
5091
5091
5080
5075
5071
5061
5057
5057
5055
5049
5040
5037
5035
5032
5023
5018
5008
5007
4990
4987
4985
4982
4973
4969
4967
4961
4956
4953
4952
4941
4931
4926
4921
4918
4917
4916
4908
4903
4896
4878
4875
4851
4845
4837
4832
4828
4826
4815
4811
4810
4806
4801
4795
4771
4771
4771
4768
4756
4746
4746
4743
4742
4739
4738
4735
4719
4717
4716
4702
4700
4697
4694
4692
4687
4664
4663
4663
4659
4652
4649
4648
4648
4630
4630
4620
4610
4610
4601
4600
4598
4585
4583
4582
4573
4566
4560
4557
4552
4548
4547
4546
4546
4542
4534
4528
4522
4520
4519
4518
4514
4511
4505
4487
4485
4473
4466
4461
4426
4422
4400
4390
4380
4362
4352
4345
4342
4327
4325
4322
4322
4317
4311
4279
4279
4277
4277
4275
4273
4266
4253
4251
4217
4216
4214
4205
4203
4199
4182
4176
4161
4158
4154
4151
4150
4145
4142
4135
4131
4127
4123
4123
4121
4118
4118
4114
4109
4109
4108
4106
4100
4097
4094
4084
4072
4054
4053
4044
4032
4030
4008
3987
3965
3963
3962
3960
3948
3947
3941
3938
3937
3935
3930
3930
3922
3909
3909
3903
3882
3876
3873
3866
3858
3854
3854
3847
3838
3834
3823
3819
3814
3813
3813
3780
3767
3757
3756
3751
3741
3741
3737
3732
3731
3730
3729
3727
3719
3704
3698
3698
3691
3689
3687
3676
3659
3615
3601
3595
3590
3586
3584
3576
3566
3562
3561
3559
3558
3552
3541
3539
3530
3528
3517
3499
3487
3474
3469
3466
3461
3455
3445
3445
3436
3433
3416
3407
3405
3398
3375
3355
3340
3331
3320
3315
3293
3287
3286
3280
3272
3267
3267
3266
3264
3261
3261
3258
3255
3249
3235
3221
3221
3217
3211
3194
3182
3174
3172
3163
3139
3101
3100
3096
3084
3081
3073
3070
3058
3049
3033
3030
3029
3028
2998
2997
2995
2979
2976
2973
2971
2971
2965
2954
2937
2934
2928
2924
2923
2918
2912
2903
2901
2893
2890
2888
2887
2886
2860
2860
2852
2844
2844
2837
2835
2825
2798
2779
2774
2771
2764
2763
2759
2748
2745
2741
2737
2737
2734
2734
2731
2728
2727
2724
2721
2718
2717
2715
2703
2693
2679
2668
2660
2659
2653
2646
2638
2637
2629
2629
2610
2608
2602
2594
2584
2582
2581
2579
2578
2577
2569
2560
2530
2529
2525
2521
2515
2507
2505
2501
2500
2498
2478
2477
2476
2466
2462
2446
2439
2438
2435
2433
2422
2417
2412
2410
2408
2402
2401
2380
2380
2377
2372
2368
2362
2354
2348
2346
2342
2341
2340
2335
2335
2317
2313
2306
2304
2289
2280
2279
2278
2278
2272
2263
2259
2254
2253
2252
2249
2245
2233
2219
2216
2213
2206
2200
2194
2186
2170
2169
2162
2156
2153
2128
2126
2121
2120
2112
2111
2097
2090
2072
2061
2060
2056
2050
2044
2039
2023
2023
2012
2001
1999
1998
1998
1981
1972
1971
1971
1968
1962
1943
1940
1937
1936
1931
1927
1923
1922
1916
1906
1905
1905
1896
1895
1889
1886
1881
1872
1868
1867
1862
1856
1853
1849
1844
1840
1838
1836
1832
1832
1823
1818
1816
1804
1795
1792
1785
1783
1776
1774
1771
1770
1753
1751
1747
1729
1718
1688
1681
1679
1671
1670
1668
1662
1655
1642
1637
1617
1610
1609
1601
1590
1589
1570
1560
1532
1523
1523
1517
1511
1497
1497
1494
1491
1490
1489
1486
1482
1474
1471
1461
1444
1444
1435
1435
1435
1427
1409
1409
1404
1404
1403
1400
1395
1385
1382
1373
1361
1355
1344
1320
1314
1313
1306
1298
1295
1295
1293
1293
1286
1282
1280
1279
1275
1273
1264
1263
1252
1250
1245
1244
1241
1240
1237
1234
1230
1228
1225
1225
1225
1224
1220
1217
1215
1214
1206
1205
1194
1189
1184
1177
1176
1173
1171
1167
1160
1159
1147
1142
1142
1135
1130
1129
1126
1125
1124
1124
1096
1088
1083
1082
1072
1069
1063
1061
1045
1043
1042
1039
1034
996
993
986
986
975
972
969
960
942
938
936
926
918
916
912
909
909
904
872
861
860
835
832
823
803
802
794
790
783
781
765
763
760
760
755
742
728
724
707
706
692
690
688
687
687
680
677
673
671
667
666
660
651
632
626
622
618
614
611
597
591
571
568
560
550
540
529
523
514
507
495
486
483
474
473
456
443
424
412
405
404
403
401
394
388
387
382
374
372
364
344
331
324
324
321
318
318
310
306
302
300
295
291
286
286
283
276
269
268
261
256
241
233
233
232
227
224
207
204
194
188
177
176
162
158
156
155
154
153
152
151
136
135
127
121
111
101
95
77
72
68
56
49
41
39
33
29
26
14
11
9
9
0
