16027
9431
7973
17686
3940
7271
9608
20344
14851
20609
5720
20850
10670
19376
21887
26968
24895
26220
4969
17107
11780
5186
19713
29001
3043
4296
9433
8656
24535
14850
18073
16914
24281
26046
4600
28221
9669
14209
24918
24520
11170
638
21722
28192
20014
13609
25161
21261
16181
6482
8369
27961
18020
4434
3314
21063
15082
12748
6071
9617
27598
24144
2884
28232
26542
7484
2805
6211
28045
27723
7083
15568
28362
5157
13760
24728
25118
15273
22342
11299
28107
711
9261
16128
11497
18927
13543
26579
1675
19615
12548
5626
20111
15432
10210
16654
29269
19367
29217
27314
17091
12653
12882
21805
17810
2995
22885
19281
18268
15227
580
16376
22290
16193
8856
3787
5121
22399
6718
13148
18366
25619
25126
8478
11051
5336
25132
16672
24704
24349
13987
18147
13354
3221
9952
7517
6216
2837
26798
837
24417
3730
23565
16707
19924
8773
26847
1397
1172
3565
14545
19539
29184
9672
28017
16588
21360
29501
3260
16064
202
17247
10563
13557
26821
20515
21074
9389
29705
17872
16578
24122
27954
10143
17181
24230
25268
14028
25627
26441
17594
16525
22332
23130
2549
26701
9718
23909
26202
12979
16326
2756
6578
26889
16313
9751
23757
13739
19141
29814
7963
5719
288
5918
22215
17469
148
17483
7850
25776
20276
25444
18653
12608
18574
27554
15661
4645
27815
18215
23976
14141
20972
554
17383
7285
10306
17492
27377
5799
23658
5340
11518
23946
11258
3733
17767
17759
27569
25617
19887
17845
27413
8540
6806
22340
6094
22467
26985
3909
10683
20961
24403
8007
27867
18138
21644
14525
5630
19021
20324
5640
24362
1843
29586
11972
11928
23705
29731
9497
25675
19618
3695
23088
28158
10501
15428
10604
9320
18765
20866
26355
16078
15269
4362
13946
9759
26007
28471
15389
15028
18796
27381
15742
26991
26967
27715
8919
27024
27446
24769
26577
26574
26564
26509
26506
26504
26495
26479
26468
26444
26441
26431
26429
26395
26391
26390
26387
26375
26372
26350
26345
26344
26344
26339
26338
26331
26329
26312
26310
26307
26298
26279
26263
26262
26262
26254
26252
26222
26222
26199
26195
26179
26169
26169
26169
26139
26136
26133
26132
26112
26111
26111
26099
26097
26094
26094
26091
26090
26076
26074
26057
26051
26045
26026
25998
25990
25986
25977
25974
25974
25971
25966
25954
25933
25917
25916
25914
25909
25897
25878
25873
25852
25843
25826
25825
25825
25810
25809
25798
25796
25789
25783
25778
25770
25755
25728
25720
25700
25697
25693
25678
25666
25660
25648
25642
25642
25635
25635
25618
25603
25594
25557
25553
25550
25548
25539
25535
25535
25519
25491
25490
25486
25456
25442
25423
25415
25407
25403
25370
25350
25325
25314
25309
25304
25293
25284
25271
25268
25264
25250
25241
25241
25235
25229
25228
25218
25216
25207
25191
25184
25159
25147
25141
25141
25139
25130
25127
25104
25099
25071
25044
25040
25013
25003
24984
24983
24973
24972
24957
24946
24935
24909
24906
24895
24888
24876
24862
24841
24841
24834
24831
24819
24808
24790
24788
24784
24776
24772
24759
24758
24754
24739
24730
24730
24721
24717
24716
24714
24710
24699
24693
24679
24653
24624
24621
24603
24594
24529
24529
24526
24518
24500
24499
24483
24476
24475
24456
24453
24452
24451
24434
24416
24411
24402
24400
24395
24376
24362
24329
24290
24280
24279
24277
24275
24271
24259
24245
24239
24209
24198
24197
24196
24183
24174
24163
24157
24155
24137
24134
24126
24115
24113
24094
24086
24074
24061
24060
24053
24050
24047
24036
24009
24007
23991
23975
23968
23961
23958
23934
23927
23898
23887
23887
23884
23882
23878
23871
23870
23862
23851
23843
23839
23831
23824
23819
23815
23813
23810
23808
23781
23764
23746
23737
23725
23704
23694
23692
23689
23684
23683
23666
23664
23656
23636
23621
23613
23608
23602
23598
23595
23580
23578
23577
23554
23553
23551
23549
23547
23532
23525
23503
23491
23477
23446
23445
23435
23405
23395
23377
23355
23351
23331
23324
23319
23311
23255
23253
23252
23244
23243
23242
23230
23226
23212
23208
23205
23182
23168
23168
23158
23153
23151
23145
23143
23140
23124
23122
23121
23103
23090
23088
23085
23072
23065
23059
23053
23053
23033
23020
23017
23004
23001
22998
22989
22961
22956
22931
22916
22906
22900
22868
22865
22864
22862
22855
22839
22809
22789
22783
22771
22764
22699
22697
22671
22669
22653
22643
22639
22624
22619
22606
22580
22573
22558
22554
22547
22546
22545
22541
22538
22531
22519
22513
22508
22506
22505
22503
22490
22487
22485
22482
22474
22445
22443
22427
22422
22418
22408
22395
22384
22348
22344
22343
22335
22323
22322
22318
22317
22305
22298
22296
22296
22292
22292
22267
22267
22251
22249
22236
22233
22231
22226
22225
22208
22175
22162
22162
22154
22129
22129
22113
22098
22084
22066
22052
22043
22036
22017
22009
22005
22000
21987
21983
21966
21965
21964
21949
21938
21928
21925
21911
21886
21885
21885
21879
21869
21867
21864
21847
21846
21817
21817
21801
21778
21758
21750
21750
21747
21744
21719
21699
21695
21680
21663
21651
21650
21647
21645
21616
21604
21596
21592
21564
21562
21524
21515
21493
21490
21488
21478
21458
21431
21424
21423
21398
21397
21386
21324
21315
21305
21304
21302
21274
21272
21270
21249
21244
21232
21229
21217
21210
21207
21194
21169
21129
21127
21125
21123
21109
21098
21079
21064
21048
21044
21034
21031
21031
21008
21004
20983
20982
20980
20972
20951
20943
20905
20904
20896
20896
20883
20877
20876
20868
20865
20858
20852
20848
20844
20844
20829
20817
20807
20806
20802
20781
20778
20775
20763
20751
20746
20743
20737
20730
20724
20723
20723
20717
20699
20690
20684
20683
20638
20599
20599
20593
20588
20583
20566
20555
20546
20542
20539
20530
20526
20522
20497
20496
20468
20457
20448
20441
20427
20414
20401
20389
20375
20364
20363
20348
20348
20328
20324
20287
20280
20274
20257
20252
20251
20250
20211
20202
20201
20194
20187
20185
20184
20175
20118
20112
20109
20103
20077
20077
20052
20049
20045
20044
20031
20016
20013
19999
19966
19961
19955
19939
19937
19933
19926
19918
19918
19907
19884
19876
19876
19864
19863
19846
19844
19833
19825
19824
19822
19811
19806
19799
19772
19753
19738
19736
19728
19719
19718
19712
19647
19639
19638
19617
19571
19564
19563
19548
19536
19522
19496
19473
19450
19442
19439
19412
19385
19366
19363
19349
19334
19325
19314
19313
19304
19298
19294
19291
19281
19271
19268
19232
19230
19228
19218
19166
19158
19151
19139
19136
19133
19114
19107
19105
19099
19089
19089
19077
19073
19069
19054
19051
19024
19023
18998
18997
18995
18994
18979
18969
18948
18936
18934
18926
18908
18898
18893
18875
18859
18852
18847
18833
18824
18824
18815
18814
18809
18809
18780
18768
18765
18760
18752
18737
18719
18697
18697
18680
18661
18654
18637
18630
18626
18614
18608
18593
18581
18578
18552
18544
18540
18536
18527
18515
18505
18494
18476
18474
18471
18464
18456
18454
18449
18448
18446
18441
18441
18416
18405
18405
18396
18390
18387
18382
18380
18373
18354
18354
18343
18326
18324
18323
18322
18317
18310
18303
18301
18299
18290
18283
18282
18276
18253
18216
18215
18206
18181
18181
18170
18169
18166
18161
18160
18160
18151
18148
18148
18121
18100
18092
18082
18077
18065
18061
18020
18012
18001
17997
17994
17988
17969
17963
17943
17921
17906
17897
17889
17868
17859
17851
17851
17817
17804
17799
17787
17782
17775
17765
17761
17745
17743
17737
17720
17710
17693
17669
17662
17651
17648
17647
17645
17611
17597
17596
17579
17575
17563
17562
17561
17555
17551
17542
17531
17517
17517
17504
17499
17492
17491
17491
17485
17477
17476
17475
17460
17454
17444
17414
17410
17400
17396
17393
17373
17363
17342
17339
17336
17330
17330
17323
17317
17311
17282
17260
17258
17253
17249
17234
17224
17222
17216
17212
17211
17208
17203
17192
17185
17167
17159
17157
17150
17145
17144
17133
17127
17096
17092
17080
17058
17048
17041
17020
17011
16988
16986
16948
16928
16925
16918
16917
16911
16904
16899
16892
16887
16871
16868
16863
16856
16841
16838
16825
16824
16805
16776
16776
16774
16759
16748
16740
16733
16724
16718
16718
16713
16710
16704
16685
16673
16655
16617
16606
16605
16602
16593
16589
16562
16561
16558
16556
16544
16526
16526
16483
16480
16479
16468
16461
16440
16435
16432
16429
16391
16375
16367
16359
16355
16353
16320
16302
16280
16263
16257
16250
16245
16243
16242
16242
16235
16235
16232
16229
16198
16198
16192
16185
16172
16167
16157
16154
16153
16147
16133
16111
16085
16079
16075
16064
16054
16047
16020
16005
15999
15987
15980
15950
15942
15937
15928
15924
15921
15901
15897
15882
15878
15878
15868
15866
15857
15844
15834
15832
15827
15821
15813
15787
15781
15749
15736
15732
15726
15720
15718
15704
15703
15692
15656
15651
15641
15640
15637
15635
15633
15629
15625
15621
15609
15608
15588
15588
15577
15546
15536
15535
15531
15530
15513
15511
15496
15493
15473
15460
15452
15447
15446
15431
15425
15415
15414
15413
15398
15393
15378
15375
15366
15336
15310
15303
15292
15290
15283
15270
15267
15266
15254
15245
15218
15213
15202
15201
15200
15158
15148
15130
15112
15094
15068
15065
15052
15045
15029
15020
14960
14957
14957
14937
14931
14927
14914
14898
14891
14888
14887
14872
14869
14866
14845
14842
14838
14833
14827
14816
14812
14773
14755
14751
14746
14729
14724
14722
14711
14696
14651
14634
14625
14618
14600
14596
14586
14571
14554
14548
14542
14495
14490
14489
14472
14459
14450
14448
14434
14430
14428
14398
14395
14392
14389
14386
14383
14382
14366
14365
14357
14345
14342
14322
14300
14297
14295
14263
14257
14255
14229
14223
14222
14206
14205
14185
14185
14166
14163
14157
14156
14135
14133
14130
14130
14129
14122
14121
14091
14080
14079
14073
14047
14033
14027
14025
14000
13998
13972
13966
13964
13950
13943
13940
13925
13899
13895
13888
13876
13830
13829
13826
13826
13825
13814
13812
13809
13805
13795
13783
13777
13768
13748
13743
13741
13739
13734
13729
13720
13720
13714
13701
13687
13678
13676
13665
13664
13662
13648
13648
13640
13638
13634
13613
13605
13594
13586
13578
13569
13536
13527
13521
13515
13513
13500
13494
13483
13433
13425
13413
13396
13391
13364
13363
13358
13355
13350
13350
13342
13338
13331
13317
13315
13308
13308
13308
13289
13288
13261
13244
13238
13226
13223
13218
13211
13210
13202
13200
13194
13193
13153
13145
13122
13115
13108
13094
13087
13074
13065
13055
13053
13043
13041
13036
13019
13019
13016
13015
12998
12993
12978
12977
12976
12970
12964
12955
12953
12944
12933
12924
12875
12874
12828
12804
12783
12780
12773
12772
12758
12754
12751
12746
12739
12724
12711
12710
12704
12704
12689
12688
12687
12668
12663
12659
12648
12648
12645
12641
12633
12611
12609
12601
12597
12596
12578
12575
12574
12558
12558
12553
12552
12496
12495
12490
12480
12475
12458
12456
12452
12444
12438
12427
12426
12422
12418
12409
12391
12390
12383
12373
12345
12316
12316
12301
12292
12292
12285
12284
12282
12254
12252
12247
12218
12209
12195
12192
12176
12172
12172
12170
12100
12091
12088
12082
12070
12068
12058
12056
12042
12036
12032
12032
12027
12006
11989
11987
11967
11959
11959
11958
11935
11921
11921
11900
11880
11875
11866
11851
11844
11841
11816
11816
11815
11802
11795
11777
11771
11767
11753
11746
11740
11738
11721
11713
11682
11672
11668
11666
11660
11654
11649
11644
11638
11638
11637
11636
11625
11624
11623
11616
11614
11604
11589
11571
11570
11556
11554
11541
11539
11538
11521
11517
11502
11500
11492
11486
11478
11468
11449
11448
11426
11414
11402
11394
11379
11375
11370
11332
11326
11314
11314
11286
11285
11275
11260
11232
11226
11218
11214
11205
11204
11204
11199
11198
11195
11186
11175
11154
11153
11146
11130
11127
11116
11108
11102
11093
11072
11064
11053
11041
11036
11036
11035
11032
11015
11009
11007
11004
10999
10991
10991
10979
10978
10961
10953
10947
10945
10931
10923
10918
10901
10899
10897
10895
10874
10874
10864
10862
10861
10859
10846
10845
10834
10823
10822
10820
10809
10781
10778
10758
10750
10745
10741
10731
10731
10719
10718
10699
10688
10687
10680
10677
10677
10668
10656
10639
10636
10622
10609
10604
10601
10592
10580
10574
10543
10540
10535
10518
10506
10500
10498
10495
10494
10482
10481
10474
10464
10439
10432
10427
10419
10415
10409
10403
10401
10397
10389
10386
10385
10384
10367
10354
10335
10329
10325
10314
10313
10288
10285
10260
10246
10244
10227
10222
10216
10210
10210
10206
10201
10166
10140
10131
10122
10117
10116
10101
10087
10086
10076
10073
10070
10038
10030
10017
10015
9993
9978
9974
9968
9953
9944
9935
9933
9925
9906
9896
9859
9856
9845
9845
9836
9827
9823
9821
9805
9801
9800
9793
9790
9777
9775
9772
9770
9760
9742
9741
9726
9704
9702
9693
9651
9616
9592
9540
9524
9515
9505
9472
9471
9456
9453
9440
9425
9410
9404
9387
9363
9355
9354
9347
9345
9314
9288
9270
9252
9251
9232
9232
9226
9193
9180
9172
9164
9160
9145
9136
9115
9099
9095
9084
9066
9059
9057
9046
9017
9000
8985
8985
8984
8981
8970
8968
8964
8960
8950
8924
8915
8911
8906
8897
8886
8863
8855
8841
8828
8827
8801
8795
8793
8786
8782
8760
8756
8741
8740
8733
8729
8726
8720
8715
8704
8698
8694
8644
8637
8619
8619
8529
8526
8505
8491
8482
8474
8455
8439
8435
8421
8418
8386
8385
8385
8365
8346
8332
8327
8309
8302
8299
8291
8287
8276
8258
8247
8246
8245
8241
8218
8188
8184
8180
8177
8176
8160
8150
8131
8125
8119
8096
8090
8083
8078
8062
8056
8049
8044
8040
8033
8026
8020
8007
7998
7996
7992
7986
7985
7979
7975
7963
7943
7940
7930
7924
7917
7913
7895
7889
7887
7880
7873
7871
7857
7849
7837
7826
7820
7818
7812
7808
7797
7793
7790
7789
7772
7768
7766
7746
7741
7732
7709
7707
7706
7704
7699
7698
7664
7644
7623
7616
7600
7597
7583
7579
7576
7565
7562
7551
7541
7517
7494
7488
7484
7470
7469
7461
7448
7435
7407
7400
7386
7381
7378
7372
7343
7339
7324
7314
7314
7288
7286
7274
7271
7242
7241
7235
7219
7216
7216
7209
7198
7197
7194
7183
7178
7172
7164
7157
7156
7143
7142
7130
7121
7101
7100
7090
7079
7079
7078
7077
7077
7066
7058
7048
7045
7043
7042
7030
7030
7027
7006
7005
6976
6966
6958
6921
6905
6902
6881
6860
6854
6853
6850
6845
6835
6813
6800
6791
6789
6760
6759
6756
6745
6739
6731
6715
6695
6682
6681
6678
6677
6675
6672
6670
6660
6633
6622
6599
6570
6543
6541
6540
6536
6523
6515
6514
6511
6507
6496
6494
6486
6479
6466
6460
6443
6423
6394
6374
6362
6361
6344
6339
6334
6305
6299
6294
6293
6280
6276
6257
6244
6218
6210
6205
6197
6196
6180
6176
6175
6163
6111
6091
6088
6083
6074
6069
6062
6056
6055
6054
6050
6040
6027
6027
6004
6000
5989
5944
5939
5929
5929
5912
5911
5896
5864
5856
5846
5845
5842
5828
5809
5804
5793
5778
5765
5754
5751
5747
5747
5738
5735
5730
5692
5677
5665
5656
5654
5646
5645
5639
5637
5613
5607
5605
5590
5582
5574
5569
5539
5505
5492
5480
5480
5475
5472
5468
5453
5429
5425
5387
5376
5369
5331
5331
5316
5300
5297
5283
5281
5274
5265
5259
5251
5207
5206
5203
5201
5199
5197
5186
5180
5178
5176
5149
5144
5143
5135
5129
5129
5119
5107
5091
5083
5081
5078
5072
5048
5031
5021
4969
4966
4953
4948
4946
4937
4931
4929
4927
4920
4909
4906
4906
4905
4888
4884
4883
4881
4866
4859
4857
4846
4841
4836
4811
4792
4784
4781
4755
4739
4739
4707
4706
4705
4692
4680
4642
4635
4635
4630
4623
4620
4616
4610
4604
4586
4583
4582
4542
4530
4529
4502
4498
4474
4466
4463
4446
4441
4436
4435
4427
4404
4399
4399
4398
4375
4374
4363
4359
4356
4323
4320
4305
4297
4293
4293
4287
4279
4279
4260
4243
4240
4224
4212
4206
4205
4203
4199
4190
4170
4141
4085
4074
4058
4057
4056
4039
4038
4037
4031
4027
4024
4015
4012
3976
3965
3964
3939
3935
3933
3907
3903
3903
3891
3856
3831
3827
3823
3819
3794
3754
3752
3746
3741
3730
3720
3719
3710
3702
3686
3684
3678
3668
3657
3649
3644
3631
3622
3616
3597
3592
3589
3574
3571
3566
3530
3529
3517
3514
3511
3507
3507
3501
3498
3497
3491
3477
3472
3456
3451
3450
3436
3432
3426
3421
3414
3412
3410
3401
3393
3388
3383
3374
3371
3364
3359
3340
3337
3333
3332
3301
3282
3276
3270
3258
3257
3254
3236
3201
3196
3196
3189
3184
3172
3171
3150
3145
3135
3126
3122
3114
3106
3097
3086
3085
3079
3077
3074
3073
3033
3026
3020
3015
2977
2961
2959
2955
2949
2945
2930
2926
2922
2905
2897
2895
2875
2875
2871
2849
2838
2832
2832
2808
2789
2779
2773
2764
2748
2747
2742
2738
2703
2661
2648
2636
2630
2627
2617
2615
2615
2613
2598
2582
2577
2574
2569
2558
2555
2550
2536
2531
2526
2524
2521
2497
2491
2488
2447
2434
2431
2421
2415
2414
2413
2412
2403
2399
2386
2383
2375
2367
2367
2352
2342
2326
2279
2269
2256
2256
2250
2231
2228
2211
2200
2188
2181
2174
2168
2157
2141
2133
2126
2114
2098
2097
2094
2088
2060
2058
2054
2039
2033
2029
2010
2009
1980
1968
1967
1963
1939
1935
1917
1909
1903
1899
1886
1883
1870
1845
1830
1830
1826
1820
1813
1799
1783
1777
1756
1746
1745
1741
1736
1713
1711
1701
1699
1687
1674
1671
1671
1671
1633
1609
1598
1574
1550
1546
1522
1519
1508
1454
1449
1439
1438
1428
1427
1427
1409
1392
1370
1356
1352
1339
1336
1317
1311
1302
1281
1281
1272
1270
1266
1264
1254
1252
1242
1240
1232
1231
1202
1202
1199
1183
1162
1161
1152
1144
1109
1104
1090
1063
1058
1054
1045
1024
985
984
981
963
950
940
938
937
934
934
921
907
896
886
876
867
862
846
846
841
820
811
810
809
794
781
772
766
759
752
743
742
731
730
729
712
702
701
695
694
674
657
654
647
643
636
631
629
619
600
578
549
516
514
499
489
486
469
452
434
414
407
401
399
391
385
385
380
347
332
325
319
308
305
290
266
244
234
233
227
221
205
204
192
189
178
161
150
137
134
111
109
100
97
53
52
50
32
29
15
8
5
