1880
15183
19127
6578
26733
6915
14484
19623
29949
15436
27523
8738
7780
12746
21759
29087
9503
27416
27203
8373
6363
1425
14381
21776
15821
18929
342
12960
21939
11542
7422
171
26725
26550
6749
29811
3465
27586
19434
9766
13022
23310
24856
27154
12408
22967
26242
21912
20384
29797
6637
26747
1223
27371
24876
23396
16300
25218
6356
8239
13113
20130
14763
16190
16680
27864
16001
26498
25450
11788
12616
14824
5098
13825
11979
17506
6792
14573
15770
3528
14370
22408
276
21945
19779
25152
15341
6079
26722
28049
20671
9835
18180
11786
26026
11212
16002
12027
14062
11453
23815
3031
2629
5265
16856
14608
29124
23648
5533
14894
27177
19904
13654
3805
11849
9785
5309
3543
15865
2031
1592
12888
11867
26124
1026
14245
13689
17028
2624
27751
28481
2792
782
7463
8057
17638
28423
13533
17639
3957
4780
21168
213
18434
1325
12062
28220
6634
15605
20437
15017
23550
9677
3236
26026
10703
17481
9715
4083
20106
7467
2565
22898
14601
16380
7307
8592
14803
20841
2583
18760
1973
103
25325
26759
1428
7388
24979
14414
29345
21768
29431
29247
7797
2668
25274
24852
20149
4989
28936
16607
18808
7853
9505
9762
24233
23165
18354
15388
20358
20937
10501
22331
21040
5826
19090
28820
13214
20422
13234
18912
18542
12665
18159
26340
21685
19785
21192
11835
1127
26480
4794
19935
4333
20652
29697
4918
13817
24403
20307
4175
21692
808
2858
19084
6634
21948
17904
26201
12370
7490
15113
913
26508
9624
3605
18193
29410
1149
6380
6889
27630
11175
3176
8315
1827
2874
13234
15644
3629
3541
26171
25322
4349
29029
20758
17335
27329
15015
13536
9700
22505
5001
16965
19013
14626
20570
7207
20388
28071
13587
27277
25701
1114
453
4017
2941
9679
23603
24937
19661
27144
27460
21335
7845
2841
12093
25180
171
27108
15069
9871
25966
20070
3188
21331
4696
110
28538
1436
28181
18478
5065
23883
25944
11871
4252
28886
27902
4207
175
17563
1351
27636
8898
15548
477
27344
17080
7000
804
2149
16871
26770
22220
26411
24454
3268
26521
29344
11057
24703
17822
16122
24938
20119
27993
5542
19005
2248
9749
25532
19811
11100
29520
5062
3000
6350
2406
20080
13350
9562
22230
6574
12685
20802
2985
7139
422
29507
6483
11479
24210
658
3954
25500
20777
1947
1042
16134
10547
10791
11666
359
28243
17539
11773
1243
23889
20531
27675
7239
93
26257
13813
19130
17059
16799
26269
17482
22658
9105
5313
23220
9763
9267
18720
6892
17567
26114
23026
28114
6905
11044
28473
11500
28583
16598
19095
22472
7129
16770
6064
7223
13028
26229
26353
6439
19380
28975
273
12038
8080
5587
11610
24195
14854
330
1087
2421
2796
465
6888
16053
17861
11713
27553
16445
28312
23000
15269
5441
9771
27685
19016
29151
23915
15370
11942
13295
20697
12216
1686
5129
17803
13296
29324
9009
19979
6763
17783
22775
13580
24671
15181
1441
6384
12734
24238
4696
5735
15860
10138
21858
13545
29154
27361
13812
20876
9303
3460
17925
27871
5146
23054
22026
24794
28730
1036
21125
5493
26805
26805
26770
26761
26738
26735
26732
26729
26728
26719
26719
26713
26707
26707
26701
26698
26694
26686
26681
26678
26668
26662
26657
26651
26648
26646
26635
26632
26620
26617
26615
26592
26588
26586
26582
26572
26570
26566
26566
26557
26555
26554
26552
26542
26527
26515
26511
26508
26504
26503
26501
26501
26500
26497
26493
26492
26486
26484
26480
26475
26472
26461
26443
26439
26426
26425
26425
26418
26408
26406
26404
26403
26400
26398
26396
26394
26388
26385
26385
26383
26373
26371
26364
26364
26363
26363
26360
26355
26350
26342
26324
26320
26319
26311
26302
26301
26299
26297
26293
26272
26264
26263
26254
26239
26234
26227
26224
26224
26217
26213
26201
26194
26190
26188
26188
26183
26175
26168
26168
26164
26159
26143
26139
26135
26134
26131
26131
26126
26126
26124
26123
26118
26113
26107
26104
26100
26098
26096
26095
26088
26084
26079
26074
26069
26042
26030
26025
26025
26023
26017
26010
26009
26002
25997
25996
25990
25989
25984
25982
25981
25964
25962
25961
25955
25954
25950
25949
25947
25940
25925
25917
25913
25905
25887
25882
25875
25872
25857
25856
25855
25848
25844
25842
25840
25840
25838
25834
25831
25827
25826
25818
25816
25803
25802
25797
25797
25793
25783
25783
25778
25763
25752
25747
25741
25728
25725
25702
25691
25680
25679
25679
25678
25675
25665
25652
25652
25645
25637
25636
25635
25621
25615
25614
25605
25599
25599
25596
25591
25589
25588
25583
25575
25575
25567
25566
25549
25545
25542
25538
25531
25530
25525
25502
25495
25489
25483
25481
25479
25474
25464
25463
25446
25438
25436
25433
25430
25429
25426
25416
25403
25400
25398
25398
25397
25395
25390
25381
25381
25378
25362
25357
25348
25348
25341
25339
25329
25326
25325
25316
25314
25313
25309
25303
25301
25300
25299
25297
25276
25271
25266
25266
25265
25233
25231
25228
25225
25222
25218
25211
25206
25205
25200
25199
25198
25194
25187
25178
25176
25166
25164
25162
25161
25159
25155
25152
25147
25134
25134
25128
25125
25114
25092
25088
25086
25082
25079
25077
25073
25072
25070
25068
25054
25046
25044
25039
25034
25023
25020
25012
25010
25002
24993
24991
24988
24982
24978
24974
24971
24965
24956
24943
24927
24924
24916
24911
24904
24897
24894
24883
24877
24877
24876
24868
24867
24861
24860
24856
24854
24853
24852
24837
24837
24824
24820
24815
24814
24811
24811
24803
24795
24783
24770
24769
24761
24746
24743
24743
24738
24732
24731
24725
24722
24715
24693
24691
24688
24686
24681
24675
24674
24659
24653
24647
24644
24633
24614
24610
24608
24604
24604
24601
24593
24588
24582
24580
24564
24552
24552
24541
24540
24538
24533
24529
24528
24524
24518
24514
24501
24495
24493
24485
24477
24477
24476
24472
24463
24430
24425
24413
24410
24409
24406
24400
24392
24385
24384
24380
24378
24361
24361
24359
24354
24353
24350
24345
24335
24329
24324
24324
24313
24312
24311
24303
24299
24297
24295
24290
24287
24284
24284
24277
24254
24252
24244
24240
24236
24230
24213
24212
24200
24197
24189
24187
24185
24180
24179
24176
24176
24163
24159
24156
24149
24145
24132
24130
24125
24125
24123
24122
24121
24120
24103
24102
24096
24088
24085
24082
24081
24075
24075
24072
24066
24065
24065
24061
24055
24051
24046
24045
24040
24039
24031
24028
24028
24010
24006
24001
24001
24000
23993
23988
23985
23979
23973
23966
23957
23947
23938
23934
23933
23932
23931
23931
23930
23922
23920
23910
23906
23906
23883
23874
23864
23861
23861
23860
23853
23848
23846
23802
23802
23786
23781
23781
23775
23773
23762
23756
23737
23736
23730
23728
23724
23692
23692
23692
23687
23677
23662
23659
23657
23648
23646
23625
23623
23589
23589
23588
23587
23585
23585
23582
23572
23568
23560
23552
23550
23532
23521
23518
23514
23512
23506
23500
23491
23485
23478
23478
23473
23467
23462
23461
23452
23451
23446
23445
23425
23421
23418
23415
23401
23394
23387
23380
23378
23377
23364
23362
23356
23343
23341
23332
23331
23327
23326
23314
23306
23301
23286
23273
23261
23255
23255
23252
23244
23240
23234
23228
23222
23218
23187
23177
23163
23162
23152
23148
23145
23144
23142
23140
23138
23137
23134
23129
23119
23110
23105
23104
23100
23096
23069
23065
23060
23058
23054
23039
23036
23035
23033
23033
23033
23019
23015
23013
23008
23008
23001
22999
22993
22989
22986
22983
22972
22968
22963
22963
22957
22953
22951
22950
22949
22944
22929
22928
22916
22911
22907
22887
22878
22877
22875
22858
22857
22854
22853
22852
22839
22837
22834
22831
22831
22823
22818
22804
22800
22797
22796
22794
22792
22785
22773
22764
22763
22762
22760
22760
22751
22748
22747
22739
22737
22736
22703
22703
22699
22695
22673
22668
22662
22648
22648
22632
22626
22624
22602
22582
22580
22572
22568
22552
22551
22542
22542
22530
22523
22523
22512
22510
22507
22507
22494
22494
22489
22483
22481
22480
22477
22462
22459
22447
22446
22443
22440
22433
22425
22424
22420
22406
22405
22398
22395
22393
22388
22374
22370
22368
22362
22357
22346
22341
22333
22330
22328
22327
22326
22321
22315
22314
22300
22280
22278
22276
22265
22259
22249
22245
22243
22243
22226
22219
22206
22202
22188
22185
22180
22178
22174
22171
22169
22158
22146
22140
22128
22128
22122
22117
22109
22104
22103
22099
22093
22091
22088
22073
22048
22032
22024
22022
22014
21998
21995
21989
21981
21967
21967
21964
21954
21951
21932
21924
21914
21912
21907
21888
21886
21886
21882
21868
21868
21849
21849
21838
21836
21830
21828
21826
21816
21815
21814
21813
21806
21805
21800
21788
21771
21747
21722
21710
21709
21707
21699
21694
21682
21680
21663
21663
21649
21645
21622
21603
21600
21600
21589
21587
21560
21540
21532
21522
21520
21489
21489
21481
21475
21474
21472
21460
21457
21457
21450
21441
21440
21435
21429
21428
21426
21418
21415
21401
21384
21379
21379
21372
21365
21364
21361
21355
21340
21333
21332
21328
21315
21306
21305
21303
21290
21257
21257
21247
21231
21223
21222
21221
21219
21215
21215
21206
21196
21193
21179
21179
21173
21172
21165
21144
21140
21126
21120
21114
21113
21103
21102
21101
21100
21095
21076
21074
21073
21071
21064
21057
21055
21054
21047
21024
21022
21014
21004
20998
20998
20969
20963
20944
20940
20936
20934
20925
20925
20909
20902
20887
20884
20882
20874
20873
20873
20864
20862
20853
20851
20850
20832
20831
20831
20826
20826
20813
20807
20806
20802
20802
20799
20784
20780
20776
20775
20773
20768
20763
20749
20743
20726
20725
20721
20708
20699
20698
20674
20670
20668
20654
20650
20647
20634
20628
20627
20616
20615
20612
20601
20599
20587
20581
20580
20568
20565
20565
20546
20536
20534
20527
20524
20519
20513
20510
20504
20500
20490
20486
20480
20474
20474
20464
20443
20437
20417
20414
20413
20408
20402
20390
20371
20366
20356
20350
20350
20324
20319
20298
20292
20290
20280
20278
20261
20250
20249
20235
20224
20211
20210
20207
20206
20200
20198
20190
20181
20168
20162
20151
20146
20140
20135
20133
20128
20119
20111
20107
20106
20102
20092
20092
20085
20084
20079
20078
20074
20074
20070
20068
20052
20052
20040
20040
20039
20038
20038
20035
20013
19994
19994
19993
19982
19973
19967
19967
19963
19962
19948
19948
19934
19922
19916
19911
19904
19904
19903
19894
19892
19887
19865
19862
19859
19859
19849
19846
19842
19840
19818
19810
19806
19800
19793
19792
19780
19770
19767
19763
19759
19749
19746
19745
19733
19728
19713
19710
19705
19704
19703
19701
19693
19690
19688
19687
19686
19684
19671
19667
19666
19661
19654
19648
19645
19636
19625
19621
19618
19614
19613
19604
19593
19591
19582
19582
19576
19570
19566
19556
19554
19550
19549
19549
19539
19535
19534
19533
19528
19526
19525
19514
19512
19512
19511
19496
19495
19481
19476
19476
19465
19450
19447
19446
19444
19443
19438
19428
19420
19417
19417
19415
19404
19394
19392
19391
19386
19385
19383
19380
19377
19376
19366
19361
19360
19360
19356
19354
19349
19342
19329
19324
19323
19322
19313
19313
19309
19306
19293
19286
19281
19280
19279
19277
19272
19248
19244
19235
19232
19232
19225
19214
19211
19207
19206
19205
19202
19202
19192
19192
19192
19187
19186
19179
19171
19170
19167
19164
19157
19149
19100
19099
19094
19090
19085
19080
19060
19058
19055
19046
19037
19021
19009
19002
19002
18998
18996
18996
18995
18993
18992
18986
18985
18980
18972
18969
18963
18950
18941
18940
18936
18926
18925
18923
18922
18919
18899
18895
18894
18888
18886
18879
18875
18868
18859
18857
18855
18853
18839
18838
18831
18831
18828
18824
18819
18818
18814
18809
18799
18796
18796
18785
18770
18757
18725
18720
18695
18689
18683
18677
18675
18667
18665
18652
18650
18647
18635
18632
18611
18604
18597
18590
18590
18573
18572
18570
18568
18557
18555
18552
18534
18525
18524
18523
18520
18520
18518
18513
18506
18506
18503
18499
18499
18495
18494
18487
18486
18470
18469
18469
18467
18456
18453
18452
18438
18411
18399
18397
18394
18373
18368
18367
18361
18360
18349
18345
18344
18342
18341
18338
18330
18328
18322
18319
18317
18254
18244
18243
18230
18221
18220
18218
18201
18201
18184
18182
18179
18172
18171
18168
18165
18164
18124
18123
18120
18118
18117
18116
18115
18110
18104
18095
18094
18086
18077
18074
18073
18065
18064
18046
18039
18031
18029
18027
18020
18019
18009
18007
17999
17985
17984
17980
17979
17979
17970
17960
17951
17949
17945
17936
17932
17926
17905
17897
17895
17877
17869
17860
17859
17855
17844
17838
17830
17824
17811
17804
17788
17779
17770
17767
17762
17754
17742
17742
17740
17737
17736
17734
17728
17723
17721
17719
17693
17687
17684
17680
17678
17678
17676
17674
17670
17667
17634
17633
17614
17612
17608
17598
17597
17582
17580
17577
17577
17572
17569
17561
17561
17549
17548
17546
17542
17538
17537
17530
17527
17527
17525
17523
17520
17515
17514
17507
17495
17492
17483
17481
17479
17479
17474
17472
17461
17457
17457
17447
17440
17439
17438
17433
17430
17430
17423
17413
17412
17409
17407
17404
17402
17402
17397
17395
17390
17385
17383
17382
17379
17377
17360
17356
17352
17351
17351
17349
17349
17339
17333
17332
17319
17315
17315
17315
17294
17294
17293
17284
17281
17279
17259
17258
17257
17251
17248
17244
17243
17215
17212
17211
17207
17207
17205
17199
17197
17194
17178
17168
17168
17166
17149
17140
17136
17128
17109
17109
17106
17106
17102
17101
17099
17087
17075
17065
17055
17055
17054
17053
17052
17047
17042
17029
17028
17022
17019
17008
17006
17005
17005
17002
16991
16989
16985
16985
16985
16977
16977
16972
16965
16961
16959
16944
16943
16941
16934
16933
16933
16931
16928
16927
16922
16922
16904
16895
16892
16891
16884
16871
16860
16854
16849
16845
16842
16839
16834
16829
16815
16813
16810
16805
16805
16800
16798
16788
16783
16782
16777
16774
16773
16755
16746
16742
16735
16734
16727
16725
16722
16721
16720
16717
16713
16711
16706
16703
16699
16698
16692
16688
16683
16680
16674
16670
16670
16663
16654
16652
16643
16640
16639
16629
16607
16597
16596
16584
16579
16573
16571
16570
16567
16564
16551
16546
16544
16539
16535
16534
16514
16511
16509
16504
16488
16487
16487
16483
16479
16471
16464
16455
16451
16445
16445
16437
16434
16417
16416
16409
16409
16407
16400
16393
16392
16386
16376
16373
16372
16372
16368
16367
16366
16363
16358
16358
16355
16344
16339
16339
16339
16330
16329
16312
16304
16299
16297
16285
16285
16273
16264
16256
16247
16245
16236
16232
16230
16226
16222
16218
16218
16215
16215
16214
16213
16208
16201
16195
16193
16173
16172
16171
16155
16146
16140
16130
16130
16125
16125
16112
16106
16106
16104
16099
16083
16077
16068
16066
16050
16035
16033
16033
16025
16024
16024
16022
16016
16016
16013
16007
15991
15987
15987
15978
15976
15972
15942
15939
15924
15910
15901
15894
15887
15882
15881
15879
15878
15865
15859
15852
15844
15841
15835
15831
15830
15830
15807
15790
15788
15787
15781
15778
15762
15759
15744
15729
15723
15720
15720
15716
15716
15715
15706
15696
15695
15694
15690
15689
15682
15675
15672
15670
15656
15653
15647
15644
15640
15638
15620
15617
15606
15595
15587
15586
15583
15579
15577
15577
15573
15568
15560
15555
15541
15529
15517
15516
15507
15501
15499
15494
15490
15484
15481
15479
15469
15466
15460
15453
15450
15436
15429
15415
15406
15396
15386
15382
15374
15369
15360
15347
15347
15347
15345
15340
15337
15333
15326
15321
15320
15308
15303
15297
15284
15283
15239
15238
15234
15230
15210
15206
15204
15202
15189
15177
15176
15174
15128
15118
15114
15113
15103
15101
15093
15087
15084
15061
15058
15058
15040
15039
15035
15029
15027
15024
15020
15020
15017
15007
15006
14993
14990
14984
14982
14981
14966
14962
14944
14939
14936
14935
14930
14887
14884
14876
14871
14869
14858
14857
14850
14849
14846
14843
14837
14828
14823
14816
14810
14801
14801
14796
14795
14793
14790
14788
14781
14778
14771
14764
14763
14758
14757
14753
14750
14750
14745
14741
14720
14720
14703
14701
14695
14695
14690
14676
14675
14666
14665
14663
14655
14654
14649
14647
14644
14642
14628
14624
14622
14619
14611
14603
14603
14600
14594
14585
14577
14565
14564
14532
14521
14514
14508
14504
14497
14477
14473
14459
14450
14430
14423
14420
14412
14402
14397
14393
14378
14377
14377
14368
14367
14366
14357
14351
14329
14327
14322
14309
14304
14302
14300
14294
14278
14271
14263
14253
14250
14248
14239
14238
14238
14228
14223
14208
14197
14194
14187
14177
14157
14155
14138
14123
14113
14102
14101
14097
14097
14092
14091
14087
14074
14073
14069
14068
14065
14062
14059
14041
14038
14037
14036
14025
14021
14011
14009
13994
13985
13977
13975
13968
13966
13964
13956
13953
13953
13946
13938
13936
13934
13931
13929
13922
13919
13910
13905
13902
13895
13887
13887
13886
13884
13883
13864
13863
13849
13838
13836
13832
13803
13801
13792
13789
13759
13751
13735
13734
13733
13729
13727
13723
13720
13706
13702
13687
13677
13673
13672
13664
13644
13628
13612
13601
13596
13589
13583
13578
13577
13569
13567
13561
13558
13549
13549
13533
13530
13527
13522
13519
13514
13508
13504
13482
13480
13478
13472
13462
13461
13445
13442
13440
13430
13392
13390
13369
13367
13352
13350
13348
13338
13335
13331
13318
13317
13314
13314
13314
13309
13305
13300
13293
13289
13286
13272
13267
13251
13247
13245
13235
13225
13221
13221
13217
13214
13199
13198
13195
13195
13181
13175
13174
13153
13147
13139
13136
13122
13117
13113
13098
13098
13088
13083
13083
13061
13060
13056
13044
13044
13043
13042
13041
13021
13012
13005
13002
13000
12997
12994
12990
12990
12980
12961
12959
12950
12945
12940
12936
12928
12922
12917
12908
12905
12893
12881
12866
12862
12859
12852
12851
12849
12845
12841
12836
12830
12829
12818
12808
12806
12799
12797
12796
12794
12793
12782
12782
12779
12775
12765
12755
12750
12741
12738
12736
12720
12707
12706
12704
12698
12694
12679
12670
12667
12660
12655
12648
12640
12635
12630
12624
12619
12617
12612
12606
12598
12572
12560
12552
12545
12545
12545
12540
12535
12527
12525
12523
12516
12515
12515
12513
12511
12501
12500
12496
12488
12479
12464
12463
12454
12446
12446
12438
12433
12424
12418
12412
12399
12381
12381
12379
12375
12370
12364
12351
12344
12343
12338
12333
12332
12316
12303
12295
12290
12290
12289
12286
12279
12274
12264
12259
12245
12237
12230
12226
12225
12218
12209
12204
12202
12201
12198
12195
12173
12170
12165
12154
12152
12145
12140
12135
12135
12132
12104
12098
12098
12097
12097
12089
12088
12083
12052
12041
12038
12037
12030
12026
12021
12018
12008
12003
12002
11999
11995
11992
11988
11978
11970
11959
11947
11946
11938
11927
11921
11907
11905
11904
11903
11898
11888
11887
11882
11875
11869
11869
11866
11862
11861
11856
11836
11827
11808
11808
11806
11797
11788
11770
11764
11764
11761
11759
11750
11745
11735
11731
11730
11729
11725
11725
11723
11718
11715
11709
11704
11680
11666
11661
11661
11657
11655
11652
11652
11649
11643
11631
11629
11621
11615
11614
11611
11610
11608
11605
11603
11600
11591
11574
11569
11554
11553
11538
11535
11526
11524
11520
11513
11513
11509
11499
11498
11493
11479
11477
11462
11460
11451
11446
11440
11437
11433
11427
11423
11412
11411
11411
11409
11393
11377
11371
11368
11358
11358
11354
11340
11335
11328
11321
11320
11314
11310
11288
11282
11277
11269
11257
11253
11252
11249
11248
11242
11237
11223
11222
11219
11214
11205
11196
11190
11190
11188
11188
11182
11182
11178
11162
11150
11150
11149
11148
11142
11125
11119
11117
11113
11104
11102
11101
11094
11083
11083
11066
11048
11044
11039
11031
11029
11029
11025
11023
11022
10990
10986
10984
10975
10973
10969
10966
10966
10964
10960
10958
10946
10944
10943
10940
10924
10920
10918
10915
10910
10900
10900
10900
10899
10897
10888
10884
10873
10849
10847
10844
10844
10835
10835
10834
10816
10808
10803
10792
10790
10786
10781
10768
10758
10740
10721
10716
10715
10711
10699
10697
10694
10692
10686
10670
10666
10663
10660
10653
10653
10651
10636
10633
10621
10614
10613
10610
10599
10588
10587
10577
10569
10566
10565
10562
10562
10557
10556
10554
10550
10528
10523
10521
10521
10517
10509
10508
10494
10491
10485
10484
10482
10481
10479
10477
10475
10474
10469
10460
10446
10434
10424
10419
10417
10406
10401
10395
10391
10383
10378
10357
10347
10347
10338
10333
10327
10325
10325
10324
10322
10320
10316
10313
10307
10303
10293
10287
10276
10274
10274
10270
10269
10262
10245
10245
10236
10234
10224
10221
10214
10212
10209
10205
10196
10188
10185
10176
10176
10173
10171
10166
10157
10143
10142
10135
10128
10126
10124
10124
10123
10114
10103
10103
10079
10063
10055
10049
10045
10043
10030
10025
10016
10011
10009
10008
10005
10002
10001
10000
9990
9988
9977
9976
9974
9973
9971
9969
9968
9966
9964
9955
9955
9950
9950
9947
9945
9937
9935
9933
9927
9922
9920
9918
9917
9913
9912
9909
9909
9908
9905
9900
9899
9892
9887
9884
9875
9843
9839
9831
9824
9816
9801
9771
9753
9752
9735
9730
9723
9717
9715
9714
9702
9683
9683
9681
9668
9663
9661
9646
9645
9637
9633
9628
9626
9616
9616
9612
9604
9601
9597
9594
9591
9591
9588
9586
9579
9577
9560
9560
9559
9558
9556
9552
9551
9531
9529
9520
9515
9513
9513
9512
9493
9476
9474
9462
9458
9456
9448
9446
9445
9442
9437
9434
9431
9429
9428
9424
9420
9413
9412
9411
9406
9397
9390
9384
9383
9362
9358
9356
9353
9349
9347
9343
9337
9330
9330
9320
9320
9316
9312
9302
9301
9296
9284
9276
9273
9272
9266
9251
9242
9236
9234
9231
9230
9225
9222
9221
9209
9207
9205
9182
9168
9166
9161
9157
9155
9150
9144
9143
9143
9141
9136
9125
9113
9111
9109
9107
9104
9103
9101
9100
9095
9091
9069
9041
9041
9037
9029
9029
9022
9018
9004
9002
8999
8999
8991
8985
8974
8967
8943
8940
8939
8934
8931
8926
8924
8923
8922
8916
8915
8898
8897
8892
8891
8890
8890
8866
8863
8862
8858
8858
8852
8848
8842
8832
8828
8797
8797
8792
8791
8788
8784
8782
8775
8774
8761
8761
8760
8751
8746
8745
8744
8741
8735
8734
8734
8732
8726
8713
8710
8704
8696
8694
8692
8690
8688
8685
8685
8680
8676
8658
8657
8656
8640
8624
8593
8589
8588
8580
8579
8579
8573
8562
8553
8547
8546
8523
8521
8519
8514
8495
8493
8490
8487
8483
8482
8477
8464
8462
8461
8448
8442
8440
8437
8435
8432
8430
8421
8413
8408
8406
8404
8391
8375
8372
8370
8355
8351
8340
8329
8326
8310
8307
8300
8298
8287
8280
8270
8268
8262
8256
8255
8236
8232
8213
8200
8196
8183
8177
8173
8150
8148
8131
8131
8128
8107
8107
8086
8082
8066
8062
8059
8049
8044
8036
8032
8022
8016
8015
8013
8009
8001
7986
7981
7980
7969
7968
7965
7964
7960
7951
7940
7936
7910
7908
7904
7902
7901
7894
7886
7882
7880
7878
7877
7871
7868
7868
7861
7858
7856
7848
7847
7835
7834
7831
7816
7813
7805
7796
7794
7792
7786
7782
7776
7775
7769
7763
7757
7754
7754
7738
7736
7730
7723
7716
7713
7708
7707
7693
7693
7691
7667
7654
7644
7639
7633
7630
7618
7614
7599
7589
7584
7577
7571
7570
7562
7558
7556
7555
7552
7548
7546
7541
7495
7481
7477
7465
7463
7458
7454
7446
7444
7444
7444
7441
7441
7429
7426
7423
7422
7412
7411
7404
7402
7398
7397
7386
7373
7369
7369
7365
7358
7354
7352
7337
7334
7328
7327
7324
7314
7312
7293
7270
7266
7258
7251
7250
7247
7246
7221
7217
7213
7204
7201
7188
7184
7184
7181
7180
7179
7179
7172
7170
7167
7158
7129
7110
7094
7088
7082
7081
7075
7074
7073
7071
7048
7044
7039
7037
7030
7001
7000
7000
6991
6984
6984
6983
6976
6969
6960
6941
6934
6928
6926
6924
6922
6904
6902
6897
6889
6888
6885
6877
6877
6876
6874
6864
6857
6853
6843
6837
6836
6836
6829
6829
6817
6816
6807
6805
6803
6798
6794
6786
6776
6771
6766
6764
6763
6763
6761
6760
6752
6744
6737
6721
6719
6705
6679
6663
6634
6624
6623
6616
6608
6608
6601
6596
6586
6584
6579
6576
6572
6572
6569
6566
6559
6556
6553
6545
6542
6540
6537
6536
6532
6526
6519
6512
6508
6502
6502
6493
6492
6488
6485
6484
6484
6481
6480
6475
6472
6467
6462
6460
6445
6436
6426
6423
6423
6416
6413
6412
6408
6394
6389
6387
6376
6370
6341
6334
6322
6319
6311
6294
6292
6289
6283
6283
6280
6279
6275
6267
6253
6251
6245
6223
6219
6209
6208
6200
6195
6191
6180
6178
6177
6162
6152
6147
6145
6137
6135
6127
6126
6124
6110
6109
6106
6101
6100
6093
6084
6076
6067
6056
6053
6041
6040
6032
6032
6031
6029
6027
6017
6008
6007
6000
6000
5997
5994
5990
5981
5980
5974
5973
5971
5963
5961
5958
5952
5951
5944
5940
5915
5913
5911
5910
5908
5891
5888
5881
5879
5877
5876
5870
5852
5851
5833
5831
5827
5820
5816
5814
5808
5800
5791
5785
5755
5754
5752
5751
5748
5744
5739
5739
5721
5721
5721
5719
5718
5716
5712
5698
5693
5691
5674
5672
5670
5660
5655
5650
5648
5647
5646
5633
5633
5609
5606
5598
5566
5550
5546
5539
5527
5522
5505
5501
5495
5495
5470
5465
5444
5441
5441
5438
5435
5421
5419
5402
5398
5394
5391
5380
5373
5367
5346
5338
5334
5327
5326
5325
5325
5314
5310
5302
5298
5279
5278
5269
5256
5241
5240
5232
5218
5217
5191
5175
5154
5151
5126
5115
5099
5096
5091
5082
5073
5072
5067
5066
5057
5056
5037
5036
5029
5016
5016
4995
4982
4968
4957
4952
4949
4927
4921
4916
4914
4910
4907
4906
4902
4901
4899
4897
4892
4891
4885
4874
4861
4853
4845
4837
4835
4815
4810
4809
4807
4806
4805
4793
4792
4789
4789
4787
4786
4783
4779
4767
4760
4759
4737
4736
4736
4727
4720
4706
4704
4701
4697
4692
4692
4666
4665
4663
4663
4651
4645
4644
4644
4641
4638
4635
4631
4630
4629
4628
4622
4612
4601
4599
4597
4586
4583
4581
4569
4563
4554
4552
4547
4538
4528
4527
4525
4504
4499
4498
4480
4479
4479
4475
4455
4436
4433
4427
4426
4421
4418
4412
4405
4397
4381
4377
4367
4364
4361
4361
4358
4356
4353
4324
4324
4320
4320
4305
4304
4280
4268
4266
4258
4257
4247
4240
4238
4234
4234
4226
4223
4213
4211
4211
4195
4191
4179
4176
4171
4160
4148
4140
4130
4125
4123
4116
4103
4101
4084
4076
4066
4057
4056
4051
4041
4041
4040
4039
4025
4017
4013
4011
4009
4008
3997
3995
3991
3990
3986
3975
3965
3962
3955
3949
3940
3940
3934
3933
3932
3912
3908
3906
3905
3902
3897
3889
3888
3888
3877
3872
3864
3862
3856
3856
3853
3830
3829
3812
3806
3806
3803
3800
3785
3772
3768
3759
3745
3741
3740
3716
3713
3699
3698
3697
3691
3689
3658
3643
3634
3617
3614
3611
3608
3608
3581
3557
3524
3522
3522
3507
3504
3502
3500
3498
3492
3492
3480
3479
3476
3453
3436
3428
3425
3423
3419
3417
3409
3405
3404
3390
3378
3374
3365
3363
3349
3341
3337
3333
3321
3318
3317
3299
3291
3291
3277
3267
3267
3263
3258
3257
3253
3249
3242
3235
3227
3226
3226
3217
3208
3203
3202
3202
3202
3197
3185
3183
3177
3177
3171
3170
3169
3167
3154
3151
3150
3137
3122
3110
3107
3106
3105
3104
3102
3101
3097
3084
3081
3076
3072
3064
3060
3055
3054
3048
3044
3043
3039
3029
3010
3005
3002
2996
2987
2980
2978
2977
2976
2976
2972
2971
2966
2963
2962
2962
2960
2959
2956
2956
2952
2938
2930
2921
2916
2894
2889
2889
2874
2871
2868
2861
2853
2840
2833
2820
2816
2807
2800
2798
2793
2793
2792
2789
2786
2764
2761
2759
2758
2757
2741
2738
2729
2727
2719
2717
2702
2701
2687
2685
2681
2681
2678
2677
2661
2660
2656
2652
2651
2636
2628
2624
2613
2612
2610
2608
2607
2606
2604
2582
2582
2566
2564
2554
2551
2542
2542
2541
2532
2530
2529
2499
2479
2472
2467
2461
2459
2457
2448
2437
2430
2428
2409
2405
2396
2391
2389
2388
2385
2385
2385
2383
2375
2370
2370
2368
2357
2347
2347
2341
2318
2317
2314
2310
2309
2305
2305
2303
2300
2298
2298
2294
2277
2265
2264
2259
2258
2240
2229
2229
2226
2225
2217
2212
2208
2194
2177
2177
2174
2161
2147
2145
2132
2132
2130
2130
2127
2127
2115
2114
2110
2108
2107
2100
2098
2088
2088
2085
2077
2067
2061
2057
2040
2037
2035
2031
2028
2028
2019
2016
2015
2012
1996
1996
1992
1977
1973
1966
1962
1944
1921
1913
1899
1896
1896
1893
1893
1887
1886
1874
1870
1866
1866
1861
1859
1852
1848
1840
1839
1834
1832
1827
1815
1786
1782
1781
1776
1774
1772
1771
1764
1751
1751
1751
1740
1733
1715
1713
1695
1695
1694
1692
1691
1683
1678
1669
1663
1650
1648
1643
1641
1636
1621
1615
1602
1599
1598
1597
1585
1583
1583
1583
1582
1580
1572
1560
1559
1557
1556
1554
1540
1535
1533
1521
1519
1504
1498
1492
1491
1488
1479
1470
1467
1464
1456
1452
1426
1424
1415
1411
1400
1400
1390
1387
1386
1384
1373
1371
1363
1359
1355
1348
1347
1342
1341
1340
1337
1327
1325
1323
1321
1315
1307
1302
1300
1299
1292
1292
1286
1282
1280
1275
1271
1258
1256
1255
1253
1253
1247
1237
1219
1213
1210
1210
1207
1205
1198
1193
1179
1179
1172
1163
1160
1150
1138
1137
1131
1124
1124
1123
1121
1121
1114
1109
1104
1100
1096
1095
1090
1086
1085
1082
1077
1073
1070
1070
1059
1057
1031
1027
1027
1026
1025
1024
1023
1023
1017
1007
996
986
983
982
980
952
935
922
921
917
915
915
912
910
903
900
888
884
883
877
875
873
871
862
862
859
857
854
850
849
848
846
842
834
833
828
827
825
817
806
805
803
796
795
795
794
784
782
776
769
760
756
752
745
734
734
696
695
691
688
668
655
654
648
643
636
635
627
618
616
611
605
602
602
601
600
596
583
577
573
564
559
554
551
548
535
534
533
531
523
511
503
503
502
472
468
458
458
455
444
436
433
432
420
418
413
408
406
398
386
386
382
381
361
360
350
342
337
335
321
312
310
304
302
287
284
283
282
273
268
259
256
256
250
243
241
236
227
224
221
215
210
204
204
186
186
181
173
169
160
160
139
132
129
129
125
120
105
103
97
90
71
63
48
42
13
5
4
