25409
7181
49047
50365
33084
11587
38260
10961
97610
55840
36595
85403
4147
99466
20897
34701
51722
62397
7463
19082
93458
97639
50950
26974
86875
35212
5152
24084
67327
8103
25028
92736
15284
74075
59453
64720
2014
14066
92033
99625
86258
28628
1380
90405
44447
38630
41458
96169
1027
48921
31603
10837
46560
98906
37811
49788
34118
59315
73872
1445
67418
98901
10534
99054
89328
86339
80127
91343
405
72160
7320
3015
789
8700
9772
61588
47330
51231
57757
64709
152
5713
75546
63065
4619
29709
12853
38737
89025
86725
56535
72795
1978
67069
88202
7659
53408
68329
15354
70166
40489
22674
73181
57630
47726
82954
19218
95057
34185
93328
76118
50689
99041
68017
13754
20012
97726
26607
75101
3103
29685
31636
92251
48015
98705
96805
55674
68466
65134
71028
54984
21975
10054
28165
79606
57781
27471
15176
69190
78008
24856
45308
28698
23897
13325
58804
60261
27404
1764
35363
46859
31449
66999
55462
79464
82057
52267
51491
66875
17401
22519
21859
39377
48926
66376
35335
6707
93848
66863
75897
88208
91720
21205
33258
31969
50883
92063
92231
94639
93827
43946
41498
41628
10945
96961
37444
9354
65580
88935
76229
82982
27807
98088
38711
76733
64465
90398
83440
74665
57261
75689
62873
65333
96894
96132
13655
64129
88195
5886
58768
98374
66184
16619
56354
93481
13580
93798
2836
79160
99086
79065
78494
43245
93506
33557
19978
74323
23955
19770
48988
97569
95459
11861
79254
8705
24345
92909
89187
28892
15147
47955
27266
81331
64574
99972
74813
94506
93771
77649
90019
9209
73066
84865
52454
82924
18423
72432
57247
42378
8554
6235
56299
20365
34449
35554
45422
58794
28463
34609
4039
43611
82565
31305
24942
63491
31278
16107
74350
41401
93756
64369
50610
83175
65586
3064
66099
84009
91848
23347
42740
16754
45934
99039
37119
96735
50945
82541
71882
95761
33503
75921
39372
32420
23578
80666
95911
71208
13126
86613
12609
23234
67334
79571
6409
32921
98987
88861
16930
90835
28560
76022
23941
74494
91414
61060
71230
42359
59954
59464
38120
93457
35385
93844
25877
58963
90863
38140
30172
3989
24754
59133
27223
8440
38705
49985
41361
37692
38846
74644
44880
67406
50666
85173
58252
58432
46234
45834
792
22540
5298
55264
32349
40683
65461
74578
15999
56324
29070
46171
76665
53824
21656
20240
78617
60361
70225
19978
14406
9071
10974
75638
92829
61641
60811
51082
36425
23397
96916
37217
62289
18567
8834
94638
59250
74295
85568
91601
46971
14639
37772
39988
84815
59429
60228
63432
36142
30454
83411
66900
55877
94385
42538
65059
72378
19702
16141
8804
43099
29409
62373
5389
64328
87559
16379
23579
78206
1948
31532
25177
16587
69305
65165
1402
45086
41746
64835
97580
72200
64598
80833
44429
75335
23371
9488
64066
59425
41981
89222
2525
87743
67947
24266
52071
55507
56997
92002
33713
75297
23535
75243
91884
9192
56760
9639
70630
98506
90826
68210
87058
71776
49043
31488
47111
88767
57328
27529
48192
99310
16751
67069
87053
84699
7687
39124
56558
81037
47479
90271
56334
71014
65514
64571
80206
22275
90562
50836
20781
81388
35398
7840
53164
794
55680
16627
5913
13008
44157
70457
12318
77260
53879
15723
78311
77918
71200
34869
58955
18679
41493
31642
6045
7007
96213
86251
45634
3127
53439
82768
84515
5189
6960
54031
22335
78992
87010
28248
92000
31167
98706
20671
24780
68937
36394
19443
46855
23946
54313
22163
42625
12158
53805
65022
35517
66370
51273
81152
69497
21064
80272
70364
26254
3584
24395
48589
82576
27757
93190
74576
58925
8248
95247
57
77185
47994
19500
40392
88292
90165
62555
47270
2323
32712
12292
37841
15434
63566
35345
84931
982
15617
71647
43588
19201
12394
8530
1777
40152
1720
92705
15429
26320
4305
15486
19857
52299
51338
60249
40591
41504
39157
87861
60179
71869
154
14372
87304
80072
49717
88587
97406
81686
60235
40995
17239
88981
65877
35368
29133
67597
28074
44562
10269
32379
76400
30126
1030
44091
90375
57973
1947
29532
62187
62126
17754
78693
76499
21410
75117
42568
9997
72523
40607
86584
29870
57846
75566
95747
93215
4699
79696
37641
65614
89965
86372
42014
36443
87402
86105
26819
61727
4404
72703
40266
66531
6809
18959
59382
28219
94076
1950
38217
82952
42557
24801
29174
16756
16719
24922
26323
21419
20970
63964
3385
27288
50336
61751
63731
54090
64209
6902
32169
68613
79606
72436
35144
2767
91395
10878
30987
1824
29181
85556
1128
88090
26709
30302
4846
43429
71576
31169
81200
8899
11485
84585
36187
78173
62688
16270
48615
26897
23173
80785
95511
19131
69573
47007
21898
77320
57886
69237
79144
3419
54793
96624
91509
81503
43279
12708
24932
31207
60229
22484
40106
71715
23421
92645
66240
86109
8916
14856
13007
32089
11993
24870
67572
81566
71877
89470
58886
46115
58708
54383
49534
29853
51007
57396
11356
10638
86456
52640
41846
46685
75124
98304
34752
98545
90950
993
84655
16218
32201
14014
64659
44194
38884
32231
25760
10761
38053
84646
73229
13113
55381
39115
42967
6389
12863
54323
33379
99319
6964
75225
46005
98440
73530
97109
13338
80832
14454
97993
13402
46655
28359
78061
90849
67243
10292
32961
94356
64697
33960
67585
77811
89341
6701
20778
12082
19564
91453
45462
35236
14769
20687
97593
13210
10569
94702
42900
7753
9157
40893
21155
55812
85604
15568
63014
52847
42212
12327
47203
6910
46287
31141
1073
35629
54194
21851
64063
90110
29656
9525
25346
44426
46565
22939
73988
73486
17642
16888
97592
43151
74133
18747
15315
59737
34316
78329
28936
76528
90657
92491
99790
53296
23632
863
5277
77826
39066
69341
84289
68723
95218
9635
13149
58135
48927
3489
31622
82921
20377
29214
26072
10862
64313
57739
70599
14981
36069
15887
7862
43078
8378
7652
96374
32011
24868
18004
26189
63934
87345
10478
32657
98915
36466
62158
57051
1745
81999
88673
84666
18728
34239
27090
29590
14904
84829
16541
29886
37250
32428
54100
80328
40807
61752
93055
72818
2972
27411
15359
66907
14756
25838
15916
30023
78656
94427
87074
80401
92778
92099
81419
11507
26338
24861
41097
57595
26042
57639
87481
63293
6419
57933
59973
47226
36037
69380
20044
39010
96791
51756
22269
27899
93946
38185
57923
72602
48964
44997
69355
41743
53449
89994
89992
89977
89970
89969
89939
89939
89932
89900
89875
89873
89864
89863
89851
89846
89834
89832
89809
89774
89771
89743
89743
89729
89717
89716
89705
89686
89678
89670
89650
89647
89638
89610
89597
89594
89585
89581
89551
89551
89540
89528
89520
89520
89507
89476
89461
89457
89456
89449
89442
89401
89398
89393
89367
89367
89336
89336
89314
89312
89307
89305
89298
89281
89278
89275
89273
89245
89244
89220
89218
89212
89209
89205
89203
89201
89187
89183
89182
89179
89176
89163
89163
89162
89141
89140
89133
89118
89118
89097
89072
89066
89066
89065
89049
89046
89034
89033
89020
88997
88994
88989
88982
88961
88951
88946
88944
88940
88925
88907
88898
88892
88886
88846
88844
88840
88836
88831
88828
88799
88792
88786
88767
88763
88760
88750
88750
88741
88737
88727
88681
88676
88660
88634
88634
88627
88619
88612
88610
88608
88602
88600
88596
88570
88566
88562
88562
88559
88548
88537
88535
88529
88511
88502
88501
88496
88486
88486
88465
88442
88440
88433
88429
88419
88418
88400
88398
88388
88380
88376
88348
88305
88281
88271
88258
88257
88237
88236
88219
88216
88211
88191
88187
88183
88172
88167
88159
88133
88122
88097
88094
88080
88068
88056
88056
88047
88046
88031
88025
88010
88006
87963
87954
87937
87929
87925
87912
87909
87906
87895
87893
87876
87873
87854
87846
87846
87843
87843
87826
87808
87797
87790
87783
87767
87765
87729
87727
87714
87710
87695
87680
87673
87655
87653
87638
87622
87617
87601
87595
87592
87579
87576
87569
87558
87553
87553
87535
87529
87512
87500
87492
87488
87478
87470
87447
87420
87418
87414
87410
87390
87382
87372
87334
87334
87330
87309
87294
87282
87277
87266
87245
87244
87243
87230
87226
87226
87209
87189
87182
87166
87162
87150
87149
87147
87112
87110
87099
87092
87090
87062
87061
87049
87047
87044
87043
87028
87015
86995
86993
86968
86967
86948
86948
86934
86934
86928
86899
86893
86883
86878
86868
86851
86845
86839
86835
86829
86824
86802
86794
86793
86774
86766
86765
86758
86728
86713
86696
86661
86614
86539
86530
86521
86516
86506
86501
86487
86476
86473
86473
86465
86458
86451
86430
86424
86422
86406
86391
86380
86373
86373
86370
86357
86333
86308
86306
86297
86279
86269
86251
86247
86228
86225
86225
86212
86212
86200
86194
86181
86175
86154
86144
86140
86137
86120
86100
86099
86097
86076
86064
86053
86050
86049
86048
86044
86028
86003
85999
85991
85980
85968
85966
85951
85932
85917
85908
85905
85891
85887
85876
85867
85859
85858
85840
85832
85825
85825
85822
85809
85806
85806
85800
85782
85767
85767
85728
85723
85718
85713
85699
85652
85635
85634
85630
85625
85605
85594
85592
85590
85587
85580
85565
85510
85510
85510
85509
85502
85500
85499
85491
85410
85407
85401
85388
85370
85365
85350
85348
85348
85332
85317
85317
85300
85295
85279
85268
85240
85229
85227
85220
85169
85150
85140
85130
85124
85121
85116
85113
85106
85104
85098
85090
85082
85077
85069
85062
85051
85039
85035
85017
85004
84991
84985
84960
84959
84948
84948
84911
84903
84902
84899
84888
84874
84861
84858
84835
84829
84821
84794
84760
84730
84721
84719
84717
84716
84691
84686
84668
84660
84627
84619
84607
84603
84600
84582
84581
84581
84570
84566
84541
84534
84534
84529
84526
84513
84511
84506
84492
84488
84483
84477
84475
84468
84460
84458
84451
84448
84439
84421
84399
84399
84395
84395
84379
84374
84373
84370
84331
84327
84304
84296
84296
84286
84277
84276
84273
84270
84269
84266
84249
84218
84211
84186
84182
84179
84168
84156
84150
84082
84069
84061
84054
84052
84050
84043
84041
84037
84026
84019
83991
83967
83966
83962
83961
83960
83942
83940
83929
83927
83923
83917
83916
83907
83896
83893
83887
83874
83873
83864
83857
83856
83844
83843
83817
83811
83807
83805
83790
83783
83776
83767
83766
83761
83751
83744
83730
83729
83726
83696
83695
83687
83686
83685
83678
83669
83666
83661
83653
83649
83632
83624
83602
83583
83577
83556
83554
83548
83544
83538
83537
83523
83506
83504
83501
83494
83487
83470
83469
83468
83463
83449
83430
83427
83426
83417
83412
83394
83389
83386
83385
83355
83352
83339
83325
83283
83283
83282
83279
83254
83253
83230
83219
83206
83201
83179
83173
83168
83159
83148
83135
83133
83130
83104
83099
83077
83077
83060
83054
83053
83036
83015
83007
82987
82983
82973
82971
82970
82962
82958
82954
82927
82925
82918
82910
82877
82867
82866
82864
82835
82835
82832
82826
82795
82789
82771
82759
82749
82722
82702
82702
82678
82671
82664
82661
82652
82652
82648
82627
82619
82605
82596
82593
82570
82567
82563
82547
82543
82525
82525
82524
82524
82512
82510
82497
82495
82483
82480
82472
82464
82455
82428
82407
82405
82404
82380
82365
82363
82345
82342
82341
82332
82318
82312
82308
82284
82277
82248
82242
82235
82224
82222
82220
82217
82204
82196
82192
82181
82176
82169
82165
82138
82130
82127
82122
82119
82108
82088
82071
82069
82061
82049
82019
82013
82011
81946
81945
81896
81883
81851
81847
81845
81845
81813
81777
81753
81737
81725
81722
81697
81695
81687
81661
81647
81637
81636
81626
81617
81615
81610
81592
81587
81572
81567
81566
81557
81557
81543
81530
81520
81474
81473
81472
81468
81462
81446
81440
81438
81435
81434
81427
81412
81408
81404
81383
81376
81329
81320
81311
81295
81286
81278
81271
81266
81216
81201
81196
81195
81188
81181
81169
81152
81150
81139
81134
81133
81129
81125
81121
81120
81092
81084
81078
81077
81032
81032
81031
81019
81015
81014
81007
80972
80956
80955
80952
80932
80923
80913
80912
80908
80905
80896
80892
80888
80868
80863
80854
80854
80850
80831
80830
80829
80829
80822
80820
80817
80814
80804
80802
80768
80762
80761
80748
80726
80714
80706
80702
80702
80702
80694
80693
80675
80664
80661
80657
80654
80639
80631
80629
80617
80611
80605
80600
80599
80597
80595
80566
80561
80545
80542
80537
80533
80507
80489
80480
80474
80474
80474
80471
80467
80466
80458
80455
80447
80432
80428
80416
80410
80408
80406
80402
80402
80395
80393
80391
80385
80384
80376
80368
80361
80360
80343
80336
80319
80315
80309
80277
80276
80261
80260
80257
80256
80253
80247
80234
80203
80194
80194
80187
80184
80183
80164
80161
80159
80120
80113
80079
80075
80071
80051
80041
80037
80010
80008
79999
79997
79990
79977
79974
79969
79968
79967
79958
79940
79924
79914
79895
79893
79824
79818
79801
79789
79774
79760
79749
79741
79734
79734
79723
79715
79701
79685
79684
79669
79663
79657
79656
79653
79643
79639
79637
79594
79589
79573
79571
79554
79553
79542
79532
79527
79526
79525
79524
79520
79514
79492
79488
79479
79478
79465
79457
79437
79434
79431
79424
79423
79422
79415
79405
79404
79404
79401
79395
79395
79388
79375
79370
79369
79349
79346
79331
79321
79317
79316
79310
79309
79297
79286
79271
79262
79256
79246
79243
79218
79215
79214
79210
79195
79173
79171
79167
79162
79146
79135
79119
79118
79086
79059
79036
79029
79028
79021
78979
78961
78960
78951
78950
78949
78935
78915
78910
78892
78891
78837
78809
78799
78791
78785
78764
78736
78730
78727
78724
78723
78719
78695
78669
78664
78657
78599
78597
78579
78572
78555
78552
78544
78541
78536
78536
78516
78503
78487
78472
78470
78463
78451
78433
78404
78396
78388
78379
78372
78359
78334
78326
78322
78315
78298
78287
78275
78262
78262
78244
78241
78233
78229
78219
78202
78184
78184
78174
78157
78151
78149
78111
78108
78099
78081
78079
78067
78066
78064
78048
78017
78005
77999
77990
77985
77962
77955
77950
77940
77937
77937
77917
77906
77899
77894
77892
77864
77861
77845
77840
77838
77797
77791
77785
77780
77776
77772
77769
77758
77746
77738
77737
77722
77721
77721
77717
77709
77704
77702
77700
77641
77632
77626
77617
77616
77577
77553
77551
77549
77543
77514
77508
77507
77504
77494
77490
77482
77477
77477
77470
77463
77454
77447
77444
77426
77407
77403
77400
77398
77394
77388
77375
77363
77358
77329
77304
77302
77281
77269
77246
77245
77233
77216
77214
77210
77204
77189
77176
77175
77161
77152
77110
77110
77101
77097
77096
77092
77086
77081
77081
77079
77076
77065
77064
77043
77033
77032
77028
77024
76995
76995
76993
76993
76989
76987
76980
76958
76936
76929
76908
76887
76872
76870
76857
76843
76832
76827
76825
76817
76796
76782
76776
76776
76767
76738
76728
76726
76721
76721
76717
76697
76689
76680
76678
76664
76663
76659
76648
76639
76628
76627
76625
76622
76603
76593
76587
76586
76568
76567
76535
76527
76520
76507
76494
76493
76492
76488
76487
76480
76472
76440
76438
76422
76396
76385
76381
76363
76352
76337
76337
76332
76331
76329
76321
76313
76308
76306
76302
76297
76280
76272
76271
76269
76268
76266
76238
76237
76228
76227
76224
76216
76200
76192
76192
76188
76184
76174
76165
76163
76158
76157
76156
76149
76143
76137
76131
76129
76122
76121
76112
76107
76095
76080
76076
76070
76061
76048
76044
76041
76030
76011
76010
75996
75966
75963
75946
75944
75942
75937
75930
75928
75912
75894
75882
75881
75877
75874
75860
75848
75838
75837
75827
75822
75813
75810
75804
75784
75778
75757
75756
75750
75730
75716
75716
75697
75683
75674
75673
75667
75638
75628
75627
75624
75621
75608
75605
75580
75571
75570
75570
75564
75563
75561
75531
75524
75516
75515
75510
75472
75407
75406
75399
75386
75381
75370
75367
75351
75350
75334
75327
75327
75324
75311
75299
75269
75267
75260
75249
75224
75179
75171
75170
75167
75163
75158
75152
75151
75138
75121
75114
75108
75103
75102
75102
75090
75076
75072
75067
75059
75051
75051
75039
75036
75031
75028
75023
75023
75021
75021
75015
75000
74976
74976
74971
74955
74943
74942
74939
74929
74880
74871
74863
74859
74858
74854
74829
74828
74828
74813
74801
74800
74775
74759
74728
74718
74715
74709
74703
74701
74698
74680
74679
74657
74650
74646
74644
74642
74631
74629
74613
74603
74587
74561
74557
74554
74544
74540
74517
74516
74503
74501
74492
74483
74481
74476
74464
74451
74449
74445
74438
74415
74412
74398
74397
74381
74376
74323
74313
74310
74284
74276
74274
74257
74256
74240
74222
74213
74211
74169
74168
74146
74131
74125
74121
74106
74101
74100
74086
74072
74069
74057
74053
74050
74039
74038
74031
74022
74014
74012
74001
73995
73991
73990
73981
73966
73956
73951
73941
73938
73933
73883
73880
73875
73870
73830
73823
73817
73798
73796
73792
73774
73773
73760
73742
73733
73732
73731
73723
73716
73715
73695
73685
73682
73681
73675
73669
73667
73664
73663
73625
73624
73616
73606
73593
73579
73577
73571
73540
73535
73531
73500
73498
73496
73468
73461
73456
73430
73421
73414
73405
73398
73375
73370
73365
73362
73357
73352
73348
73325
73315
73310
73301
73267
73263
73258
73257
73255
73206
73201
73195
73186
73176
73170
73165
73153
73132
73132
73129
73128
73124
73110
73104
73103
73092
73079
73048
73041
73026
73011
73008
73005
72991
72986
72982
72981
72944
72931
72892
72850
72843
72826
72814
72786
72784
72783
72776
72765
72761
72700
72692
72689
72677
72674
72664
72662
72653
72650
72647
72646
72638
72637
72631
72619
72616
72613
72604
72566
72566
72551
72550
72547
72528
72525
72514
72506
72497
72494
72481
72475
72468
72468
72467
72457
72457
72454
72453
72446
72414
72407
72355
72351
72324
72318
72317
72315
72312
72306
72295
72293
72290
72252
72242
72232
72216
72214
72206
72192
72184
72182
72177
72161
72161
72159
72152
72152
72123
72117
72097
72072
72070
72060
72052
72049
72046
72037
72010
71987
71987
71971
71945
71926
71923
71886
71883
71878
71873
71869
71866
71842
71842
71830
71819
71787
71774
71770
71759
71758
71758
71752
71738
71729
71704
71677
71661
71661
71633
71625
71618
71600
71599
71597
71594
71588
71588
71574
71569
71539
71536
71523
71504
71471
71469
71454
71454
71449
71434
71432
71402
71369
71360
71354
71322
71319
71317
71312
71312
71303
71301
71295
71285
71283
71283
71255
71251
71248
71239
71221
71217
71213
71206
71197
71195
71184
71171
71166
71160
71159
71152
71138
71124
71114
71089
71074
71050
71046
71024
71021
71015
71001
70973
70973
70965
70932
70923
70920
70914
70902
70898
70897
70892
70890
70879
70861
70811
70802
70784
70779
70763
70763
70758
70756
70754
70750
70741
70735
70732
70727
70727
70726
70721
70694
70687
70648
70643
70637
70632
70630
70629
70608
70571
70560
70533
70529
70515
70508
70504
70490
70477
70453
70444
70442
70419
70377
70372
70366
70357
70347
70341
70319
70284
70272
70264
70257
70245
70220
70207
70193
70192
70191
70175
70162
70160
70154
70138
70137
70122
70108
70090
70066
70065
70058
70057
70054
70035
70028
70002
69988
69970
69941
69938
69926
69920
69909
69899
69894
69893
69890
69889
69875
69870
69869
69868
69867
69863
69862
69862
69856
69855
69849
69840
69823
69812
69805
69803
69803
69797
69794
69770
69759
69718
69706
69687
69685
69678
69673
69670
69665
69663
69662
69659
69653
69632
69631
69622
69604
69598
69597
69594
69593
69584
69574
69571
69564
69547
69532
69531
69520
69518
69454
69433
69431
69418
69394
69383
69378
69375
69367
69327
69310
69301
69297
69297
69284
69274
69267
69267
69254
69252
69225
69225
69224
69215
69214
69210
69183
69170
69169
69160
69146
69117
69117
69105
69101
69083
69077
69073
69063
69057
69027
69023
69023
69021
69009
68995
68994
68989
68988
68987
68979
68960
68954
68942
68938
68936
68932
68929
68927
68905
68892
68876
68875
68872
68866
68864
68859
68852
68852
68852
68845
68840
68836
68831
68831
68823
68823
68803
68786
68784
68772
68754
68738
68698
68692
68689
68679
68666
68647
68632
68632
68622
68612
68602
68597
68590
68573
68568
68568
68524
68521
68513
68508
68502
68483
68474
68468
68467
68442
68440
68440
68400
68398
68389
68389
68385
68384
68376
68363
68363
68351
68347
68344
68343
68335
68331
68307
68301
68293
68290
68277
68271
68233
68232
68228
68227
68223
68217
68196
68191
68175
68161
68154
68150
68141
68136
68132
68127
68111
68081
68076
68047
68040
68032
68018
68017
68001
67983
67982
67976
67970
67952
67951
67950
67942
67931
67930
67906
67900
67894
67876
67870
67840
67837
67835
67835
67827
67824
67823
67817
67815
67811
67809
67808
67807
67805
67801
67791
67790
67774
67738
67728
67727
67718
67718
67699
67691
67691
67671
67666
67626
67619
67593
67592
67588
67576
67575
67568
67545
67531
67526
67526
67524
67523
67513
67492
67486
67484
67474
67470
67468
67459
67456
67433
67426
67405
67391
67378
67371
67364
67363
67352
67343
67320
67308
67293
67264
67246
67232
67205
67204
67203
67179
67178
67150
67147
67146
67141
67135
67127
67114
67099
67098
67094
67093
67085
67060
67058
67050
67050
67013
67013
67010
66973
66973
66965
66965
66963
66963
66949
66946
66945
66938
66937
66930
66922
66911
66904
66898
66890
66886
66877
66871
66853
66851
66830
66819
66807
66798
66790
66778
66776
66740
66727
66710
66698
66698
66691
66688
66683
66677
66676
66673
66665
66652
66646
66639
66638
66636
66633
66627
66615
66605
66598
66567
66563
66537
66532
66506
66505
66469
66463
66452
66449
66446
66445
66431
66428
66425
66405
66396
66375
66360
66355
66321
66303
66298
66297
66294
66294
66279
66270
66250
66243
66240
66223
66201
66176
66174
66156
66146
66145
66144
66131
66121
66118
66116
66115
66112
66110
66092
66080
66071
66061
66052
66043
66031
66015
66012
66007
65990
65986
65981
65947
65943
65942
65936
65932
65925
65920
65915
65906
65896
65877
65868
65857
65845
65843
65832
65830
65824
65812
65804
65804
65785
65782
65741
65728
65708
65674
65671
65665
65658
65648
65647
65646
65633
65615
65593
65577
65564
65541
65524
65519
65499
65491
65490
65489
65482
65479
65478
65472
65455
65423
65417
65408
65392
65369
65329
65301
65300
65300
65280
65264
65254
65250
65247
65224
65208
65193
65192
65190
65179
65165
65158
65154
65152
65144
65138
65134
65126
65124
65122
65109
65097
65073
65065
65059
65051
65037
65027
65025
65002
64970
64958
64934
64910
64903
64884
64881
64879
64868
64865
64863
64863
64853
64849
64847
64832
64820
64812
64806
64800
64787
64784
64776
64774
64766
64765
64765
64739
64724
64718
64699
64694
64689
64688
64685
64679
64672
64660
64654
64650
64632
64627
64605
64605
64513
64502
64500
64500
64487
64479
64470
64462
64461
64457
64438
64437
64417
64416
64407
64402
64373
64366
64365
64356
64342
64340
64334
64328
64325
64318
64314
64304
64296
64271
64263
64261
64260
64251
64251
64248
64237
64229
64212
64194
64192
64192
64185
64184
64180
64152
64151
64150
64145
64141
64124
64123
64100
64089
64074
64047
64043
64039
64019
64008
64005
64001
63974
63968
63967
63965
63956
63925
63901
63893
63881
63870
63853
63840
63834
63823
63814
63783
63781
63743
63738
63713
63697
63681
63659
63658
63649
63624
63622
63621
63602
63581
63566
63551
63526
63513
63512
63508
63483
63477
63468
63454
63449
63439
63434
63409
63405
63398
63395
63355
63345
63334
63330
63330
63328
63310
63307
63306
63304
63285
63284
63271
63259
63258
63236
63222
63212
63194
63182
63179
63158
63150
63094
63060
63028
63024
63015
63008
62996
62990
62990
62988
62986
62985
62979
62979
62976
62963
62953
62942
62932
62921
62897
62859
62856
62831
62816
62802
62798
62795
62772
62762
62761
62744
62738
62736
62730
62723
62723
62711
62698
62696
62694
62691
62687
62659
62651
62622
62616
62601
62595
62582
62579
62577
62570
62566
62560
62552
62528
62528
62504
62502
62496
62489
62485
62483
62476
62467
62465
62459
62456
62433
62405
62381
62380
62379
62363
62352
62349
62339
62337
62324
62316
62310
62296
62295
62294
62278
62258
62257
62255
62226
62217
62202
62199
62199
62184
62176
62157
62131
62129
62122
62112
62110
62077
62066
62059
62055
62039
62038
62030
62030
62018
62013
62011
62007
61990
61968
61959
61959
61932
61932
61920
61911
61903
61832
61790
61789
61781
61769
61758
61757
61752
61744
61741
61736
61717
61715
61703
61700
61688
61658
61657
61657
61651
61637
61628
61625
61620
61618
61617
61615
61610
61606
61601
61588
61585
61567
61554
61542
61534
61520
61494
61494
61483
61476
61474
61461
61458
61444
61433
61413
61407
61361
61344
61340
61338
61335
61320
61320
61304
61298
61294
61267
61267
61261
61260
61248
61246
61243
61216
61198
61188
61173
61171
61159
61145
61128
61109
61103
61101
61097
61061
61052
61040
61035
61035
61028
61010
60990
60978
60976
60970
60925
60910
60903
60888
60881
60876
60858
60850
60848
60835
60832
60820
60820
60793
60793
60789
60778
60777
60768
60767
60766
60765
60746
60738
60721
60703
60697
60693
60682
60668
60667
60666
60631
60624
60615
60574
60558
60539
60522
60521
60520
60495
60468
60464
60462
60461
60454
60436
60422
60414
60408
60397
60389
60388
60381
60377
60369
60367
60351
60338
60325
60315
60304
60256
60241
60235
60226
60209
60197
60185
60180
60175
60175
60157
60154
60149
60125
60106
60100
60094
60090
60084
60069
60065
60048
60043
60009
60006
59994
59993
59975
59975
59973
59970
59965
59963
59952
59943
59931
59923
59916
59877
59874
59835
59806
59794
59789
59760
59756
59748
59748
59712
59700
59681
59669
59668
59666
59660
59651
59631
59624
59611
59611
59589
59577
59571
59553
59548
59547
59539
59532
59531
59528
59499
59487
59470
59463
59455
59441
59437
59394
59394
59386
59386
59385
59347
59344
59340
59338
59333
59295
59286
59251
59236
59199
59199
59178
59176
59174
59173
59167
59166
59164
59154
59136
59134
59104
59103
59099
59090
59087
59081
59080
59067
59066
59047
59044
59036
59033
59015
59010
59006
59003
59002
59001
58996
58946
58927
58922
58921
58912
58904
58893
58871
58870
58850
58849
58848
58839
58836
58833
58823
58806
58803
58803
58764
58756
58745
58710
58675
58656
58651
58650
58645
58631
58629
58628
58628
58619
58614
58614
58612
58602
58594
58583
58542
58525
58524
58524
58494
58492
58491
58490
58481
58479
58472
58461
58436
58431
58428
58421
58406
58392
58385
58351
58349
58334
58314
58263
58261
58231
58224
58214
58210
58190
58171
58169
58148
58140
58138
58124
58123
58120
58099
58090
58065
58063
58044
58041
58036
58021
58013
58008
57985
57963
57963
57951
57948
57943
57942
57939
57936
57899
57896
57885
57881
57874
57871
57867
57864
57861
57857
57846
57845
57842
57834
57830
57822
57815
57813
57787
57786
57785
57781
57773
57770
57762
57757
57751
57708
57701
57694
57686
57683
57673
57661
57654
57647
57634
57627
57626
57612
57608
57598
57590
57581
57560
57546
57541
57531
57529
57511
57504
57497
57496
57488
57485
57482
57473
57469
57456
57446
57427
57420
57414
57412
57397
57359
57343
57336
57299
57289
57275
57269
57251
57249
57247
57229
57228
57218
57166
57159
57137
57128
57128
57121
57116
57113
57112
57110
57107
57102
57100
57095
57082
57064
57050
57050
57028
57021
56997
56995
56957
56950
56950
56940
56934
56907
56899
56898
56894
56893
56877
56864
56854
56838
56831
56814
56802
56768
56756
56750
56749
56742
56707
56706
56705
56692
56686
56643
56640
56627
56605
56597
56595
56587
56583
56576
56565
56556
56535
56527
56522
56514
56507
56504
56493
56491
56488
56487
56463
56416
56396
56396
56389
56372
56346
56345
56339
56280
56271
56267
56264
56264
56234
56221
56217
56214
56178
56160
56147
56134
56131
56113
56095
56085
56082
56077
56069
56042
55987
55977
55962
55952
55935
55928
55913
55908
55905
55903
55901
55900
55899
55892
55885
55855
55851
55839
55836
55820
55816
55810
55807
55803
55792
55768
55766
55755
55752
55738
55735
55731
55720
55719
55680
55672
55658
55644
55636
55635
55620
55581
55575
55551
55548
55535
55519
55518
55514
55513
55512
55507
55496
55495
55456
55406
55395
55383
55383
55381
55369
55353
55345
55315
55302
55291
55287
55268
55265
55259
55256
55254
55254
55253
55240
55238
55234
55231
55224
55219
55213
55195
55189
55171
55170
55170
55156
55153
55114
55112
55104
55091
55070
55064
55038
55037
55014
55012
55004
55003
54998
54993
54992
54988
54982
54979
54967
54956
54950
54949
54941
54911
54872
54819
54814
54769
54767
54765
54749
54729
54715
54705
54700
54700
54659
54630
54618
54609
54580
54576
54570
54530
54520
54515
54507
54473
54468
54463
54455
54446
54443
54435
54434
54429
54426
54414
54412
54410
54396
54386
54386
54380
54371
54371
54367
54331
54323
54315
54302
54300
54282
54282
54270
54268
54244
54235
54217
54210
54205
54199
54175
54163
54161
54159
54136
54136
54132
54123
54116
54115
54111
54103
54102
54093
54070
54057
54046
54042
54039
54035
54007
53982
53967
53953
53922
53901
53900
53900
53898
53874
53872
53867
53866
53860
53848
53839
53817
53808
53797
53777
53776
53772
53769
53764
53741
53733
53732
53726
53726
53716
53712
53709
53688
53687
53685
53650
53648
53643
53633
53629
53629
53627
53602
53602
53588
53566
53547
53545
53542
53538
53515
53512
53510
53498
53467
53466
53466
53448
53443
53426
53418
53409
53401
53401
53389
53364
53338
53333
53332
53313
53306
53303
53275
53273
53262
53260
53257
53256
53254
53231
53229
53223
53217
53205
53203
53184
53165
53160
53159
53154
53131
53107
53105
53101
53067
53065
53056
53053
53049
53045
53038
53033
53019
52994
52972
52971
52970
52967
52964
52949
52947
52945
52940
52936
52915
52873
52873
52866
52858
52853
52844
52841
52832
52826
52797
52786
52777
52768
52744
52742
52738
52737
52721
52709
52697
52685
52605
52594
52589
52580
52558
52541
52526
52513
52506
52504
52499
52496
52488
52468
52454
52437
52432
52428
52428
52426
52424
52408
52397
52396
52390
52388
52382
52349
52347
52332
52329
52312
52308
52278
52274
52260
52240
52238
52223
52177
52173
52169
52155
52154
52128
52125
52113
52111
52103
52100
52077
52067
52056
52050
52034
52027
52026
52015
52013
52005
51999
51998
51991
51990
51971
51956
51952
51949
51933
51921
51901
51901
51901
51899
51895
51857
51854
51833
51820
51819
51793
51789
51756
51753
51751
51738
51734
51723
51722
51721
51720
51718
51711
51692
51675
51660
51633
51632
51616
51596
51588
51573
51556
51550
51534
51521
51517
51508
51506
51504
51503
51498
51465
51448
51435
51397
51394
51387
51379
51375
51375
51371
51352
51350
51345
51332
51328
51327
51321
51298
51297
51289
51274
51271
51261
51249
51239
51235
51233
51233
51223
51199
51199
51179
51159
51152
51143
51142
51130
51102
51097
51086
51079
51074
51063
51023
51022
51018
51011
51009
51002
50994
50988
50939
50930
50925
50898
50896
50882
50882
50882
50876
50846
50843
50831
50822
50818
50812
50803
50773
50765
50762
50753
50749
50747
50735
50732
50722
50721
50719
50709
50706
50700
50699
50687
50668
50660
50651
50645
50644
50641
50639
50616
50609
50608
50603
50598
50590
50580
50539
50532
50502
50490
50484
50479
50477
50467
50466
50455
50454
50452
50440
50407
50397
50393
50381
50378
50364
50352
50344
50338
50318
50310
50300
50289
50271
50258
50254
50253
50244
50216
50215
50214
50207
50200
50196
50194
50179
50171
50171
50158
50151
50149
50141
50140
50102
50101
50094
50084
50078
50077
50077
50068
50057
50050
50040
50024
50002
49997
49995
49995
49990
49983
49976
49975
49967
49964
49956
49950
49950
49944
49918
49897
49888
49874
49841
49833
49789
49784
49784
49772
49768
49766
49762
49760
49752
49745
49738
49723
49691
49675
49647
49637
49632
49625
49621
49593
49593
49592
49574
49573
49564
49536
49520
49519
49502
49487
49472
49460
49453
49453
49425
49425
49400
49386
49381
49381
49374
49370
49363
49350
49342
49313
49313
49288
49287
49283
49282
49281
49265
49260
49258
49249
49243
49211
49201
49190
49176
49167
49164
49157
49155
49144
49112
49102
49102
49076
49030
49002
48999
48994
48985
48984
48980
48964
48956
48948
48939
48937
48912
48900
48893
48889
48887
48883
48883
48881
48878
48874
48855
48839
48832
48803
48758
48751
48745
48737
48732
48727
48717
48715
48687
48684
48678
48674
48674
48660
48635
48627
48618
48616
48616
48604
48599
48590
48585
48570
48567
48564
48552
48549
48544
48530
48530
48515
48500
48493
48483
48477
48464
48463
48446
48436
48422
48421
48419
48412
48389
48363
48360
48359
48355
48348
48335
48322
48298
48296
48295
48292
48287
48285
48285
48279
48265
48254
48251
48249
48244
48236
48232
48227
48225
48219
48206
48204
48200
48199
48179
48173
48165
48160
48158
48131
48129
48127
48119
48110
48103
48094
48084
48075
48064
48048
48022
48017
48001
48001
47999
47997
47996
47971
47948
47944
47943
47933
47927
47915
47914
47902
47885
47883
47881
47853
47850
47842
47825
47788
47786
47784
47783
47778
47777
47771
47769
47768
47754
47750
47750
47746
47733
47714
47687
47668
47661
47655
47653
47647
47619
47619
47611
47610
47606
47601
47585
47570
47567
47552
47544
47528
47517
47506
47502
47493
47493
47489
47487
47484
47476
47452
47451
47436
47435
47428
47402
47397
47394
47388
47381
47377
47367
47365
47349
47340
47326
47325
47320
47318
47317
47314
47308
47305
47270
47253
47250
47247
47247
47217
47215
47208
47205
47200
47187
47182
47175
47169
47167
47118
47109
47108
47104
47098
47092
47089
47081
47078
47072
47030
47027
46990
46971
46969
46958
46951
46947
46941
46935
46925
46892
46891
46887
46882
46875
46864
46854
46854
46849
46848
46844
46840
46829
46829
46798
46786
46770
46750
46742
46730
46714
46704
46689
46672
46644
46643
46640
46640
46638
46631
46628
46624
46568
46566
46565
46560
46551
46546
46541
46541
46534
46527
46513
46507
46499
46497
46462
46461
46429
46417
46406
46405
46401
46392
46370
46366
46358
46353
46351
46345
46340
46337
46315
46314
46312
46310
46306
46290
46281
46266
46264
46257
46256
46248
46247
46237
46235
46234
46225
46224
46220
46202
46175
46168
46152
46148
46132
46132
46123
46101
46093
46081
46066
46060
46049
46047
46047
46042
46041
46032
46016
45987
45969
45964
45963
45944
45941
45936
45914
45908
45893
45889
45883
45881
45829
45824
45814
45814
45793
45772
45764
45761
45751
45729
45726
45712
45711
45704
45698
45678
45667
45652
45640
45639
45614
45605
45603
45592
45589
45572
45530
45529
45523
45512
45503
45497
45492
45450
45444
45425
45420
45387
45370
45367
45357
45352
45326
45318
45313
45313
45307
45304
45275
45269
45267
45263
45256
45241
45224
45222
45219
45217
45214
45205
45198
45195
45185
45181
45179
45173
45152
45151
45140
45135
45119
45101
45084
45084
45068
45066
45061
45045
45039
45038
45016
45015
45004
44994
44981
44973
44939
44933
44925
44892
44880
44878
44876
44859
44852
44839
44837
44827
44818
44814
44772
44764
44755
44748
44743
44735
44726
44726
44716
44716
44693
44686
44676
44672
44667
44660
44644
44639
44636
44627
44624
44623
44622
44622
44602
44602
44588
44587
44584
44583
44572
44571
44559
44544
44543
44534
44529
44518
44498
44497
44455
44448
44447
44428
44427
44421
44416
44415
44413
44408
44406
44399
44396
44389
44385
44367
44357
44337
44335
44334
44329
44307
44299
44298
44297
44267
44261
44258
44253
44241
44220
44126
44122
44110
44106
44090
44082
44080
44069
44064
44052
44051
44050
44027
43991
43983
43971
43945
43943
43941
43922
43912
43909
43897
43895
43893
43888
43858
43845
43844
43840
43837
43826
43825
43818
43811
43798
43786
43777
43774
43755
43742
43741
43691
43686
43668
43668
43634
43633
43623
43623
43623
43618
43608
43597
43585
43571
43550
43543
43543
43538
43533
43502
43494
43494
43490
43478
43444
43433
43432
43431
43417
43412
43401
43393
43393
43388
43357
43352
43349
43340
43335
43335
43334
43332
43312
43308
43308
43299
43293
43290
43288
43281
43278
43272
43211
43209
43202
43187
43183
43182
43178
43174
43172
43171
43133
43130
43121
43116
43112
43105
43086
43063
43062
43049
43049
43019
43016
43012
42969
42959
42955
42950
42943
42940
42936
42919
42914
42900
42895
42881
42877
42870
42860
42853
42844
42837
42772
42753
42707
42696
42694
42691
42684
42682
42680
42677
42656
42653
42652
42642
42638
42629
42628
42612
42605
42594
42593
42588
42588
42576
42575
42562
42551
42540
42535
42534
42522
42516
42501
42501
42495
42494
42470
42469
42468
42466
42465
42438
42423
42419
42406
42392
42387
42379
42373
42361
42353
42344
42343
42333
42328
42327
42313
42293
42290
42285
42280
42277
42275
42273
42245
42235
42225
42216
42209
42195
42167
42159
42158
42150
42144
42144
42138
42132
42130
42124
42115
42111
42103
42102
42102
42097
42090
42089
42065
42056
42056
42043
42022
42018
42005
42003
41990
41983
41972
41967
41947
41935
41929
41915
41890
41889
41865
41852
41852
41843
41842
41828
41807
41803
41786
41773
41768
41752
41745
41722
41721
41718
41715
41700
41671
41670
41667
41664
41634
41604
41603
41602
41602
41588
41556
41541
41541
41531
41529
41522
41515
41488
41477
41446
41444
41434
41423
41421
41411
41409
41398
41389
41381
41380
41380
41374
41374
41370
41351
41325
41318
41310
41295
41290
41287
41263
41261
41254
41244
41233
41231
41230
41221
41207
41197
41181
41179
41176
41159
41151
41114
41111
41085
41077
41069
41063
41050
41044
41039
41036
41021
41004
41004
40986
40983
40971
40950
40932
40917
40916
40914
40905
40877
40860
40858
40845
40845
40834
40783
40783
40782
40780
40780
40773
40768
40763
40761
40723
40715
40712
40704
40697
40679
40673
40668
40637
40633
40631
40627
40627
40622
40620
40600
40590
40552
40550
40548
40542
40542
40539
40539
40531
40526
40518
40516
40515
40507
40482
40467
40458
40456
40451
40450
40442
40438
40437
40421
40391
40387
40384
40367
40347
40341
40335
40332
40318
40314
40301
40298
40291
40289
40270
40252
40249
40242
40219
40195
40176
40163
40160
40155
40143
40102
40091
40079
40079
40055
40040
40029
40017
39997
39993
39971
39958
39949
39944
39943
39934
39886
39881
39876
39875
39856
39845
39785
39752
39742
39728
39723
39710
39701
39690
39689
39689
39685
39670
39666
39663
39653
39652
39640
39631
39626
39623
39609
39600
39596
39593
39565
39564
39561
39541
39532
39518
39477
39474
39472
39472
39450
39446
39428
39426
39418
39410
39399
39391
39390
39383
39374
39363
39344
39334
39311
39283
39279
39274
39274
39262
39250
39243
39230
39227
39226
39224
39222
39216
39216
39210
39200
39196
39193
39183
39179
39170
39162
39153
39153
39135
39132
39127
39125
39107
39094
39092
39088
39072
39071
39064
39063
39044
39036
39019
39019
39018
39007
38994
38994
38979
38977
38974
38967
38964
38958
38953
38941
38920
38886
38883
38876
38875
38866
38855
38853
38835
38823
38817
38812
38805
38792
38788
38783
38777
38773
38770
38757
38751
38732
38731
38727
38724
38723
38690
38690
38685
38675
38669
38667
38653
38648
38648
38646
38629
38622
38603
38602
38594
38562
38549
38532
38487
38482
38481
38481
38474
38452
38448
38443
38423
38378
38365
38356
38348
38346
38339
38294
38275
38271
38259
38254
38251
38249
38248
38238
38236
38235
38235
38223
38212
38211
38200
38196
38193
38189
38187
38170
38157
38151
38147
38141
38134
38127
38105
38104
38098
38070
38066
38066
38066
38052
38051
38045
38041
38022
37994
37974
37960
37953
37952
37950
37949
37948
37946
37913
37896
37892
37887
37885
37868
37863
37860
37856
37841
37840
37834
37818
37803
37785
37781
37780
37766
37761
37756
37748
37746
37744
37737
37716
37713
37692
37681
37680
37679
37664
37663
37645
37640
37621
37620
37606
37597
37587
37583
37570
37568
37560
37559
37559
37544
37542
37542
37540
37532
37527
37513
37499
37480
37474
37466
37460
37455
37440
37437
37435
37428
37413
37411
37402
37393
37365
37365
37361
37358
37340
37335
37330
37311
37309
37295
37286
37282
37279
37265
37263
37253
37246
37239
37238
37232
37225
37225
37215
37192
37191
37181
37167
37162
37158
37120
37110
37106
37099
37081
37064
37060
37050
37050
37009
37005
37001
36989
36984
36981
36967
36961
36949
36939
36909
36906
36888
36882
36878
36857
36853
36834
36827
36817
36815
36812
36774
36771
36746
36738
36714
36697
36694
36683
36674
36656
36640
36637
36616
36616
36601
36590
36590
36589
36583
36564
36551
36550
36540
36529
36524
36521
36514
36488
36485
36475
36470
36470
36467
36460
36441
36435
36433
36432
36429
36407
36381
36378
36377
36371
36368
36327
36324
36314
36305
36305
36283
36221
36213
36198
36183
36175
36167
36162
36148
36140
36126
36119
36116
36111
36078
36064
36063
36058
36057
36056
36054
36044
36034
36030
36006
35999
35997
35985
35959
35950
35949
35935
35934
35933
35904
35904
35889
35878
35878
35869
35868
35864
35831
35822
35805
35799
35797
35796
35795
35786
35778
35757
35746
35730
35728
35721
35719
35707
35702
35689
35663
35652
35633
35631
35623
35607
35600
35589
35587
35584
35583
35580
35579
35553
35547
35537
35530
35514
35510
35503
35486
35451
35442
35434
35425
35421
35411
35409
35408
35405
35402
35392
35380
35358
35327
35311
35305
35303
35300
35274
35246
35242
35241
35199
35192
35189
35184
35184
35180
35173
35173
35168
35135
35125
35116
35106
35105
35101
35072
35049
35019
35017
35009
35001
34987
34965
34936
34932
34918
34913
34900
34896
34892
34881
34877
34870
34869
34860
34859
34847
34839
34762
34752
34748
34744
34705
34693
34677
34667
34654
34647
34628
34620
34618
34614
34603
34596
34592
34582
34581
34574
34564
34561
34550
34510
34485
34458
34451
34446
34436
34393
34393
34366
34342
34338
34334
34333
34306
34298
34294
34266
34266
34235
34235
34225
34209
34206
34197
34194
34193
34185
34116
34094
34091
34063
34043
34042
34033
34031
34030
34011
33999
33992
33952
33938
33913
33897
33894
33880
33863
33861
33861
33856
33847
33835
33824
33822
33813
33811
33803
33799
33791
33785
33782
33780
33763
33755
33753
33742
33727
33702
33681
33660
33650
33650
33642
33633
33632
33623
33609
33608
33607
33594
33585
33575
33572
33552
33551
33548
33523
33523
33511
33493
33475
33468
33460
33449
33444
33430
33401
33400
33391
33366
33363
33362
33356
33352
33342
33320
33318
33312
33308
33297
33294
33283
33276
33264
33259
33250
33245
33241
33237
33237
33234
33206
33197
33195
33188
33181
33180
33159
33132
33115
33111
33108
33099
33098
33045
33045
33042
33038
33028
33019
33018
33014
32988
32977
32943
32927
32914
32911
32907
32907
32877
32860
32859
32853
32847
32839
32838
32834
32832
32829
32822
32819
32816
32811
32789
32716
32708
32700
32688
32678
32646
32638
32613
32596
32590
32550
32548
32540
32532
32512
32508
32505
32492
32490
32457
32454
32408
32402
32395
32385
32358
32350
32334
32325
32313
32289
32289
32276
32258
32252
32252
32249
32238
32227
32226
32202
32199
32182
32171
32164
32135
32130
32118
32083
32045
32039
32034
32026
32019
32014
32011
32006
32006
32001
31983
31982
31969
31966
31963
31947
31940
31921
31918
31911
31900
31897
31878
31862
31855
31812
31787
31780
31765
31765
31749
31747
31746
31722
31703
31677
31676
31657
31618
31608
31602
31599
31591
31587
31567
31555
31551
31546
31541
31539
31538
31532
31531
31529
31499
31488
31484
31479
31477
31472
31464
31443
31427
31423
31414
31412
31411
31407
31402
31401
31384
31381
31381
31378
31377
31365
31355
31343
31327
31322
31321
31319
31301
31296
31273
31230
31227
31216
31215
31214
31207
31206
31205
31192
31190
31183
31178
31155
31145
31144
31139
31136
31126
31099
31092
31068
31053
31038
31029
31023
31019
31017
31012
31001
30997
30988
30985
30984
30983
30978
30970
30955
30952
30940
30924
30914
30901
30901
30888
30880
30869
30868
30844
30810
30801
30798
30793
30789
30782
30775
30741
30736
30726
30720
30714
30697
30667
30667
30658
30648
30637
30635
30631
30623
30602
30600
30541
30541
30530
30523
30520
30517
30497
30473
30469
30466
30443
30436
30424
30408
30407
30397
30394
30394
30388
30387
30382
30380
30377
30373
30371
30369
30346
30345
30342
30339
30312
30305
30285
30269
30265
30265
30264
30243
30209
30209
30178
30166
30163
30163
30155
30152
30146
30095
30093
30092
30080
30079
30072
30059
30035
30010
30008
30005
29993
29991
29979
29970
29957
29925
29924
29905
29885
29880
29871
29871
29854
29854
29852
29846
29840
29829
29821
29803
29783
29781
29753
29753
29748
29739
29717
29701
29687
29684
29677
29670
29668
29664
29647
29631
29631
29621
29620
29602
29595
29589
29552
29550
29545
29538
29525
29523
29521
29503
29495
29482
29481
29465
29457
29449
29443
29435
29426
29415
29415
29395
29393
29388
29368
29367
29366
29364
29353
29353
29342
29333
29319
29317
29309
29305
29294
29269
29243
29226
29226
29225
29217
29191
29189
29170
29155
29151
29145
29144
29125
29112
29072
29070
29069
29066
29062
29035
29034
29024
29006
28982
28976
28971
28955
28954
28926
28877
28869
28836
28834
28833
28832
28830
28820
28796
28784
28761
28750
28746
28744
28723
28715
28713
28683
28677
28664
28656
28648
28648
28634
28625
28621
28613
28612
28610
28608
28600
28571
28560
28557
28523
28515
28500
28499
28467
28450
28438
28425
28419
28412
28405
28385
28377
28373
28372
28359
28359
28333
28332
28313
28312
28295
28295
28260
28258
28246
28242
28242
28231
28188
28186
28174
28172
28119
28113
28085
28081
28063
28050
28049
28045
28042
28037
28023
28021
28020
28014
28005
27996
27975
27973
27973
27961
27942
27940
27937
27891
27877
27877
27866
27863
27854
27850
27850
27849
27848
27839
27826
27796
27789
27788
27786
27778
27771
27768
27751
27748
27741
27718
27716
27702
27695
27694
27694
27652
27643
27637
27635
27624
27612
27611
27603
27588
27579
27578
27573
27557
27547
27537
27522
27505
27504
27473
27432
27426
27425
27421
27417
27407
27398
27398
27389
27377
27366
27359
27352
27351
27349
27333
27331
27326
27319
27315
27305
27292
27267
27257
27240
27237
27236
27221
27219
27219
27212
27211
27209
27201
27190
27187
27180
27166
27141
27123
27119
27094
27088
27084
27082
27072
27057
27053
27048
27041
27027
27019
27007
27005
26996
26986
26981
26930
26903
26889
26885
26878
26829
26826
26803
26800
26799
26786
26781
26753
26747
26739
26735
26725
26709
26707
26677
26676
26676
26661
26661
26631
26631
26611
26588
26581
26580
26577
26577
26575
26548
26547
26541
26538
26536
26528
26524
26511
26506
26503
26467
26464
26460
26443
26432
26418
26404
26389
26388
26382
26365
26365
26353
26337
26337
26322
26313
26313
26267
26264
26262
26252
26251
26229
26215
26201
26198
26167
26166
26164
26156
26145
26134
26129
26121
26116
26115
26067
25979
25973
25964
25964
25951
25948
25941
25938
25927
25923
25922
25917
25910
25910
25908
25897
25897
25875
25871
25861
25859
25856
25826
25813
25797
25796
25786
25775
25758
25756
25752
25742
25733
25727
25700
25690
25689
25670
25660
25652
25644
25636
25630
25630
25597
25594
25588
25585
25582
25578
25567
25555
25548
25508
25491
25486
25485
25483
25481
25468
25465
25457
25450
25431
25424
25419
25372
25368
25359
25355
25340
25335
25320
25308
25306
25271
25265
25249
25228
25210
25199
25196
25189
25182
25177
25177
25164
25160
25160
25148
25146
25121
25094
25085
25071
25069
25067
25046
25044
25043
25042
25035
25010
25001
24995
24992
24988
24987
24981
24969
24959
24956
24947
24928
24893
24872
24863
24844
24841
24829
24822
24805
24787
24753
24743
24737
24727
24715
24715
24715
24711
24707
24688
24680
24676
24669
24655
24653
24652
24651
24647
24645
24628
24611
24596
24590
24587
24569
24566
24559
24536
24533
24528
24523
24508
24507
24501
24491
24487
24471
24470
24469
24458
24458
24452
24450
24439
24438
24434
24416
24400
24390
24386
24385
24376
24369
24360
24334
24318
24311
24309
24302
24289
24284
24283
24274
24264
24240
24236
24224
24221
24214
24198
24185
24182
24179
24155
24153
24140
24135
24126
24123
24106
24103
24099
24078
24076
24074
24073
24069
24066
24065
24060
24060
24045
24039
24033
24018
23988
23954
23942
23937
23930
23929
23913
23912
23895
23872
23865
23856
23852
23847
23835
23823
23817
23807
23784
23784
23784
23764
23752
23749
23746
23743
23732
23721
23718
23714
23710
23706
23700
23693
23689
23683
23680
23660
23636
23609
23608
23603
23590
23540
23536
23523
23514
23511
23494
23492
23491
23489
23484
23465
23464
23464
23453
23439
23436
23434
23429
23425
23414
23412
23398
23395
23389
23366
23365
23361
23355
23331
23331
23330
23330
23324
23318
23316
23311
23304
23293
23292
23276
23261
23255
23252
23227
23211
23209
23208
23205
23203
23182
23174
23165
23157
23134
23132
23131
23117
23110
23067
23059
23052
23036
23028
23020
23014
23013
23012
23010
22986
22983
22977
22965
22943
22938
22927
22925
22908
22906
22879
22872
22855
22843
22840
22832
22810
22806
22804
22790
22780
22778
22772
22761
22749
22749
22723
22707
22700
22699
22699
22650
22647
22624
22613
22611
22610
22599
22591
22587
22580
22576
22563
22558
22535
22522
22510
22509
22508
22486
22474
22458
22450
22436
22435
22432
22418
22416
22385
22385
22363
22363
22356
22356
22352
22352
22345
22338
22338
22337
22325
22272
22241
22238
22222
22216
22203
22200
22193
22183
22181
22177
22161
22158
22156
22150
22134
22134
22129
22128
22125
22117
22111
22101
22095
22090
22090
22086
22066
22047
22027
22017
22003
21970
21967
21960
21947
21935
21934
21933
21929
21908
21905
21883
21858
21850
21850
21831
21828
21814
21807
21805
21795
21791
21786
21784
21784
21775
21749
21738
21727
21714
21704
21692
21691
21685
21681
21665
21653
21645
21637
21629
21603
21573
21573
21553
21552
21542
21528
21496
21481
21479
21473
21466
21463
21456
21446
21435
21432
21431
21425
21417
21400
21396
21390
21350
21347
21328
21318
21312
21303
21290
21283
21276
21271
21269
21247
21229
21206
21206
21202
21194
21166
21138
21132
21123
21117
21115
21071
21067
21062
21058
21039
21025
21017
21014
21005
21001
20975
20974
20973
20960
20952
20931
20921
20909
20894
20883
20871
20852
20819
20787
20787
20777
20774
20769
20758
20737
20736
20732
20720
20706
20703
20701
20689
20676
20662
20662
20657
20647
20643
20642
20639
20618
20613
20593
20559
20540
20537
20514
20514
20503
20500
20493
20476
20467
20461
20454
20453
20448
20447
20431
20430
20420
20401
20400
20399
20375
20370
20358
20350
20321
20301
20292
20287
20283
20282
20275
20272
20262
20255
20244
20244
20211
20210
20195
20194
20190
20182
20159
20158
20151
20139
20135
20129
20109
20051
20044
20038
20037
20035
20026
19999
19961
19957
19940
19937
19897
19896
19879
19874
19868
19865
19864
19859
19842
19842
19840
19831
19830
19817
19814
19814
19812
19799
19788
19778
19778
19769
19764
19763
19761
19760
19751
19749
19744
19736
19735
19696
19695
19676
19670
19665
19663
19638
19638
19628
19618
19618
19585
19584
19564
19563
19557
19542
19524
19512
19502
19497
19484
19404
19402
19401
19395
19375
19370
19365
19358
19358
19349
19344
19327
19316
19308
19304
19304
19304
19295
19272
19250
19244
19222
19220
19218
19216
19197
19174
19171
19156
19154
19151
19150
19143
19132
19131
19130
19118
19095
19091
19086
19078
19077
19073
19064
19062
19057
19056
19021
19012
19011
19010
18995
18980
18974
18971
18963
18950
18907
18889
18888
18885
18884
18868
18867
18853
18830
18829
18823
18821
18806
18804
18791
18786
18776
18770
18762
18758
18751
18743
18743
18735
18732
18725
18723
18716
18714
18712
18703
18693
18690
18689
18661
18658
18645
18642
18629
18614
18607
18598
18594
18552
18548
18532
18528
18487
18478
18472
18448
18423
18405
18385
18383
18371
18370
18353
18344
18342
18335
18330
18318
18307
18289
18288
18273
18270
18269
18252
18247
18246
18243
18241
18236
18220
18182
18167
18163
18121
18100
18086
18083
18075
18051
18046
18043
18029
17973
17965
17953
17941
17939
17926
17916
17904
17901
17890
17879
17874
17864
17850
17839
17832
17829
17800
17788
17764
17763
17751
17744
17736
17729
17714
17705
17682
17665
17654
17638
17636
17636
17636
17585
17583
17573
17553
17548
17526
17517
17511
17472
17464
17455
17450
17449
17428
17421
17416
17405
17405
17393
17385
17383
17352
17349
17344
17337
17336
17330
17318
17318
17314
17293
17280
17272
17268
17262
17260
17243
17212
17155
17152
17151
17149
17142
17124
17076
17065
17059
17058
17041
17041
17033
17031
17024
16998
16996
16992
16985
16960
16960
16955
16953
16952
16948
16942
16941
16934
16915
16901
16900
16884
16868
16867
16865
16848
16840
16837
16828
16824
16815
16805
16803
16783
16746
16745
16737
16725
16723
16714
16683
16677
16671
16667
16652
16645
16645
16643
16637
16629
16615
16610
16604
16600
16592
16584
16571
16565
16558
16552
16518
16507
16499
16486
16466
16455
16450
16439
16438
16436
16431
16430
16422
16413
16407
16400
16386
16381
16380
16344
16343
16335
16323
16322
16289
16281
16277
16259
16224
16202
16196
16194
16192
16180
16121
16112
16112
16109
16082
16082
16082
16067
16037
16028
15992
15991
15981
15978
15971
15960
15957
15939
15938
15936
15931
15930
15927
15922
15915
15904
15902
15901
15900
15893
15881
15878
15876
15875
15855
15853
15837
15837
15835
15812
15803
15787
15785
15771
15761
15752
15722
15711
15700
15669
15657
15649
15645
15642
15600
15595
15589
15583
15580
15567
15564
15561
15531
15529
15507
15502
15475
15466
15457
15445
15414
15411
15391
15387
15373
15364
15352
15340
15331
15327
15298
15292
15290
15283
15279
15278
15264
15247
15243
15230
15209
15203
15178
15155
15151
15149
15144
15137
15135
15127
15115
15105
15105
15088
15068
15058
15033
15015
15007
14986
14979
14962
14952
14947
14942
14922
14901
14896
14882
14862
14860
14836
14812
14812
14811
14798
14796
14776
14775
14749
14735
14734
14731
14721
14702
14701
14689
14679
14667
14666
14651
14649
14609
14602
14599
14586
14579
14567
14552
14546
14526
14494
14487
14468
14461
14446
14438
14435
14435
14430
14424
14414
14410
14395
14378
14378
14366
14363
14362
14353
14347
14337
14327
14323
14321
14321
14269
14265
14261
14257
14257
14257
14247
14245
14240
14221
14218
14186
14185
14174
14168
14162
14152
14144
14142
14136
14132
14120
14114
14113
14111
14107
14104
14093
14086
14062
14059
14039
14029
14021
14020
14018
14009
13992
13988
13980
13977
13940
13925
13925
13922
13907
13895
13894
13888
13884
13875
13873
13861
13842
13837
13818
13817
13807
13780
13777
13774
13763
13759
13735
13732
13723
13720
13708
13701
13676
13650
13648
13625
13619
13610
13552
13526
13519
13508
13502
13491
13483
13474
13463
13462
13458
13447
13421
13418
13413
13407
13401
13394
13392
13382
13365
13355
13355
13349
13346
13343
13330
13306
13306
13290
13277
13255
13250
13224
13224
13219
13193
13188
13167
13138
13128
13127
13127
13120
13113
13108
13105
13093
13079
13060
13048
13034
13027
13019
13016
13015
12986
12985
12984
12984
12960
12959
12944
12926
12916
12910
12899
12888
12864
12850
12842
12836
12790
12778
12772
12771
12770
12758
12728
12725
12724
12720
12713
12685
12669
12659
12657
12654
12653
12628
12598
12596
12586
12567
12565
12564
12559
12556
12547
12544
12535
12531
12529
12518
12517
12507
12504
12503
12502
12463
12447
12441
12438
12432
12427
12423
12399
12392
12391
12359
12344
12334
12332
12325
12324
12301
12286
12282
12274
12270
12268
12263
12262
12235
12228
12227
12221
12219
12213
12194
12187
12174
12164
12104
12082
12066
12057
12057
12055
12050
12046
12037
12026
12017
12007
11976
11973
11961
11961
11951
11939
11930
11927
11916
11911
11908
11907
11894
11889
11854
11846
11801
11798
11794
11787
11765
11754
11731
11730
11719
11662
11659
11636
11620
11619
11605
11597
11577
11571
11565
11558
11558
11548
11546
11542
11539
11536
11523
11518
11496
11491
11490
11488
11468
11463
11462
11438
11432
11403
11400
11396
11396
11389
11383
11362
11350
11347
11343
11337
11326
11324
11319
11302
11289
11267
11243
11239
11239
11230
11228
11227
11225
11215
11205
11197
11163
11151
11149
11148
11132
11127
11123
11108
11104
11087
11084
11046
11035
11029
11016
11006
10980
10971
10962
10929
10883
10872
10867
10846
10845
10842
10839
10839
10820
10814
10813
10810
10803
10798
10792
10789
10783
10769
10764
10753
10746
10741
10732
10729
10726
10719
10701
10700
10662
10657
10644
10637
10636
10621
10607
10593
10589
10571
10552
10548
10536
10536
10530
10502
10495
10481
10477
10447
10420
10416
10415
10415
10412
10397
10388
10387
10380
10371
10367
10357
10339
10321
10311
10292
10282
10263
10260
10254
10250
10246
10241
10236
10231
10186
10141
10137
10124
10107
10105
10104
10096
10094
10093
10070
10067
10036
10024
9999
9999
9994
9974
9972
9945
9911
9899
9893
9891
9882
9877
9874
9869
9862
9849
9847
9836
9823
9786
9781
9775
9767
9741
9736
9733
9715
9712
9707
9704
9689
9677
9675
9664
9651
9646
9631
9618
9612
9600
9599
9599
9598
9598
9582
9575
9574
9571
9571
9567
9555
9545
9541
9536
9535
9534
9519
9511
9509
9501
9486
9472
9451
9446
9444
9427
9416
9416
9408
9406
9405
9403
9396
9395
9387
9387
9375
9367
9361
9355
9353
9317
9315
9313
9313
9309
9305
9304
9290
9287
9286
9272
9267
9258
9250
9244
9233
9231
9230
9229
9190
9178
9177
9176
9174
9171
9171
9169
9159
9157
9153
9140
9131
9120
9074
9039
9034
9031
9030
8991
8980
8949
8947
8939
8937
8935
8933
8926
8920
8901
8890
8869
8862
8854
8851
8847
8809
8805
8802
8793
8780
8776
8776
8773
8762
8761
8727
8727
8718
8717
8714
8704
8685
8668
8651
8642
8640
8602
8602
8596
8592
8562
8562
8539
8536
8514
8498
8495
8494
8486
8483
8479
8473
8470
8469
8464
8462
8457
8440
8430
8418
8418
8412
8406
8394
8375
8372
8367
8347
8329
8327
8322
8298
8298
8289
8273
8255
8255
8253
8237
8236
8233
8232
8215
8199
8182
8176
8173
8166
8164
8158
8151
8147
8136
8135
8134
8132
8126
8125
8123
8115
8115
8105
8097
8081
8076
8074
8073
8073
8029
8013
8007
8001
7996
7993
7984
7961
7959
7942
7938
7923
7918
7917
7903
7900
7891
7876
7869
7866
7863
7850
7830
7817
7808
7757
7755
7750
7728
7724
7723
7718
7716
7716
7712
7706
7651
7649
7639
7637
7637
7634
7608
7587
7579
7566
7555
7545
7545
7530
7519
7512
7487
7476
7471
7457
7422
7420
7417
7408
7404
7401
7398
7388
7386
7377
7372
7370
7349
7338
7284
7282
7279
7278
7266
7261
7236
7220
7205
7198
7182
7171
7170
7143
7124
7113
7105
7102
7089
7089
7087
7069
7061
7060
7060
7048
7043
7017
6985
6974
6972
6965
6953
6938
6936
6929
6912
6908
6894
6891
6880
6871
6866
6856
6826
6794
6791
6787
6770
6767
6765
6751
6751
6743
6742
6689
6688
6670
6670
6657
6657
6651
6641
6627
6617
6592
6586
6575
6575
6574
6570
6570
6552
6551
6544
6539
6531
6519
6515
6497
6492
6486
6485
6456
6447
6445
6438
6433
6426
6422
6394
6360
6329
6329
6282
6281
6280
6241
6234
6233
6231
6225
6221
6217
6181
6180
6174
6119
6110
6090
6090
6082
6078
6058
6053
6050
6047
6043
6021
6005
5967
5943
5917
5916
5900
5889
5888
5888
5879
5872
5843
5843
5839
5804
5800
5793
5788
5786
5769
5755
5753
5747
5746
5731
5725
5721
5720
5715
5700
5690
5686
5685
5674
5668
5625
5600
5575
5570
5570
5561
5554
5547
5545
5545
5543
5531
5523
5504
5496
5490
5476
5475
5464
5462
5414
5405
5400
5393
5380
5379
5360
5344
5338
5335
5332
5329
5327
5319
5316
5312
5296
5291
5277
5272
5257
5254
5241
5232
5228
5207
5202
5188
5177
5158
5152
5142
5134
5107
5093
5087
5078
5076
5057
5030
5018
5011
5003
4998
4973
4972
4938
4936
4932
4924
4909
4903
4901
4892
4883
4863
4843
4842
4819
4809
4799
4773
4772
4770
4761
4759
4759
4753
4739
4711
4711
4707
4685
4683
4651
4649
4647
4627
4627
4615
4597
4595
4594
4553
4549
4518
4515
4508
4508
4508
4508
4493
4478
4473
4454
4447
4447
4443
4442
4425
4415
4391
4389
4348
4336
4329
4328
4325
4315
4308
4290
4289
4288
4281
4276
4276
4254
4246
4235
4234
4231
4230
4229
4222
4199
4198
4198
4193
4171
4160
4157
4128
4118
4112
4100
4089
4079
4060
4054
4049
4044
4034
4033
4029
3999
3987
3986
3984
3983
3979
3975
3966
3953
3943
3927
3924
3920
3913
3912
3901
3885
3882
3879
3861
3857
3854
3852
3836
3829
3816
3813
3812
3801
3796
3792
3780
3777
3777
3774
3771
3761
3744
3729
3724
3713
3703
3703
3700
3687
3683
3682
3671
3663
3660
3658
3651
3642
3640
3638
3637
3612
3586
3575
3558
3557
3550
3541
3535
3534
3526
3525
3524
3523
3520
3496
3489
3488
3488
3477
3462
3460
3454
3445
3440
3440
3436
3423
3415
3393
3392
3370
3359
3355
3350
3347
3347
3341
3340
3313
3274
3260
3244
3241
3238
3213
3212
3210
3193
3189
3184
3166
3160
3147
3134
3120
3114
3106
3104
3100
3093
3090
3085
3085
3074
3065
3053
3046
3039
3029
3027
3026
3021
3019
3012
2999
2994
2993
2980
2963
2923
2919
2916
2902
2892
2891
2881
2880
2869
2868
2864
2863
2843
2843
2807
2789
2767
2765
2760
2758
2748
2742
2742
2736
2729
2719
2699
2698
2693
2684
2668
2667
2659
2647
2641
2593
2580
2574
2571
2565
2551
2549
2544
2529
2528
2521
2514
2510
2510
2492
2489
2475
2468
2462
2437
2424
2414
2340
2340
2309
2306
2294
2282
2275
2266
2261
2256
2245
2234
2221
2219
2205
2190
2188
2171
2163
2155
2140
2126
2118
2117
2106
2090
2063
2043
2036
1973
1966
1958
1940
1939
1931
1916
1901
1885
1879
1867
1865
1856
1842
1835
1808
1806
1796
1789
1785
1784
1783
1781
1770
1764
1761
1748
1745
1744
1730
1714
1707
1699
1699
1630
1623
1613
1597
1592
1590
1586
1580
1570
1565
1563
1533
1523
1509
1506
1498
1493
1482
1468
1466
1461
1451
1441
1439
1428
1420
1417
1404
1388
1387
1386
1371
1370
1358
1355
1355
1338
1337
1327
1294
1293
1285
1285
1283
1258
1254
1236
1229
1220
1184
1182
1166
1152
1152
1151
1146
1142
1133
1122
1109
1092
1085
1076
1075
1068
1067
1058
1024
1020
1016
1009
996
993
975
970
968
919
918
893
885
876
865
860
847
841
840
822
818
804
795
779
767
735
730
704
698
688
666
664
659
642
634
627
621
616
594
591
585
577
576
574
559
546
534
532
519
518
516
493
478
477
438
421
419
404
367
344
302
288
286
282
223
222
211
178
156
146
126
124
113
105
99
87
86
79
77
49
48
33
20
2
