75539
19625
53680
32320
26538
45929
19049
57979
5032
70575
32691
81339
25428
6666
36185
26
3200
6993
45386
53070
78410
89765
14819
70937
20424
8422
17400
38401
17825
55586
93358
9716
91564
47038
58388
34454
9319
77438
92433
14352
48013
41476
12043
73441
48142
48228
73468
67694
55222
18854
20765
49984
24972
35584
37274
45396
60358
54674
149
94536
26612
93507
4252
18176
56898
62641
52630
66217
56431
61415
80569
4444
2892
92613
94237
51034
40841
84057
35081
12415
19264
72198
62400
44236
7782
99674
5984
84493
70700
6133
79029
97312
99641
99633
31841
72891
62274
823
39108
35057
62239
36030
55853
65131
28643
50091
32517
85836
50500
83950
98252
69764
56148
77004
30352
63931
93030
36336
64776
63730
42470
43805
77394
58463
43438
25587
31354
22065
26411
70462
57122
88650
6492
12976
70133
51487
79419
19002
37324
29919
2953
51928
16036
59101
28932
46388
39384
38314
82725
4160
18396
25195
47965
12142
10
7756
37730
31364
29821
64141
18178
3295
69143
24671
32623
55628
92510
12042
74630
46186
58314
77583
98114
74350
53037
43398
20738
92421
98064
19815
12934
16460
61362
77251
28603
61372
85007
66333
92736
31180
46826
10915
34476
32321
51938
83451
87949
44448
11846
78931
90635
70160
56515
5101
60862
25904
64852
97952
18325
62916
17768
31259
79377
79130
8511
24332
56855
9870
90665
49591
41051
53843
76858
91879
86164
28796
75330
90465
89597
87176
69396
96584
57336
42263
18037
34550
68167
82889
32503
2845
62158
66623
34104
57887
62105
58967
82219
18960
85190
89236
84904
26241
43079
61762
18120
45595
6911
93450
52412
96508
96979
38160
9444
70667
80424
27481
5218
64943
26723
54073
67788
88881
20696
18245
63120
99153
93564
45339
18114
78754
34575
19370
4995
94006
81132
39467
55953
88043
49270
8365
903
46249
62877
10347
16916
43301
37829
38486
24597
64552
92559
92385
69785
29607
26982
32905
28761
20547
94596
63227
15653
45523
82597
20649
55881
80081
76468
11834
68125
42090
36551
69028
88339
99428
95728
21608
59082
33557
60094
31
14461
69006
92416
598
98613
35751
49855
43726
56298
44451
6953
71951
6326
5902
8952
62207
85984
1773
90393
54109
43863
26944
39489
48555
42724
35217
86515
18158
85126
46609
18189
15939
15615
26958
32889
30581
62709
82744
74307
19007
43547
81261
7310
49873
87163
32615
28432
89499
34388
18825
43608
94603
62121
99450
43158
4846
51019
29673
39356
36146
92635
57546
68437
24602
856
1327
55183
63565
84071
45843
98924
43971
43456
22586
10196
46971
55201
38629
36471
89589
57454
96431
545
35928
95881
43703
57126
46901
89729
96482
99399
98716
70380
84188
23318
71236
85515
94854
51153
85939
57049
50077
46262
505
72664
56458
47476
44217
95087
299
50159
68894
96731
50704
4822
92612
94407
61948
55865
488
74782
71616
99204
45163
55805
38875
32751
57672
50081
83905
43611
7130
50334
89873
23987
39350
46332
71463
83568
57771
88115
33727
43017
84846
84431
47839
93810
95190
26139
66028
12031
17274
37644
11235
78789
93449
66462
11540
67474
16543
11797
11085
40025
78484
17311
64012
17834
79995
51828
1402
54118
39943
51481
97136
41141
35912
61327
34951
47455
3819
979
59486
21093
38624
87073
99882
48425
53536
27774
15899
86431
39572
43337
42809
18056
77000
23173
52242
73347
75001
69997
27465
31296
21478
40953
72437
73743
2281
23741
21198
6100
24720
97036
43545
79696
84109
59779
44474
53997
87553
76725
56781
43477
36414
15942
77885
13414
39115
30128
3113
30469
125
30579
61765
21603
71532
50555
11698
90165
74296
32896
12617
99016
29932
72514
95065
30394
32293
39539
743
19847
32616
57524
63324
69031
73466
41210
98797
28934
87690
1911
59403
87815
48842
21168
25770
36726
71723
37469
26892
62371
86717
55861
77740
33002
28376
72805
63396
60669
28696
80491
80516
61312
38016
60193
46695
27834
17755
45493
73120
5445
47404
32523
9612
96246
53692
51734
32972
41767
89203
76216
20491
92273
32078
98231
25275
60454
71036
5023
37475
16084
85514
34344
77396
39882
94537
24092
84069
12292
85937
57189
34089
33341
89713
43701
45939
59757
95435
95263
17876
991
71480
38367
93264
19910
36598
34891
96716
23986
56266
34191
56422
41780
68535
50171
98015
63072
90615
82084
91716
76552
55625
25805
26245
61690
69506
72184
37799
81294
67447
55676
98637
38927
10395
8253
75189
63346
43144
71905
3684
99410
6097
60107
57542
74632
10278
55557
54057
893
53993
62125
77445
25971
87931
3690
87661
73789
92226
41813
71435
59673
13841
70072
14953
24236
78325
90142
3934
37821
62048
7619
37231
84497
67726
11126
75481
78004
83035
29538
95249
37029
8016
72694
79352
95947
92736
83365
86088
84962
25178
57524
60987
39019
27596
75940
79608
22274
82435
83542
60095
60835
91161
97327
45332
75239
24805
20813
69595
7840
66704
64844
61221
74720
53890
40573
87019
46626
23939
73107
47940
65469
30631
8928
4489
74580
1220
449
96854
83655
83991
56949
44490
91505
70628
6174
66744
95433
26988
52692
19626
10044
17536
80847
84764
87779
21421
71783
50757
61712
44890
98698
27181
91874
23978
48022
66454
25198
48471
79660
25206
48815
52961
86048
40320
39942
92223
23416
51727
35563
76108
71353
45607
9997
52201
46723
97776
89974
34858
48533
51686
79748
63583
95219
87974
87561
43242
70780
29112
8065
50440
70670
56880
19754
56718
13552
59696
65293
36969
11423
17208
29429
82777
79167
55778
34978
42242
53554
24952
77100
2088
92990
56849
82023
88209
61175
69585
47803
31956
98697
55869
98748
85719
12749
18502
42437
26302
78198
24083
79623
89622
57643
25404
88751
53163
81183
40081
95405
34737
81385
72506
53177
74375
45707
35201
78936
6882
21138
26740
38838
36187
82609
53939
21906
11710
72441
80695
54364
66992
21130
33987
56614
78774
59392
61717
31937
56927
1798
27342
8016
83183
16200
61194
57558
61907
12747
52846
68790
50237
79586
23980
86424
62195
77919
8330
90258
66713
5377
44622
33705
26508
78610
6671
21634
54354
68388
69923
11281
86538
97265
19297
69721
29818
96843
43631
91725
25942
96477
76867
76179
76064
17200
78955
54611
11471
3637
44869
78184
9015
89492
28241
51875
84454
34912
73509
38808
19652
43432
66441
6190
57049
2090
92263
86867
15286
35894
94945
41228
48724
71812
33760
24788
89012
12715
95751
484
16353
56973
95020
41720
46465
23262
93595
47271
74526
67104
2431
94179
10536
68872
16721
83937
87314
8985
70805
18952
61231
65750
60181
9955
53914
10293
51095
42927
39360
46847
59763
55713
3820
54783
13785
66637
94397
7380
13908
68924
74484
16339
63103
1372
1563
96176
85310
88877
5161
72467
7830
66393
54569
84363
92700
8483
11008
43796
67762
50368
6995
43877
22434
10815
15013
36219
93804
9410
43600
7712
94686
34436
40403
57789
52161
41966
70318
53823
47195
75479
42642
71377
58224
97211
72092
50925
22046
83100
11073
6161
49821
18068
66390
72255
28883
81403
24826
39039
7166
84778
46751
1852
19215
3506
75994
87728
45472
46312
41551
9019
38143
545
80397
96368
97756
52489
63645
36154
51942
74718
58667
1763
92786
25058
90370
38021
22813
15196
77060
29979
99975
40163
48184
35542
43669
24178
39622
5493
86842
81173
14512
24985
98070
11261
21353
95826
63751
1350
48332
32045
76068
7000
50160
85206
48410
40530
23227
71223
55726
16639
17555
72053
73154
65739
23947
33175
6269
63569
38668
93111
61094
69533
18096
59164
80794
55802
71342
60897
57152
19675
9294
49573
26675
59454
34779
91437
99984
74359
62660
72063
90998
80215
44116
80505
45954
68064
13680
52223
47985
68701
45334
9080
38234
79783
68244
35380
51937
39587
12630
9089
59262
21924
75014
2289
81379
9794
93726
81363
505
72738
69778
91503
52954
30247
88360
15260
98311
2041
67484
62648
70742
29170
71728
25328
25305
39973
60708
77242
95912
73338
2684
71526
95263
77698
73815
76642
3844
83893
74357
4349
56631
44136
12205
25937
74383
565
41198
89046
2606
8682
68046
89700
54204
39775
15028
79510
96100
75737
73104
92012
49075
75788
63538
60690
53487
53705
53684
73683
53950
44394
78033
26933
4882
90238
52871
95617
7155
94069
1015
9762
19103
69061
15814
89659
8836
30843
85521
4936
6580
58626
13300
72007
34414
76838
49050
4253
46895
2734
77937
845
47128
55970
44131
68362
62560
97002
63979
69715
7423
64994
95829
26526
34056
11644
32537
42892
58839
18059
64181
81771
76685
77481
53778
11099
70672
19180
31705
17567
21915
9642
34765
85395
81964
78896
53758
60876
92250
17737
46943
99673
99084
59125
42551
33140
70769
75088
76032
45960
93147
56565
27731
69832
34047
97861
97284
4719
17042
28989
38638
55309
54983
89755
40704
53299
85003
10814
14175
77253
44904
61118
76926
43988
20243
19477
77128
7364
10918
69512
53324
4065
26078
97407
90250
76477
95269
87534
97548
12311
32875
52538
67620
4210
42294
24676
57509
27297
35491
71684
4551
96747
49154
97829
40735
85750
33659
34215
93114
44577
20079
62791
64994
62509
60198
55244
55338
55467
42778
52886
67778
92005
5425
51750
96215
64071
76427
53724
91368
28270
41760
12271
25017
90915
26453
82104
76665
60112
32671
86131
21041
52750
65274
86035
31612
41825
41280
86950
97292
410
39837
81423
92416
61614
49525
4983
25685
25952
75060
33405
54222
16820
45677
79239
24087
72130
61343
17104
48594
10366
3236
69635
63117
84862
55670
11081
26687
13302
98031
40332
13713
54220
21755
22481
15834
71280
27464
41519
89754
89751
89739
89736
89735
89731
89731
89721
89718
89718
89715
89711
89709
89697
89695
89683
89674
89671
89661
89660
89656
89648
89647
89626
89617
89614
89612
89611
89604
89598
89589
89581
89580
89576
89564
89546
89528
89522
89520
89518
89508
89492
89480
89479
89461
89460
89459
89455
89454
89446
89444
89439
89437
89430
89427
89416
89398
89394
89392
89368
89355
89350
89349
89348
89317
89292
89278
89266
89264
89264
89260
89259
89241
89228
89225
89218
89192
89190
89180
89159
89154
89135
89120
89115
89088
89087
89072
89067
89060
89060
89057
89039
89036
89028
89023
89002
89001
88998
88995
88989
88987
88982
88960
88954
88946
88919
88912
88904
88898
88889
88861
88857
88857
88856
88841
88832
88822
88821
88798
88790
88769
88759
88757
88755
88747
88744
88733
88730
88727
88727
88724
88722
88712
88712
88708
88683
88682
88681
88680
88670
88665
88649
88645
88642
88622
88617
88617
88616
88608
88604
88603
88590
88590
88566
88566
88553
88530
88527
88514
88513
88508
88502
88501
88497
88485
88479
88472
88459
88444
88439
88438
88425
88421
88420
88419
88406
88402
88396
88395
88393
88382
88378
88368
88365
88361
88352
88344
88340
88335
88331
88315
88310
88310
88309
88299
88294
88291
88289
88287
88272
88251
88240
88237
88227
88211
88205
88202
88188
88185
88183
88167
88161
88153
88144
88143
88133
88129
88120
88099
88097
88094
88090
88088
88080
88076
88076
88075
88066
88065
88065
88053
88048
88048
88048
88046
88030
88027
88014
88013
88010
88009
88008
88002
87997
87987
87985
87978
87977
87971
87952
87952
87947
87947
87935
87929
87925
87914
87907
87903
87901
87890
87889
87882
87880
87870
87868
87868
87851
87848
87847
87846
87837
87835
87834
87829
87827
87825
87819
87802
87799
87791
87787
87770
87758
87756
87755
87748
87746
87733
87717
87712
87708
87707
87701
87700
87700
87697
87697
87694
87688
87686
87686
87682
87679
87647
87646
87638
87627
87626
87625
87623
87616
87608
87608
87582
87580
87579
87577
87571
87570
87569
87565
87563
87563
87551
87549
87543
87540
87529
87501
87500
87478
87478
87468
87462
87455
87452
87450
87419
87417
87409
87406
87381
87376
87375
87373
87350
87348
87337
87337
87332
87317
87287
87285
87278
87273
87263
87252
87249
87245
87242
87241
87232
87214
87214
87198
87196
87195
87177
87170
87158
87149
87132
87122
87121
87120
87119
87108
87107
87099
87096
87079
87079
87076
87022
87015
86999
86974
86964
86961
86960
86946
86946
86940
86939
86927
86909
86905
86904
86898
86896
86894
86885
86874
86870
86864
86862
86851
86850
86847
86833
86830
86828
86824
86820
86817
86814
86813
86808
86801
86793
86786
86784
86781
86774
86770
86760
86758
86754
86748
86743
86739
86731
86728
86722
86721
86712
86710
86698
86693
86684
86679
86679
86663
86653
86647
86646
86633
86633
86631
86631
86619
86616
86605
86601
86599
86596
86596
86586
86571
86570
86568
86566
86547
86546
86536
86510
86507
86506
86502
86495
86486
86484
86481
86473
86467
86455
86434
86412
86412
86412
86411
86411
86407
86404
86398
86397
86397
86386
86385
86383
86382
86380
86378
86375
86368
86324
86319
86303
86301
86284
86273
86235
86225
86215
86211
86208
86199
86185
86183
86165
86164
86151
86134
86118
86116
86110
86104
86091
86090
86086
86084
86075
86067
86065
86061
86050
86045
86037
86034
86031
86031
86028
86016
86016
86014
86011
86006
86003
85998
85998
85995
85990
85982
85960
85959
85958
85957
85948
85943
85931
85919
85913
85893
85882
85871
85869
85865
85858
85858
85850
85848
85845
85840
85839
85832
85831
85831
85829
85826
85825
85822
85811
85811
85807
85807
85792
85787
85786
85781
85764
85754
85745
85743
85739
85733
85728
85722
85715
85708
85704
85702
85692
85692
85688
85686
85679
85674
85673
85665
85665
85660
85652
85651
85648
85644
85614
85609
85597
85594
85588
85577
85566
85558
85557
85540
85518
85515
85514
85502
85497
85496
85487
85480
85473
85470
85460
85456
85444
85424
85423
85416
85407
85400
85396
85385
85371
85360
85356
85348
85339
85327
85325
85316
85311
85309
85309
85305
85300
85287
85283
85259
85258
85257
85246
85241
85211
85194
85185
85180
85180
85176
85174
85174
85173
85171
85169
85138
85136
85131
85130
85119
85113
85087
85079
85077
85067
85065
85060
85056
85051
85047
85047
85041
85039
85037
85011
85009
84998
84984
84984
84967
84963
84960
84942
84942
84941
84933
84906
84902
84894
84892
84889
84887
84885
84882
84868
84862
84843
84843
84834
84830
84830
84826
84826
84815
84810
84804
84803
84802
84800
84799
84791
84788
84780
84769
84752
84743
84740
84731
84729
84713
84710
84704
84703
84697
84687
84685
84679
84678
84676
84675
84669
84664
84657
84652
84650
84629
84627
84625
84621
84620
84602
84596
84586
84566
84558
84547
84546
84535
84535
84533
84519
84512
84503
84499
84487
84484
84484
84469
84468
84457
84450
84428
84425
84419
84406
84403
84398
84396
84391
84371
84370
84358
84357
84356
84353
84335
84335
84330
84330
84323
84318
84317
84303
84298
84286
84276
84265
84261
84257
84254
84248
84232
84226
84223
84219
84218
84218
84211
84209
84208
84206
84201
84192
84178
84166
84165
84160
84137
84135
84122
84119
84113
84110
84108
84099
84091
84089
84088
84074
84073
84067
84057
84054
84039
84037
84026
84025
84023
83998
83988
83977
83974
83969
83941
83937
83930
83921
83916
83908
83902
83901
83897
83896
83896
83893
83892
83876
83875
83869
83867
83860
83859
83857
83854
83852
83851
83842
83839
83835
83812
83810
83782
83774
83773
83768
83761
83753
83749
83746
83744
83741
83735
83703
83695
83693
83693
83692
83685
83680
83661
83660
83659
83650
83645
83640
83639
83637
83626
83607
83604
83600
83599
83597
83594
83582
83578
83574
83564
83561
83560
83559
83552
83551
83547
83525
83508
83498
83486
83477
83476
83468
83467
83463
83456
83451
83443
83431
83430
83429
83427
83424
83420
83412
83403
83395
83394
83391
83381
83379
83365
83351
83349
83348
83346
83343
83340
83339
83338
83334
83326
83324
83321
83311
83300
83288
83273
83273
83259
83258
83258
83257
83246
83235
83229
83227
83214
83204
83202
83195
83192
83191
83190
83183
83171
83161
83155
83154
83153
83137
83126
83116
83116
83116
83116
83113
83110
83099
83096
83096
83089
83076
83072
83071
83063
83049
83044
83038
83037
83024
83023
82992
82988
82982
82961
82956
82954
82951
82950
82949
82928
82921
82907
82907
82904
82901
82892
82891
82872
82869
82869
82864
82850
82849
82843
82840
82832
82827
82816
82810
82809
82804
82789
82780
82779
82777
82774
82755
82754
82754
82752
82724
82722
82721
82702
82687
82683
82666
82657
82657
82645
82618
82591
82591
82588
82588
82585
82579
82573
82550
82535
82535
82532
82524
82521
82505
82505
82502
82501
82487
82476
82469
82466
82459
82454
82454
82453
82447
82446
82445
82436
82436
82435
82435
82433
82430
82425
82421
82419
82415
82414
82412
82397
82396
82394
82393
82381
82373
82370
82364
82360
82340
82335
82332
82331
82327
82323
82318
82305
82305
82304
82302
82302
82299
82293
82288
82287
82286
82280
82280
82274
82273
82269
82260
82232
82232
82208
82201
82181
82181
82180
82177
82175
82162
82158
82148
82148
82141
82132
82123
82113
82105
82098
82096
82083
82064
82062
82061
82058
82040
82030
82030
82030
82027
82026
82022
82019
82014
82009
81993
81990
81981
81966
81964
81964
81960
81956
81939
81935
81933
81931
81925
81917
81906
81900
81884
81883
81872
81868
81858
81847
81845
81843
81839
81835
81834
81829
81823
81822
81806
81803
81803
81801
81799
81790
81788
81785
81784
81778
81775
81772
81770
81760
81758
81758
81748
81747
81745
81745
81741
81739
81738
81720
81719
81714
81708
81694
81683
81645
81642
81636
81635
81635
81633
81629
81627
81612
81608
81605
81597
81593
81587
81582
81569
81553
81550
81541
81538
81523
81521
81521
81512
81511
81510
81497
81497
81491
81485
81482
81466
81466
81464
81462
81445
81425
81421
81399
81380
81378
81378
81365
81356
81352
81350
81344
81328
81327
81324
81316
81316
81313
81310
81308
81296
81283
81278
81266
81263
81257
81256
81246
81243
81241
81239
81230
81228
81222
81218
81215
81214
81202
81201
81196
81183
81181
81175
81159
81158
81156
81156
81153
81141
81140
81126
81105
81091
81079
81060
81058
81057
81046
81038
81025
81011
81011
81003
81002
80996
80991
80989
80982
80981
80973
80972
80965
80961
80957
80954
80949
80946
80941
80940
80928
80927
80926
80923
80907
80892
80876
80867
80842
80838
80829
80815
80814
80808
80794
80794
80790
80788
80784
80782
80777
80775
80772
80770
80770
80760
80731
80716
80714
80710
80709
80708
80693
80691
80683
80673
80667
80651
80650
80639
80635
80614
80612
80590
80583
80578
80578
80559
80540
80539
80523
80519
80515
80513
80496
80496
80491
80475
80474
80470
80465
80450
80448
80446
80444
80444
80435
80430
80430
80429
80425
80414
80403
80388
80386
80384
80381
80368
80349
80335
80335
80325
80322
80316
80305
80305
80300
80297
80283
80280
80277
80276
80274
80266
80264
80245
80240
80223
80218
80198
80198
80196
80185
80168
80158
80154
80142
80142
80134
80132
80117
80112
80109
80099
80093
80093
80091
80089
80087
80079
80076
80074
80073
80068
80056
80051
80041
80040
80022
80021
80013
80004
79984
79955
79950
79935
79932
79931
79917
79916
79915
79914
79896
79895
79888
79879
79874
79874
79867
79863
79832
79830
79823
79808
79801
79797
79785
79775
79769
79769
79768
79767
79767
79764
79762
79761
79759
79757
79751
79747
79742
79733
79725
79722
79715
79697
79693
79674
79672
79672
79671
79670
79664
79656
79655
79645
79639
79632
79632
79626
79622
79618
79601
79597
79587
79575
79559
79535
79533
79526
79514
79506
79504
79499
79493
79484
79481
79468
79468
79442
79440
79438
79431
79429
79409
79407
79401
79385
79380
79375
79370
79364
79359
79359
79356
79341
79337
79336
79328
79325
79323
79315
79308
79294
79293
79290
79285
79282
79282
79280
79259
79245
79240
79219
79210
79209
79207
79192
79192
79189
79178
79174
79173
79168
79155
79153
79149
79148
79141
79134
79128
79116
79113
79100
79099
79096
79094
79087
79082
79082
79082
79080
79067
79054
79043
79035
79023
79022
79018
79017
79012
79009
79009
78998
78989
78973
78962
78951
78951
78948
78936
78936
78927
78926
78913
78912
78910
78907
78902
78887
78880
78877
78871
78870
78855
78848
78842
78824
78814
78812
78808
78794
78787
78783
78776
78775
78766
78757
78754
78744
78694
78685
78684
78684
78680
78674
78663
78657
78657
78647
78638
78637
78636
78634
78633
78628
78626
78598
78594
78574
78563
78551
78550
78549
78527
78525
78517
78511
78500
78495
78491
78488
78483
78464
78435
78420
78408
78407
78403
78396
78392
78373
78372
78372
78342
78340
78324
78323
78316
78313
78305
78300
78283
78282
78274
78272
78271
78268
78260
78259
78239
78236
78234
78217
78215
78211
78207
78202
78195
78191
78190
78175
78162
78158
78155
78143
78141
78131
78126
78106
78100
78098
78093
78090
78071
78064
78061
78045
78034
78029
78023
78009
78000
78000
77993
77993
77991
77990
77989
77988
77987
77961
77960
77959
77952
77950
77944
77940
77939
77936
77935
77928
77923
77921
77920
77919
77913
77903
77897
77896
77894
77890
77867
77867
77856
77849
77847
77841
77840
77823
77822
77817
77801
77800
77789
77777
77763
77763
77741
77731
77729
77717
77716
77714
77703
77701
77695
77686
77684
77682
77670
77650
77638
77623
77616
77600
77597
77591
77588
77582
77581
77567
77566
77550
77547
77540
77526
77524
77521
77514
77512
77505
77500
77498
77490
77480
77477
77475
77472
77468
77468
77458
77431
77431
77430
77406
77393
77393
77390
77382
77368
77367
77357
77355
77350
77340
77336
77336
77328
77324
77323
77322
77317
77298
77296
77294
77282
77276
77273
77272
77254
77248
77246
77238
77229
77216
77215
77215
77207
77175
77169
77165
77153
77146
77139
77136
77134
77134
77132
77131
77128
77126
77123
77118
77114
77113
77108
77097
77094
77075
77073
77059
77054
77039
77028
77026
77020
77019
77013
77003
77002
76997
76996
76973
76955
76953
76947
76940
76934
76921
76921
76912
76902
76889
76887
76876
76872
76866
76864
76863
76857
76856
76853
76848
76841
76841
76832
76822
76815
76813
76806
76791
76786
76778
76776
76765
76758
76752
76739
76738
76732
76725
76723
76709
76705
76667
76666
76664
76662
76661
76658
76655
76651
76651
76650
76642
76611
76609
76598
76597
76594
76590
76585
76582
76574
76573
76567
76552
76540
76528
76526
76524
76515
76513
76512
76511
76491
76483
76459
76443
76438
76437
76424
76424
76419
76415
76408
76387
76381
76376
76374
76373
76372
76372
76371
76366
76355
76353
76348
76335
76318
76310
76310
76309
76306
76301
76301
76294
76279
76276
76272
76271
76267
76249
76244
76242
76237
76231
76227
76218
76217
76215
76210
76201
76199
76198
76197
76196
76191
76180
76180
76176
76171
76165
76151
76149
76138
76136
76130
76130
76127
76125
76120
76118
76113
76111
76110
76106
76103
76092
76089
76087
76087
76085
76083
76078
76074
76072
76059
76051
76048
76048
76030
76025
76024
76023
76021
76010
76006
76003
75993
75987
75982
75981
75981
75956
75934
75922
75921
75907
75903
75902
75875
75861
75855
75854
75842
75821
75815
75809
75802
75784
75781
75777
75776
75776
75775
75773
75759
75752
75743
75734
75728
75697
75692
75689
75683
75677
75671
75670
75659
75655
75650
75641
75641
75640
75637
75628
75622
75620
75603
75589
75584
75583
75582
75580
75577
75576
75571
75568
75559
75545
75543
75541
75531
75526
75526
75519
75511
75510
75488
75485
75484
75483
75479
75476
75456
75444
75440
75431
75427
75420
75411
75401
75394
75385
75384
75378
75377
75368
75365
75346
75338
75332
75328
75326
75311
75310
75302
75292
75286
75275
75266
75257
75253
75250
75249
75229
75228
75222
75215
75212
75209
75197
75191
75187
75185
75184
75183
75180
75179
75173
75163
75148
75146
75140
75137
75137
75136
75131
75127
75125
75125
75121
75110
75095
75093
75088
75073
75069
75065
75053
75052
75047
75036
75035
75035
75030
75015
75012
75008
75006
75002
75002
74998
74995
74992
74974
74974
74965
74959
74946
74939
74936
74934
74929
74911
74906
74905
74899
74888
74882
74876
74874
74862
74847
74840
74835
74813
74812
74810
74809
74807
74804
74800
74789
74784
74757
74750
74750
74747
74740
74736
74734
74729
74714
74708
74696
74694
74683
74661
74647
74645
74640
74609
74605
74604
74596
74586
74583
74580
74557
74555
74546
74543
74532
74531
74528
74527
74527
74487
74477
74477
74472
74465
74458
74454
74425
74406
74400
74396
74394
74390
74387
74383
74375
74370
74359
74359
74342
74338
74329
74327
74307
74300
74295
74276
74273
74272
74269
74269
74266
74251
74245
74245
74243
74238
74229
74221
74217
74212
74205
74201
74201
74197
74191
74190
74182
74173
74166
74165
74164
74156
74151
74144
74136
74135
74130
74129
74128
74128
74127
74126
74092
74082
74081
74071
74069
74067
74055
74047
74044
74032
74020
74017
74013
74007
73989
73985
73980
73974
73940
73940
73924
73918
73918
73915
73902
73885
73884
73881
73862
73861
73854
73851
73850
73849
73847
73843
73831
73828
73803
73800
73797
73795
73791
73783
73783
73763
73759
73755
73751
73741
73737
73735
73732
73719
73715
73711
73706
73702
73694
73691
73690
73676
73657
73654
73650
73648
73647
73642
73628
73622
73619
73603
73601
73589
73587
73582
73580
73565
73564
73558
73555
73546
73544
73525
73523
73510
73508
73483
73479
73466
73449
73435
73416
73414
73405
73404
73402
73391
73384
73382
73381
73380
73370
73359
73350
73350
73350
73342
73340
73339
73332
73325
73318
73312
73299
73295
73291
73278
73272
73272
73264
73263
73259
73259
73236
73230
73228
73218
73214
73203
73200
73193
73189
73189
73173
73170
73169
73166
73164
73160
73160
73152
73146
73138
73132
73130
73117
73115
73113
73103
73098
73097
73087
73087
73083
73080
73071
73068
73057
73053
73044
73040
73036
73029
73026
73026
73020
73000
72999
72998
72986
72980
72980
72979
72975
72972
72969
72969
72953
72935
72931
72930
72924
72921
72908
72907
72905
72903
72902
72893
72892
72889
72889
72879
72876
72875
72864
72858
72858
72852
72838
72836
72834
72822
72820
72803
72801
72799
72796
72795
72792
72788
72773
72767
72759
72753
72753
72752
72741
72740
72719
72706
72705
72705
72690
72688
72682
72673
72673
72670
72662
72657
72648
72644
72644
72642
72641
72638
72637
72633
72623
72621
72600
72598
72596
72595
72585
72580
72562
72552
72544
72543
72537
72535
72526
72509
72506
72503
72499
72490
72482
72472
72469
72468
72466
72460
72454
72443
72442
72436
72434
72433
72427
72424
72421
72418
72407
72398
72398
72359
72356
72339
72331
72330
72318
72317
72302
72298
72289
72282
72281
72269
72245
72229
72228
72227
72222
72217
72203
72202
72202
72188
72188
72186
72175
72171
72162
72162
72146
72145
72144
72143
72140
72120
72119
72119
72103
72101
72095
72091
72089
72088
72077
72072
72057
72054
72050
72037
72030
72027
72026
71995
71994
71987
71980
71976
71958
71957
71956
71956
71945
71944
71939
71937
71935
71933
71932
71928
71926
71925
71923
71915
71914
71890
71887
71882
71843
71828
71823
71798
71797
71796
71794
71783
71782
71771
71769
71753
71752
71749
71747
71746
71736
71725
71719
71718
71711
71707
71689
71689
71684
71681
71680
71677
71670
71663
71662
71660
71659
71656
71655
71653
71635
71634
71628
71618
71618
71613
71603
71597
71596
71596
71591
71570
71548
71527
71520
71520
71518
71508
71495
71492
71491
71478
71470
71462
71455
71437
71423
71417
71397
71384
71380
71379
71359
71342
71337
71326
71316
71290
71286
71282
71268
71262
71257
71235
71232
71223
71202
71182
71175
71174
71160
71156
71155
71146
71144
71142
71141
71125
71120
71114
71107
71090
71088
71084
71079
71072
71069
71069
71067
71056
71048
71043
71040
71040
71039
71037
71035
71031
71030
71027
71023
71020
71017
71011
71005
70988
70979
70953
70950
70949
70949
70942
70940
70934
70934
70926
70921
70920
70915
70910
70906
70905
70898
70888
70882
70879
70871
70859
70834
70829
70823
70813
70803
70790
70789
70769
70767
70759
70753
70750
70732
70722
70718
70709
70708
70692
70675
70674
70669
70654
70645
70642
70634
70633
70616
70601
70589
70585
70580
70579
70577
70558
70537
70529
70521
70506
70505
70495
70495
70495
70480
70466
70451
70448
70444
70444
70433
70422
70410
70406
70395
70391
70384
70367
70360
70358
70356
70356
70351
70347
70337
70324
70319
70304
70285
70278
70275
70271
70265
70255
70243
70243
70239
70237
70211
70186
70181
70174
70173
70164
70162
70162
70162
70152
70146
70145
70137
70136
70124
70123
70121
70116
70099
70099
70096
70092
70091
70081
70067
70063
70052
70048
70044
70043
70026
70025
70025
70024
70006
70006
69999
69995
69994
69988
69988
69984
69978
69964
69964
69952
69946
69917
69879
69867
69863
69850
69845
69845
69844
69838
69835
69834
69833
69822
69820
69813
69812
69811
69807
69798
69797
69790
69784
69784
69770
69764
69761
69761
69753
69747
69736
69730
69722
69703
69691
69670
69669
69662
69639
69616
69615
69612
69606
69598
69595
69595
69590
69584
69573
69571
69557
69553
69553
69551
69543
69536
69528
69527
69513
69513
69512
69508
69497
69496
69490
69490
69465
69451
69446
69439
69428
69423
69422
69414
69408
69385
69376
69365
69361
69360
69356
69353
69346
69339
69330
69320
69320
69312
69310
69298
69292
69284
69283
69282
69237
69224
69222
69222
69221
69218
69210
69203
69189
69186
69180
69167
69151
69150
69147
69144
69133
69131
69129
69127
69125
69120
69110
69107
69106
69102
69092
69083
69082
69053
69049
69043
69043
69037
69037
69031
69016
69015
69015
69014
69005
69004
69000
69000
69000
68997
68995
68974
68973
68969
68937
68928
68915
68913
68899
68895
68895
68884
68884
68881
68864
68853
68849
68848
68836
68833
68825
68825
68822
68822
68821
68817
68816
68813
68792
68785
68755
68755
68745
68723
68720
68719
68706
68701
68690
68685
68685
68684
68680
68676
68670
68663
68657
68639
68638
68622
68589
68585
68582
68575
68571
68570
68550
68531
68528
68518
68516
68514
68500
68500
68499
68497
68494
68490
68487
68468
68458
68444
68438
68437
68434
68424
68417
68414
68403
68397
68381
68374
68366
68359
68358
68352
68338
68336
68327
68327
68324
68295
68291
68287
68286
68281
68276
68274
68262
68248
68243
68232
68232
68228
68224
68224
68222
68216
68211
68208
68195
68193
68192
68185
68184
68179
68175
68158
68157
68155
68151
68109
68108
68107
68100
68092
68081
68078
68075
68068
68063
68061
68042
68042
68041
68037
68030
68005
68005
68002
68001
67987
67985
67984
67981
67973
67972
67969
67962
67954
67952
67944
67942
67928
67926
67914
67887
67881
67880
67874
67870
67869
67853
67847
67834
67826
67811
67807
67807
67805
67793
67791
67789
67789
67788
67788
67768
67754
67748
67740
67733
67725
67717
67716
67705
67695
67685
67677
67667
67663
67655
67652
67647
67643
67639
67629
67620
67614
67598
67591
67585
67573
67544
67535
67532
67529
67527
67507
67506
67505
67500
67500
67491
67486
67486
67482
67461
67448
67444
67435
67426
67426
67412
67406
67399
67398
67368
67363
67360
67342
67311
67305
67297
67290
67287
67286
67251
67238
67237
67233
67232
67230
67219
67216
67211
67210
67206
67204
67195
67181
67177
67175
67172
67163
67162
67155
67146
67145
67138
67134
67130
67127
67109
67103
67093
67087
67081
67076
67074
67071
67064
67049
67029
67029
67028
67024
67014
67007
66999
66999
66995
66993
66974
66974
66968
66965
66962
66962
66959
66943
66932
66930
66913
66912
66911
66900
66892
66885
66869
66862
66850
66844
66841
66819
66815
66808
66797
66794
66794
66788
66787
66776
66776
66775
66772
66769
66759
66753
66752
66747
66744
66739
66731
66730
66729
66721
66718
66718
66716
66703
66699
66698
66698
66693
66688
66679
66674
66673
66667
66660
66653
66641
66637
66634
66631
66629
66623
66622
66619
66618
66618
66609
66604
66599
66593
66593
66583
66551
66540
66533
66527
66525
66524
66521
66521
66504
66488
66481
66474
66472
66468
66466
66447
66443
66440
66429
66426
66403
66398
66385
66370
66367
66361
66360
66350
66347
66342
66341
66339
66334
66333
66332
66331
66319
66317
66293
66285
66280
66278
66272
66264
66257
66257
66250
66240
66211
66192
66189
66185
66185
66173
66147
66142
66140
66139
66138
66138
66129
66122
66120
66115
66113
66110
66109
66106
66095
66081
66075
66075
66069
66063
66062
66062
66058
66057
66054
66041
66040
66039
66039
66037
66036
66021
66019
66011
66001
65999
65995
65994
65991
65975
65971
65971
65969
65968
65967
65964
65961
65961
65957
65949
65948
65945
65926
65922
65909
65902
65872
65870
65862
65859
65855
65855
65844
65843
65834
65832
65828
65826
65814
65810
65805
65799
65792
65791
65786
65786
65772
65766
65756
65745
65744
65743
65742
65742
65742
65730
65730
65722
65718
65715
65705
65677
65676
65671
65666
65654
65645
65642
65641
65640
65634
65628
65619
65618
65607
65603
65598
65596
65592
65590
65587
65586
65583
65578
65576
65565
65564
65561
65559
65549
65547
65543
65528
65515
65514
65512
65511
65511
65509
65508
65506
65502
65500
65500
65499
65482
65476
65472
65472
65468
65460
65460
65455
65440
65437
65433
65427
65426
65411
65406
65403
65383
65371
65356
65355
65352
65334
65308
65305
65304
65304
65296
65295
65293
65288
65276
65272
65264
65262
65261
65260
65257
65254
65252
65240
65238
65227
65225
65220
65219
65215
65203
65201
65196
65183
65181
65181
65171
65168
65165
65159
65153
65145
65140
65133
65131
65130
65126
65122
65113
65101
65101
65100
65094
65093
65089
65089
65070
65069
65064
65061
65060
65059
65054
65048
65044
65035
65034
65010
65010
65006
65005
65001
64999
64995
64986
64985
64981
64971
64966
64964
64963
64953
64951
64951
64925
64918
64908
64900
64894
64888
64877
64876
64873
64871
64866
64838
64815
64800
64792
64785
64780
64775
64773
64770
64762
64755
64742
64730
64729
64707
64706
64662
64644
64621
64587
64574
64573
64568
64557
64548
64541
64539
64528
64520
64512
64512
64509
64505
64501
64486
64482
64481
64470
64466
64461
64454
64453
64451
64441
64434
64433
64426
64425
64421
64410
64406
64406
64395
64372
64367
64360
64358
64349
64344
64342
64341
64338
64338
64330
64323
64317
64308
64307
64306
64298
64294
64278
64266
64263
64248
64238
64231
64229
64206
64195
64195
64193
64188
64185
64185
64182
64171
64165
64161
64157
64154
64153
64152
64150
64147
64146
64146
64144
64140
64137
64135
64113
64105
64104
64099
64095
64090
64084
64078
64073
64061
64055
64038
64037
64029
64018
64015
64002
63985
63974
63974
63967
63947
63944
63925
63914
63913
63907
63905
63893
63868
63864
63856
63847
63845
63840
63838
63834
63820
63795
63792
63788
63785
63776
63775
63772
63770
63765
63764
63762
63749
63747
63746
63742
63741
63736
63730
63728
63724
63701
63695
63690
63685
63684
63679
63677
63674
63673
63667
63654
63652
63650
63646
63632
63632
63629
63626
63617
63606
63603
63602
63601
63590
63585
63578
63574
63566
63565
63563
63563
63550
63530
63524
63516
63514
63511
63510
63494
63493
63487
63486
63483
63480
63477
63471
63469
63459
63457
63457
63452
63451
63442
63427
63425
63399
63388
63384
63362
63356
63348
63339
63337
63316
63313
63311
63301
63296
63291
63289
63283
63273
63261
63257
63255
63245
63241
63234
63222
63195
63194
63194
63193
63182
63178
63175
63174
63159
63156
63154
63153
63148
63146
63120
63101
63100
63098
63097
63092
63085
63081
63081
63078
63077
63076
63075
63067
63066
63065
63058
63057
63041
63034
63020
63005
62984
62982
62980
62979
62970
62964
62958
62951
62938
62915
62913
62886
62886
62872
62871
62870
62862
62855
62848
62844
62839
62838
62832
62818
62818
62813
62810
62810
62791
62787
62786
62776
62774
62771
62764
62759
62755
62746
62734
62724
62723
62722
62721
62713
62706
62694
62686
62685
62676
62657
62650
62648
62624
62616
62614
62600
62597
62595
62583
62568
62568
62560
62558
62555
62551
62543
62537
62537
62535
62505
62498
62488
62461
62460
62457
62453
62451
62444
62438
62435
62428
62426
62419
62418
62410
62409
62391
62366
62351
62348
62334
62326
62324
62323
62319
62313
62312
62301
62298
62291
62291
62288
62282
62278
62268
62261
62247
62240
62234
62234
62228
62219
62206
62195
62177
62175
62169
62169
62153
62149
62144
62141
62127
62117
62108
62083
62081
62070
62068
62056
62042
62042
62039
62035
62030
62029
62012
61992
61983
61969
61964
61949
61946
61942
61938
61936
61935
61931
61929
61928
61898
61888
61866
61853
61848
61846
61836
61833
61832
61825
61825
61816
61813
61804
61804
61802
61801
61799
61788
61780
61773
61762
61752
61752
61744
61737
61728
61725
61705
61700
61699
61695
61691
61691
61679
61675
61673
61657
61652
61647
61646
61644
61642
61636
61635
61627
61625
61622
61598
61596
61588
61578
61574
61568
61560
61556
61552
61542
61541
61539
61509
61508
61508
61507
61505
61492
61483
61477
61468
61464
61462
61456
61453
61431
61424
61422
61404
61389
61372
61366
61363
61360
61351
61345
61338
61328
61327
61319
61315
61315
61308
61307
61297
61289
61287
61274
61273
61268
61267
61264
61264
61256
61240
61238
61212
61211
61208
61204
61202
61197
61183
61172
61169
61168
61165
61163
61159
61152
61149
61148
61125
61116
61113
61089
61077
61052
61051
61043
61041
61025
61022
61011
61007
60991
60990
60987
60983
60978
60973
60971
60959
60959
60955
60951
60916
60915
60913
60898
60884
60869
60867
60865
60864
60856
60855
60849
60844
60824
60812
60802
60793
60792
60791
60785
60775
60773
60750
60750
60748
60740
60731
60725
60724
60716
60715
60710
60704
60703
60692
60690
60685
60684
60683
60677
60668
60654
60652
60639
60631
60615
60613
60600
60590
60587
60579
60571
60570
60555
60545
60529
60527
60526
60520
60506
60502
60500
60497
60492
60489
60488
60485
60484
60482
60482
60476
60476
60460
60456
60451
60448
60437
60436
60404
60400
60383
60381
60378
60372
60367
60367
60366
60358
60355
60335
60322
60317
60309
60295
60291
60278
60271
60269
60267
60266
60262
60250
60250
60233
60227
60224
60221
60220
60219
60219
60212
60210
60180
60174
60171
60169
60146
60143
60141
60135
60121
60114
60107
60106
60105
60105
60105
60104
60104
60095
60093
60080
60071
60064
60061
60060
60057
60055
60054
60050
60048
60038
60037
60031
60029
60018
59997
59996
59993
59986
59958
59939
59931
59930
59920
59909
59902
59900
59897
59894
59891
59888
59871
59867
59861
59847
59835
59831
59826
59824
59824
59821
59818
59812
59810
59795
59794
59788
59781
59780
59769
59766
59763
59763
59755
59751
59751
59732
59727
59713
59683
59681
59680
59674
59669
59668
59666
59654
59651
59643
59634
59622
59620
59620
59609
59600
59584
59581
59580
59570
59566
59566
59546
59546
59545
59541
59532
59530
59515
59513
59505
59489
59488
59484
59478
59472
59472
59466
59459
59454
59433
59429
59427
59427
59405
59391
59386
59380
59379
59379
59364
59363
59354
59352
59351
59348
59330
59330
59328
59328
59315
59312
59305
59300
59299
59291
59287
59283
59274
59267
59257
59254
59246
59241
59227
59220
59213
59205
59205
59204
59204
59202
59198
59194
59193
59178
59178
59175
59172
59172
59130
59120
59118
59096
59094
59089
59083
59078
59070
59047
59047
59047
59045
59043
59033
59029
59029
59027
59016
59016
59008
59006
59000
58998
58997
58994
58991
58987
58979
58975
58949
58948
58929
58914
58905
58900
58885
58885
58882
58880
58865
58864
58859
58855
58846
58839
58838
58837
58836
58836
58833
58833
58831
58827
58812
58807
58800
58798
58796
58795
58795
58792
58780
58772
58762
58754
58752
58739
58739
58730
58700
58700
58696
58694
58679
58673
58672
58671
58661
58653
58647
58635
58635
58630
58624
58615
58614
58613
58589
58587
58585
58569
58559
58541
58540
58529
58522
58503
58495
58487
58487
58486
58486
58483
58475
58453
58448
58425
58419
58418
58417
58417
58416
58414
58409
58404
58401
58395
58381
58379
58360
58359
58352
58348
58345
58326
58300
58300
58292
58280
58278
58273
58271
58262
58261
58260
58255
58253
58251
58247
58239
58228
58223
58219
58209
58174
58169
58168
58168
58161
58157
58157
58155
58153
58152
58149
58148
58132
58129
58115
58114
58108
58105
58102
58079
58075
58075
58075
58074
58073
58067
58053
58042
58041
58028
58024
58022
58015
58005
57995
57957
57950
57950
57949
57946
57944
57938
57937
57935
57935
57928
57894
57885
57875
57875
57874
57868
57863
57850
57846
57840
57837
57831
57821
57802
57799
57794
57771
57765
57761
57752
57737
57735
57728
57710
57704
57702
57699
57693
57687
57684
57681
57675
57650
57649
57647
57637
57634
57612
57610
57603
57603
57590
57589
57587
57584
57577
57574
57574
57572
57571
57570
57567
57553
57548
57531
57530
57522
57520
57513
57509
57509
57507
57506
57504
57504
57493
57484
57482
57469
57459
57456
57456
57445
57437
57433
57420
57395
57390
57387
57370
57368
57366
57365
57351
57347
57345
57339
57330
57316
57309
57283
57282
57271
57266
57265
57256
57250
57240
57222
57222
57221
57214
57203
57183
57171
57167
57164
57160
57145
57141
57128
57117
57092
57085
57084
57082
57082
57066
57064
57063
57023
57015
57012
57008
57006
56998
56997
56985
56982
56981
56978
56974
56966
56963
56960
56941
56940
56936
56933
56924
56912
56911
56903
56896
56865
56863
56856
56850
56844
56839
56838
56837
56830
56828
56823
56819
56813
56808
56807
56784
56776
56751
56750
56745
56744
56738
56735
56733
56724
56724
56722
56719
56710
56709
56701
56693
56692
56691
56668
56667
56666
56647
56635
56630
56628
56611
56610
56604
56602
56597
56593
56590
56590
56589
56588
56588
56578
56573
56572
56562
56554
56545
56539
56535
56532
56523
56523
56518
56509
56509
56497
56496
56492
56485
56480
56480
56478
56476
56457
56446
56428
56424
56420
56418
56418
56408
56403
56390
56389
56380
56359
56356
56341
56339
56337
56336
56309
56298
56292
56281
56276
56276
56275
56265
56262
56262
56260
56258
56257
56254
56247
56239
56218
56216
56205
56203
56193
56191
56189
56188
56188
56183
56174
56170
56156
56154
56152
56145
56143
56140
56104
56077
56068
56065
56061
56060
56058
56057
56049
56038
56035
56032
56032
56030
56027
56025
56024
56020
56020
56020
56018
56000
55998
55975
55971
55964
55960
55958
55944
55943
55941
55928
55915
55891
55885
55876
55874
55874
55872
55868
55860
55857
55849
55842
55835
55823
55819
55814
55813
55772
55741
55734
55724
55722
55705
55698
55698
55694
55684
55683
55682
55679
55675
55675
55673
55669
55669
55667
55666
55663
55653
55646
55642
55640
55634
55624
55617
55593
55591
55589
55587
55583
55581
55580
55578
55564
55558
55558
55551
55541
55537
55528
55527
55517
55517
55488
55482
55480
55479
55472
55467
55463
55462
55460
55453
55444
55441
55437
55435
55419
55412
55409
55404
55398
55394
55394
55392
55389
55387
55376
55368
55362
55350
55342
55342
55338
55334
55324
55321
55315
55300
55293
55292
55282
55268
55267
55258
55244
55239
55239
55237
55234
55223
55214
55209
55209
55192
55191
55187
55185
55168
55162
55154
55147
55137
55124
55116
55105
55100
55097
55090
55081
55079
55079
55072
55068
55066
55065
55055
55045
55039
55034
55021
55000
54992
54988
54981
54968
54963
54963
54947
54943
54942
54939
54938
54937
54932
54929
54925
54914
54904
54896
54884
54867
54864
54842
54841
54827
54823
54813
54794
54790
54789
54780
54777
54759
54757
54736
54726
54724
54720
54714
54701
54697
54683
54675
54668
54668
54656
54653
54645
54641
54640
54637
54635
54629
54624
54619
54617
54615
54612
54610
54606
54601
54586
54584
54573
54563
54560
54559
54556
54543
54539
54533
54525
54524
54521
54520
54512
54506
54503
54489
54486
54470
54463
54463
54446
54434
54430
54425
54419
54419
54405
54398
54397
54396
54396
54387
54380
54377
54376
54375
54369
54368
54367
54358
54352
54351
54349
54349
54341
54339
54336
54333
54325
54323
54309
54308
54297
54290
54289
54284
54280
54279
54270
54268
54266
54263
54262
54253
54237
54233
54230
54227
54226
54222
54218
54216
54202
54201
54200
54187
54186
54184
54175
54170
54162
54147
54133
54132
54125
54099
54099
54087
54064
54063
54055
54046
54041
54037
54032
54030
54026
54022
54013
54010
54009
54008
54005
53997
53993
53993
53986
53983
53977
53974
53970
53960
53948
53942
53941
53936
53925
53915
53914
53911
53904
53899
53895
53883
53869
53863
53860
53852
53842
53838
53831
53811
53783
53740
53718
53702
53699
53696
53695
53664
53658
53652
53644
53635
53633
53630
53627
53624
53615
53614
53587
53583
53582
53571
53562
53557
53529
53524
53521
53517
53516
53511
53509
53509
53507
53507
53502
53495
53492
53481
53474
53463
53450
53450
53447
53446
53444
53429
53417
53413
53401
53396
53395
53381
53380
53379
53372
53360
53360
53356
53341
53332
53326
53324
53301
53297
53282
53272
53272
53270
53261
53249
53246
53232
53220
53210
53204
53202
53200
53197
53196
53175
53168
53168
53153
53151
53150
53140
53138
53138
53119
53118
53084
53083
53077
53073
53055
53035
53033
53025
53023
53014
53012
52997
52995
52987
52980
52972
52963
52962
52959
52957
52944
52942
52939
52935
52931
52929
52922
52911
52904
52901
52900
52899
52898
52887
52884
52879
52878
52874
52868
52865
52863
52861
52831
52825
52825
52819
52817
52816
52815
52814
52808
52807
52801
52790
52779
52771
52737
52733
52730
52726
52715
52707
52704
52698
52690
52675
52666
52664
52661
52656
52649
52639
52632
52615
52589
52589
52579
52575
52565
52564
52556
52549
52549
52546
52545
52543
52535
52534
52534
52531
52519
52516
52492
52489
52486
52484
52475
52470
52466
52453
52450
52448
52447
52446
52442
52440
52418
52404
52389
52371
52366
52366
52366
52364
52364
52337
52331
52323
52320
52318
52317
52307
52298
52297
52295
52289
52261
52249
52248
52231
52231
52229
52228
52224
52221
52221
52217
52210
52205
52201
52174
52173
52170
52158
52147
52146
52140
52136
52134
52118
52117
52107
52099
52098
52096
52095
52080
52076
52073
52071
52051
52050
52046
52045
52044
52040
52038
52038
52038
52027
52012
52009
52005
52003
52000
51997
51995
51975
51971
51971
51964
51957
51948
51946
51936
51931
51930
51926
51908
51908
51904
51897
51894
51882
51878
51872
51867
51859
51853
51833
51828
51821
51815
51814
51808
51793
51790
51789
51788
51776
51761
51757
51743
51727
51722
51720
51717
51710
51705
51705
51704
51697
51696
51695
51673
51670
51669
51664
51658
51655
51647
51641
51639
51635
51632
51629
51628
51624
51619
51617
51595
51592
51590
51571
51552
51550
51548
51543
51524
51515
51509
51509
51505
51503
51498
51496
51493
51493
51491
51490
51488
51478
51477
51462
51458
51458
51457
51453
51432
51419
51408
51407
51400
51398
51397
51393
51387
51387
51378
51375
51371
51371
51364
51357
51346
51333
51332
51332
51321
51321
51312
51307
51301
51294
51286
51284
51282
51272
51245
51244
51235
51235
51233
51221
51221
51220
51211
51205
51194
51191
51189
51176
51161
51152
51136
51131
51130
51100
51084
51080
51060
51055
51047
51044
51042
51041
51039
51010
51009
51008
51008
51007
50985
50982
50954
50950
50950
50946
50934
50924
50918
50914
50905
50900
50895
50878
50871
50869
50852
50841
50840
50826
50824
50818
50815
50811
50809
50803
50800
50797
50788
50781
50779
50777
50777
50774
50773
50770
50765
50749
50743
50735
50735
50732
50724
50723
50720
50716
50689
50687
50672
50669
50667
50667
50661
50653
50650
50643
50642
50629
50625
50620
50617
50615
50582
50581
50580
50566
50564
50548
50546
50539
50538
50520
50520
50517
50504
50502
50498
50498
50490
50482
50478
50473
50460
50450
50447
50442
50436
50435
50416
50410
50403
50396
50367
50348
50329
50319
50317
50307
50305
50272
50256
50256
50252
50251
50244
50243
50243
50240
50237
50234
50233
50222
50217
50215
50187
50185
50185
50184
50183
50181
50175
50173
50170
50170
50156
50152
50147
50145
50141
50140
50135
50125
50121
50115
50103
50103
50096
50074
50067
50066
50063
50059
50059
50057
50057
50056
50052
50048
50046
50045
50035
50030
50017
50015
50014
50011
50005
50003
49997
49995
49991
49964
49960
49952
49939
49932
49926
49922
49917
49906
49896
49890
49890
49874
49869
49866
49836
49835
49831
49830
49825
49824
49819
49818
49802
49798
49796
49782
49776
49769
49764
49759
49747
49740
49736
49734
49726
49700
49692
49683
49661
49659
49653
49653
49652
49647
49642
49620
49615
49614
49611
49591
49586
49586
49581
49573
49545
49542
49529
49527
49524
49514
49508
49504
49500
49491
49489
49487
49461
49437
49433
49430
49428
49424
49417
49415
49408
49400
49389
49382
49375
49373
49358
49357
49341
49336
49335
49330
49329
49329
49312
49308
49294
49286
49285
49276
49272
49270
49260
49252
49250
49248
49240
49230
49212
49210
49205
49205
49201
49197
49185
49183
49171
49139
49138
49125
49124
49124
49117
49113
49109
49107
49077
49075
49065
49062
49061
49055
49052
49037
49026
49025
49025
49022
49007
48998
48998
48993
48972
48967
48963
48949
48942
48932
48918
48911
48907
48907
48903
48902
48887
48882
48880
48879
48864
48864
48860
48859
48858
48848
48841
48824
48821
48816
48816
48814
48811
48802
48802
48794
48782
48781
48780
48776
48769
48768
48764
48755
48747
48742
48729
48725
48722
48720
48715
48714
48713
48702
48686
48671
48669
48664
48664
48657
48656
48640
48637
48619
48596
48594
48586
48581
48580
48579
48567
48567
48555
48550
48524
48509
48502
48483
48480
48480
48479
48476
48476
48468
48454
48454
48453
48450
48448
48445
48443
48442
48433
48432
48429
48429
48412
48409
48407
48403
48379
48375
48373
48372
48370
48364
48358
48350
48348
48340
48329
48329
48319
48308
48285
48281
48277
48277
48274
48274
48268
48257
48250
48237
48223
48211
48209
48204
48189
48169
48161
48153
48151
48131
48130
48130
48127
48118
48081
48077
48073
48061
48049
48049
48028
48027
48023
48007
48005
48002
47979
47977
47973
47969
47961
47955
47948
47935
47934
47930
47927
47917
47914
47907
47906
47897
47885
47883
47863
47857
47853
47852
47849
47833
47832
47829
47828
47827
47823
47811
47809
47808
47797
47788
47772
47761
47730
47727
47726
47724
47720
47712
47672
47655
47654
47648
47647
47630
47620
47618
47615
47614
47603
47598
47597
47585
47567
47566
47559
47558
47545
47516
47516
47516
47510
47495
47492
47481
47478
47467
47464
47461
47458
47454
47447
47445
47445
47427
47403
47367
47364
47354
47350
47335
47318
47310
47303
47303
47299
47286
47271
47268
47256
47255
47238
47227
47217
47211
47210
47201
47178
47177
47170
47165
47162
47160
47157
47152
47150
47141
47131
47114
47113
47112
47111
47103
47102
47098
47096
47096
47077
47075
47065
47063
47060
47058
47049
47037
47012
47007
47006
47005
46998
46990
46987
46982
46981
46974
46972
46971
46951
46945
46941
46937
46924
46922
46921
46920
46917
46908
46906
46906
46904
46882
46880
46876
46863
46857
46844
46843
46829
46812
46808
46808
46804
46803
46800
46797
46797
46791
46791
46767
46763
46758
46757
46750
46748
46744
46742
46733
46730
46727
46724
46713
46712
46702
46701
46686
46685
46673
46671
46658
46651
46650
46649
46644
46643
46638
46638
46633
46630
46624
46614
46595
46594
46589
46577
46575
46570
46555
46551
46547
46547
46544
46541
46536
46535
46521
46512
46501
46499
46497
46493
46489
46489
46488
46472
46461
46458
46456
46443
46438
46432
46417
46415
46397
46385
46376
46371
46369
46368
46366
46364
46360
46355
46337
46332
46317
46310
46297
46293
46292
46286
46284
46270
46254
46252
46245
46244
46240
46237
46229
46228
46216
46209
46208
46202
46189
46187
46181
46174
46163
46161
46147
46131
46130
46123
46112
46112
46096
46081
46062
46061
46053
46045
46045
46039
46029
46022
46020
46019
46016
46012
46008
46000
45994
45970
45962
45957
45950
45950
45932
45930
45930
45928
45922
45919
45915
45915
45900
45895
45888
45885
45884
45882
45864
45860
45856
45854
45843
45823
45820
45803
45799
45791
45786
45780
45779
45772
45761
45758
45749
45729
45724
45720
45718
45717
45707
45703
45701
45692
45690
45683
45681
45677
45676
45673
45664
45663
45654
45650
45649
45647
45632
45628
45623
45617
45612
45604
45600
45599
45594
45589
45583
45578
45577
45566
45538
45537
45535
45529
45525
45524
45522
45518
45513
45511
45500
45494
45493
45489
45487
45486
45479
45477
45456
45451
45449
45440
45439
45437
45433
45430
45407
45399
45394
45391
45387
45384
45382
45381
45367
45342
45339
45335
45331
45301
45300
45291
45280
45278
45274
45268
45236
45231
45219
45210
45208
45196
45184
45180
45179
45175
45174
45174
45172
45166
45160
45151
45137
45129
45125
45123
45122
45118
45118
45118
45117
45109
45097
45092
45091
45075
45075
45066
45065
45063
45046
45035
45030
45030
45012
45006
45004
44997
44995
44994
44985
44979
44955
44954
44948
44945
44944
44933
44930
44928
44920
44917
44915
44896
44881
44869
44849
44849
44845
44842
44809
44795
44789
44785
44772
44770
44755
44748
44735
44733
44719
44719
44703
44702
44695
44691
44688
44683
44682
44675
44669
44656
44655
44652
44633
44627
44626
44625
44617
44612
44610
44609
44607
44606
44605
44603
44603
44603
44602
44600
44582
44581
44578
44576
44571
44562
44558
44557
44552
44552
44549
44541
44529
44523
44511
44507
44507
44482
44481
44470
44455
44455
44446
44440
44423
44420
44408
44406
44401
44397
44396
44392
44376
44373
44368
44363
44355
44353
44353
44352
44328
44326
44318
44309
44308
44300
44295
44285
44260
44259
44231
44230
44224
44224
44195
44191
44190
44179
44163
44150
44147
44146
44132
44127
44126
44126
44124
44121
44120
44114
44108
44107
44106
44106
44088
44088
44074
44067
44065
44062
44032
44013
44011
43991
43982
43978
43976
43972
43954
43953
43953
43948
43946
43934
43921
43900
43887
43872
43865
43865
43863
43861
43860
43850
43843
43833
43827
43822
43820
43813
43811
43806
43796
43796
43783
43783
43764
43762
43762
43761
43754
43747
43731
43729
43728
43718
43714
43707
43699
43698
43690
43689
43660
43656
43654
43647
43625
43615
43606
43599
43596
43583
43581
43579
43578
43573
43571
43568
43550
43550
43543
43540
43534
43530
43517
43505
43482
43476
43436
43435
43429
43428
43425
43408
43394
43390
43381
43371
43362
43361
43355
43355
43350
43339
43334
43328
43326
43301
43300
43298
43297
43296
43293
43287
43281
43281
43266
43237
43235
43234
43212
43209
43208
43206
43196
43190
43185
43185
43184
43169
43162
43160
43160
43137
43134
43129
43127
43122
43120
43118
43086
43058
43041
43038
43030
43028
43021
43012
43012
42998
42976
42971
42967
42950
42948
42944
42944
42934
42934
42929
42925
42916
42907
42902
42899
42897
42895
42877
42861
42855
42848
42844
42842
42841
42838
42835
42833
42828
42818
42816
42816
42815
42799
42798
42797
42793
42788
42781
42780
42778
42778
42759
42750
42737
42727
42717
42710
42704
42694
42691
42683
42683
42682
42681
42676
42675
42673
42668
42665
42662
42642
42637
42636
42627
42623
42610
42606
42604
42599
42582
42573
42571
42568
42561
42555
42548
42544
42539
42538
42531
42518
42517
42508
42503
42494
42486
42484
42482
42475
42474
42473
42466
42460
42454
42449
42434
42431
42423
42417
42413
42408
42405
42394
42386
42381
42381
42374
42365
42355
42330
42326
42325
42315
42309
42305
42299
42289
42273
42268
42266
42265
42262
42261
42257
42246
42205
42177
42175
42168
42167
42167
42158
42149
42135
42124
42108
42095
42090
42070
42064
42052
42038
42032
42029
42023
42015
42011
42003
41975
41975
41973
41973
41973
41966
41959
41957
41956
41950
41941
41922
41920
41900
41896
41896
41895
41892
41891
41886
41883
41876
41871
41842
41841
41833
41829
41829
41826
41826
41821
41820
41806
41800
41792
41790
41784
41748
41744
41743
41742
41739
41734
41733
41721
41718
41714
41710
41706
41703
41701
41677
41662
41636
41635
41624
41610
41591
41578
41576
41575
41575
41556
41550
41549
41546
41544
41537
41530
41529
41528
41527
41507
41503
41502
41498
41496
41494
41491
41487
41479
41459
41452
41438
41432
41428
41425
41417
41408
41399
41391
41386
41384
41382
41367
41358
41356
41351
41349
41326
41311
41305
41302
41297
41285
41285
41278
41270
41268
41266
41264
41263
41259
41256
41256
41233
41231
41225
41221
41213
41193
41189
41169
41148
41148
41146
41145
41135
41134
41131
41125
41122
41120
41119
41100
41079
41078
41072
41063
41053
41050
41046
41039
41029
41024
41022
41013
41012
41008
40991
40986
40982
40974
40941
40938
40928
40927
40919
40915
40915
40914
40912
40911
40891
40883
40875
40868
40856
40853
40847
40845
40844
40824
40818
40815
40799
40783
40780
40779
40769
40757
40756
40746
40744
40736
40729
40729
40722
40717
40704
40699
40692
40679
40676
40662
40655
40651
40646
40642
40637
40630
40626
40611
40608
40594
40593
40587
40585
40569
40566
40565
40561
40558
40550
40548
40545
40540
40537
40532
40528
40523
40509
40509
40504
40497
40490
40469
40469
40435
40429
40420
40418
40414
40410
40408
40391
40390
40384
40383
40375
40369
40368
40367
40365
40364
40359
40349
40346
40342
40337
40330
40326
40321
40315
40310
40302
40301
40278
40276
40276
40274
40267
40250
40249
40237
40233
40231
40231
40220
40206
40200
40198
40193
40191
40188
40183
40173
40158
40152
40151
40149
40136
40131
40125
40121
40118
40115
40093
40091
40082
40060
40058
40036
40021
40019
40016
40004
39995
39993
39988
39985
39976
39969
39966
39962
39952
39932
39932
39929
39928
39923
39909
39905
39898
39897
39894
39893
39889
39879
39876
39849
39838
39831
39830
39818
39813
39805
39778
39778
39768
39763
39763
39750
39749
39742
39740
39735
39730
39723
39716
39708
39705
39703
39674
39672
39660
39656
39651
39617
39606
39601
39597
39593
39592
39587
39586
39582
39569
39567
39564
39564
39557
39555
39543
39541
39534
39529
39521
39515
39510
39507
39501
39497
39493
39484
39478
39467
39418
39403
39401
39401
39401
39399
39395
39387
39380
39378
39373
39373
39368
39358
39355
39350
39342
39339
39338
39331
39331
39320
39319
39312
39307
39298
39296
39276
39268
39264
39250
39249
39243
39224
39204
39204
39203
39200
39194
39194
39189
39185
39183
39182
39181
39159
39158
39157
39153
39146
39138
39133
39121
39116
39112
39110
39094
39081
39080
39071
39068
39057
39038
39018
39017
38997
38986
38985
38970
38963
38963
38957
38957
38955
38946
38946
38944
38943
38938
38930
38929
38914
38906
38903
38896
38892
38881
38881
38876
38873
38865
38865
38859
38853
38843
38842
38838
38835
38831
38831
38823
38821
38815
38808
38803
38798
38787
38783
38747
38745
38744
38743
38740
38736
38735
38731
38731
38731
38727
38724
38723
38723
38709
38703
38701
38700
38691
38688
38686
38675
38670
38662
38657
38656
38641
38637
38628
38627
38621
38621
38611
38594
38592
38556
38551
38551
38550
38542
38539
38535
38525
38520
38517
38517
38510
38510
38508
38507
38498
38494
38474
38472
38470
38469
38465
38463
38458
38456
38438
38421
38409
38403
38386
38381
38376
38368
38346
38326
38314
38299
38294
38287
38285
38282
38277
38276
38274
38269
38264
38258
38254
38248
38246
38242
38227
38218
38213
38207
38200
38196
38188
38165
38155
38151
38145
38132
38122
38117
38111
38108
38090
38084
38084
38080
38074
38068
38067
38066
38060
38060
38058
38052
38050
38041
38036
38024
38006
38005
37994
37992
37986
37984
37962
37957
37956
37944
37944
37942
37938
37930
37926
37922
37912
37910
37888
37887
37861
37855
37854
37850
37830
37830
37827
37824
37818
37808
37800
37798
37773
37763
37757
37754
37747
37744
37733
37717
37708
37701
37701
37701
37689
37683
37679
37673
37671
37654
37645
37633
37630
37624
37619
37618
37597
37587
37577
37562
37556
37524
37502
37495
37493
37486
37485
37485
37484
37464
37445
37438
37437
37430
37424
37424
37420
37417
37417
37415
37413
37401
37399
37399
37397
37394
37393
37385
37383
37372
37366
37351
37349
37344
37336
37334
37331
37327
37325
37315
37314
37310
37308
37301
37291
37281
37276
37256
37253
37252
37244
37232
37232
37211
37210
37210
37208
37206
37203
37199
37197
37197
37191
37183
37180
37178
37172
37168
37156
37150
37144
37143
37138
37128
37124
37118
37116
37107
37105
37100
37099
37093
37090
37084
37078
37070
37023
37022
37021
37009
37000
36988
36983
36974
36973
36969
36954
36949
36944
36943
36942
36941
36927
36916
36916
36915
36909
36901
36890
36885
36873
36872
36866
36860
36857
36850
36849
36846
36840
36837
36832
36826
36824
36817
36814
36802
36787
36785
36770
36768
36766
36746
36744
36742
36739
36730
36728
36723
36720
36719
36684
36663
36662
36660
36655
36642
36626
36624
36623
36619
36611
36610
36604
36590
36585
36584
36571
36569
36567
36567
36563
36562
36559
36559
36554
36554
36553
36549
36511
36508
36496
36480
36457
36455
36444
36437
36436
36436
36425
36417
36416
36404
36404
36395
36386
36381
36376
36366
36359
36357
36350
36345
36345
36342
36337
36333
36331
36318
36307
36303
36303
36281
36280
36277
36272
36265
36262
36256
36252
36250
36202
36198
36196
36196
36191
36191
36189
36187
36182
36175
36173
36169
36167
36164
36155
36148
36148
36145
36141
36134
36131
36125
36114
36111
36097
36092
36092
36090
36089
36079
36067
36065
36053
36040
36035
36026
36020
36017
36012
36010
35998
35995
35994
35988
35977
35971
35968
35966
35937
35936
35935
35930
35926
35917
35917
35915
35912
35907
35899
35892
35891
35890
35879
35873
35872
35862
35860
35856
35848
35825
35819
35814
35801
35792
35771
35767
35759
35747
35726
35712
35696
35694
35693
35689
35679
35677
35664
35662
35662
35658
35608
35607
35607
35597
35592
35591
35572
35567
35566
35565
35560
35556
35553
35549
35530
35520
35518
35516
35499
35482
35480
35478
35474
35455
35438
35427
35414
35412
35388
35382
35362
35356
35354
35351
35346
35342
35338
35326
35323
35319
35307
35295
35277
35274
35267
35247
35241
35241
35228
35227
35226
35222
35219
35217
35212
35206
35205
35197
35196
35187
35186
35179
35172
35166
35154
35141
35126
35083
35074
35068
35060
35051
35044
35043
35025
35020
35015
35015
35008
34992
34990
34986
34981
34972
34965
34944
34928
34922
34921
34900
34893
34884
34883
34877
34875
34859
34858
34853
34848
34841
34829
34822
34820
34820
34816
34815
34812
34798
34797
34782
34781
34780
34772
34759
34758
34753
34751
34746
34740
34732
34723
34723
34718
34714
34713
34711
34708
34693
34693
34673
34668
34668
34662
34657
34653
34640
34627
34618
34609
34606
34595
34589
34585
34572
34565
34555
34554
34547
34541
34532
34516
34500
34497
34496
34480
34472
34466
34464
34447
34432
34422
34414
34405
34402
34400
34392
34385
34382
34381
34363
34360
34332
34321
34319
34318
34306
34305
34301
34294
34291
34291
34263
34249
34249
34242
34237
34236
34219
34217
34214
34207
34207
34198
34198
34197
34194
34193
34191
34180
34176
34155
34149
34143
34140
34130
34125
34122
34121
34103
34097
34094
34094
34086
34085
34078
34077
34068
34062
34044
34033
34032
34028
34017
33982
33977
33949
33941
33937
33930
33925
33914
33913
33893
33883
33874
33870
33863
33854
33846
33841
33841
33839
33835
33834
33831
33819
33817
33817
33808
33807
33799
33786
33768
33759
33746
33735
33731
33726
33717
33698
33692
33687
33683
33654
33631
33626
33609
33604
33600
33580
33578
33566
33560
33557
33546
33546
33544
33539
33493
33487
33487
33482
33482
33481
33477
33472
33471
33467
33467
33455
33452
33449
33443
33435
33434
33430
33426
33425
33412
33407
33392
33390
33386
33380
33374
33364
33346
33341
33323
33322
33320
33285
33279
33273
33252
33246
33245
33237
33218
33212
33204
33192
33186
33184
33179
33178
33176
33172
33167
33165
33162
33160
33158
33153
33149
33146
33113
33111
33100
33069
33061
33060
33054
33051
33046
33037
33032
33026
33023
33012
33002
33001
32990
32987
32982
32964
32953
32929
32925
32924
32915
32915
32905
32904
32897
32896
32893
32885
32885
32874
32851
32841
32840
32838
32834
32818
32812
32808
32791
32789
32787
32787
32787
32772
32772
32764
32763
32742
32742
32739
32723
32709
32709
32707
32694
32694
32677
32674
32673
32665
32662
32660
32651
32647
32646
32624
32601
32601
32596
32587
32583
32577
32577
32563
32557
32535
32534
32515
32502
32499
32497
32489
32484
32476
32468
32455
32419
32417
32416
32406
32406
32404
32397
32397
32380
32373
32359
32352
32344
32342
32340
32334
32334
32333
32305
32298
32294
32269
32259
32258
32244
32243
32240
32238
32234
32229
32228
32224
32210
32208
32205
32201
32194
32177
32169
32162
32146
32128
32126
32114
32112
32103
32097
32096
32083
32083
32075
32071
32066
32061
32057
32055
32038
32035
32023
32023
32019
32015
32005
32001
31997
31974
31969
31952
31951
31951
31950
31944
31942
31938
31934
31931
31930
31927
31911
31898
31897
31894
31892
31890
31871
31857
31841
31837
31835
31822
31821
31816
31808
31799
31790
31788
31781
31773
31756
31751
31741
31735
31723
31711
31710
31709
31694
31685
31670
31663
31661
31658
31654
31648
31635
31624
31623
31622
31616
31612
31601
31592
31591
31574
31572
31570
31555
31532
31517
31511
31503
31501
31459
31450
31446
31442
31437
31414
31412
31409
31402
31397
31396
31395
31393
31392
31387
31385
31385
31374
31360
31354
31348
31344
31335
31327
31321
31321
31301
31298
31297
31296
31295
31294
31287
31279
31271
31259
31258
31255
31255
31252
31249
31240
31239
31230
31227
31221
31217
31211
31189
31169
31166
31163
31159
31131
31127
31122
31117
31113
31108
31105
31089
31080
31076
31072
31065
31051
31050
31041
31027
31020
31004
31000
30986
30986
30968
30967
30957
30956
30955
30952
30944
30943
30936
30918
30907
30907
30901
30879
30878
30876
30875
30872
30869
30861
30854
30852
30852
30848
30835
30821
30821
30817
30810
30809
30801
30785
30773
30765
30762
30758
30732
30731
30724
30717
30703
30698
30692
30688
30670
30662
30653
30640
30627
30622
30621
30616
30614
30607
30602
30593
30591
30582
30561
30540
30532
30531
30523
30522
30518
30512
30505
30504
30499
30497
30490
30488
30486
30482
30478
30476
30472
30467
30462
30454
30431
30429
30428
30402
30399
30399
30399
30398
30380
30377
30360
30356
30349
30348
30336
30334
30331
30319
30311
30306
30298
30286
30283
30282
30274
30273
30268
30251
30247
30247
30231
30223
30216
30196
30185
30142
30141
30135
30109
30099
30097
30094
30080
30075
30075
30071
30070
30069
30050
30034
30022
30016
30009
30008
30008
29996
29993
29989
29973
29968
29964
29958
29949
29947
29941
29940
29933
29932
29918
29904
29903
29895
29885
29864
29863
29855
29837
29822
29815
29811
29797
29791
29784
29779
29771
29757
29745
29744
29739
29729
29728
29723
29718
29717
29710
29708
29703
29698
29688
29681
29681
29681
29680
29672
29672
29663
29660
29659
29640
29638
29637
29636
29635
29628
29628
29628
29627
29614
29609
29604
29602
29597
29596
29590
29581
29581
29581
29577
29572
29566
29559
29557
29547
29543
29517
29512
29510
29505
29502
29491
29476
29452
29450
29447
29432
29421
29414
29390
29388
29386
29384
29384
29379
29378
29376
29374
29370
29359
29352
29349
29335
29327
29312
29298
29297
29297
29297
29281
29271
29267
29259
29259
29244
29221
29221
29216
29213
29193
29191
29188
29181
29171
29169
29153
29150
29139
29138
29137
29135
29127
29116
29112
29103
29103
29098
29074
29068
29067
29052
29047
29038
29032
29031
29030
29023
29020
29015
29013
29012
29009
29007
29006
28996
28974
28969
28967
28964
28954
28945
28938
28924
28917
28914
28902
28899
28893
28887
28874
28873
28868
28868
28866
28851
28844
28836
28815
28815
28799
28797
28793
28792
28788
28778
28772
28771
28758
28749
28743
28738
28730
28707
28675
28673
28646
28646
28642
28637
28635
28632
28626
28616
28615
28611
28610
28610
28600
28592
28577
28570
28566
28564
28550
28540
28531
28516
28514
28504
28493
28489
28485
28485
28482
28477
28470
28468
28454
28453
28427
28423
28420
28414
28405
28399
28398
28397
28384
28382
28381
28377
28376
28374
28370
28368
28367
28362
28356
28354
28349
28346
28331
28317
28316
28315
28314
28311
28310
28306
28300
28297
28285
28280
28278
28277
28258
28248
28245
28236
28225
28216
28207
28203
28198
28192
28185
28182
28180
28178
28176
28166
28164
28152
28151
28142
28142
28140
28134
28133
28130
28123
28121
28118
28116
28099
28082
28065
28049
28048
28048
28045
28037
28035
28034
28005
28004
27993
27993
27970
27959
27953
27946
27946
27945
27933
27932
27930
27921
27918
27917
27906
27905
27900
27898
27893
27884
27882
27876
27874
27864
27844
27843
27841
27840
27837
27833
27832
27831
27824
27817
27811
27803
27797
27789
27789
27788
27787
27785
27778
27772
27761
27752
27733
27715
27714
27711
27702
27700
27699
27694
27677
27675
27672
27668
27663
27657
27654
27654
27650
27641
27640
27637
27630
27619
27598
27595
27564
27558
27553
27552
27547
27539
27535
27535
27533
27524
27513
27513
27510
27502
27497
27479
27478
27476
27472
27469
27467
27465
27459
27458
27452
27448
27447
27445
27441
27434
27431
27427
27420
27416
27407
27404
27397
27387
27381
27379
27377
27372
27371
27363
27355
27352
27340
27323
27309
27309
27305
27304
27300
27289
27282
27281
27280
27267
27260
27259
27256
27235
27219
27214
27201
27194
27194
27188
27185
27178
27174
27158
27153
27126
27125
27118
27117
27105
27098
27095
27091
27088
27079
27056
27051
27050
27048
27042
27036
27024
27023
27014
27002
26987
26980
26979
26970
26969
26969
26962
26960
26935
26935
26917
26916
26913
26909
26903
26896
26894
26891
26872
26863
26860
26857
26844
26844
26843
26842
26826
26824
26812
26785
26779
26777
26763
26761
26757
26756
26750
26732
26732
26725
26725
26719
26717
26708
26699
26696
26692
26687
26683
26679
26673
26667
26666
26662
26662
26660
26651
26646
26643
26638
26633
26630
26617
26608
26600
26598
26597
26597
26589
26582
26572
26563
26561
26550
26541
26529
26521
26516
26514
26514
26502
26499
26486
26484
26472
26464
26434
26431
26429
26428
26426
26425
26410
26407
26404
26388
26380
26379
26376
26372
26362
26361
26356
26351
26350
26336
26335
26331
26330
26329
26323
26323
26320
26317
26313
26310
26303
26271
26263
26261
26260
26250
26249
26231
26230
26200
26187
26185
26182
26176
26170
26162
26160
26157
26152
26146
26143
26136
26136
26132
26122
26122
26121
26116
26114
26114
26112
26108
26086
26071
26066
26056
26052
26042
26040
26018
25994
25994
25989
25979
25978
25959
25954
25932
25930
25930
25918
25913
25896
25886
25864
25862
25825
25821
25819
25809
25804
25803
25801
25799
25790
25787
25786
25785
25773
25772
25760
25756
25754
25747
25747
25739
25713
25705
25705
25698
25681
25679
25672
25668
25667
25661
25657
25654
25649
25641
25637
25633
25625
25623
25619
25616
25611
25602
25592
25591
25588
25583
25582
25576
25566
25551
25551
25549
25549
25529
25524
25518
25518
25515
25507
25504
25489
25487
25486
25479
25457
25456
25450
25441
25439
25434
25433
25419
25397
25386
25383
25378
25376
25368
25353
25346
25341
25333
25322
25309
25304
25304
25304
25288
25288
25284
25269
25266
25266
25259
25255
25243
25233
25232
25231
25217
25206
25205
25201
25190
25187
25181
25180
25126
25115
25091
25059
25047
25028
25026
25022
25001
24980
24959
24945
24945
24940
24938
24934
24933
24931
24925
24904
24903
24902
24893
24893
24892
24888
24881
24873
24867
24865
24837
24832
24829
24810
24809
24797
24792
24787
24784
24767
24763
24755
24752
24740
24736
24736
24733
24727
24724
24720
24715
24712
24709
24707
24707
24703
24702
24700
24681
24679
24678
24658
24657
24621
24617
24615
24608
24604
24600
24597
24595
24591
24590
24590
24584
24581
24574
24570
24569
24567
24553
24553
24550
24542
24534
24515
24503
24503
24490
24480
24472
24471
24468
24466
24461
24460
24451
24443
24433
24421
24410
24409
24406
24404
24403
24400
24400
24385
24376
24374
24372
24356
24352
24348
24334
24308
24295
24276
24266
24259
24258
24244
24243
24242
24237
24237
24217
24194
24183
24161
24157
24156
24146
24141
24138
24135
24127
24119
24116
24086
24069
24066
24064
24039
24034
24030
24019
24015
24014
24013
24005
24002
23998
23990
23984
23964
23954
23935
23934
23931
23929
23928
23911
23910
23903
23895
23889
23876
23867
23854
23847
23838
23835
23833
23826
23826
23820
23804
23790
23783
23780
23771
23766
23765
23764
23764
23764
23732
23728
23725
23721
23719
23713
23707
23705
23699
23699
23696
23676
23675
23674
23654
23653
23647
23647
23644
23639
23637
23633
23628
23628
23627
23619
23617
23612
23608
23606
23603
23581
23567
23563
23562
23544
23539
23525
23525
23516
23513
23505
23501
23499
23489
23474
23472
23463
23452
23445
23443
23433
23388
23386
23374
23364
23354
23338
23336
23318
23318
23304
23299
23293
23291
23284
23283
23282
23280
23279
23277
23271
23266
23262
23257
23257
23247
23225
23215
23210
23210
23208
23181
23171
23171
23170
23165
23162
23159
23143
23126
23126
23122
23114
23109
23107
23105
23104
23100
23100
23078
23073
23055
23044
23040
23031
23026
23004
22983
22979
22979
22966
22962
22962
22959
22957
22949
22941
22939
22939
22931
22922
22915
22906
22898
22897
22889
22889
22886
22874
22873
22868
22866
22857
22853
22837
22830
22812
22811
22798
22782
22782
22772
22771
22768
22767
22767
22764
22763
22755
22741
22727
22725
22717
22717
22712
22708
22705
22704
22701
22698
22694
22682
22681
22665
22659
22658
22656
22650
22642
22640
22640
22637
22637
22634
22624
22622
22619
22610
22609
22603
22594
22594
22589
22586
22584
22573
22567
22563
22559
22553
22538
22531
22494
22490
22477
22473
22464
22459
22450
22449
22444
22439
22432
22404
22395
22387
22382
22371
22358
22356
22355
22351
22349
22346
22342
22336
22335
22331
22324
22297
22295
22290
22279
22276
22275
22274
22274
22271
22270
22254
22254
22251
22246
22240
22239
22238
22237
22226
22199
22185
22138
22131
22116
22115
22114
22112
22081
22075
22071
22069
22066
22064
22057
22022
22014
22013
22011
22007
22006
22001
21979
21975
21959
21958
21944
21941
21926
21917
21915
21910
21907
21896
21885
21881
21880
21878
21874
21869
21869
21868
21858
21843
21823
21810
21795
21793
21786
21783
21777
21758
21750
21741
21740
21737
21732
21728
21695
21694
21694
21693
21691
21690
21688
21680
21678
21669
21665
21664
21661
21660
21659
21658
21656
21651
21641
21640
21640
21621
21621
21616
21601
21593
21588
21584
21579
21578
21565
21557
21548
21547
21544
21542
21540
21517
21513
21513
21503
21491
21490
21471
21468
21462
21455
21441
21436
21435
21434
21430
21422
21421
21416
21415
21412
21397
21394
21394
21393
21386
21386
21370
21356
21353
21352
21346
21331
21326
21319
21303
21292
21279
21279
21274
21273
21264
21257
21254
21253
21229
21223
21221
21220
21211
21208
21201
21198
21196
21160
21158
21151
21137
21126
21116
21108
21099
21096
21095
21094
21086
21082
21082
21078
21070
21050
21042
21021
21013
21007
21000
20994
20975
20973
20971
20970
20963
20961
20961
20960
20960
20952
20952
20942
20933
20929
20926
20925
20916
20891
20886
20867
20858
20854
20850
20849
20841
20838
20836
20829
20826
20815
20811
20809
20801
20797
20792
20792
20790
20776
20772
20764
20756
20754
20749
20747
20745
20742
20733
20729
20727
20726
20719
20713
20712
20702
20701
20694
20688
20677
20669
20665
20648
20636
20628
20621
20613
20609
20607
20606
20595
20593
20589
20588
20586
20579
20578
20549
20548
20542
20541
20540
20539
20537
20537
20531
20529
20520
20508
20508
20500
20498
20485
20483
20481
20458
20458
20441
20426
20411
20409
20406
20397
20393
20393
20363
20360
20353
20342
20340
20328
20325
20316
20303
20301
20295
20286
20277
20273
20263
20260
20256
20230
20218
20213
20212
20196
20194
20191
20170
20169
20168
20161
20153
20137
20131
20128
20125
20106
20100
20086
20085
20079
20076
20071
20070
20067
20056
20040
20023
20022
20014
20000
19999
19998
19993
19991
19990
19986
19983
19946
19940
19937
19934
19927
19925
19920
19916
19912
19907
19896
19893
19887
19875
19874
19872
19872
19865
19854
19849
19845
19836
19827
19819
19802
19797
19786
19764
19758
19757
19754
19754
19751
19740
19738
19722
19719
19707
19703
19701
19699
19695
19694
19687
19667
19662
19660
19642
19638
19638
19637
19627
19625
19616
19601
19601
19593
19578
19561
19543
19539
19533
19530
19524
19522
19516
19511
19508
19499
19488
19487
19486
19474
19473
19440
19429
19423
19422
19421
19415
19384
19359
19358
19355
19352
19336
19336
19333
19330
19323
19303
19293
19290
19288
19282
19282
19277
19276
19262
19259
19247
19241
19240
19217
19199
19198
19195
19167
19161
19140
19139
19132
19124
19102
19092
19086
19083
19080
19072
19065
19064
19058
19057
19055
19051
19046
19045
19032
19024
19021
19017
19017
19006
19006
18985
18981
18979
18976
18969
18965
18960
18946
18940
18910
18903
18898
18892
18885
18878
18875
18869
18867
18867
18838
18837
18825
18819
18814
18808
18792
18782
18779
18778
18769
18751
18748
18737
18733
18733
18724
18720
18719
18712
18711
18706
18700
18692
18685
18681
18674
18672
18669
18654
18653
18652
18651
18643
18635
18628
18626
18621
18611
18609
18598
18597
18595
18591
18588
18556
18554
18548
18544
18532
18528
18522
18512
18506
18504
18504
18492
18479
18474
18473
18471
18471
18465
18463
18461
18457
18454
18446
18443
18440
18436
18429
18412
18411
18408
18405
18397
18383
18373
18370
18369
18364
18358
18355
18332
18320
18306
18303
18302
18302
18300
18289
18263
18259
18255
18240
18232
18199
18198
18182
18180
18166
18143
18133
18124
18104
18097
18094
18093
18087
18078
18069
18065
18062
18055
18052
18039
18020
18020
18010
18007
18002
18002
17995
17994
17990
17982
17968
17964
17952
17951
17949
17947
17945
17944
17942
17927
17921
17907
17901
17900
17897
17895
17895
17878
17876
17875
17871
17864
17861
17857
17851
17849
17834
17813
17805
17793
17788
17787
17785
17777
17753
17752
17733
17730
17729
17728
17727
17719
17703
17696
17683
17668
17660
17659
17626
17623
17617
17610
17602
17589
17572
17562
17555
17552
17546
17542
17529
17523
17511
17508
17504
17502
17499
17491
17490
17490
17490
17477
17465
17453
17439
17429
17424
17416
17415
17415
17410
17408
17406
17396
17392
17382
17381
17372
17369
17364
17358
17352
17351
17349
17348
17343
17338
17331
17330
17318
17304
17295
17287
17287
17285
17275
17263
17254
17250
17248
17237
17228
17227
17201
17194
17171
17163
17159
17155
17145
17137
17118
17106
17102
17097
17096
17092
17081
17073
17073
17061
17060
17059
17055
17048
17043
17042
17030
17030
17030
17026
17021
17021
17015
17011
17002
16995
16994
16985
16982
16979
16969
16956
16952
16951
16948
16933
16931
16916
16914
16911
16895
16892
16888
16878
16859
16852
16842
16831
16829
16822
16817
16806
16785
16784
16781
16757
16752
16738
16731
16726
16705
16698
16696
16682
16681
16681
16663
16661
16644
16634
16631
16622
16621
16620
16612
16606
16606
16601
16599
16593
16591
16582
16582
16573
16541
16530
16528
16523
16522
16520
16519
16519
16518
16516
16510
16498
16498
16497
16488
16480
16480
16476
16460
16456
16449
16432
16422
16422
16420
16414
16396
16395
16391
16382
16377
16368
16365
16361
16356
16356
16347
16330
16318
16282
16282
16266
16255
16239
16214
16197
16197
16194
16187
16169
16168
16161
16157
16154
16152
16146
16139
16135
16134
16113
16108
16104
16102
16100
16098
16093
16076
16071
16069
16065
16060
16056
16050
16042
16040
16037
16029
16022
16020
16020
16018
16013
16005
16002
15999
15998
15990
15988
15987
15983
15980
15976
15962
15961
15960
15954
15951
15939
15931
15920
15916
15913
15876
15876
15870
15869
15850
15842
15840
15839
15833
15817
15807
15805
15800
15796
15795
15788
15784
15782
15779
15773
15771
15755
15748
15748
15747
15734
15729
15727
15719
15716
15715
15713
15698
15697
15695
15693
15692
15685
15685
15680
15657
15655
15647
15640
15636
15636
15634
15623
15618
15616
15616
15616
15607
15606
15606
15601
15594
15593
15583
15579
15572
15571
15570
15567
15566
15560
15557
15539
15529
15527
15517
15514
15514
15510
15509
15482
15471
15446
15442
15440
15429
15427
15423
15422
15420
15413
15410
15401
15394
15350
15350
15344
15340
15340
15330
15327
15323
15311
15304
15298
15286
15247
15243
15235
15221
15216
15212
15192
15173
15166
15161
15160
15155
15152
15144
15143
15139
15136
15136
15123
15121
15117
15109
15095
15089
15084
15080
15073
15072
15072
15067
15062
15059
15051
15032
15020
15008
15005
15004
15000
14996
14990
14989
14976
14974
14963
14962
14952
14943
14941
14939
14930
14922
14922
14908
14880
14878
14874
14867
14847
14845
14839
14835
14828
14826
14818
14818
14810
14791
14774
14773
14764
14744
14742
14738
14735
14719
14710
14706
14701
14700
14693
14692
14684
14684
14683
14683
14678
14670
14661
14659
14657
14645
14642
14639
14638
14637
14630
14625
14623
14617
14614
14611
14588
14577
14575
14570
14552
14544
14543
14541
14536
14535
14534
14522
14519
14509
14501
14498
14473
14473
14470
14463
14462
14454
14444
14433
14426
14422
14413
14408
14396
14392
14382
14379
14367
14364
14351
14349
14339
14332
14327
14326
14310
14310
14308
14306
14305
14302
14291
14280
14280
14270
14261
14249
14246
14233
14217
14217
14214
14182
14178
14161
14160
14158
14151
14146
14145
14140
14139
14129
14126
14122
14113
14099
14082
14078
14076
14075
14072
14070
14066
14058
14052
14048
14044
14044
14035
14029
14029
14009
14002
14000
13988
13987
13987
13987
13985
13984
13963
13952
13949
13940
13939
13929
13925
13922
13905
13904
13901
13887
13869
13859
13858
13858
13839
13838
13832
13829
13823
13822
13822
13821
13820
13818
13816
13810
13809
13802
13798
13793
13789
13788
13780
13763
13756
13756
13734
13727
13721
13716
13714
13706
13673
13664
13651
13635
13633
13625
13623
13618
13595
13594
13590
13584
13581
13581
13580
13569
13563
13561
13538
13536
13534
13534
13532
13531
13529
13522
13511
13505
13505
13499
13495
13484
13482
13479
13470
13466
13440
13439
13438
13436
13435
13426
13420
13419
13412
13406
13403
13395
13391
13389
13389
13388
13379
13374
13373
13371
13358
13351
13348
13348
13348
13346
13341
13340
13331
13330
13329
13316
13309
13295
13294
13289
13284
13283
13278
13275
13274
13263
13256
13250
13245
13244
13242
13204
13195
13193
13191
13188
13160
13153
13149
13124
13120
13119
13117
13114
13099
13090
13086
13084
13079
13079
13076
13075
13072
13065
13056
13055
13049
13042
13035
13024
13021
13019
13016
13012
12994
12980
12963
12963
12959
12956
12948
12943
12943
12940
12933
12925
12924
12915
12906
12894
12889
12883
12879
12867
12864
12832
12821
12818
12810
12807
12798
12785
12784
12777
12777
12773
12768
12731
12718
12709
12685
12684
12665
12654
12653
12648
12645
12641
12623
12611
12605
12602
12591
12589
12589
12585
12580
12574
12569
12562
12534
12530
12514
12511
12508
12504
12503
12498
12493
12488
12479
12471
12466
12462
12458
12457
12457
12447
12443
12435
12433
12431
12429
12428
12422
12419
12419
12408
12407
12396
12390
12389
12388
12377
12359
12345
12343
12340
12334
12329
12328
12327
12310
12305
12305
12305
12301
12287
12283
12277
12276
12275
12258
12256
12244
12226
12214
12207
12201
12199
12198
12193
12182
12156
12152
12152
12151
12149
12135
12131
12126
12125
12112
12077
12076
12062
12061
12022
12013
12000
11993
11992
11992
11992
11990
11987
11965
11963
11940
11940
11937
11934
11930
11927
11918
11914
11912
11909
11898
11897
11891
11887
11867
11863
11860
11843
11843
11837
11832
11832
11822
11819
11804
11790
11783
11761
11759
11758
11751
11750
11745
11745
11741
11738
11733
11728
11727
11721
11721
11702
11696
11692
11682
11663
11662
11660
11658
11645
11638
11638
11635
11624
11605
11600
11589
11570
11558
11554
11545
11538
11535
11530
11523
11521
11520
11500
11497
11486
11486
11481
11467
11466
11451
11445
11442
11437
11437
11427
11416
11408
11404
11391
11383
11382
11367
11361
11359
11355
11354
11338
11324
11319
11308
11306
11300
11294
11283
11278
11278
11275
11271
11260
11242
11241
11234
11232
11221
11207
11207
11192
11190
11181
11179
11174
11172
11166
11162
11162
11144
11140
11139
11137
11128
11127
11125
11120
11114
11114
11113
11110
11080
11075
11066
11064
11058
11055
11051
11049
11044
11042
11039
11031
11029
11021
11015
11005
11005
11003
10998
10991
10982
10975
10966
10966
10966
10958
10956
10949
10938
10931
10931
10926
10907
10904
10892
10886
10884
10880
10875
10862
10860
10852
10849
10847
10820
10816
10805
10802
10793
10790
10780
10780
10768
10749
10729
10728
10711
10710
10707
10706
10700
10699
10665
10661
10655
10638
10636
10620
10610
10603
10595
10591
10582
10582
10579
10579
10577
10573
10571
10571
10566
10565
10558
10552
10548
10547
10540
10533
10532
10519
10517
10510
10502
10500
10497
10494
10478
10474
10473
10470
10465
10464
10458
10455
10436
10422
10419
10406
10405
10403
10398
10398
10386
10384
10379
10377
10377
10361
10348
10346
10345
10344
10340
10337
10333
10325
10322
10317
10312
10308
10305
10291
10288
10262
10246
10245
10244
10242
10235
10229
10223
10211
10210
10209
10201
10201
10194
10177
10177
10168
10162
10162
10157
10155
10145
10140
10130
10123
10119
10114
10114
10097
10093
10091
10090
10076
10064
10061
10061
10052
10042
10040
10024
10024
10022
10019
10018
10014
10002
9995
9984
9983
9978
9966
9944
9938
9935
9923
9921
9919
9919
9916
9913
9908
9903
9899
9895
9891
9888
9885
9874
9871
9856
9855
9851
9850
9844
9843
9838
9838
9816
9805
9804
9795
9788
9785
9757
9756
9751
9751
9747
9740
9735
9733
9729
9726
9713
9687
9683
9676
9671
9666
9657
9642
9628
9622
9621
9618
9614
9613
9609
9605
9586
9586
9582
9582
9579
9578
9578
9574
9573
9573
9573
9561
9560
9554
9545
9542
9533
9522
9509
9507
9504
9504
9504
9502
9494
9488
9488
9485
9476
9468
9467
9464
9464
9457
9439
9424
9416
9393
9388
9384
9384
9381
9381
9380
9371
9367
9365
9357
9355
9353
9347
9341
9337
9329
9325
9324
9321
9318
9296
9294
9293
9288
9287
9284
9272
9263
9259
9257
9254
9235
9232
9223
9220
9219
9218
9213
9187
9186
9185
9178
9175
9173
9154
9146
9142
9140
9120
9112
9102
9100
9097
9096
9094
9080
9076
9075
9065
9061
9061
9055
9051
9048
9045
9032
9028
9023
9022
9018
9013
9013
8996
8978
8968
8943
8942
8938
8922
8904
8904
8898
8883
8881
8867
8866
8865
8854
8833
8828
8821
8812
8812
8806
8794
8785
8772
8772
8768
8747
8746
8738
8733
8725
8718
8715
8713
8708
8707
8695
8693
8692
8685
8683
8678
8675
8672
8670
8639
8633
8633
8622
8612
8609
8601
8598
8595
8591
8577
8577
8576
8573
8571
8557
8538
8518
8509
8492
8490
8488
8480
8479
8466
8462
8460
8435
8415
8405
8405
8402
8402
8400
8389
8388
8381
8380
8378
8378
8374
8374
8371
8365
8357
8331
8323
8319
8313
8305
8296
8296
8290
8290
8283
8281
8264
8264
8261
8261
8255
8253
8228
8222
8221
8216
8212
8212
8211
8203
8200
8199
8196
8177
8162
8160
8159
8159
8145
8142
8119
8101
8096
8093
8091
8088
8079
8072
8070
8068
8059
8051
8050
8048
8047
8038
8032
8019
8016
8007
7976
7950
7944
7943
7943
7933
7932
7928
7924
7911
7889
7885
7878
7866
7865
7862
7857
7851
7848
7838
7832
7822
7808
7799
7798
7783
7778
7776
7765
7757
7757
7748
7738
7734
7722
7720
7718
7717
7710
7700
7698
7698
7697
7694
7691
7674
7673
7671
7651
7642
7639
7638
7624
7620
7613
7597
7593
7591
7587
7586
7564
7560
7549
7545
7539
7538
7534
7524
7523
7513
7505
7481
7472
7469
7466
7465
7458
7439
7438
7429
7422
7417
7399
7398
7395
7387
7371
7363
7360
7344
7334
7316
7304
7269
7268
7264
7247
7245
7233
7229
7227
7223
7223
7213
7195
7194
7185
7182
7173
7172
7151
7139
7137
7127
7115
7115
7112
7107
7094
7091
7090
7087
7085
7080
7079
7066
7061
7060
7060
7052
7050
7037
7032
7031
7030
7028
7015
7006
6976
6976
6937
6928
6918
6917
6911
6910
6907
6896
6892
6882
6881
6873
6868
6867
6862
6855
6853
6851
6846
6846
6841
6837
6829
6829
6825
6810
6806
6788
6788
6784
6776
6775
6775
6769
6767
6764
6756
6756
6749
6737
6736
6736
6736
6726
6725
6706
6694
6694
6684
6676
6670
6654
6653
6645
6632
6626
6625
6622
6620
6619
6619
6617
6593
6592
6556
6550
6541
6538
6531
6524
6517
6502
6500
6464
6451
6449
6446
6441
6434
6429
6422
6415
6403
6401
6396
6389
6378
6369
6363
6347
6329
6328
6317
6312
6312
6308
6291
6283
6274
6274
6265
6261
6260
6249
6248
6245
6239
6236
6235
6232
6228
6227
6222
6218
6210
6200
6199
6197
6190
6189
6187
6167
6165
6145
6139
6123
6107
6101
6092
6085
6074
6070
6066
6050
6043
6042
6026
6021
6008
6007
6006
6001
6001
5995
5982
5971
5968
5967
5965
5959
5951
5946
5938
5934
5926
5920
5914
5909
5908
5898
5890
5884
5883
5880
5861
5861
5859
5856
5853
5844
5827
5822
5816
5813
5811
5806
5801
5792
5788
5786
5786
5777
5777
5760
5747
5744
5730
5719
5708
5702
5699
5695
5683
5674
5670
5647
5640
5637
5635
5634
5627
5616
5602
5600
5598
5596
5584
5577
5574
5571
5555
5555
5551
5547
5521
5515
5514
5502
5496
5489
5489
5488
5485
5470
5463
5448
5446
5441
5426
5416
5412
5395
5392
5378
5375
5374
5368
5365
5357
5352
5352
5329
5328
5325
5324
5322
5320
5318
5310
5307
5306
5295
5288
5273
5269
5267
5263
5261
5254
5253
5253
5233
5228
5219
5219
5215
5209
5192
5189
5186
5181
5177
5176
5175
5169
5166
5156
5153
5141
5116
5113
5107
5100
5098
5086
5085
5081
5068
5061
5052
5047
5047
5043
5036
5015
5003
4998
4985
4972
4967
4967
4965
4959
4954
4936
4906
4879
4877
4872
4865
4836
4832
4825
4818
4815
4810
4806
4805
4804
4793
4791
4787
4786
4783
4782
4779
4778
4770
4762
4762
4746
4743
4740
4737
4732
4732
4729
4724
4707
4704
4701
4696
4682
4676
4671
4667
4666
4662
4653
4652
4650
4647
4637
4634
4634
4623
4616
4608
4592
4589
4582
4579
4570
4568
4560
4557
4557
4557
4555
4539
4536
4534
4526
4519
4517
4514
4513
4504
4491
4491
4488
4475
4470
4468
4457
4455
4441
4440
4439
4434
4406
4402
4398
4396
4391
4381
4378
4376
4371
4366
4365
4340
4337
4336
4334
4333
4321
4304
4295
4291
4282
4278
4277
4266
4262
4261
4253
4251
4247
4244
4241
4240
4237
4237
4231
4229
4212
4191
4188
4186
4182
4176
4173
4167
4140
4137
4134
4133
4129
4129
4126
4125
4122
4111
4101
4087
4087
4082
4080
4079
4078
4076
4071
4063
4055
4055
4026
4015
4010
4009
4002
3992
3988
3978
3974
3940
3932
3928
3925
3914
3896
3894
3892
3892
3886
3885
3880
3869
3863
3842
3838
3814
3813
3799
3796
3790
3789
3771
3757
3756
3754
3746
3737
3733
3729
3725
3721
3706
3703
3700
3698
3695
3682
3671
3646
3639
3632
3631
3618
3612
3604
3599
3594
3594
3593
3587
3584
3582
3578
3570
3549
3535
3513
3495
3494
3494
3492
3488
3485
3482
3480
3473
3471
3470
3469
3466
3460
3459
3455
3440
3436
3435
3424
3424
3423
3415
3396
3394
3393
3392
3388
3385
3375
3371
3346
3345
3332
3327
3327
3319
3317
3316
3311
3295
3294
3291
3282
3278
3265
3249
3247
3246
3236
3232
3226
3212
3210
3209
3208
3206
3204
3192
3189
3170
3164
3163
3151
3141
3135
3134
3128
3125
3115
3104
3095
3091
3089
3085
3078
3060
3043
3016
3014
3005
3001
2981
2978
2975
2975
2974
2971
2968
2965
2950
2949
2948
2944
2944
2939
2938
2938
2934
2923
2912
2905
2900
2898
2881
2879
2876
2864
2851
2849
2848
2843
2840
2837
2817
2816
2816
2808
2807
2806
2803
2801
2795
2794
2779
2772
2766
2756
2732
2723
2721
2721
2695
2682
2676
2635
2635
2622
2620
2620
2620
2614
2614
2611
2610
2606
2606
2601
2594
2589
2583
2563
2553
2535
2523
2519
2518
2515
2515
2506
2506
2502
2485
2482
2477
2470
2470
2463
2449
2448
2443
2439
2427
2411
2409
2403
2403
2401
2400
2384
2374
2368
2367
2361
2355
2353
2346
2344
2341
2330
2326
2324
2321
2299
2294
2291
2278
2269
2258
2257
2251
2246
2243
2232
2231
2227
2218
2207
2203
2195
2191
2191
2185
2175
2173
2171
2169
2168
2166
2157
2140
2133
2126
2121
2119
2117
2111
2108
2090
2082
2079
2078
2078
2073
2068
2060
2057
2050
2041
2035
2033
2032
2029
2014
2009
2005
1999
1998
1995
1993
1988
1986
1984
1980
1980
1959
1956
1955
1947
1947
1945
1937
1934
1922
1913
1911
1896
1896
1892
1872
1870
1866
1863
1863
1858
1837
1831
1829
1815
1812
1810
1805
1805
1791
1789
1779
1767
1766
1764
1760
1755
1751
1747
1741
1736
1732
1726
1710
1707
1678
1673
1652
1652
1649
1647
1643
1635
1615
1607
1607
1598
1581
1577
1572
1571
1558
1539
1531
1523
1523
1519
1517
1500
1495
1494
1487
1486
1479
1448
1441
1436
1422
1421
1421
1417
1412
1411
1401
1401
1396
1394
1386
1381
1367
1363
1358
1357
1355
1348
1342
1328
1318
1316
1297
1294
1278
1273
1273
1251
1234
1231
1227
1218
1216
1216
1210
1208
1207
1206
1200
1197
1191
1185
1184
1184
1179
1144
1141
1139
1138
1126
1119
1111
1107
1100
1093
1089
1084
1073
1069
1068
1066
1063
1063
1060
1049
1036
1027
992
984
983
981
976
976
971
958
956
949
940
938
935
934
932
915
904
902
897
896
896
895
890
887
878
875
873
872
869
868
867
858
858
851
829
827
823
817
812
811
804
793
793
789
785
784
779
777
777
769
757
738
735
734
730
729
727
720
719
713
708
686
686
686
680
679
675
665
660
659
652
642
640
638
632
631
629
626
615
606
602
590
571
569
561
560
557
553
549
546
545
520
514
511
508
499
497
481
476
463
457
454
450
444
441
435
434
433
426
418
411
405
390
390
385
378
374
366
358
353
352
346
342
340
328
323
318
315
311
282
281
281
277
276
270
267
264
249
234
231
227
225
221
219
204
203
186
179
168
160
158
154
151
132
128
127
120
118
109
102
96
92
90
76
74
69
68
62
60
56
56
55
50
49
49
45
37
19
9
