22910
16224
14818
14973
29828
14346
13495
21555
4826
9944
14868
8267
22572
11012
8476
5184
28176
11581
28533
14598
7640
22522
2922
7732
26610
28129
17386
333
17198
19800
20843
10108
6024
5661
25082
5852
26360
14929
3759
7538
24874
18627
15805
17446
29640
633
22630
4168
18566
27515
18767
2558
26389
28041
10290
23000
26170
4029
29685
13368
23829
20529
29829
6205
2542
24911
18409
5254
16192
22168
12792
11066
10795
4950
28512
16787
11935
27495
20956
502
1362
16075
3060
27752
14116
19703
27104
16638
23732
26789
6359
23913
17318
6188
118
26213
7451
18527
1467
23643
17047
14260
11062
4194
25562
9574
20982
7497
13421
18290
14351
14784
4365
23764
18888
24833
19819
15992
17823
13551
12781
24182
7464
6452
6722
13934
2665
14173
8813
4132
14169
25860
24744
25231
6406
26658
11157
27388
10508
24579
22030
1211
15715
26395
24975
10955
27580
14794
26947
15404
4697
16080
9586
12161
22532
22661
2447
1549
6834
11260
12034
27355
13472
13130
28938
19879
16141
10096
23619
26649
11027
15650
27860
3094
18397
29188
14049
15978
20334
17348
1382
25032
3428
17320
13545
2313
9981
15993
10214
23168
27253
22248
26875
17078
11731
25814
6957
27872
12262
576
873
29641
16226
28733
9087
4624
27921
29488
26954
18256
16836
28336
19640
26616
22008
3185
28929
8342
19178
15496
1510
22784
14096
4737
16214
25827
6903
23171
51
25517
99
924
25158
16326
29658
10597
27302
3931
10085
24256
28539
3273
28944
18179
29890
27304
27717
5171
5646
23247
20667
13508
22383
4764
18246
8597
6943
25149
1768
6995
27019
8220
7919
22177
24546
13929
9127
28200
24213
25564
28808
22752
28838
27752
17284
28728
25056
15001
10251
7055
8248
919
20563
632
12035
15161
15581
18978
16663
17350
2325
13682
25570
16597
12211
26468
526
21338
1020
1091
16903
26784
26772
26755
26747
26746
26723
26722
26721
26720
26704
26704
26699
26698
26674
26668
26667
26667
26654
26652
26646
26641
26632
26626
26624
26621
26596
26586
26582
26579
26572
26569
26555
26550
26549
26533
26532
26513
26511
26503
26502
26501
26497
26491
26475
26468
26463
26459
26458
26455
26445
26440
26439
26436
26433
26417
26393
26386
26362
26345
26335
26329
26308
26305
26299
26299
26296
26295
26271
26270
26260
26258
26250
26247
26243
26237
26232
26216
26215
26210
26209
26208
26199
26199
26195
26187
26186
26185
26178
26169
26166
26159
26153
26148
26117
26111
26109
26103
26054
26048
26043
26041
26027
26011
26001
25969
25955
25946
25944
25925
25893
25883
25863
25851
25814
25790
25786
25764
25752
25726
25725
25715
25704
25701
25685
25684
25677
25654
25643
25628
25619
25593
25588
25587
25584
25582
25572
25567
25563
25559
25543
25529
25507
25498
25498
25492
25491
25487
25484
25483
25471
25467
25442
25432
25414
25411
25408
25402
25357
25349
25337
25332
25326
25320
25319
25306
25296
25290
25285
25284
25254
25254
25248
25247
25235
25225
25211
25203
25194
25182
25179
25177
25151
25124
25092
25075
25070
25066
25060
25052
25041
25038
25023
25010
25005
25005
25000
24974
24972
24933
24927
24904
24902
24898
24896
24884
24882
24880
24874
24870
24856
24855
24854
24837
24832
24824
24820
24806
24790
24776
24751
24740
24699
24683
24646
24642
24636
24623
24621
24594
24554
24549
24547
24539
24530
24517
24515
24503
24494
24494
24468
24424
24385
24385
24383
24379
24372
24366
24357
24346
24318
24316
24312
24308
24303
24234
24174
24166
24157
24152
24137
24125
24119
24117
24110
24110
24105
24102
24101
24101
24100
24096
24087
24079
24069
24051
24051
24047
24033
24019
24018
24011
23998
23986
23983
23975
23959
23935
23934
23917
23916
23899
23896
23891
23891
23877
23858
23857
23852
23839
23807
23791
23778
23754
23745
23725
23725
23723
23705
23699
23694
23687
23684
23681
23661
23641
23634
23631
23628
23625
23620
23613
23604
23601
23581
23569
23537
23536
23536
23514
23514
23492
23491
23481
23471
23468
23448
23443
23438
23427
23423
23418
23403
23398
23397
23395
23364
23362
23360
23357
23352
23350
23316
23302
23290
23290
23277
23254
23244
23242
23232
23214
23200
23199
23196
23195
23191
23186
23170
23168
23144
23140
23129
23106
23105
23105
23105
23097
23089
23084
23075
23055
23031
23024
23022
23018
23015
23013
23011
23004
22998
22992
22992
22980
22971
22961
22958
22956
22953
22946
22946
22944
22931
22922
22920
22919
22914
22910
22889
22878
22873
22818
22798
22783
22779
22772
22761
22739
22733
22718
22709
22704
22694
22683
22672
22654
22648
22620
22616
22601
22573
22569
22564
22554
22547
22539
22530
22519
22507
22493
22486
22481
22468
22463
22428
22428
22423
22413
22412
22407
22403
22369
22369
22369
22345
22345
22338
22333
22326
22321
22311
22309
22298
22274
22273
22261
22257
22253
22243
22220
22217
22203
22194
22186
22182
22180
22151
22138
22137
22131
22125
22118
22110
22106
22104
22099
22097
22079
22076
22073
22070
22055
22043
22038
22034
22009
22007
22005
22003
22003
21998
21989
21983
21952
21947
21938
21930
21927
21924
21923
21916
21896
21893
21890
21887
21873
21869
21867
21867
21865
21864
21851
21845
21834
21831
21817
21807
21798
21789
21787
21786
21783
21777
21767
21749
21723
21692
21676
21674
21671
21656
21647
21632
21615
21612
21605
21580
21574
21570
21561
21551
21540
21535
21534
21530
21526
21526
21519
21514
21506
21500
21482
21476
21469
21445
21406
21389
21383
21362
21346
21344
21321
21317
21300
21298
21287
21287
21284
21267
21233
21227
21216
21170
21161
21155
21131
21121
21109
21107
21099
21076
21061
21052
21046
21044
21043
21030
21023
21020
21012
21005
21004
20988
20974
20967
20945
20944
20943
20928
20916
20913
20905
20905
20889
20863
20858
20855
20840
20837
20819
20810
20800
20758
20747
20727
20727
20702
20701
20700
20696
20689
20670
20649
20639
20637
20617
20610
20577
20572
20559
20537
20524
20522
20508
20504
20493
20476
20473
20429
20411
20398
20396
20391
20390
20390
20374
20373
20365
20349
20327
20318
20315
20294
20294
20289
20286
20282
20279
20272
20249
20204
20201
20198
20175
20172
20145
20139
20139
20138
20137
20127
20123
20102
20099
20090
20090
20070
20069
20064
20049
20037
20035
19994
19993
19992
19985
19973
19969
19965
19961
19918
19913
19909
19905
19895
19894
19892
19891
19884
19879
19867
19850
19849
19842
19833
19810
19803
19796
19780
19775
19741
19740
19732
19731
19726
19725
19713
19711
19709
19690
19684
19669
19669
19666
19648
19637
19632
19630
19617
19617
19592
19573
19573
19572
19562
19554
19542
19532
19510
19505
19505
19498
19480
19463
19427
19387
19375
19370
19365
19360
19353
19350
19349
19344
19341
19339
19330
19311
19309
19306
19299
19295
19295
19291
19283
19239
19231
19230
19216
19214
19210
19208
19199
19192
19186
19167
19162
19144
19132
19122
19113
19106
19104
19094
19088
19076
19059
19051
19038
19037
19031
19014
19007
19002
18998
18986
18974
18967
18943
18913
18898
18895
18891
18888
18861
18859
18856
18854
18852
18825
18817
18811
18791
18780
18771
18741
18722
18715
18713
18711
18696
18691
18672
18655
18652
18635
18631
18623
18611
18609
18585
18581
18572
18567
18563
18554
18552
18541
18529
18525
18494
18492
18485
18460
18448
18443
18437
18416
18412
18401
18400
18392
18381
18368
18359
18356
18345
18343
18328
18323
18313
18303
18303
18298
18268
18262
18192
18185
18171
18170
18152
18149
18132
18114
18109
18046
18010
18004
18003
17974
17974
17974
17974
17970
17957
17949
17930
17923
17921
17919
17914
17904
17885
17868
17858
17852
17850
17842
17812
17787
17760
17757
17743
17740
17737
17730
17729
17724
17679
17676
17668
17665
17664
17663
17657
17653
17647
17645
17623
17612
17570
17568
17554
17531
17508
17497
17496
17476
17462
17457
17451
17443
17432
17431
17425
17391
17383
17356
17349
17349
17348
17347
17347
17338
17303
17281
17277
17276
17254
17254
17241
17237
17229
17225
17223
17167
17157
17149
17148
17132
17127
17124
17123
17102
17086
17077
17069
17061
17048
17031
17018
17011
17009
17003
16988
16985
16982
16982
16972
16961
16959
16947
16943
16929
16926
16910
16899
16865
16861
16859
16846
16829
16827
16817
16817
16788
16776
16770
16766
16760
16749
16745
16744
16741
16739
16702
16699
16688
16682
16672
16668
16641
16633
16631
16616
16602
16580
16570
16558
16542
16530
16511
16475
16474
16450
16421
16404
16400
16383
16373
16366
16356
16356
16308
16299
16298
16284
16277
16245
16224
16214
16199
16197
16179
16173
16154
16153
16137
16129
16119
16114
16100
16097
16091
16088
16080
16072
16063
16050
16042
16031
16030
16022
15991
15963
15955
15952
15952
15945
15934
15926
15924
15915
15909
15895
15884
15864
15847
15832
15830
15829
15821
15803
15793
15780
15777
15776
15774
15773
15771
15760
15735
15724
15720
15713
15713
15697
15697
15684
15666
15640
15634
15631
15615
15603
15587
15578
15570
15566
15559
15552
15538
15529
15527
15526
15526
15526
15517
15503
15493
15487
15482
15481
15481
15480
15471
15448
15429
15420
15416
15415
15414
15408
15399
15362
15355
15341
15314
15312
15312
15298
15279
15262
15252
15245
15242
15238
15235
15235
15228
15216
15200
15182
15180
15122
15121
15090
15085
15069
15066
15062
15052
15047
15044
15036
15035
15026
15023
15016
14999
14987
14969
14948
14940
14935
14923
14899
14897
14893
14890
14869
14847
14844
14838
14835
14824
14821
14818
14811
14803
14799
14788
14786
14784
14779
14776
14770
14767
14748
14740
14739
14725
14712
14709
14701
14652
14648
14647
14637
14632
14625
14597
14595
14592
14575
14572
14570
14567
14558
14546
14534
14532
14524
14519
14504
14502
14502
14492
14471
14468
14461
14460
14453
14440
14408
14404
14360
14359
14346
14306
14301
14286
14271
14269
14256
14233
14223
14202
14193
14192
14186
14184
14178
14172
14164
14162
14144
14142
14116
14084
14079
14079
14076
14073
14068
14054
14002
14002
13999
13991
13982
13956
13955
13948
13938
13935
13901
13895
13877
13868
13867
13835
13820
13818
13787
13784
13783
13771
13737
13734
13731
13709
13678
13677
13673
13672
13667
13665
13663
13662
13654
13653
13603
13600
13588
13577
13572
13568
13563
13528
13517
13495
13490
13482
13472
13464
13452
13438
13435
13433
13432
13423
13389
13386
13375
13361
13360
13344
13342
13326
13321
13317
13306
13272
13264
13257
13250
13228
13213
13201
13199
13183
13176
13169
13166
13162
13161
13150
13148
13138
13126
13120
13115
13114
13096
13061
13054
13042
12989
12984
12973
12946
12933
12919
12912
12907
12904
12899
12890
12883
12875
12871
12867
12845
12837
12830
12829
12827
12822
12801
12783
12781
12764
12749
12747
12741
12737
12732
12724
12705
12701
12692
12688
12687
12676
12664
12659
12647
12635
12630
12619
12614
12611
12598
12590
12588
12578
12577
12560
12556
12544
12519
12506
12498
12475
12464
12453
12449
12446
12441
12428
12409
12402
12388
12386
12365
12358
12355
12346
12314
12300
12298
12293
12283
12279
12248
12248
12238
12236
12217
12216
12205
12199
12196
12192
12187
12186
12186
12184
12184
12171
12159
12121
12114
12098
12093
12080
12053
12037
12031
12023
12018
12004
11980
11971
11947
11938
11935
11927
11924
11914
11912
11911
11908
11904
11889
11888
11876
11869
11851
11844
11837
11833
11802
11801
11796
11792
11789
11778
11771
11768
11764
11755
11754
11747
11722
11702
11688
11666
11664
11660
11654
11643
11615
11599
11592
11583
11580
11577
11575
11562
11551
11543
11528
11521
11512
11512
11499
11494
11467
11438
11438
11433
11426
11419
11413
11413
11407
11388
11376
11375
11370
11345
11345
11334
11324
11320
11298
11289
11286
11277
11245
11238
11221
11194
11192
11181
11164
11161
11136
11118
11095
11087
11050
11048
11037
11015
11014
11012
11008
11006
11002
11000
10990
10978
10964
10963
10962
10945
10943
10925
10886
10882
10882
10873
10861
10856
10845
10837
10820
10810
10799
10796
10795
10785
10784
10772
10771
10762
10753
10749
10730
10719
10717
10715
10707
10705
10699
10682
10670
10663
10649
10628
10611
10592
10591
10589
10582
10522
10520
10501
10497
10497
10494
10487
10482
10472
10470
10465
10460
10454
10450
10449
10435
10435
10428
10409
10388
10345
10344
10343
10342
10335
10325
10300
10300
10294
10288
10269
10243
10238
10235
10230
10222
10206
10198
10189
10184
10179
10157
10145
10140
10134
10131
10125
10122
10115
10106
10099
10096
10073
10064
10038
10022
10010
10000
9998
9983
9983
9978
9971
9966
9960
9960
9959
9953
9936
9924
9917
9915
9911
9905
9893
9890
9882
9881
9866
9865
9860
9851
9829
9822
9814
9788
9768
9762
9750
9749
9675
9670
9654
9650
9649
9642
9642
9641
9633
9627
9626
9623
9622
9616
9603
9599
9552
9546
9543
9537
9536
9515
9512
9501
9493
9493
9487
9477
9476
9457
9456
9446
9442
9440
9435
9429
9423
9389
9363
9355
9350
9345
9333
9331
9324
9319
9317
9297
9291
9278
9264
9256
9244
9233
9229
9205
9202
9176
9175
9168
9167
9159
9150
9144
9115
9083
9082
9081
9079
9074
9072
9066
9062
9057
9050
9035
9032
9023
9020
9016
8984
8983
8983
8978
8972
8964
8963
8945
8945
8940
8936
8921
8918
8902
8885
8878
8865
8854
8821
8815
8814
8806
8799
8792
8790
8771
8763
8763
8755
8755
8751
8751
8733
8729
8714
8701
8688
8686
8678
8674
8651
8647
8637
8636
8620
8611
8604
8600
8564
8561
8560
8558
8557
8551
8545
8543
8523
8514
8512
8494
8482
8480
8473
8461
8453
8447
8428
8407
8403
8402
8400
8396
8393
8389
8385
8371
8366
8365
8365
8364
8360
8328
8300
8298
8296
8293
8284
8283
8279
8272
8249
8215
8204
8193
8181
8170
8168
8159
8154
8148
8146
8144
8132
8122
8104
8088
8081
8071
8068
8055
8054
8049
8028
8025
8025
8011
8008
7997
7997
7987
7966
7964
7959
7938
7938
7933
7932
7929
7913
7911
7902
7900
7885
7884
7867
7865
7860
7859
7836
7834
7828
7825
7825
7823
7822
7820
7808
7807
7794
7790
7724
7701
7700
7698
7678
7673
7672
7670
7659
7643
7635
7577
7545
7537
7534
7527
7518
7507
7504
7497
7496
7493
7493
7474
7472
7470
7467
7443
7439
7433
7417
7369
7365
7361
7358
7356
7349
7331
7330
7326
7312
7311
7309
7299
7270
7267
7266
7265
7257
7246
7245
7240
7227
7226
7226
7223
7222
7217
7208
7207
7203
7203
7200
7198
7185
7184
7183
7175
7170
7157
7136
7126
7102
7092
7092
7085
7081
7068
7064
7033
7023
7010
6996
6979
6976
6974
6967
6955
6934
6919
6905
6895
6876
6864
6850
6847
6837
6832
6829
6813
6793
6783
6759
6752
6752
6750
6747
6699
6685
6658
6653
6649
6640
6626
6620
6614
6614
6608
6602
6594
6591
6588
6576
6558
6546
6540
6519
6517
6514
6513
6503
6501
6499
6469
6433
6428
6417
6400
6399
6389
6386
6385
6379
6376
6364
6355
6351
6290
6269
6253
6223
6208
6203
6189
6186
6185
6176
6162
6159
6153
6152
6145
6140
6112
6111
6100
6099
6089
6089
6083
6066
6061
6055
6051
6046
6022
6021
6018
6018
6003
5967
5964
5878
5873
5871
5858
5856
5842
5838
5832
5831
5814
5801
5792
5787
5785
5774
5771
5766
5763
5763
5758
5752
5748
5741
5740
5731
5713
5704
5703
5701
5682
5671
5667
5659
5643
5630
5625
5621
5593
5591
5581
5579
5542
5532
5531
5525
5516
5504
5494
5486
5473
5445
5434
5431
5412
5407
5391
5387
5381
5379
5367
5365
5353
5347
5345
5321
5316
5309
5307
5290
5275
5271
5249
5249
5223
5218
5209
5188
5168
5161
5149
5136
5106
5097
5091
5072
5070
5046
5036
5018
5001
4995
4978
4964
4944
4940
4926
4918
4867
4845
4838
4836
4826
4799
4795
4789
4769
4768
4729
4722
4718
4714
4713
4702
4693
4689
4685
4684
4653
4638
4637
4630
4582
4579
4578
4574
4549
4544
4520
4518
4512
4492
4465
4438
4429
4422
4416
4415
4406
4369
4355
4353
4332
4321
4313
4311
4303
4284
4283
4282
4268
4265
4245
4245
4236
4232
4224
4216
4211
4206
4206
4197
4189
4186
4179
4167
4166
4163
4160
4154
4151
4139
4118
4085
4081
4076
4070
4070
4047
4025
4009
3998
3970
3969
3945
3942
3936
3924
3918
3917
3913
3903
3889
3889
3881
3864
3854
3821
3790
3766
3764
3731
3727
3722
3714
3693
3692
3691
3672
3658
3646
3641
3621
3617
3605
3597
3596
3582
3578
3565
3562
3540
3529
3523
3516
3512
3501
3474
3457
3454
3449
3448
3447
3428
3406
3396
3392
3392
3382
3375
3375
3374
3373
3371
3369
3349
3343
3342
3334
3328
3308
3302
3300
3258
3239
3234
3233
3203
3199
3196
3196
3190
3187
3177
3174
3174
3156
3152
3146
3140
3130
3128
3108
3098
3078
3054
3037
3028
3024
3019
3004
2998
2993
2986
2978
2977
2959
2926
2923
2920
2915
2914
2912
2908
2888
2853
2849
2848
2843
2835
2831
2831
2769
2765
2763
2746
2744
2707
2703
2702
2698
2671
2670
2670
2648
2643
2622
2603
2598
2568
2566
2547
2532
2523
2518
2511
2506
2498
2477
2474
2471
2452
2450
2448
2429
2408
2399
2397
2394
2394
2389
2375
2362
2359
2340
2336
2335
2331
2319
2311
2282
2248
2247
2223
2209
2194
2189
2184
2173
2154
2151
2148
2147
2147
2147
2146
2136
2130
2126
2122
2120
2107
2104
2091
2069
2066
2038
2032
2029
2028
2028
2022
2011
2010
2005
1985
1973
1969
1943
1940
1938
1929
1922
1921
1914
1910
1905
1896
1874
1872
1871
1869
1868
1862
1858
1826
1800
1787
1726
1711
1707
1700
1691
1690
1683
1664
1652
1651
1648
1639
1634
1618
1612
1597
1589
1581
1573
1567
1551
1522
1520
1517
1467
1465
1465
1464
1424
1421
1414
1413
1404
1385
1383
1377
1377
1376
1358
1337
1326
1322
1321
1300
1286
1285
1248
1246
1245
1233
1233
1192
1178
1170
1157
1152
1149
1138
1115
1113
1101
1085
1083
1064
1049
1048
1018
1006
1002
979
978
957
954
949
944
942
935
932
922
921
910
906
905
902
901
893
885
882
879
860
845
843
841
828
824
813
797
771
750
744
737
737
726
726
726
716
683
682
678
653
622
599
595
553
552
543
529
512
499
496
466
463
454
439
438
434
427
425
411
410
409
400
381
351
337
333
317
308
299
288
277
276
262
256
248
245
245
235
214
204
185
184
165
154
152
147
146
127
125
105
102
92
87
69
68
55
53
44
27
18
9
7
3
