15351
1487
12255
19685
14544
13636
8120
18515
8818
15365
29991
564
29484
6791
23162
880
1064
5840
9672
28732
21923
13384
12040
14197
21577
6118
10420
6487
29194
13866
26609
20897
21706
8864
10582
12602
22500
18703
1117
7670
10420
7461
8234
16256
14252
1396
23488
15316
7236
3161
20400
5512
22897
2440
19709
14474
14910
130
20961
20456
20348
23922
11353
12054
9138
28288
24656
1638
23343
25774
15660
10115
3235
23894
26372
23839
25291
26212
9155
8879
5725
29555
14391
28622
8347
4101
19448
29609
10583
16761
20065
931
17035
1418
12986
26173
29706
13994
4163
29401
9768
19823
9517
19355
13718
12241
13194
15361
8453
28701
24240
20531
4608
14984
19153
19307
25437
8602
18916
6020
1715
8981
6951
18751
16752
26289
14924
22810
10284
19088
22212
26404
8911
8081
15760
28981
20322
28954
14342
28775
4008
14935
25658
8616
29919
14812
27924
25356
29766
23192
7728
1481
8526
21031
26584
25278
17321
11509
24440
27605
6949
16652
24009
22212
24733
16121
21194
21407
21428
11888
26535
25436
26823
22193
4052
3094
7005
8328
4802
13123
1521
12530
14605
10047
3562
17541
11677
27235
29050
6117
1192
12351
29122
1553
4564
207
17675
2110
21615
9103
13998
18150
10891
10822
10343
14943
20268
23701
29624
25071
6824
7497
13953
27781
23896
23867
15323
5573
21102
20725
18042
22294
3077
17164
23848
7641
23724
17875
9751
15339
3330
101
9841
14221
17275
20184
5516
7544
20237
5140
2615
27062
18989
22920
1195
12885
16788
16518
24810
7890
7244
12853
6537
10321
6369
385
24314
93
24612
10417
15432
27942
10518
1625
12163
27794
21810
17679
5338
18399
29172
14305
15461
24513
13577
23009
7399
365
9527
2209
8256
16771
21414
21145
3444
27784
21530
27758
27877
22494
14527
19662
20436
25046
21287
8951
22840
19449
2982
4530
7849
2154
25187
29662
26668
8764
22671
10419
9130
8551
18980
23738
1674
10395
14883
5119
8179
12765
9229
12408
5259
23757
8422
2047
25155
29710
10998
24347
25511
13980
28877
9712
22487
416
9375
25507
9180
8398
12278
24662
23301
1258
24752
24976
11653
15987
6447
26184
28752
15676
8593
10363
15785
17015
18762
10940
23077
6112
5287
18589
20093
10516
28301
18932
10932
14028
20791
26465
28779
3069
21127
22080
4327
15880
23408
22333
1867
29855
18517
6972
15532
3462
23687
7669
26830
18802
24962
26259
24914
249
14848
15007
17118
19502
10291
28050
9882
7434
24515
15013
10503
21995
13446
21183
14227
6854
19868
22446
6710
14737
29418
28594
24552
29458
12615
21382
18260
7577
17641
13174
14179
8842
4534
1297
4696
21177
29347
20930
28612
215
12296
15467
22210
25742
13002
6437
8948
2870
28883
22010
23960
4654
26956
18512
10464
9572
9894
28724
23501
3887
18250
7680
19081
29136
8977
129
20314
8325
21060
25278
14892
3356
10745
7102
5450
23748
13539
20750
2970
18774
12761
26930
23428
16069
15442
3892
1993
1688
8968
25495
11928
27219
3175
1009
2707
12153
1139
23021
26830
28551
18299
11722
8259
5397
25176
13709
5497
8715
10811
8467
3841
26807
26807
26806
26805
26802
26801
26800
26799
26787
26787
26786
26762
26757
26750
26749
26736
26734
26728
26722
26716
26712
26710
26706
26687
26682
26675
26661
26661
26655
26646
26633
26628
26628
26625
26622
26619
26617
26610
26606
26583
26580
26576
26571
26570
26570
26556
26545
26545
26534
26525
26519
26517
26513
26508
26504
26492
26487
26484
26480
26477
26477
26474
26463
26461
26456
26454
26438
26431
26421
26419
26411
26397
26384
26380
26378
26372
26361
26326
26322
26317
26300
26299
26295
26293
26265
26265
26264
26263
26260
26257
26253
26252
26252
26250
26242
26239
26231
26221
26218
26209
26204
26198
26190
26190
26184
26182
26182
26178
26170
26168
26163
26160
26160
26157
26150
26144
26135
26134
26134
26132
26131
26122
26112
26097
26085
26070
26058
26057
26050
26047
26039
26035
26009
26000
25998
25998
25993
25993
25980
25980
25979
25975
25974
25970
25963
25956
25955
25943
25939
25934
25932
25925
25919
25912
25904
25900
25892
25881
25869
25842
25842
25839
25838
25832
25830
25828
25817
25814
25810
25809
25789
25785
25785
25784
25783
25774
25772
25770
25758
25745
25731
25721
25716
25711
25710
25706
25698
25696
25685
25683
25678
25677
25637
25633
25633
25626
25625
25622
25618
25616
25615
25611
25608
25598
25591
25586
25580
25562
25545
25541
25539
25534
25523
25512
25499
25491
25490
25478
25472
25467
25450
25448
25435
25428
25424
25421
25414
25408
25404
25396
25394
25387
25383
25383
25377
25375
25362
25346
25339
25337
25329
25320
25316
25311
25299
25294
25290
25289
25281
25280
25279
25268
25264
25252
25240
25237
25237
25219
25195
25190
25190
25182
25179
25161
25140
25136
25129
25107
25106
25105
25101
25096
25086
25083
25077
25076
25071
25068
25059
25049
25047
25039
25038
25030
25028
25026
25023
25023
25020
25019
25018
25018
25000
24998
24985
24977
24967
24959
24958
24956
24945
24935
24925
24924
24921
24916
24908
24907
24901
24881
24879
24866
24864
24851
24848
24846
24843
24842
24840
24833
24831
24831
24821
24820
24811
24806
24806
24805
24797
24786
24785
24783
24777
24776
24776
24775
24771
24769
24760
24751
24730
24720
24717
24709
24706
24688
24678
24676
24674
24663
24645
24643
24641
24640
24633
24631
24626
24621
24603
24600
24596
24585
24575
24570
24561
24549
24546
24533
24533
24501
24486
24479
24470
24465
24462
24443
24442
24431
24429
24426
24423
24416
24409
24406
24391
24386
24379
24375
24374
24373
24372
24370
24355
24342
24322
24320
24319
24305
24298
24297
24291
24287
24283
24277
24255
24250
24237
24228
24221
24215
24215
24197
24196
24194
24185
24165
24160
24151
24150
24144
24141
24137
24131
24119
24114
24114
24110
24106
24099
24090
24088
24071
24066
24063
24062
24060
24056
24055
24054
24054
24053
24051
24042
24025
24025
24012
24001
23998
23995
23994
23994
23993
23982
23978
23977
23972
23959
23954
23930
23925
23923
23917
23904
23900
23890
23871
23861
23853
23850
23835
23831
23820
23802
23799
23797
23794
23790
23786
23780
23776
23773
23770
23761
23753
23739
23734
23731
23726
23716
23709
23704
23688
23686
23685
23683
23672
23672
23671
23668
23662
23655
23643
23638
23630
23625
23620
23618
23615
23605
23602
23601
23598
23595
23594
23591
23589
23579
23574
23574
23573
23571
23567
23554
23548
23544
23537
23537
23537
23534
23531
23529
23527
23508
23494
23493
23487
23476
23465
23465
23461
23434
23427
23424
23422
23420
23419
23416
23411
23404
23400
23399
23398
23373
23361
23355
23351
23349
23343
23341
23333
23325
23323
23321
23299
23289
23289
23283
23283
23283
23282
23257
23252
23231
23227
23225
23214
23212
23211
23202
23201
23197
23197
23191
23191
23187
23187
23185
23170
23169
23169
23165
23148
23141
23116
23110
23109
23102
23102
23101
23099
23094
23083
23080
23070
23041
23029
23018
23014
23013
23003
23000
23000
22997
22992
22990
22982
22979
22978
22975
22964
22960
22950
22949
22939
22934
22930
22923
22919
22913
22905
22903
22898
22890
22863
22863
22861
22857
22854
22850
22837
22835
22834
22820
22816
22812
22791
22774
22767
22757
22755
22751
22736
22730
22709
22703
22698
22684
22683
22681
22669
22645
22644
22637
22631
22631
22626
22618
22613
22606
22601
22597
22591
22587
22585
22583
22570
22567
22553
22540
22531
22522
22521
22516
22503
22499
22499
22499
22488
22487
22486
22478
22459
22456
22449
22436
22432
22414
22408
22408
22395
22392
22388
22385
22383
22374
22371
22364
22363
22359
22283
22275
22274
22271
22271
22267
22266
22258
22257
22253
22240
22237
22227
22205
22199
22197
22187
22186
22184
22174
22168
22160
22160
22147
22144
22132
22130
22125
22123
22120
22113
22112
22107
22080
22076
22065
22060
22060
22051
22049
22048
22036
22036
22036
22023
22021
22020
22009
22008
22003
21997
21995
21989
21988
21983
21972
21972
21958
21954
21943
21942
21938
21934
21933
21929
21915
21898
21886
21875
21875
21862
21849
21846
21840
21831
21830
21820
21812
21810
21782
21777
21770
21753
21747
21741
21732
21721
21709
21708
21707
21703
21702
21695
21694
21693
21688
21685
21679
21678
21672
21665
21661
21660
21656
21633
21632
21623
21618
21617
21615
21613
21612
21599
21595
21594
21591
21577
21576
21575
21569
21563
21563
21560
21555
21548
21546
21539
21536
21523
21519
21516
21498
21496
21487
21469
21468
21466
21466
21465
21465
21461
21457
21454
21453
21443
21438
21438
21433
21432
21421
21411
21382
21375
21360
21360
21357
21352
21346
21337
21330
21330
21326
21325
21318
21308
21307
21304
21295
21284
21274
21262
21259
21254
21252
21243
21240
21233
21217
21214
21214
21210
21206
21202
21186
21186
21177
21163
21153
21153
21142
21142
21140
21122
21098
21096
21091
21089
21078
21073
21066
21066
21055
21053
21049
21040
21037
21025
21019
21013
21011
21008
21007
21001
20998
20986
20985
20963
20961
20959
20951
20946
20946
20932
20931
20929
20909
20907
20905
20889
20881
20864
20856
20846
20844
20835
20835
20828
20827
20817
20816
20816
20813
20806
20801
20797
20790
20786
20765
20763
20760
20754
20752
20749
20739
20730
20728
20727
20725
20723
20709
20703
20702
20692
20691
20690
20670
20667
20660
20660
20658
20653
20651
20650
20649
20640
20638
20636
20629
20604
20603
20600
20599
20593
20585
20582
20572
20560
20551
20526
20519
20516
20492
20483
20462
20439
20434
20432
20408
20402
20401
20400
20389
20384
20383
20376
20373
20362
20361
20345
20337
20335
20324
20310
20307
20302
20299
20299
20298
20268
20265
20259
20259
20251
20251
20247
20232
20229
20228
20226
20226
20211
20210
20207
20203
20202
20200
20199
20199
20194
20194
20182
20174
20173
20166
20160
20144
20144
20137
20135
20131
20128
20114
20114
20110
20104
20103
20096
20091
20088
20082
20081
20077
20076
20076
20073
20068
20056
20048
20043
20042
20032
20029
20029
20024
20014
20006
20002
20001
19963
19962
19960
19953
19951
19949
19945
19931
19923
19909
19905
19902
19901
19898
19892
19875
19865
19826
19824
19810
19800
19788
19787
19783
19778
19773
19767
19764
19751
19733
19727
19725
19702
19685
19685
19672
19671
19670
19664
19663
19656
19638
19637
19611
19608
19607
19605
19599
19599
19597
19596
19596
19595
19595
19593
19579
19574
19574
19571
19563
19558
19558
19556
19549
19548
19543
19541
19534
19532
19531
19530
19519
19516
19512
19500
19497
19493
19489
19473
19459
19459
19447
19444
19438
19410
19407
19396
19390
19389
19382
19378
19369
19369
19367
19357
19356
19350
19348
19347
19345
19323
19314
19313
19311
19310
19309
19308
19306
19306
19299
19296
19294
19289
19287
19282
19270
19245
19234
19232
19222
19211
19205
19202
19202
19201
19199
19197
19192
19186
19169
19159
19155
19153
19153
19150
19149
19147
19144
19130
19121
19120
19112
19089
19080
19078
19068
19066
19064
19062
19058
19057
19057
19055
19048
19044
19038
19035
19019
19017
19016
19013
19009
18991
18987
18985
18982
18952
18943
18941
18941
18934
18931
18926
18918
18912
18908
18883
18879
18864
18854
18850
18842
18841
18836
18832
18831
18831
18826
18783
18774
18774
18772
18750
18743
18741
18736
18735
18732
18729
18716
18697
18678
18671
18668
18660
18646
18633
18630
18628
18626
18619
18605
18602
18600
18585
18579
18568
18560
18556
18549
18547
18546
18544
18536
18535
18534
18532
18495
18479
18477
18474
18464
18463
18462
18461
18460
18456
18453
18449
18436
18430
18422
18416
18415
18408
18404
18403
18389
18384
18383
18380
18368
18368
18364
18361
18360
18358
18350
18344
18320
18312
18312
18303
18292
18289
18281
18271
18268
18265
18254
18254
18248
18247
18242
18228
18227
18218
18211
18210
18199
18194
18190
18188
18173
18167
18152
18147
18137
18137
18135
18133
18131
18127
18100
18098
18088
18082
18074
18073
18061
18055
18051
18049
18048
18047
18043
18042
18036
18036
18033
18033
18030
18022
18012
18003
17992
17989
17984
17974
17965
17961
17960
17956
17956
17955
17954
17949
17943
17913
17910
17886
17883
17877
17875
17874
17873
17869
17862
17849
17841
17834
17833
17819
17815
17813
17811
17804
17799
17797
17765
17760
17759
17755
17744
17740
17740
17740
17732
17730
17726
17720
17716
17707
17698
17694
17694
17687
17683
17674
17669
17656
17652
17651
17638
17632
17626
17626
17616
17613
17601
17592
17583
17569
17569
17566
17558
17551
17546
17533
17530
17518
17515
17515
17514
17511
17502
17492
17492
17491
17489
17479
17469
17469
17465
17463
17457
17452
17447
17445
17442
17442
17436
17433
17432
17426
17419
17417
17413
17412
17410
17404
17397
17391
17390
17390
17386
17384
17377
17355
17346
17345
17335
17330
17324
17320
17311
17308
17307
17307
17294
17280
17279
17271
17264
17254
17246
17245
17239
17223
17220
17214
17210
17210
17194
17192
17188
17187
17184
17183
17177
17177
17174
17171
17170
17164
17162
17156
17155
17150
17144
17142
17136
17120
17119
17114
17107
17105
17100
17096
17092
17090
17089
17083
17070
17068
17067
17057
17046
17042
17040
17039
17018
17017
17008
17007
17001
16998
16996
16988
16981
16977
16966
16958
16958
16950
16929
16917
16914
16910
16910
16900
16891
16888
16887
16883
16879
16867
16861
16855
16854
16848
16837
16830
16825
16814
16812
16806
16796
16792
16792
16785
16779
16765
16764
16762
16762
16755
16754
16752
16750
16745
16742
16729
16727
16726
16724
16688
16682
16671
16669
16669
16667
16665
16662
16639
16638
16635
16634
16625
16617
16601
16596
16596
16593
16593
16591
16586
16579
16578
16575
16574
16571
16570
16569
16568
16553
16552
16548
16546
16541
16540
16525
16521
16516
16508
16508
16501
16500
16498
16486
16480
16479
16479
16477
16462
16452
16447
16446
16444
16438
16434
16434
16432
16427
16424
16422
16417
16410
16398
16393
16384
16382
16376
16372
16365
16360
16355
16352
16349
16341
16337
16331
16324
16316
16308
16306
16304
16303
16296
16294
16290
16285
16283
16276
16275
16273
16264
16264
16246
16244
16242
16242
16237
16226
16220
16202
16189
16180
16175
16173
16158
16151
16143
16131
16122
16119
16104
16087
16084
16082
16063
16045
16026
16016
16016
16014
16010
16003
15996
15994
15993
15993
15991
15991
15982
15980
15976
15965
15958
15955
15950
15946
15942
15941
15925
15923
15918
15907
15907
15905
15902
15902
15891
15887
15885
15880
15869
15865
15862
15861
15852
15850
15838
15837
15837
15822
15818
15810
15807
15806
15798
15794
15787
15778
15771
15771
15757
15754
15753
15752
15744
15742
15739
15735
15720
15712
15711
15707
15700
15694
15693
15687
15675
15671
15666
15664
15654
15652
15645
15642
15631
15623
15622
15616
15607
15600
15596
15592
15592
15588
15579
15578
15573
15569
15565
15557
15554
15553
15549
15544
15535
15527
15523
15522
15520
15519
15498
15496
15495
15493
15484
15482
15478
15464
15462
15462
15461
15452
15451
15439
15432
15425
15423
15420
15414
15408
15397
15391
15389
15362
15344
15341
15339
15317
15311
15309
15304
15299
15299
15298
15298
15287
15286
15284
15271
15270
15266
15258
15258
15253
15253
15252
15250
15241
15239
15235
15209
15204
15196
15177
15173
15171
15171
15165
15161
15151
15140
15133
15131
15130
15127
15116
15114
15113
15112
15106
15089
15086
15084
15079
15076
15076
15071
15066
15057
15054
15047
15030
15029
15021
15010
15001
14994
14983
14982
14976
14976
14965
14960
14940
14940
14934
14930
14919
14917
14911
14899
14896
14896
14890
14879
14878
14853
14851
14842
14839
14834
14829
14829
14828
14823
14822
14811
14800
14800
14796
14793
14792
14792
14780
14768
14765
14760
14752
14750
14740
14716
14713
14701
14698
14697
14695
14690
14686
14682
14679
14675
14674
14672
14666
14659
14655
14641
14614
14610
14606
14601
14592
14587
14573
14572
14551
14551
14547
14545
14539
14535
14532
14514
14511
14510
14501
14499
14494
14487
14480
14479
14475
14468
14467
14464
14459
14456
14445
14439
14433
14426
14419
14402
14397
14378
14371
14354
14334
14334
14331
14324
14312
14307
14299
14299
14294
14291
14289
14289
14275
14274
14267
14263
14262
14258
14254
14249
14249
14246
14244
14241
14229
14219
14213
14204
14184
14180
14158
14146
14141
14140
14131
14126
14113
14093
14088
14084
14082
14081
14073
14071
14066
14065
14062
14060
14056
14053
14052
14051
14044
14033
14032
14032
14032
14026
14015
14008
13992
13966
13959
13949
13945
13945
13937
13930
13927
13927
13926
13925
13919
13916
13912
13909
13908
13887
13875
13875
13874
13870
13865
13856
13856
13848
13843
13837
13837
13831
13825
13821
13816
13814
13813
13810
13802
13802
13799
13796
13785
13784
13770
13768
13758
13757
13756
13753
13751
13742
13737
13734
13728
13727
13725
13717
13709
13702
13702
13692
13681
13660
13650
13643
13638
13627
13624
13621
13614
13609
13602
13598
13592
13578
13561
13558
13555
13554
13552
13552
13549
13540
13523
13517
13517
13515
13510
13508
13505
13504
13493
13491
13489
13486
13486
13480
13460
13453
13453
13443
13441
13440
13424
13421
13401
13397
13394
13387
13383
13383
13381
13373
13367
13366
13364
13352
13348
13342
13329
13328
13328
13312
13304
13301
13299
13293
13285
13282
13271
13261
13260
13245
13244
13233
13231
13217
13205
13204
13188
13183
13161
13145
13145
13140
13139
13137
13131
13130
13128
13126
13125
13122
13118
13116
13114
13111
13110
13109
13108
13100
13092
13086
13085
13085
13074
13070
13070
13068
13060
13056
13040
13039
13035
13027
13024
13022
13021
13006
12995
12985
12980
12962
12959
12952
12948
12941
12899
12893
12889
12882
12868
12867
12866
12839
12834
12833
12829
12828
12825
12825
12823
12808
12789
12770
12768
12767
12757
12754
12754
12744
12725
12722
12719
12704
12702
12702
12702
12700
12696
12686
12686
12678
12674
12673
12668
12660
12657
12645
12645
12633
12625
12623
12620
12616
12614
12594
12589
12585
12581
12580
12566
12564
12562
12555
12554
12552
12548
12544
12543
12540
12537
12532
12531
12521
12519
12512
12511
12508
12503
12496
12490
12487
12484
12482
12475
12468
12460
12459
12446
12442
12442
12440
12427
12403
12400
12397
12391
12370
12362
12344
12343
12335
12334
12312
12296
12287
12272
12270
12268
12263
12258
12255
12244
12237
12235
12234
12229
12228
12215
12205
12204
12198
12195
12194
12188
12187
12177
12164
12161
12161
12143
12141
12129
12111
12109
12106
12083
12076
12073
12070
12061
12058
12048
12044
12041
12034
12030
12015
12014
12002
11998
11988
11978
11959
11957
11949
11944
11943
11924
11923
11922
11918
11910
11904
11897
11878
11872
11856
11850
11845
11845
11840
11829
11810
11809
11809
11807
11796
11790
11789
11786
11783
11776
11770
11769
11769
11764
11754
11750
11749
11746
11734
11727
11725
11723
11702
11702
11701
11689
11687
11687
11687
11686
11679
11665
11663
11660
11641
11640
11635
11634
11633
11630
11624
11623
11621
11618
11610
11604
11592
11592
11583
11583
11580
11580
11577
11575
11572
11572
11567
11562
11554
11554
11551
11549
11545
11543
11538
11516
11498
11494
11491
11485
11480
11475
11473
11465
11457
11457
11448
11441
11439
11426
11418
11410
11407
11396
11388
11366
11354
11353
11340
11334
11328
11328
11322
11315
11313
11312
11311
11309
11303
11302
11301
11286
11276
11271
11262
11259
11258
11252
11246
11244
11233
11219
11192
11185
11183
11173
11172
11164
11164
11163
11156
11146
11132
11131
11129
11125
11120
11119
11111
11107
11099
11098
11093
11091
11089
11086
11074
11070
11065
11063
11061
11054
11044
11036
11035
11031
11020
11016
11000
11000
10994
10993
10987
10982
10978
10976
10976
10963
10941
10940
10923
10920
10913
10900
10888
10877
10875
10874
10873
10873
10870
10868
10864
10860
10857
10853
10847
10844
10843
10842
10827
10826
10826
10823
10807
10806
10803
10795
10792
10792
10791
10791
10786
10778
10772
10750
10748
10741
10727
10722
10720
10713
10709
10684
10682
10679
10672
10655
10655
10653
10636
10630
10629
10626
10625
10620
10614
10612
10611
10606
10603
10598
10597
10590
10584
10583
10573
10572
10568
10563
10561
10560
10557
10547
10529
10524
10512
10477
10476
10467
10465
10461
10455
10451
10443
10430
10427
10425
10417
10415
10414
10412
10404
10400
10379
10368
10360
10357
10356
10355
10341
10337
10331
10329
10328
10326
10319
10307
10297
10282
10279
10278
10265
10252
10247
10247
10244
10244
10236
10227
10178
10177
10173
10172
10162
10160
10151
10149
10147
10135
10135
10134
10129
10127
10126
10119
10116
10104
10104
10099
10077
10075
10068
10066
10062
10060
10052
10051
10045
10045
10039
10033
10032
10026
10009
10007
10006
9997
9991
9986
9983
9981
9972
9971
9955
9936
9911
9905
9902
9902
9886
9883
9881
9880
9874
9871
9850
9849
9847
9846
9844
9835
9830
9820
9809
9809
9806
9798
9784
9781
9778
9773
9747
9726
9725
9711
9711
9710
9709
9701
9695
9684
9665
9664
9662
9659
9651
9648
9644
9640
9637
9635
9635
9633
9629
9616
9611
9602
9600
9600
9600
9596
9596
9570
9567
9563
9561
9557
9549
9546
9542
9525
9519
9516
9512
9512
9506
9501
9498
9497
9470
9468
9468
9466
9466
9462
9455
9451
9447
9441
9438
9436
9435
9433
9432
9427
9408
9405
9402
9401
9394
9392
9390
9389
9387
9380
9379
9377
9377
9371
9362
9353
9348
9347
9343
9342
9337
9331
9315
9300
9300
9298
9293
9290
9289
9288
9282
9280
9268
9260
9251
9245
9244
9241
9240
9240
9227
9225
9224
9223
9219
9213
9203
9201
9192
9192
9179
9171
9169
9153
9129
9112
9109
9106
9105
9094
9091
9090
9087
9086
9086
9081
9077
9072
9069
9068
9059
9056
9049
9049
9045
9044
9040
9028
9016
9012
9011
9007
9005
8995
8986
8985
8981
8981
8976
8973
8972
8967
8962
8958
8957
8946
8931
8930
8919
8915
8914
8909
8907
8903
8874
8873
8871
8870
8870
8868
8864
8863
8863
8861
8856
8843
8840
8834
8828
8827
8817
8807
8805
8802
8798
8785
8785
8779
8767
8761
8755
8753
8751
8739
8735
8735
8733
8726
8723
8723
8721
8720
8718
8717
8713
8707
8686
8682
8672
8661
8660
8653
8650
8636
8627
8619
8616
8615
8614
8605
8588
8565
8558
8558
8531
8517
8514
8512
8512
8503
8503
8498
8494
8483
8466
8446
8423
8397
8394
8393
8389
8384
8380
8373
8363
8361
8352
8346
8338
8326
8323
8319
8316
8306
8298
8297
8293
8282
8279
8262
8259
8239
8234
8233
8219
8194
8192
8183
8177
8175
8169
8165
8160
8148
8147
8145
8141
8139
8137
8128
8128
8121
8121
8120
8112
8101
8099
8094
8089
8089
8089
8085
8080
8075
8063
8062
8060
8055
8052
8051
8051
8048
8043
8042
8032
8028
8027
8020
8019
8017
8014
7997
7996
7995
7994
7987
7973
7968
7949
7948
7943
7937
7937
7935
7935
7934
7924
7924
7918
7906
7895
7893
7889
7884
7884
7881
7881
7861
7859
7855
7850
7847
7845
7832
7825
7820
7815
7809
7797
7794
7794
7787
7776
7773
7769
7763
7753
7744
7742
7740
7739
7718
7713
7709
7706
7702
7694
7693
7687
7675
7669
7661
7650
7647
7638
7634
7633
7631
7630
7630
7629
7624
7623
7619
7615
7609
7591
7568
7554
7553
7548
7546
7533
7531
7531
7525
7515
7506
7503
7502
7496
7492
7486
7484
7479
7475
7464
7456
7448
7444
7440
7428
7425
7413
7397
7393
7368
7360
7354
7352
7351
7344
7339
7334
7317
7316
7316
7311
7303
7297
7294
7290
7281
7277
7277
7276
7260
7249
7243
7230
7228
7225
7219
7215
7209
7206
7203
7202
7192
7188
7183
7177
7159
7153
7151
7148
7142
7142
7135
7127
7118
7112
7110
7110
7100
7082
7077
7061
7055
7052
7047
7042
7040
7038
7035
7033
7017
7010
7008
7004
6995
6994
6992
6991
6990
6985
6984
6981
6975
6969
6956
6954
6946
6944
6944
6939
6937
6932
6922
6919
6907
6898
6891
6890
6885
6885
6876
6867
6866
6853
6830
6827
6818
6805
6799
6798
6797
6797
6792
6789
6778
6778
6756
6756
6753
6749
6749
6742
6740
6733
6723
6706
6693
6693
6678
6667
6662
6653
6649
6641
6640
6639
6630
6627
6626
6625
6618
6610
6601
6594
6594
6585
6580
6576
6575
6567
6564
6550
6546
6541
6538
6531
6520
6515
6509
6506
6499
6499
6481
6479
6474
6464
6459
6457
6442
6424
6411
6411
6390
6390
6385
6384
6382
6381
6374
6368
6358
6356
6355
6352
6350
6350
6331
6330
6323
6323
6308
6306
6302
6295
6294
6294
6285
6284
6282
6282
6278
6271
6262
6259
6259
6257
6253
6253
6247
6245
6241
6230
6230
6223
6202
6201
6199
6198
6195
6194
6191
6191
6185
6171
6162
6162
6150
6141
6140
6129
6116
6113
6109
6103
6102
6096
6089
6080
6080
6077
6070
6063
6059
6043
6029
6024
6022
6021
6007
6004
5986
5982
5974
5972
5971
5969
5964
5963
5950
5948
5944
5929
5925
5917
5910
5901
5898
5897
5896
5887
5883
5857
5844
5836
5827
5824
5821
5819
5807
5806
5803
5799
5799
5797
5795
5772
5771
5755
5748
5747
5738
5737
5736
5713
5711
5708
5706
5701
5699
5698
5684
5677
5673
5672
5667
5664
5660
5657
5636
5634
5634
5627
5606
5604
5594
5591
5590
5588
5583
5580
5568
5563
5560
5552
5534
5532
5528
5499
5498
5490
5476
5459
5449
5449
5446
5438
5434
5431
5422
5414
5413
5408
5408
5404
5400
5395
5392
5384
5381
5375
5367
5362
5361
5361
5340
5333
5331
5326
5323
5317
5312
5312
5309
5309
5301
5297
5296
5279
5274
5264
5263
5260
5251
5237
5234
5231
5230
5225
5225
5223
5208
5205
5195
5195
5192
5187
5182
5179
5173
5172
5167
5164
5156
5155
5150
5141
5137
5134
5133
5128
5128
5125
5109
5102
5099
5097
5096
5088
5079
5076
5071
5065
5053
5051
5038
5031
5027
5025
5023
5023
5020
5017
5015
5007
4978
4941
4940
4912
4911
4907
4887
4865
4863
4863
4859
4854
4843
4839
4839
4834
4833
4832
4826
4823
4821
4821
4812
4808
4808
4802
4801
4778
4772
4770
4769
4765
4761
4760
4759
4758
4756
4756
4756
4753
4750
4749
4746
4734
4720
4717
4715
4695
4690
4687
4677
4676
4670
4663
4662
4657
4656
4650
4638
4630
4620
4618
4607
4599
4598
4595
4594
4590
4587
4565
4562
4560
4547
4533
4533
4520
4520
4512
4504
4502
4502
4499
4498
4498
4496
4481
4480
4466
4465
4462
4453
4448
4441
4433
4433
4430
4429
4405
4398
4389
4388
4386
4382
4377
4372
4367
4362
4355
4355
4351
4349
4332
4328
4326
4324
4319
4315
4295
4284
4278
4265
4251
4248
4237
4235
4234
4227
4223
4221
4210
4208
4194
4167
4164
4151
4140
4125
4117
4113
4098
4083
4082
4076
4070
4047
4034
4026
4023
4020
4017
4014
4011
3998
3994
3992
3986
3977
3974
3974
3961
3957
3955
3952
3951
3934
3918
3915
3912
3908
3896
3894
3882
3880
3878
3878
3861
3855
3855
3850
3849
3847
3845
3831
3827
3818
3789
3780
3778
3777
3774
3774
3772
3770
3767
3766
3765
3753
3749
3747
3736
3734
3730
3725
3725
3718
3712
3707
3705
3700
3699
3696
3688
3686
3682
3677
3675
3675
3675
3674
3673
3666
3663
3654
3650
3628
3615
3604
3594
3582
3579
3564
3558
3554
3554
3541
3538
3538
3532
3526
3522
3520
3509
3504
3487
3480
3479
3478
3466
3462
3454
3453
3428
3415
3410
3409
3409
3396
3388
3387
3372
3363
3354
3340
3326
3325
3324
3314
3311
3310
3307
3306
3304
3272
3266
3265
3265
3262
3239
3239
3238
3237
3235
3233
3214
3209
3208
3203
3192
3192
3191
3184
3176
3171
3163
3154
3153
3148
3146
3143
3140
3139
3133
3121
3115
3111
3091
3090
3089
3086
3085
3081
3064
3049
3046
3037
3032
3019
3015
3014
3012
3010
3005
3002
2995
2985
2978
2977
2976
2973
2968
2968
2967
2962
2958
2939
2938
2936
2936
2927
2926
2926
2913
2913
2908
2907
2902
2902
2900
2897
2897
2888
2879
2878
2877
2875
2873
2860
2854
2848
2834
2830
2826
2826
2823
2819
2819
2804
2798
2795
2794
2792
2781
2779
2768
2756
2754
2746
2745
2737
2732
2731
2716
2712
2706
2686
2681
2670
2653
2650
2645
2640
2626
2620
2608
2607
2607
2603
2602
2599
2597
2593
2580
2564
2560
2550
2550
2547
2545
2543
2541
2539
2538
2529
2512
2504
2499
2491
2484
2477
2476
2471
2456
2438
2429
2428
2426
2423
2414
2412
2410
2403
2399
2397
2391
2388
2385
2358
2349
2342
2342
2334
2330
2318
2316
2316
2309
2304
2298
2268
2264
2250
2247
2239
2219
2218
2218
2213
2211
2210
2208
2201
2174
2172
2169
2167
2166
2166
2163
2151
2148
2143
2139
2136
2135
2132
2122
2113
2108
2108
2099
2094
2090
2087
2073
2065
2059
2056
2051
2050
2050
2046
2045
2040
2040
2036
2030
2028
2025
2007
2003
2000
1998
1995
1986
1972
1959
1949
1942
1922
1918
1915
1915
1892
1892
1890
1871
1866
1860
1857
1856
1852
1846
1836
1828
1826
1824
1820
1809
1806
1800
1797
1788
1779
1779
1762
1753
1731
1718
1715
1707
1706
1706
1705
1696
1691
1689
1680
1675
1674
1668
1655
1652
1645
1644
1644
1642
1630
1630
1620
1612
1600
1597
1592
1587
1577
1577
1574
1574
1573
1572
1570
1562
1560
1556
1553
1547
1545
1523
1518
1516
1501
1499
1498
1480
1476
1475
1465
1438
1437
1427
1420
1418
1416
1411
1411
1406
1400
1396
1396
1380
1378
1376
1373
1367
1361
1355
1341
1329
1328
1327
1323
1322
1312
1311
1295
1295
1291
1290
1290
1290
1283
1278
1251
1249
1234
1229
1229
1226
1217
1214
1213
1211
1210
1208
1198
1188
1173
1166
1165
1151
1149
1147
1145
1145
1144
1139
1126
1120
1119
1118
1117
1103
1102
1085
1083
1082
1081
1081
1054
1054
1050
1049
1044
1039
1019
1005
998
986
985
983
982
979
974
960
955
946
934
928
926
917
917
905
895
891
885
880
874
873
865
865
861
859
859
854
853
852
850
842
838
836
834
825
807
795
793
785
776
776
775
774
768
765
764
762
756
754
751
747
741
738
737
736
735
688
686
682
678
673
669
655
650
636
636
623
613
613
607
605
603
601
599
599
581
576
574
570
569
563
560
551
550
549
543
542
542
541
540
536
534
517
515
506
493
486
486
484
476
474
462
459
458
450
447
441
425
417
417
409
408
404
403
403
400
397
393
389
388
388
386
383
380
380
373
371
370
365
361
360
359
359
357
354
348
338
334
324
323
323
323
322
319
317
311
298
296
271
261
253
252
252
249
244
236
235
221
215
203
198
190
186
185
180
177
173
171
167
159
153
153
149
120
114
112
96
92
88
88
88
87
81
72
62
59
55
29
29
20
11
10
2
