0
6
21
27
40
66
68
84
96
118
123
135
140
145
145
148
176
198
208
211
232
254
257
263
269
305
307
318
340
344
357
364
368
384
397
399
405
408
416
418
419
424
436
437
437
444
449
454
475
536
543
570
574
576
596
610
619
624
625
627
639
642
668
704
706
712
716
717
724
738
748
768
776
777
794
825
864
878
883
905
926
943
947
959
972
974
980
1001
1015
1016
1036
1058
1066
1083
1088
1097
1106
1119
1151
1152
1154
1155
1164
1171
1180
1183
1185
1207
1210
1217
1223
1224
1245
1247
1262
1280
1298
1301
1303
1313
1345
1357
1379
1386
1408
1409
1432
1435
1445
1450
1475
1485
1488
1523
1539
1548
1550
1585
1593
1594
1605
1608
1609
1649
1675
1723
1727
1747
1753
1755
1768
1790
1806
1813
1815
1830
1838
1844
1898
1900
1910
1943
1955
1983
1999
2028
2028
2030
2032
2065
2094
2096
2109
2128
2131
2154
2193
2212
2213
2223
2234
2235
2286
2293
2303
2332
2335
2339
2349
2350
2353
2354
2361
2407
2409
2421
2436
2437
2442
2461
2469
2471
2487
2498
2503
2515
2517
2520
2537
2540
2541
2543
2552
2558
2567
2589
2589
2599
2616
2626
2653
2656
2660
2660
2687
2707
2732
2742
2760
2776
2784
2788
2804
2813
2831
2833
2836
2837
2841
2846
2849
2863
2867
2869
2898
2917
2927
2929
2952
2962
2970
3004
3005
3010
3026
3037
3055
3060
3067
3081
3130
3138
3138
3141
3147
3159
3218
3229
3235
3247
3254
3257
3266
3272
3272
3277
3287
3298
3312
3339
3357
3365
3371
3381
3386
3392
3400
3430
3453
3473
3474
3479
3488
3493
3495
3521
3529
3547
3562
3598
3684
3690
3698
3700
3700
3701
3702
3715
3715
3719
3731
3738
3742
3747
3754
3755
3760
3761
3762
3764
3777
3788
3796
3797
3799
3811
3815
3817
3822
3822
3830
3831
3838
3838
3840
3843
3846
3873
3877
3900
3907
3913
3914
3922
3928
3940
3975
4003
4014
4021
4024
4047
4054
4056
4065
4107
4119
4137
4145
4148
4162
4170
4170
4171
4177
4189
4191
4197
4207
4209
4222
4223
4230
4234
4249
4249
4270
4271
4271
4272
4274
4308
4314
4323
4324
4325
4328
4329
4332
4335
4346
4349
4352
4359
4363
4384
4391
4401
4418
4420
4422
4442
4468
4472
4473
4505
4535
4540
4543
4558
4559
4561
4562
4568
4577
4606
4613
4655
4657
4658
4660
4669
4669
4684
4689
4699
4699
4704
4712
4728
4748
4764
4768
4776
4776
4780
4805
4807
4823
4835
4892
4896
4906
4909
4910
4935
4955
4956
4961
4981
4989
4994
5003
5010
5019
5033
5044
5055
5061
5081
5082
5082
5084
5091
5102
5109
5132
5135
5139
5146
5157
5160
5160
5163
5193
5197
5217
5218
5235
5252
5253
5257
5261
5274
5300
5305
5307
5309
5310
5311
5326
5362
5367
5368
5392
5417
5422
5429
5446
5455
5457
5460
5464
5491
5493
5497
5498
5529
5546
5553
5556
5556
5564
5572
5574
5593
5603
5610
5619
5635
5640
5647
5649
5656
5660
5666
5683
5702
5707
5715
5720
5721
5723
5735
5738
5757
5771
5780
5784
5791
5803
5811
5819
5820
5821
5821
5857
5861
5874
5879
5881
5886
5894
5897
5917
5918
5925
5934
5960
5968
5995
6005
6017
6030
6043
6048
6073
6078
6089
6089
6098
6100
6104
6114
6133
6139
6143
6144
6162
6174
6186
6211
6214
6223
6228
6229
6230
6236
6237
6238
6279
6280
6295
6306
6310
6316
6326
6328
6341
6342
6347
6361
6374
6376
6398
6409
6414
6431
6445
6451
6453
6454
6460
6467
6471
6479
6518
6520
6529
6529
6546
6553
6559
6578
6584
6589
6603
6616
6619
6632
6638
6642
6665
6674
6676
6701
6701
6707
6709
6722
6728
6731
6750
6756
6772
6772
6775
6776
6817
6824
6869
6870
6872
6877
6884
6889
6893
6923
6924
6961
6967
6990
7003
7005
7008
7034
7037
7037
7059
7078
7084
7097
7099
7103
7116
7129
7138
7139
7143
7157
7166
7177
7186
7214
7218
7218
7228
7234
7258
7267
7295
7302
7343
7348
7349
7355
7356
7368
7379
7380
7386
7407
7409
7412
7413
7424
7424
7430
7431
7467
7469
7479
7490
7505
7505
7518
7530
7550
7557
7560
7576
7579
7581
7592
7595
7630
7649
7650
7668
7669
7679
7679
7681
7685
7697
7701
7702
7709
7731
7732
7734
7738
7748
7756
7794
7804
7806
7807
7822
7830
7830
7848
7886
7904
7906
7930
7949
7949
7959
7960
7961
7973
7974
7978
7980
7980
7990
7994
7998
8010
8016
8021
8021
8023
8023
8060
8064
8065
8072
8078
8078
8099
8103
8115
8119
8126
8130
8132
8141
8146
8153
8162
8176
8187
8191
8204
8219
8222
8285
8303
8310
8315
8343
8357
8370
8379
8392
8397
8398
8412
8419
8429
8431
8441
8449
8459
8470
8482
8494
8504
8504
8516
8529
8551
8554
8557
8558
8597
8604
8611
8622
8623
8624
8629
8636
8650
8667
8672
8686
8705
8717
8743
8763
8764
8772
8780
8784
8791
8814
8816
8849
8862
8864
8877
8896
8924
8935
8963
8976
8995
9003
9013
9019
9020
9038
9043
9047
9052
9069
9072
9073
9074
9076
9078
9084
9085
9106
9116
9118
9124
9125
9135
9144
9158
9167
9169
9175
9177
9200
9206
9217
9219
9222
9225
9227
9235
9241
9249
9260
9276
9334
9349
9360
9369
9392
9412
9420
9455
9458
9478
9494
9500
9534
9537
9558
9558
9567
9568
9581
9605
9650
9650
9651
9670
9679
9702
9712
9714
9714
9720
9723
9740
9740
9754
9763
9775
9776
9776
9777
9799
9800
9804
9814
9831
9843
9844
9844
9846
9875
9876
9877
9883
9884
9895
9899
9906
9908
9934
9972
9982
9990
10013
10027
10052
10059
10062
10082
10096
10096
10101
10106
10133
10136
10146
10152
10161
10168
10172
10174
10191
10219
10235
10242
10285
10287
10295
10296
10304
10307
10308
10323
10324
10327
10327
10334
10334
10340
10344
10351
10359
10375
10382
10382
10384
10384
10392
10397
10405
10420
10427
10433
10438
10454
10458
10458
10464
10487
10502
10520
10539
10549
10566
10568
10584
10588
10591
10593
10598
10612
10618
10619
10621
10624
10638
10644
10652
10655
10672
10685
10703
10703
10706
10710
10733
10747
10757
10765
10765
10770
10778
10795
10807
10814
10832
10838
10848
10848
10861
10873
10875
10875
10880
10883
10899
10905
10927
10931
10932
10935
10938
10944
10959
10966
10970
10984
11007
11009
11011
11015
11024
11036
11046
11047
11053
11058
11063
11074
11105
11112
11117
11122
11124
11124
11130
11134
11144
11144
11155
11159
11167
11185
11189
11193
11193
11200
11213
11226
11234
11249
11251
11268
11270
11298
11311
11315
11326
11335
11342
11346
11351
11380
11407
11433
11446
11454
11459
11468
11470
11481
11493
11505
11515
11521
11533
11534
11537
11552
11574
11602
11609
11611
11627
11650
11654
11656
11670
11689
11691
11693
11701
11703
11709
11716
11725
11736
11744
11745
11764
11772
11773
11778
11780
11783
11799
11815
11815
11839
11841
11858
11879
11883
11900
11905
11916
11929
11944
11983
11987
12022
12044
12047
12069
12072
12088
12093
12097
12103
12111
12118
12162
12168
12175
12181
12199
12203
12217
12233
12252
12255
12257
12262
12268
12275
12276
12278
12309
12311
12316
12327
12329
12330
12337
12349
12354
12374
12385
12393
12407
12421
12449
12453
12460
12469
12484
12499
12535
12549
12555
12560
12567
12574
12595
12605
12670
12676
12701
12728
12731
12750
12767
12771
12771
12804
12805
12808
12812
12815
12818
12842
12851
12865
12868
12878
12888
12898
12902
12924
12932
12955
12972
12976
13043
13052
13059
13060
13063
13075
13077
13102
13107
13110
13120
13133
13134
13135
13137
13152
13161
13168
13169
13178
13204
13209
13216
13220
13222
13247
13252
13261
13264
13265
13266
13273
13279
13281
13293
13306
13319
13329
13329
13338
13342
13348
13350
13374
13396
13399
13402
13405
13409
13433
13439
13450
13455
13465
13467
13509
13512
13544
13547
13551
13573
13574
13598
13604
13655
13664
13674
13677
13679
13681
13684
13710
13715
13727
13732
13734
13735
13736
13738
13740
13742
13743
13819
13837
13849
13850
13853
13853
13857
13875
13885
13889
13896
13899
13903
13918
13927
13937
13942
13965
13967
13968
13972
13975
13999
14015
14025
14032
14042
14051
14066
14072
14075
14087
14090
14093
14108
14126
14133
14135
14165
14169
14184
14186
14186
14193
14208
14213
14223
14242
14254
14261
14262
14272
14277
14284
14284
14305
14308
14313
14317
14323
14329
14356
14364
14365
14381
14394
14400
14409
14423
14429
14429
14442
14448
14459
14464
14487
14501
14501
14507
14509
14520
14531
14538
14552
14556
14561
14567
14571
14577
14582
14585
14599
14599
14612
14618
14625
14646
14648
14651
14655
14671
14690
14692
14695
14698
14704
14706
14718
14727
14734
14737
14754
14755
14776
14776
14781
14781
14797
14798
14800
14801
14804
14833
14835
14835
14851
14873
14873
14889
14901
14906
14918
14936
14945
14958
14964
14997
15008
15046
15046
15051
15061
15071
15080
15088
15091
15105
15106
15125
15144
15151
15154
15157
15164
15169
15170
15170
15171
15180
15183
15185
15193
15207
15210
15210
15214
15258
15260
15276
15284
15290
15300
15303
15306
15317
15322
15339
15354
15373
15374
15405
15410
15411
15412
15440
15469
15489
15498
15502
15513
15517
15530
15534
15535
15555
15577
15593
15613
15656
15663
15668
15678
15680
15683
15684
15692
15700
15729
15741
15742
15751
15777
15798
15804
15816
15818
15832
15841
15845
15849
15856
15873
15880
15899
15911
15913
15919
15924
15931
15935
15937
15938
15945
15969
15976
15984
15986
15993
15996
16009
16016
16029
16051
16064
16064
16099
16121
16154
16182
16186
16202
16204
16211
16244
16244
16248
16249
16258
16338
16344
16344
16357
16372
16378
16378
16383
16385
16386
16398
16405
16406
16416
16431
16435
16439
16453
16455
16471
16473
16506
16513
16514
16527
16550
16552
16553
16562
16566
16566
16568
16590
16615
16616
16626
16640
16641
16650
16651
16655
16656
16659
16663
16674
16677
16687
16705
16706
16724
16731
16742
16772
16781
16794
16804
16805
16814
16819
16820
16823
16825
16827
16827
16830
16831
16835
16843
16857
16857
16867
16869
16872
16877
16877
16897
16955
16955
16962
16967
16979
17001
17007
17010
17015
17022
17041
17061
17063
17080
17099
17105
17108
17116
17126
17133
17183
17221
17224
17225
17261
17268
17287
17301
17306
17311
17324
17332
17339
17353
17361
17362
17374
17380
17384
17438
17444
17448
17453
17470
17485
17486
17496
17502
17504
17506
17507
17511
17520
17531
17534
17550
17569
17570
17570
17576
17577
17589
17595
17599
17600
17612
17613
17618
17628
17645
17679
17687
17689
17697
17705
17707
17738
17755
17755
17781
17793
17812
17863
17867
17883
17885
17898
17904
17925
17929
17932
17934
17937
17948
17949
17964
17982
17985
17985
18004
18011
18020
18058
18066
18084
18115
18119
18123
18126
18133
18185
18198
18234
18237
18239
18240
18248
18252
18259
18259
18264
18267
18325
18326
18335
18335
18338
18338
18356
18360
18366
18374
18412
18427
18428
18432
18435
18440
18445
18459
18464
18496
18498
18510
18518
18521
18523
18543
18555
18555
18571
18576
18585
18588
18589
18621
18624
18642
18664
18666
18668
18694
18701
18720
18727
18731
18740
18745
18747
18772
18777
18816
18821
18823
18848
18858
18871
18881
18884
18892
18894
18896
18908
18919
18927
18928
18938
18963
18971
18977
19013
19019
19019
19034
19035
19037
19056
19073
19106
19119
19142
19143
19150
19151
19157
19167
19172
19189
19200
19207
19229
19235
19237
19272
19282
19296
19297
19303
19318
19324
19328
19343
19351
19362
19363
19365
19366
19371
19379
19385
19395
19402
19433
19435
19438
19446
19451
19451
19461
19462
19464
19468
19494
19497
19502
19505
19506
19512
19514
19515
19522
19523
19537
19539
19543
19553
19566
19598
19618
19619
19638
19644
19655
19659
19664
19685
19711
19713
19729
19737
19768
19781
19784
19791
19796
19797
19814
19821
19831
19839
19865
19868
19894
19913
19914
19919
19939
19942
19945
19951
19958
19970
19974
19981
20018
20027
20031
20032
20036
20051
20067
20078
20086
20094
20123
20139
20150
20150
20154
20156
20162
20164
20180
20190
20190
20192
20215
20238
20238
20243
20246
20266
20280
20292
20300
20327
20332
20334
20338
20341
20344
20350
20353
20354
20357
20359
20362
20375
20383
20391
20394
20406
20416
20472
20492
20505
20505
20509
20519
20520
20522
20528
20547
20560
20561
20584
20590
20614
20631
20634
20644
20648
20656
20683
20708
20734
20744
20767
20769
20769
20783
20783
20787
20797
20797
20815
20821
20829
20830
20838
20848
20858
20867
20887
20920
20922
20927
20944
20946
20956
20972
21032
21035
21039
21086
21092
21114
21115
21117
21119
21132
21140
21143
21151
21160
21167
21183
21192
21194
21201
21201
21203
21216
21217
21217
21279
21293
21297
21297
21322
21323
21361
21364
21366
21366
21368
21377
21377
21379
21382
21383
21390
21399
21400
21405
21411
21415
21417
21422
21430
21431
21433
21438
21463
21466
21476
21481
21493
21502
21503
21503
21514
21526
21533
21550
21575
21580
21580
21580
21602
21609
21612
21620
21628
21646
21652
21654
21654
21672
21675
21688
21718
21733
21743
21743
21761
21786
21797
21798
21813
21813
21826
21828
21829
21830
21836
21845
21855
21858
21883
21892
21892
21894
21895
21903
21926
21931
21939
21949
21997
22021
22031
22033
22039
22042
22052
22054
22055
22063
22069
22080
22081
22082
22084
22097
22105
22110
22111
22122
22128
22135
22136
22140
22143
22155
22159
22174
22195
22202
22203
22264
22272
22278
22294
22303
22310
22311
22320
22321
22330
22332
22355
22362
22373
22374
22377
22381
22389
22406
22425
22446
22459
22464
22465
22496
22499
22500
22507
22507
22519
22524
22542
22567
22576
22592
22600
22614
22623
22624
22624
22634
22638
22644
22669
22678
22714
22716
22722
22741
22753
22767
22771
22796
22798
22801
22832
22842
22849
22867
22872
22876
22912
22915
22945
22947
22956
22969
22984
22988
22994
23009
23022
23022
23027
23033
23037
23067
23084
23093
23105
23111
23112
23113
23118
23120
23128
23139
23147
23148
23156
23159
23161
23171
23177
23177
23194
23200
23220
23222
23235
23250
23256
23261
23262
23264
23296
23296
23301
23307
23320
23323
23324
23341
23384
23401
23402
23415
23421
23456
23464
23486
23495
23496
23507
23507
23520
23523
23525
23532
23535
23535
23545
23549
23558
23574
23593
23609
23618
23623
23636
23638
23657
23667
23668
23673
23675
23684
23701
23703
23723
23724
23729
23777
23791
23798
23800
23801
23812
23816
23823
23823
23826
23828
23840
23842
23850
23859
23863
23886
23887
23889
23898
23908
23908
23964
23966
23970
23972
24002
24002
24010
24045
24049
24061
24077
24082
24088
24092
24102
24117
24119
24119
24124
24128
24131
24131
24138
24156
24156
24158
24159
24163
24164
24178
24189
24192
24229
24247
24248
24249
24250
24257
24268
24268
24291
24294
24299
24305
24316
24318
24325
24329
24336
24348
24383
24414
24419
24435
24437
24439
24456
24456
24463
24471
24471
24491
24498
24516
24531
24534
24551
24571
24572
24584
24601
24612
24614
24615
24618
24623
24625
24633
24639
24644
24645
24653
24662
24696
24701
24724
24732
24737
24742
24748
24751
24759
24769
24770
24795
24795
24796
24806
24816
24818
24835
24846
24859
24864
24870
24887
24904
24922
24949
24964
24971
24984
24987
25011
25018
25029
25040
25055
25060
25061
25077
25094
25095
25101
25112
25112
25120
25142
25152
25170
25172
25180
25192
25196
25204
25247
25260
25264
25294
25294
25318
25338
25352
25364
25371
25396
25404
25409
25411
25413
25416
25424
25443
25457
25462
25479
25481
25485
25490
25498
25500
25508
25528
25535
25535
25547
25560
25576
25576
25594
25606
25606
25618
25622
25634
25644
25653
25656
25658
25668
25671
25682
25695
25696
25701
25710
25715
25723
25725
25760
25763
25766
25773
25786
25787
25795
25795
25799
25799
25800
25810
25810
25817
25823
25827
25853
25864
25889
25906
25917
25923
25934
25968
25971
25985
26013
26013
26015
26015
26016
26017
26045
26068
26071
26095
26096
26108
26108
26120
26128
26129
26139
26147
26158
26167
26169
26170
26184
26202
26216
26265
26279
26290
26293
26305
26319
26324
26346
26352
26355
26363
26366
26368
26369
26373
26379
26388
26396
26397
26448
26448
26468
26501
26522
26549
26549
26560
26566
26569
26590
26590
26596
26596
26613
26619
26634
26638
26640
26657
26665
26675
26703
26707
26723
26729
26731
26738
26739
26798
26799
26849
26851
26889
26916
26928
26955
26970
26976
26978
26979
26988
26994
27005
27017
27028
27031
27037
27044
27073
27087
27091
27093
27097
27098
27099
27114
27121
27122
27127
27140
27143
27145
27147
27151
27153
27156
27170
27178
27194
27199
27205
27208
27213
27219
27221
27262
27263
27282
27285
27286
27291
27296
27298
27307
27322
27325
27326
27329
27332
27334
27340
27344
27346
27348
27382
27384
27384
27400
27411
27427
27429
27479
27480
27512
27516
27527
27529
27538
27555
27558
27575
27575
27582
27606
27608
27610
27622
27623
27634
27656
27656
27664
27673
27676
27683
27684
27692
27695
27701
27707
27716
27735
27739
27740
27754
27766
27778
27789
27796
27797
27803
27813
27820
27827
27830
27842
27844
27848
27862
27874
27879
27880
27893
27908
27913
27926
27930
27935
27936
27944
27950
27954
27971
27978
27988
27991
27992
28009
28010
28011
28014
28014
28028
28073
28075
28076
28078
28079
28092
28094
28098
28121
28124
28131
28132
28140
28143
28145
28204
28221
28224
28245
28250
28251
28258
28259
28269
28270
28283
28290
28299
28308
28311
28352
28376
28394
28414
28415
28437
28471
28473
28476
28476
28495
28499
28507
28515
28516
28520
28523
28533
28534
28543
28554
28560
28592
28600
28602
28603
28606
28611
28623
28631
28636
28639
28642
28663
28671
28679
28693
28704
28729
28742
28742
28747
28767
28772
28779
28786
28787
28791
28835
28845
28889
28891
28916
28917
28941
28944
28955
28968
28987
28995
28997
29052
29055
29058
29070
29072
29072
29078
29085
29100
29109
29116
29123
29124
29125
29129
29135
29135
29137
29165
29168
29169
29181
29196
29200
29202
29202
29218
29225
29241
29269
29286
29294
29296
29304
29309
29311
29334
29344
29357
29361
29386
29386
29392
29405
29406
29412
29414
29414
29415
29441
29444
29447
29454
29456
29460
29467
29469
29470
29483
29526
29531
29570
29614
29619
29648
29671
29678
29683
29684
29714
29723
29742
29752
29752
29765
29765
29766
29776
29784
29795
29800
29803
29805
29810
29823
29823
29826
29827
29837
29845
29845
29856
29871
29881
29883
29886
29897
29902
29907
29912
29913
29922
29937
29948
29955
29972
29972
29982
30000
30004
30011
30014
30020
30034
30051
30053
30057
30062
30070
30072
30073
30092
30104
30105
30111
30113
30131
30142
30146
30167
30180
30182
30183
30202
30203
30207
30226
30227
30239
30250
30253
30261
30273
30273
30281
30284
30285
30285
30314
30318
30343
30346
30355
30365
30381
30397
30399
30427
30444
30446
30449
30466
30474
30475
30480
30481
30483
30491
30493
30494
30531
30531
30537
30541
30561
30578
30589
30645
30657
30662
30676
30676
30685
30687
30698
30724
30725
30736
30746
30773
30794
30803
30814
30816
30824
30824
30832
30839
30842
30852
30860
30884
30895
30913
30921
30922
30932
30935
30954
30956
30989
30997
31002
31003
31025
31048
31051
31064
31081
31086
31089
31107
31114
31123
31139
31150
31162
31183
31192
31223
31230
31235
31259
31260
31272
31276
31278
31287
31292
31300
31305
31316
31317
31323
31325
31335
31336
31339
31352
31354
31358
31360
31374
31379
31397
31405
31409
31420
31425
31440
31461
31464
31505
31511
31511
31517
31518
31522
31524
31541
31554
31557
31561
31581
31590
31593
31629
31632
31634
31643
31646
31649
31651
31653
31667
31669
31687
31693
31710
31717
31741
31753
31787
31822
31871
31875
31885
31893
31928
31930
31964
31968
31983
31984
31986
32005
32012
32015
32015
32019
32020
32040
32055
32071
32077
32086
32087
32096
32106
32107
32109
32113
32114
32134
32134
32136
32140
32146
32150
32162
32162
32167
32169
32177
32177
32200
32205
32215
32220
32245
32267
32275
32289
32295
32305
32319
32329
32338
32360
32363
32372
32379
32385
32385
32400
32414
32452
32459
32480
32484
32489
32504
32516
32543
32554
32591
32599
32617
32619
32624
32627
32633
32652
32662
32666
32675
32681
32695
32697
32699
32715
32720
32741
32744
32746
32757
32758
32766
32771
32778
32790
32803
32807
32818
32820
32847
32868
32882
32923
32936
32942
32946
32950
32982
32988
32999
33019
33024
33028
33030
33032
33033
33046
33055
33081
33101
33124
33131
33135
33141
33154
33162
33167
33196
33205
33219
33221
33223
33229
33240
33243
33260
33268
33276
33290
33297
33304
33343
33343
33382
33384
33390
33390
33394
33397
33399
33414
33442
33459
33466
33470
33477
33483
33488
33494
33498
33506
33506
33518
33525
33530
33569
33598
33612
33614
33618
33625
33639
33640
33648
33677
33679
33688
33692
33696
33699
33720
33723
33726
33749
33762
33809
33812
33814
33833
33871
33894
33901
33948
33953
33959
33963
33973
33982
33997
33998
34019
34063
34070
34074
34081
34110
34114
34118
34119
34119
34120
34132
34137
34144
34169
34177
34182
34184
34196
34210
34218
34236
34250
34254
34270
34276
34295
34310
34316
34320
34321
34324
34325
34329
34339
34352
34356
34369
34375
34381
34383
34404
34416
34422
34461
34495
34504
34516
34517
34527
34535
34563
34579
34604
34604
34617
34638
34641
34664
34665
34671
34677
34679
34705
34738
34759
34761
34770
34775
34781
34785
34789
34802
34816
34822
34840
34859
34868
34899
34915
34924
34925
34948
34952
34969
34977
34981
34987
34994
34995
34997
35000
35001
35003
35026
35041
35049
35054
35063
35066
35078
35087
35095
35105
35142
35145
35152
35154
35164
35172
35175
35208
35209
35222
35236
35244
35259
35264
35276
35277
35297
35322
35331
35333
35344
35347
35358
35359
35365
35374
35375
35390
35409
35420
35422
35430
35440
35441
35449
35472
35472
35473
35476
35489
35492
35495
35501
35501
35501
35502
35506
35515
35551
35555
35568
35572
35574
35585
35600
35614
35615
35625
35632
35634
35634
35647
35649
35674
35703
35711
35714
35718
35732
35741
35748
35749
35764
35774
35780
35796
35807
35837
35848
35848
35863
35863
35865
35866
35872
35878
35890
35897
35898
35905
35909
35909
35912
35920
35929
35964
35970
35978
35990
35996
36007
36009
36023
36027
36033
36045
36052
36064
36070
36074
36078
36084
36087
36087
36088
36089
36096
36125
36162
36174
36180
36184
36199
36202
36205
36220
36221
36221
36242
36245
36251
36261
36275
36276
36286
36292
36309
36328
36344
36345
36359
36369
36373
36378
36385
36395
36401
36439
36441
36443
36454
36466
36475
36476
36479
36523
36548
36556
36576
36590
36594
36604
36633
36645
36654
36661
36681
36699
36719
36750
36753
36754
36755
36780
36796
36799
36808
36809
36838
36857
36887
36888
36891
36891
36892
36904
36908
36936
36938
36990
37001
37002
37010
37012
37053
37060
37064
37064
37064
37093
37095
37112
37114
37126
37127
37133
37135
37137
37145
37210
37224
37228
37247
37264
37265
37276
37290
37299
37344
37362
37398
37402
37423
37423
37441
37447
37448
37456
37461
37465
37475
37475
37478
37479
37491
37501
37509
37563
37581
37600
37602
37613
37615
37628
37632
37633
37635
37649
37658
37662
37681
37685
37696
37702
37706
37719
37725
37727
37735
37752
37775
37778
37781
37781
37782
37792
37792
37805
37815
37819
37829
37832
37833
37842
37843
37849
37853
37859
37885
37908
37919
37943
37950
37971
37982
37982
37983
37992
37993
38026
38028
38042
38052
38069
38073
38085
38092
38094
38113
38117
38126
38127
38148
38151
38184
38187
38200
38237
38241
38249
38280
38281
38288
38289
38295
38300
38308
38325
38325
38329
38331
38336
38341
38354
38358
38359
38360
38367
38368
38389
38402
38402
38416
38426
38436
38455
38464
38468
38516
38526
38536
38544
38580
38580
38596
38609
38623
38629
38634
38636
38641
38665
38672
38677
38686
38692
38698
38720
38731
38739
38740
38758
38765
38797
38809
38821
38825
38846
38870
38875
38878
38879
38885
38889
38896
38897
38901
38904
38918
38935
38944
38958
38961
38972
39024
39024
39033
39057
39062
39068
39109
39111
39120
39124
39130
39162
39187
39192
39197
39219
39220
39221
39254
39258
39263
39267
39269
39282
39283
39296
39300
39306
39315
39331
39345
39358
39402
39413
39416
39421
39426
39456
39458
39485
39494
39496
39528
39536
39543
39545
39549
39551
39558
39566
39573
39582
39596
39611
39617
39620
39630
39643
39645
39645
39645
39647
39650
39668
39680
39689
39689
39693
39699
39700
39704
39705
39727
39732
39748
39756
39765
39770
39780
39797
39799
39808
39811
39824
39840
39850
39860
39883
39903
39908
39914
39923
39936
39959
39965
39967
39967
39977
39992
39995
40000
40006
40014
40016
40017
40038
40039
40055
40070
40075
40102
40106
40128
40150
40227
40278
40286
40296
40336
40340
40366
40380
40390
40404
40415
40423
40431
40466
40472
40481
40482
40513
40548
40551
40577
40582
40605
40612
40624
40634
40659
40676
40704
40712
40717
40724
40743
40750
40754
40759
40776
40782
40829
40843
40855
40866
40872
40874
40881
40882
40882
40888
40890
40892
40897
40899
40901
40908
40913
40932
40939
40948
40952
40961
40971
41003
41017
41020
41023
41030
41043
41046
41064
41076
41121
41129
41136
41165
41166
41168
41190
41196
41203
41231
41232
41234
41244
41245
41247
41247
41249
41256
41300
41302
41323
41345
41367
41375
41382
41386
41389
41392
41421
41429
41457
41466
41467
41475
41489
41489
41492
41507
41509
41511
41514
41515
41527
41529
41529
41541
41545
41546
41553
41556
41560
41589
41606
41615
41643
41659
41674
41681
41700
41707
41710
41720
41726
41786
41801
41834
41843
41845
41864
41878
41886
41891
41906
41910
41923
41925
41926
41931
41947
41958
41958
41959
41967
41973
42005
42006
42007
42010
42014
42015
42022
42028
42030
42034
42037
42048
42056
42064
42065
42066
42075
42079
42085
42089
42112
42113
42118
42122
42144
42146
42150
42162
42206
42219
42266
42269
42273
42275
42282
42289
42310
42310
42323
42330
42353
42356
42387
42437
42440
42447
42464
42483
42498
42509
42519
42532
42544
42544
42550
42553
42559
42566
42575
42580
42580
42587
42589
42615
42624
42627
42630
42633
42644
42644
42649
42651
42658
42660
42665
42690
42699
42702
42703
42704
42714
42726
42730
42740
42749
42771
42785
42802
42804
42806
42856
42857
42865
42867
42884
42887
42895
42900
42909
42919
42950
42955
42963
42974
42990
42992
42995
43001
43006
43016
43016
43018
43019
43031
43035
43037
43055
43059
43066
43076
43078
43079
43095
43115
43130
43138
43155
43170
43174
43176
43178
43185
43185
43211
43217
43229
43236
43241
43261
43262
43275
43284
43292
43292
43313
43317
43335
43350
43357
43365
43366
43374
43378
43405
43421
43424
43445
43452
43461
43463
43463
43470
43474
43485
43499
43502
43510
43513
43528
43538
43542
43549
43561
43564
43564
43582
43586
43587
43594
43606
43623
43624
43633
43653
43674
43676
43703
43706
43711
43716
43730
43739
43739
43742
43748
43754
43756
43763
43780
43783
43790
43799
43830
43841
43852
43857
43870
43926
43935
43947
43962
43965
43984
43984
43993
43995
43996
44008
44018
44040
44042
44047
44063
44082
44083
44086
44087
44096
44105
44105
44109
44117
44124
44124
44125
44132
44143
44146
44156
44161
44206
44209
44209
44210
44211
44251
44277
44278
44281
44288
44298
44305
44318
44318
44334
44348
44361
44370
44370
44377
44395
44402
44404
44409
44411
44423
44456
44464
44466
44481
44489
44501
44537
44560
44571
44584
44585
44595
44611
44619
44627
44645
44651
44655
44668
44673
44673
44677
44677
44678
44690
44690
44714
44735
44738
44753
44764
44766
44779
44782
44788
44794
44801
44811
44818
44834
44839
44852
44864
44881
44893
44895
44904
44909
44921
44929
44930
44942
44946
44973
44978
44991
45027
45028
45042
45043
45049
45050
45053
45092
45114
45124
45176
45177
45178
45180
45225
45242
45253
45280
45281
45316
45324
45345
45369
45374
45385
45389
45407
45419
45425
45432
45439
45442
45449
45464
45465
45469
45487
45488
45494
45510
45512
45526
45534
45537
45551
45563
45574
45603
45628
45632
45637
45639
45644
45645
45654
45660
45671
45686
45687
45694
45703
45721
45727
45734
45737
45748
45759
45762
45770
45797
45802
45828
45832
45837
45839
45851
45855
45861
45868
45869
45870
45870
45913
45917
45933
45936
45938
45941
45951
45953
45974
45981
45983
46013
46028
46033
46039
46070
46080
46089
46111
46116
46134
46135
46138
46141
46143
46151
46152
46158
46174
46185
46199
46221
46224
46236
46246
46248
46277
46289
46291
46292
46299
46304
46305
46338
46355
46368
46398
46405
46416
46427
46439
46498
46513
46519
46534
46545
46545
46578
46581
46582
46644
46654
46684
46692
46703
46704
46716
46718
46730
46746
46751
46764
46784
46801
46829
46830
46830
46836
46849
46857
46858
46860
46863
46872
46889
46891
46902
46918
46920
46934
46975
46980
46986
46991
46996
46997
47011
47031
47035
47047
47052
47054
47064
47082
47096
47114
47123
47129
47155
47177
47181
47183
47194
47212
47224
47240
47250
47256
47257
47271
47272
47273
47288
47326
47328
47331
47336
47341
47351
47368
47373
47381
47398
47398
47400
47407
47420
47427
47431
47449
47455
47470
47478
47488
47492
47500
47502
47502
47517
47519
47566
47567
47573
47584
47589
47592
47601
47604
47605
47622
47676
47680
47683
47688
47692
47698
47699
47707
47715
47735
47744
47746
47746
47755
47769
47777
47782
47784
47824
47838
47863
47863
47868
47872
47874
47877
47880
47901
47946
47969
47969
47987
48005
48020
48025
48036
48037
48039
48043
48058
48084
48084
48092
48095
48099
48117
48120
48122
48126
48131
48140
48141
48141
48144
48153
48156
48164
48175
48176
48177
48178
48180
48181
48203
48228
48231
48256
48260
48266
48287
48295
48297
48315
48316
48332
48336
48356
48356
48372
48374
48384
48418
48424
48434
48447
48449
48453
48454
48460
48473
48482
48487
48503
48505
48523
48529
48530
48534
48539
48550
48557
48558
48561
48570
48571
48581
48586
48593
48593
48595
48614
48629
48633
48649
48672
48674
48684
48690
48711
48717
48752
48778
48781
48785
48789
48792
48810
48821
48829
48842
48856
48866
48872
48879
48880
48886
48894
48902
48903
48908
48934
48946
48959
48963
49005
49020
49021
49024
49031
49057
49059
49083
49090
49091
49095
49097
49101
49104
49114
49127
49141
49167
49168
49210
49214
49228
49230
49252
49266
49284
49315
49321
49323
49325
49327
49332
49343
49345
49386
49391
49412
49436
49444
49497
49507
49540
49554
49556
49583
49623
49630
49642
49648
49650
49668
49684
49706
49708
49712
49716
49746
49747
49749
49756
49764
49768
49771
49813
49815
49832
49836
49839
49843
49847
49859
49861
49862
49866
49882
49896
49897
49901
49903
49925
49935
49954
49956
49992
49992
50000
50018
50035
50044
50054
50074
50096
50116
50118
50123
50139
50149
50163
50178
50183
50192
50204
50220
50232
50234
50240
50246
50247
50247
50253
50266
50271
50272
50277
50285
50285
50301
50314
50324
50338
50348
50350
50361
50373
50378
50380
50382
50386
50395
50411
50433
50435
50441
50442
50453
50456
50456
50466
50469
50475
50475
50477
50479
50481
50495
50509
50515
50517
50521
50524
50535
50544
50555
50587
50587
50590
50603
50607
50622
50636
50652
50668
50677
50687
50691
50703
50730
50735
50741
50756
50765
50773
50781
50789
50795
50797
50797
50798
50816
50818
50832
50842
50856
50867
50873
50883
50887
50908
50911
50913
50925
50926
50930
50938
50942
50944
50952
50960
50967
50973
50975
50986
50996
51012
51026
51028
51035
51059
51060
51063
51085
51108
51113
51136
51140
51140
51140
51143
51148
51150
51166
51193
51203
51208
51211
51217
51259
51261
51288
51299
51317
51325
51326
51338
51349
51364
51378
51387
51391
51398
51402
51407
51420
51421
51424
51437
51483
51508
51555
51560
51562
51564
51571
51577
51581
51585
51588
51600
51608
51626
51633
51637
51641
51658
51685
51694
51701
51716
51718
51720
51720
51724
51732
51736
51745
51745
51753
51760
51765
51779
51781
51788
51797
51804
51808
51826
51830
51847
51853
51855
51856
51862
51868
51880
51880
51884
51889
51889
51902
51904
51911
51928
51932
51946
51949
51952
51958
51965
51985
51994
51998
51999
52013
52042
52071
52073
52109
52110
52118
52122
52123
52149
52157
52171
52172
52177
52177
52183
52185
52190
52227
52250
52275
52291
52317
52320
52330
52339
52358
52368
52375
52384
52388
52420
52435
52471
52480
52480
52488
52501
52502
52505
52536
52536
52548
52550
52556
52570
52576
52579
52602
52610
52614
52620
52625
52632
52656
52657
52659
52667
52670
52695
52711
52721
52722
52725
52735
52750
52756
52765
52767
52778
52787
52790
52813
52816
52820
52851
52854
52867
52881
52890
52895
52915
52919
52923
52937
52939
52978
52981
52988
52988
53016
53021
53039
53042
53043
53064
53082
53086
53091
53094
53116
53121
53123
53129
53129
53143
53152
53162
53188
53209
53229
53250
53274
53279
53287
53289
53290
53302
53308
53314
53338
53358
53361
53380
53381
53381
53383
53393
53405
53423
53430
53432
53438
53443
53452
53453
53524
53537
53550
53555
53555
53576
53581
53592
53615
53621
53642
53649
53680
53682
53695
53720
53721
53749
53749
53765
53768
53772
53780
53783
53784
53787
53806
53807
53809
53809
53811
53846
53847
53859
53864
53869
53873
53874
53881
53882
53885
53889
53894
53897
53909
53927
53935
53967
53975
53976
53976
53984
53999
54000
54006
54011
54019
54036
54048
54051
54071
54078
54097
54098
54112
54117
54119
54119
54133
54149
54154
54159
54160
54160
54169
54186
54192
54192
54198
54205
54208
54216
54222
54222
54223
54230
54234
54239
54240
54269
54279
54293
54306
54333
54343
54358
54368
54376
54437
54437
54446
54455
54461
54461
54469
54474
54478
54481
54493
54515
54525
54537
54557
54561
54576
54597
54599
54604
54606
54611
54611
54618
54624
54625
54666
54670
54675
54689
54694
54695
54702
54705
54714
54730
54740
54743
54745
54752
54767
54769
54775
54789
54811
54827
54845
54847
54849
54855
54865
54873
54886
54923
54925
54934
54944
54956
54977
54989
54991
54994
55005
55010
55012
55013
55032
55032
55043
55052
55055
55067
55079
55083
55097
55098
55112
55118
55122
55127
55127
55130
55135
55143
55150
55152
55153
55154
55163
55191
55196
55198
55215
55217
55237
55239
55256
55258
55261
55268
55272
55279
55281
55286
55290
55291
55299
55308
55312
55323
55323
55332
55335
55339
55340
55343
55344
55400
55407
55412
55415
55439
55443
55461
55481
55493
55494
55499
55502
55505
55518
55524
55548
55560
55587
55602
55614
55624
55630
55638
55642
55646
55648
55652
55663
55665
55667
55692
55697
55729
55777
55780
55782
55793
55798
55803
55825
55825
55843
55850
55851
55851
55856
55872
55879
55883
55884
55897
55913
55914
55940
55945
55947
55949
55951
55954
55958
55966
55975
55977
55984
56017
56019
56021
56022
56024
56033
56057
56061
56068
56070
56073
56078
56078
56096
56100
56106
56154
56177
56195
56202
56216
56216
56242
56247
56251
56255
56256
56265
56280
56282
56298
56300
56325
56333
56345
56357
56358
56362
56363
56366
56368
56380
56396
56410
56431
56454
56457
56471
56474
56475
56481
56484
56485
56494
56503
56505
56511
56518
56542
56554
56570
56588
56588
56592
56606
56616
56626
56631
56640
56640
56641
56648
56652
56662
56694
56712
56725
56737
56743
56756
56763
56776
56786
56797
56813
56825
56841
56843
56860
56864
56865
56872
56917
56920
56924
56925
56931
56934
56935
56942
56949
56950
56956
56966
56969
56983
56988
57018
57037
57039
57051
57083
57091
57095
57105
57122
57143
57174
57190
57200
57218
57231
57243
57246
57248
57257
57284
57285
57289
57299
57311
57322
57336
57360
57374
57388
57391
57392
57407
57410
57415
57422
57429
57438
57440
57445
57445
57454
57455
57474
57486
57487
57491
57520
57523
57558
57567
57574
57577
57578
57584
57589
57615
57617
57625
57647
57672
57690
57691
57693
57708
57710
57721
57721
57726
57731
57737
57741
57757
57768
57783
57795
57813
57818
57828
57845
57866
57876
57889
57914
57926
57932
57934
57940
57947
57954
57957
57990
57991
58003
58012
58022
58024
58061
58063
58091
58102
58145
58150
58161
58165
58170
58181
58192
58216
58231
58232
58246
58265
58274
58295
58306
58312
58317
58327
58336
58360
58364
58371
58379
58385
58386
58386
58440
58448
58452
58455
58463
58469
58473
58480
58498
58546
58552
58552
58554
58588
58597
58602
58606
58609
58621
58626
58631
58643
58648
58654
58663
58676
58685
58691
58703
58705
58705
58714
58734
58741
58748
58750
58766
58770
58777
58779
58828
58833
58835
58846
58858
58867
58883
58883
58899
58904
58909
58922
58939
58954
58954
58959
58967
58975
58975
58985
59001
59019
59028
59048
59049
59050
59094
59112
59118
59147
59172
59175
59188
59197
59202
59202
59223
59253
59261
59279
59284
59286
59297
59297
59301
59301
59328
59329
59332
59332
59333
59338
59344
59381
59389
59417
59438
59445
59452
59456
59460
59474
59475
59478
59505
59509
59518
59522
59538
59554
59575
59577
59585
59586
59590
59605
59608
59646
59648
59649
59656
59681
59692
59697
59715
59722
59736
59755
59755
59768
59768
59772
59799
59803
59846
59846
59850
59854
59860
59870
59871
59891
59897
59897
59911
59920
59931
59940
59971
59972
59986
59990
59991
60009
60015
60019
60022
60042
60054
60061
60061
60063
60066
60077
60100
60104
60110
60131
60145
60158
60162
60167
60170
60186
60205
60207
60209
60221
60226
60227
60228
60231
60261
60263
60269
60288
60309
60335
60343
60350
60361
60367
60377
60378
60379
60383
60389
60397
60407
60410
60410
60413
60421
60429
60444
60445
60486
60498
60505
60514
60519
60534
60535
60537
60540
60541
60547
60555
60568
60599
60599
60601
60604
60606
60611
60612
60619
60654
60665
60678
60690
60694
60695
60701
60704
60705
60706
60715
60721
60740
60775
60788
60813
60829
60837
60855
60874
60882
60891
60909
60913
60932
60942
60942
60943
60963
60965
60970
60973
60974
60978
60996
61004
61012
61047
61049
61053
61064
61070
61077
61101
61104
61116
61127
61129
61132
61135
61138
61141
61144
61147
61177
61191
61193
61196
61213
61257
61257
61270
61273
61289
61293
61304
61321
61322
61351
61367
61371
61379
61385
61386
61387
61400
61404
61408
61431
61461
61473
61490
61500
61540
61551
61566
61566
61570
61573
61582
61585
61592
61601
61608
61611
61615
61619
61632
61648
61658
61667
61699
61710
61727
61748
61750
61752
61787
61796
61802
61822
61842
61865
61869
61875
61916
61916
61948
61966
61970
61982
61990
61996
62001
62001
62024
62028
62035
62038
62043
62062
62065
62075
62108
62117
62119
62121
62123
62137
62142
62152
62156
62168
62179
62181
62182
62184
62212
62216
62226
62243
62244
62253
62257
62268
62272
62275
62276
62282
62291
62299
62307
62309
62323
62345
62349
62361
62364
62367
62370
62371
62372
62374
62383
62386
62402
62403
62407
62414
62424
62450
62450
62461
62473
62490
62490
62513
62519
62521
62526
62528
62540
62562
62567
62573
62575
62579
62581
62590
62618
62622
62632
62636
62650
62670
62679
62684
62693
62703
62723
62734
62741
62745
62751
62759
62763
62769
62770
62778
62782
62785
62788
62788
62796
62816
62823
62835
62882
62885
62901
62906
62925
62942
62953
62956
62966
62976
62990
63002
63018
63048
63054
63058
63073
63082
63117
63130
63132
63152
63170
63170
63187
63196
63200
63202
63222
63233
63247
63256
63256
63271
63275
63280
63292
63297
63298
63309
63310
63311
63352
63356
63358
63376
63382
63388
63391
63394
63402
63408
63416
63420
63431
63433
63444
63455
63511
63520
63523
63526
63531
63535
63543
63551
63552
63560
63567
63569
63579
63586
63589
63625
63630
63646
63658
63671
63696
63699
63717
63719
63725
63732
63734
63757
63764
63765
63766
63766
63774
63786
63788
63797
63817
63845
63852
63853
63854
63883
63886
63886
63889
63894
63901
63903
63915
63922
63941
63959
63971
63982
63985
64012
64027
64028
64032
64041
64065
64071
64078
64126
64145
64154
64156
64158
64164
64167
64184
64191
64193
64205
64206
64214
64219
64220
64229
64233
64240
64256
64257
64258
64262
64283
64294
64302
64302
64308
64321
64322
64328
64329
64330
64333
64337
64374
64383
64384
64384
64395
64396
64397
64399
64404
64406
64413
64414
64427
64435
64436
64442
64447
64453
64465
64480
64500
64527
64531
64537
64543
64546
64560
64574
64593
64602
64604
64606
64614
64631
64643
64651
64654
64655
64671
64671
64678
64681
64694
64696
64703
64731
64733
64744
64750
64754
64756
64807
64830
64834
64842
64852
64862
64865
64870
64874
64884
64917
64928
64943
64948
64957
64963
64988
65016
65027
65028
65030
65052
65069
65076
65087
65112
65120
65121
65140
65147
65151
65156
65159
65166
65177
65206
65212
65213
65229
65235
65247
65252
65267
65279
65302
65312
65328
65333
65346
65350
65354
65357
65358
65372
65374
65386
65398
65398
65411
65416
65424
65432
65433
65441
65455
65461
65481
65484
65517
65518
65525
65529
65542
65546
65567
65577
65586
65603
65607
65634
65642
65659
65674
65677
65681
65684
65691
65697
65703
65703
65717
65717
65722
65747
65770
65781
65806
65815
65817
65830
65853
65853
65855
65861
65869
65881
65899
65930
65942
65942
65943
65948
65965
65967
65978
65979
65984
65994
65999
66000
66014
66027
66030
66058
66084
66108
66112
66124
66143
66147
66148
66150
66158
66161
66164
66169
66198
66216
66224
66236
66247
66282
66299
66304
66309
66312
66314
66315
66316
66336
66345
66354
66360
66373
66375
66387
66391
66393
66415
66441
66486
66515
66520
66545
66555
66558
66586
66589
66593
66607
66624
66631
66661
66666
66698
66699
66702
66703
66739
66740
66751
66751
66770
66781
66781
66791
66793
66797
66801
66837
66841
66862
66864
66867
66880
66894
66904
66941
66943
66957
66960
66961
66981
66994
67017
67020
67024
67025
67053
67056
67056
67079
67084
67094
67140
67148
67176
67185
67187
67204
67206
67222
67231
67233
67249
67254
67257
67258
67270
67288
67289
67292
67297
67298
67307
67309
67314
67336
67343
67347
67351
67352
67361
67363
67365
67366
67368
67373
67376
67390
67394
67394
67396
67398
67400
67401
67404
67414
67414
67428
67436
67474
67488
67492
67513
67523
67529
67539
67555
67568
67589
67592
67594
67597
67601
67610
67634
67635
67646
67666
67686
67696
67703
67726
67728
67730
67738
67750
67763
67769
67795
67804
67814
67817
67817
67817
67836
67849
67849
67860
67865
67887
67907
67907
67923
67931
67933
67939
67967
67984
67999
68001
68003
68003
68024
68024
68027
68052
68057
68066
68087
68089
68095
68105
68135
68136
68147
68149
68163
68164
68173
68215
68215
68226
68226
68228
68243
68251
68254
68271
68273
68284
68285
68286
68290
68291
68309
68312
68318
68330
68347
68374
68384
68390
68391
68408
68410
68419
68436
68440
68447
68450
68467
68471
68480
68489
68494
68504
68511
68512
68523
68529
68543
68553
68571
68571
68576
68580
68589
68615
68633
68636
68647
68652
68661
68664
68664
68667
68679
68681
68734
68740
68744
68759
68762
68766
68771
68781
68783
68787
68788
68820
68841
68845
68859
68876
68877
68878
68909
68923
68969
68972
69004
69010
69013
69014
69022
69053
69060
69071
69071
69084
69110
69111
69120
69122
69124
69128
69131
69137
69151
69151
69162
69171
69181
69187
69191
69203
69205
69210
69221
69224
69226
69235
69263
69265
69286
69299
69299
69320
69333
69351
69353
69359
69359
69372
69373
69376
69415
69423
69456
69466
69483
69491
69499
69511
69512
69522
69529
69532
69534
69535
69535
69559
69567
69569
69576
69583
69588
69591
69593
69605
69625
69667
69681
69684
69701
69713
69716
69718
69737
69745
69757
69759
69769
69783
69784
69785
69792
69831
69833
69842
69846
69866
69870
69872
69876
69899
69909
69935
69957
69979
69995
70011
70019
70031
70042
70044
70049
70051
70051
70062
70073
70076
70080
70094
70096
70100
70111
70153
70170
70171
70172
70177
70193
70195
70239
70246
70248
70272
70283
70303
70309
70332
70343
70345
70362
70376
70404
70420
70426
70434
70446
70451
70453
70453
70463
70470
70473
70478
70486
70510
70511
70511
70513
70517
70518
70529
70537
70555
70556
70574
70596
70596
70597
70603
70623
70642
70649
70662
70664
70668
70689
70696
70720
70720
70722
70753
70764
70771
70781
70784
70802
70805
70810
70827
70827
70831
70833
70836
70842
70852
70861
70862
70868
70870
70884
70891
70895
70901
70911
70911
70912
70919
70931
70942
70945
70970
70978
70986
70991
71004
71021
71024
71029
71033
71062
71071
71074
71095
71096
71103
71130
71143
71143
71151
71153
71159
71165
71170
71173
71178
71189
71193
71204
71206
71209
71218
71238
71249
71266
71268
71277
71319
71336
71341
71353
71368
71387
71390
71399
71403
71408
71418
71437
71452
71463
71465
71478
71486
71488
71507
71538
71549
71549
71553
71575
71581
71582
71609
71610
71611
71618
71626
71630
71639
71640
71644
71651
71669
71671
71711
71718
71719
71728
71733
71745
71760
71760
71761
71801
71807
71828
71866
71873
71873
71876
71885
71901
71931
71945
71956
71967
71968
71972
71982
72001
72004
72006
72010
72024
72026
72038
72042
72046
72052
72064
72079
72095
72116
72137
72138
72142
72149
72151
72152
72155
72157
72167
72169
72179
72183
72188
72195
72198
72208
72219
72226
72230
72234
72242
72248
72251
72280
72284
72319
72327
72340
72341
72353
72354
72360
72362
72365
72369
72382
72398
72398
72401
72403
72414
72433
72438
72453
72463
72480
72488
72501
72513
72525
72525
72530
72534
72537
72540
72547
72557
72591
72595
72602
72611
72621
72642
72645
72645
72652
72661
72665
72674
72692
72711
72720
72733
72753
72758
72765
72771
72776
72779
72782
72794
72813
72822
72824
72826
72833
72840
72844
72855
72860
72884
72887
72899
72922
72923
72929
72961
72969
72972
72979
72994
72998
73003
73018
73030
73031
73032
73045
73069
73091
73106
73109
73110
73125
73135
73138
73143
73158
73169
73180
73199
73209
73209
73210
73212
73226
73235
73245
73266
73273
73278
73292
73311
73317
73317
73325
73330
73331
73342
73345
73347
73374
73378
73381
73383
73386
73395
73398
73399
73409
73437
73437
73453
73453
73454
73457
73465
73484
73499
73503
73505
73505
73510
73511
73535
73546
73551
73588
73599
73609
73621
73655
73656
73657
73662
73673
73689
73703
73704
73732
73748
73766
73800
73807
73853
73870
73871
73891
73897
73910
73928
73931
73939
73948
73957
73978
73983
74006
74050
74057
74089
74092
74102
74103
74104
74115
74118
74118
74149
74150
74155
74161
74177
74194
74203
74204
74210
74212
74222
74230
74254
74263
74290
74309
74333
74340
74349
74361
74401
74401
74414
74420
74424
74448
74462
74467
74488
74489
74515
74519
74521
74527
74527
74542
74546
74548
74553
74571
74581
74583
74605
74622
74624
74631
74642
74649
74653
74677
74712
74725
74728
74734
74753
74762
74766
74767
74769
74771
74773
74777
74778
74792
74796
74802
74802
74812
74818
74824
74850
74860
74873
74881
74892
74921
74933
74937
74951
74954
74976
74978
74984
74996
75001
75002
75014
75018
75060
75071
75083
75085
75095
75104
75136
75156
75193
75200
75203
75215
75248
75251
75257
75261
75261
75290
75291
75301
75305
75313
75324
75407
75408
75417
75433
75441
75449
75455
75462
75469
75469
75483
75488
75500
75519
75527
75531
75534
75542
75549
75550
75561
75578
75590
75591
75604
75612
75627
75631
75633
75654
75656
75666
75670
75687
75709
75711
75735
75740
75749
75773
75780
75780
75785
75791
75807
75808
75812
75823
75826
75826
75834
75838
75869
75870
75872
75877
75878
75890
75907
75920
75920
75933
75962
75970
75982
75985
75987
76005
76013
76024
76025
76027
76046
76048
76055
76083
76090
76093
76102
76107
76115
76119
76120
76124
76131
76137
76138
76149
76175
76182
76194
76194
76206
76208
76211
76227
76228
76235
76235
76237
76239
76271
76282
76287
76289
76289
76307
76309
76325
76331
76349
76350
76352
76368
76371
76394
76403
76407
76419
76432
76442
76449
76451
76465
76488
76492
76492
76493
76500
76528
76531
76531
76532
76541
76564
76582
76591
76591
76593
76608
76610
76619
76623
76626
76641
76656
76663
76665
76668
76672
76713
76713
76716
76727
76755
76769
76776
76777
76788
76792
76816
76817
76818
76821
76826
76831
76840
76843
76884
76914
76921
76931
76938
76945
76986
76990
77013
77023
77023
77032
77032
77036
77045
77055
77072
77080
77082
77105
77108
77117
77117
77125
77128
77146
77147
77148
77177
77210
77212
77229
77259
77262
77300
77301
77306
77309
77311
77348
77349
77361
77381
77383
77396
77396
77416
77423
77425
77425
77438
77447
77459
77468
77480
77497
77501
77551
77555
77568
77577
77584
77587
77609
77609
77633
77634
77643
77664
77683
77692
77713
77718
77720
77721
77737
77749
77761
77768
77781
77800
77802
77818
77840
77840
77844
77849
77857
77858
77865
77874
77876
77878
77880
77910
77918
77954
77962
77977
77993
78010
78032
78035
78038
78043
78047
78070
78071
78093
78097
78098
78103
78115
78122
78131
78134
78136
78145
78146
78147
78148
78161
78167
78169
78169
78179
78198
78204
78207
78232
78234
78254
78260
78274
78290
78291
78294
78300
78310
78311
78317
78337
78338
78338
78351
78365
78369
78381
78381
78385
78393
78409
78412
78422
78426
78441
78462
78466
78471
78473
78502
78525
78528
78531
78548
78576
78580
78607
78610
78611
78612
78613
78630
78634
78635
78657
78667
78673
78679
78680
78687
78711
78715
78721
78728
78730
78733
78747
78750
78751
78771
78778
78780
78781
78786
78793
78815
78832
78834
78841
78843
78864
78864
78872
78880
78884
78897
78901
78921
78962
79005
79029
79042
79063
79091
79094
79109
79111
79117
79119
79121
79122
79152
79170
79174
79178
79195
79197
79199
79228
79233
79250
79260
79269
79273
79296
79308
79309
79314
79319
79352
79354
79365
79376
79376
79379
79387
79395
79424
79445
79445
79483
79514
79516
79522
79531
79541
79544
79560
79565
79566
79568
79574
79581
79590
79592
79612
79619
79624
79634
79696
79698
79704
79711
79720
79726
79733
79744
79763
79767
79773
79785
79793
79795
79812
79813
79826
79828
79836
79841
79842
79888
79899
79908
79913
79927
79947
79949
79960
79972
79988
79992
79999
80010
80011
80017
80024
80031
80035
80045
80074
80081
80087
80093
80109
80112
80115
80116
80117
80119
80127
80165
80165
80171
80180
80204
80205
80216
80217
80218
80254
80259
80261
80263
80265
80267
80271
80275
80309
80319
80321
80337
80338
80358
80359
80366
80366
80371
80376
80382
80387
80396
80402
80434
80437
80451
80454
80457
80488
80505
80509
80515
80528
80559
80583
80585
80595
80597
80611
80612
80634
80652
80662
80671
80703
80721
80725
80735
80739
80759
80761
80771
80774
80775
80787
80788
80803
80822
80830
80861
80876
80891
80892
80893
80902
80926
80931
80937
80938
80960
80963
80978
80982
80982
80983
80988
80990
80991
80995
80997
80998
81008
81030
81059
81093
81096
81131
81136
81156
81161
81166
81180
81194
81199
81202
81216
81216
81260
81287
81290
81296
81306
81312
81314
81335
81338
81386
81395
81398
81414
81415
81418
81422
81438
81440
81440
81442
81442
81443
81444
81472
81488
81497
81505
81508
81517
81526
81530
81550
81558
81558
81569
81593
81607
81621
81631
81633
81633
81637
81645
81675
81677
81679
81681
81694
81696
81716
81744
81770
81772
81783
81822
81824
81825
81847
81854
81858
81863
81868
81879
81881
81883
81886
81894
81900
81906
81920
81921
81923
81932
81939
81957
81967
81982
82001
82029
82038
82054
82057
82083
82100
82125
82142
82178
82205
82218
82229
82244
82272
82277
82281
82281
82282
82294
82311
82344
82351
82352
82359
82363
82367
82369
82369
82371
82408
82411
82417
82421
82450
82457
82465
82484
82489
82489
82491
82496
82514
82521
82530
82537
82539
82546
82557
82570
82570
82572
82575
82594
82600
82603
82611
82637
82675
82681
82706
82734
82767
82781
82799
82799
82802
82818
82818
82839
82873
82875
82875
82908
82924
82934
82936
82938
82941
82951
82962
82972
82985
82992
82992
82994
83009
83056
83060
83065
83085
83089
83093
83097
83097
83105
83108
83109
83118
83132
83134
83135
83140
83145
83153
83181
83199
83209
83212
83213
83224
83229
83240
83246
83247
83253
83256
83264
83283
83284
83293
83296
83305
83351
83351
83363
83382
83405
83416
83431
83435
83451
83455
83471
83472
83480
83482
83497
83513
83514
83519
83530
83550
83566
83585
83585
83591
83620
83621
83633
83654
83658
83658
83662
83664
83665
83669
83702
83704
83708
83713
83714
83719
83729
83729
83731
83740
83743
83760
83775
83781
83787
83791
83799
83800
83803
83844
83850
83851
83856
83900
83901
83906
83956
83964
83973
83975
83978
83980
83980
83983
83992
83996
83997
84006
84016
84021
84022
84024
84025
84041
84048
84051
84056
84070
84074
84090
84099
84100
84112
84117
84118
84161
84163
84164
84187
84189
84196
84205
84254
84264
84268
84269
84278
84288
84289
84309
84319
84329
84344
84345
84355
84364
84371
84392
84415
84443
84456
84457
84470
84473
84474
84482
84487
84529
84531
84533
84534
84544
84549
84558
84568
84575
84610
84610
84611
84619
84649
84650
84654
84681
84682
84684
84693
84705
84719
84724
84732
84754
84758
84765
84794
84800
84804
84805
84847
84850
84868
84880
84886
84896
84920
84926
84930
84932
84938
84945
84948
84976
84978
85006
85010
85011
85013
85021
85025
85038
85046
85050
85054
85073
85082
85087
85100
85132
85140
85149
85186
85219
85234
85236
85239
85282
85284
85288
85303
85307
85310
85315
85319
85335
85356
85361
85363
85381
85407
85420
85421
85430
85431
85439
85443
85447
85466
85471
85484
85491
85500
85502
85535
85564
85569
85591
85604
85609
85626
85636
85652
85652
85660
85660
85664
85681
85701
85704
85721
85738
85743
85766
85769
85769
85792
85794
85797
85798
85811
85819
85823
85841
85868
85873
85880
85885
85916
85920
85922
85927
85938
85945
85974
85984
85986
85986
86010
86016
86045
86057
86060
86072
86075
86079
86080
86083
86090
86100
86107
86118
86135
86137
86139
86142
86146
86149
86177
86178
86178
86183
86184
86195
86202
86204
86219
86220
86221
86223
86230
86233
86261
86265
86269
86286
86295
86295
86299
86316
86316
86342
86345
86357
86360
86364
86369
86389
86394
86396
86398
86403
86413
86435
86441
86457
86479
86482
86484
86488
86505
86513
86519
86531
86532
86551
86557
86559
86574
86590
86607
86632
86635
86647
86650
86673
86699
86703
86723
86723
86732
86741
86741
86745
86747
86752
86781
86782
86791
86794
86801
86803
86814
86824
86836
86865
86872
86877
86884
86917
86942
86946
86969
86974
86975
86979
86982
86984
87004
87008
87015
87018
87026
87027
87028
87060
87063
87066
87082
87082
87083
87092
87113
87116
87144
87168
87185
87189
87194
87196
87209
87218
87225
87226
87232
87233
87234
87235
87272
87303
87326
87332
87339
87358
87365
87369
87377
87383
87441
87442
87456
87456
87463
87479
87484
87498
87530
87544
87560
87567
87577
87593
87606
87609
87610
87614
87625
87649
87663
87671
87684
87684
87688
87701
87707
87735
87768
87792
87819
87828
87834
87845
87862
87894
87906
87938
87939
87952
87975
87977
87980
87984
87992
87992
87995
87996
88005
88024
88033
88043
88044
88054
88055
88059
88060
88068
88078
88087
88102
88111
88166
88171
88179
88195
88205
88221
88222
88245
88248
88249
88251
88256
88258
88260
88268
88280
88285
88306
88314
88323
88332
88376
88379
88395
88413
88413
88416
88442
88494
88510
88521
88528
88529
88531
88554
88568
88575
88584
88589
88592
88601
88605
88606
88629
88634
88637
88653
88656
88665
88701
88701
88713
88715
88723
88727
88728
88736
88744
88748
88755
88769
88771
88780
88788
88806
88845
88852
88856
88868
88872
88881
88898
88906
88925
88942
88949
88959
88967
88984
89021
89030
89034
89039
89051
89071
89079
89084
89091
89094
89099
89117
89129
89130
89140
89143
89161
89176
89201
89202
89203
89212
89213
89234
89243
89253
89255
89261
89276
89282
89284
89290
89297
89302
89310
89319
89319
89321
89348
89364
89369
89371
89387
89403
89414
89417
89465
89467
89469
89471
89481
89482
89486
89492
89493
89502
89510
89525
89527
89528
89539
89540
89543
89560
89561
89586
89587
89595
89601
89650
89663
89671
89687
89733
89745
89754
89782
89789
89825
89828
89848
89889
89893
89904
89906
89915
89917
89922
89928
89942
89947
89952
89963
89968
89976
89979
90018
90024
90025
90042
90043
90046
90070
90082
90084
90115
90119
90120
90139
90141
90147
90153
90163
90172
90172
90172
90176
90182
90216
90222
67126
53250
96139
91987
10699
53734
18029
84690
57567
97674
91110
15500
57648
38336
51538
43380
74733
90548
40172
26489
12817
68071
20435
67354
25994
9389
16319
87344
95096
74414
40793
62222
44016
53284
70561
54715
7019
4942
55758
64586
2617
46868
80087
76617
1556
47977
19997
76289
38525
60169
19130
67694
44593
55917
35048
86939
65306
67719
90635
76754
58485
47780
38976
2501
1065
25889
73569
8084
30832
29327
72670
49801
92547
69109
42770
94103
17086
62767
70393
71963
39289
5875
39657
83882
61793
91058
87173
43451
75129
77809
20206
33615
25589
75534
36116
26654
17776
26037
34738
48608
55364
23761
14761
47911
9222
57531
58367
42661
36650
28760
14624
75939
50987
70634
76173
12780
61692
63347
56232
53173
41156
92790
86788
66745
68324
22905
93400
86100
65294
44490
51060
20659
84603
82173
84922
93826
56056
43289
36487
92707
88401
67463
68646
39389
54449
61172
68521
32493
24519
24753
85667
82027
17543
72455
48772
2220
11712
58524
4672
77007
19367
55733
14018
3970
54258
15292
14148
10315
58582
66987
3022
63335
50803
88020
19076
5252
49192
87598
37746
90063
12351
39765
72090
46247
12220
37215
64819
40285
95739
69491
17292
31458
41576
47662
51781
95835
62954
65929
6150
37888
49269
9172
1224
72
13544
20300
5324
79089
24250
59422
69152
52954
99187
41243
15553
11408
94810
80372
68045
6901
66215
85337
38360
7792
32999
90141
3627
12305
72422
26129
50194
21691
35301
67770
21763
65197
88070
27088
44286
28673
2862
13439
81627
2050
71034
97180
29810
65844
93904
97855
72745
60119
99544
27457
67911
48895
17598
71538
61200
90021
97667
11394
28064
49320
79164
49828
30870
83587
93268
75156
12260
96130
4947
10239
14532
92333
7419
60694
74529
1323
58549
47275
61442
74445
74732
45706
23340
8683
33596
893
15056
31264
12287
43120
96936
7804
9300
44158
7743
2568
19315
36355
15051
40614
46594
45935
32948
70365
6630
7477
88040
81531
71104
49482
55977
62189
11540
95669
87224
45137
96562
2280
92753
8850
61752
6041
33006
71053
50200
40749
89973
69515
77104
21376
26481
40050
67312
59429
10415
73942
66907
98455
55473
54363
64289
11450
16552
75830
7120
3776
20967
3682
22408
13720
28884
84161
19761
78242
71566
86313
18991
77891
55828
12447
99268
82310
52497
66580
58091
79264
40522
41350
77719
12347
95714
58361
23798
12266
34191
47270
32395
71510
67304
54803
1582
12541
55316
37695
90783
26882
24009
26127
4774
96189
38574
20394
78499
7424
86974
52943
86688
43848
94293
80760
56195
90007
39121
96345
18626
73312
59967
67373
61174
43624
22176
62756
56165
93845
451
63300
37079
40812
89427
58205
37002
44354
78599
31853
51778
81925
84796
54818
25773
79090
35578
98321
85449
74699
11018
20427
64363
70986
87800
25537
30962
26329
4645
87127
20174
21449
50427
73605
62261
56207
31811
99263
561
10410
31117
68691
92336
32265
23509
34461
27707
59088
32782
29509
50139
60153
49936
14503
47491
54089
40040
78453
96770
61038
65580
33296
82487
32359
6901
44748
88566
38712
44012
5479
49123
91481
74170
57811
40098
97680
92272
67806
73120
41407
97315
23259
17912
63603
37762
65403
17692
94155
43856
14462
55193
25788
47758
37680
74499
71012
98780
63066
9724
59144
68545
75199
66977
42716
33010
7076
56748
41635
74882
29868
83042
88549
69479
17306
52152
23594
82709
86197
17749
42917
659
89294
68705
64770
43326
59556
52134
42106
22622
61858
17603
7520
37058
84580
66588
86420
91656
39688
28055
82890
69556
27449
71439
55387
61107
39944
78981
43816
26141
13082
86733
43152
2376
71790
24274
62054
31347
76408
20513
70321
38267
38116
77841
91677
22696
60781
94449
30705
469
38857
13595
86377
82658
1387
41765
43766
57683
20746
87582
83824
33829
90668
43328
52557
78810
67603
30964
10157
44011
51477
96831
98630
89593
91024
6659
28641
51806
1109
59346
68627
56318
89294
55005
38976
7033
13122
99094
81068
50220
3029
64892
401
93697
24572
52959
88859
92175
83923
99017
52539
51752
12200
51169
41345
3224
74181
86338
71382
91642
62037
40010
47960
51331
11367
3288
74716
40841
2383
55784
91061
5412
37028
91463
15461
61600
60774
4320
70128
44697
19689
22667
96449
48241
90188
54146
51466
64369
40484
39200
72363
2521
79210
20323
70204
6929
39964
61272
47770
58699
33408
55184
80463
86788
46647
95924
64741
23773
16596
34869
68470
52638
73888
81271
879
80428
51769
68697
44798
8605
7898
33513
27479
3460
53837
14035
26742
10153
75308
90864
68852
25068
46048
49315
11857
9047
61591
76598
32820
94539
27819
17642
47177
1707
98913
64409
98487
67034
33106
43285
75640
57356
93151
19471
60817
46988
33506
87559
73493
25166
78423
42345
50235
24472
8012
62092
49871
69603
55042
82692
64142
82861
334
27672
920
15600
92081
99407
82634
25187
59045
74626
82544
52196
94097
59713
15536
27604
47272
5381
52770
42047
47726
3005
82871
72090
81449
32743
41693
36491
15435
22187
35704
15769
49859
52976
47721
41940
68736
30356
83480
27781
4982
82376
96329
15432
58441
28217
59388
22065
33598
12158
64112
81324
31516
63336
53414
29317
96079
11459
65809
27866
33646
17865
59987
99858
70842
7709
58150
39578
54417
57982
83711
75751
40358
80040
91183
98799
8257
50571
20864
58207
79082
1329
39531
10598
64665
9297
39915
77096
37108
22076
4962
87106
56294
64949
86964
27136
89010
61467
83066
43427
19449
83129
19179
76160
63169
26714
91311
87778
77286
28528
62337
56368
29857
18220
83318
10874
27517
39585
87970
80977
78014
9284
68083
34308
74233
71400
77796
79596
32867
60862
23023
68668
43991
58554
44828
23512
85269
36140
27642
78907
64668
89979
51627
94525
8199
51297
5399
52068
90882
9721
49397
68896
19005
17480
3204
9590
5232
81000
89186
54451
58214
28562
23120
18557
3468
67948
58421
88737
4088
2415
83996
68756
92394
35623
79633
16945
86920
1384
85365
94155
11105
34762
79403
30110
68595
82608
56053
90179
79960
45239
44631
54527
90153
67751
73084
93622
52051
47858
98711
56140
50273
82708
41248
59020
34683
37234
92317
37956
38618
77683
48463
66076
28797
27866
12538
13744
26826
68591
3924
23139
30183
48555
77666
20336
32658
67102
13958
84709
14960
29022
57201
81586
28082
14802
40606
79117
52036
32923
17073
90654
26958
