0
9
17
21
22
37
37
42
58
62
63
63
70
71
78
79
82
84
92
96
100
102
104
108
116
116
119
120
121
122
123
133
135
142
146
156
159
189
200
208
222
226
233
247
252
255
255
288
292
293
299
301
301
306
308
316
318
321
331
335
340
347
365
368
371
372
378
389
390
396
398
399
406
411
416
424
438
449
464
466
467
470
482
482
485
485
485
488
488
493
514
516
516
527
531
534
534
541
546
555
556
557
565
579
584
585
588
588
594
600
601
606
611
626
627
636
637
643
648
659
668
670
679
696
708
718
719
719
721
734
744
750
750
756
757
764
765
780
781
783
784
785
785
786
791
793
802
805
824
832
835
839
846
847
850
884
895
895
904
912
921
933
939
942
963
967
970
972
993
1021
1023
1039
1039
1049
1053
1059
1060
1068
1082
1089
1112
1115
1120
1124
1128
1160
1162
1172
1172
1192
1196
1198
1201
1203
1205
1212
1230
1236
1238
1242
1244
1250
1264
1266
1269
1275
1309
1319
1333
1337
1341
1344
1349
1349
1349
1354
1356
1367
1378
1379
1387
1403
1405
1413
1420
1424
1446
1453
1460
1480
1485
1492
1495
1496
1507
1521
1528
1542
1543
1550
1562
1570
1580
1591
1594
1594
1599
1608
1619
1630
1644
1656
1675
1678
1686
1704
1705
1706
1721
1727
1727
1729
1734
1736
1749
1758
1760
1781
1781
1782
1784
1788
1801
1808
1814
1815
1815
1822
1827
1837
1841
1846
1849
1852
1855
1858
1871
1878
1878
1884
1884
1886
1886
1906
1911
1921
1923
1926
1928
1941
1943
1960
1961
1962
1963
1981
1996
1999
2010
2013
2013
2013
2023
2036
2037
2038
2040
2041
2041
2049
2052
2056
2056
2066
2067
2077
2077
2078
2082
2087
2088
2089
2097
2100
2102
2107
2111
2118
2131
2132
2134
2142
2146
2148
2153
2159
2166
2170
2173
2174
2175
2179
2182
2197
2204
2206
2208
2210
2216
2226
2234
2259
2260
2266
2271
2271
2271
2271
2281
2302
2306
2340
2371
2375
2378
2389
2396
2404
2408
2412
2418
2426
2426
2436
2466
2471
2472
2482
2488
2491
2498
2506
2534
2548
2555
2568
2568
2602
2606
2612
2613
2646
2648
2654
2657
2664
2666
2668
2669
2681
2686
2689
2694
2697
2726
2742
2744
2760
2761
2779
2795
2796
2802
2815
2817
2821
2832
2837
2838
2847
2853
2856
2857
2859
2860
2863
2867
2874
2882
2883
2887
2898
2912
2914
2916
2920
2928
2944
2946
2946
2954
2957
2961
2961
2961
2972
2982
2986
2988
2990
2990
2990
2991
2995
3014
3018
3044
3045
3050
3050
3055
3059
3061
3066
3076
3078
3081
3081
3093
3116
3116
3135
3140
3141
3147
3155
3158
3160
3164
3179
3182
3184
3202
3207
3209
3210
3221
3246
3254
3256
3265
3278
3283
3286
3302
3308
3313
3314
3329
3338
3342
3354
3366
3376
3377
3392
3400
3405
3408
3414
3416
3420
3422
3430
3435
3442
3444
3448
3449
3452
3460
3462
3481
3493
3494
3506
3508
3509
3510
3512
3515
3532
3544
3544
3545
3546
3562
3571
3612
3638
3646
3649
3651
3656
3660
3660
3667
3675
3677
3699
3709
3711
3719
3726
3727
3729
3740
3746
3755
3758
3772
3780
3797
3809
3819
3822
3827
3836
3836
3841
3853
3854
3879
3883
3885
3888
3890
3895
3903
3904
3905
3926
3930
3932
3947
3955
3969
3969
3972
3974
3976
3986
3990
3993
3994
3998
4008
4010
4010
4014
4027
4043
4044
4054
4059
4071
4089
4098
4100
4105
4110
4132
4138
4139
4143
4152
4164
4180
4184
4186
4212
4217
4225
4226
4238
4241
4249
4253
4273
4285
4288
4293
4296
4308
4317
4322
4322
4324
4326
4327
4333
4339
4364
4368
4371
4378
4379
4387
4388
4396
4397
4405
4405
4408
4411
4414
4419
4428
4440
4449
4460
4461
4473
4485
4489
4489
4498
4499
4504
4508
4511
4522
4523
4539
4539
4542
4549
4558
4558
4564
4569
4571
4573
4592
4598
4600
4602
4604
4605
4605
4609
4620
4626
4645
4650
4650
4651
4652
4655
4657
4657
4668
4674
4691
4700
4704
4711
4719
4728
4730
4736
4747
4757
4759
4760
4760
4789
4809
4814
4815
4829
4830
4831
4832
4846
4851
4851
4861
4864
4869
4874
4876
4885
4887
4891
4896
4898
4898
4914
4922
4923
4924
4929
4930
4932
4933
4941
4942
4942
4946
4949
4957
4961
4961
4976
4980
4995
5020
5021
5052
5054
5074
5080
5093
5098
5103
5104
5104
5105
5107
5110
5116
5117
5118
5125
5130
5132
5133
5156
5164
5173
5176
5178
5179
5182
5193
5193
5198
5200
5200
5214
5221
5223
5226
5236
5252
5264
5265
5271
5283
5288
5303
5307
5315
5318
5337
5352
5367
5369
5378
5404
5406
5411
5417
5419
5422
5427
5456
5463
5476
5483
5485
5493
5495
5504
5510
5522
5522
5528
5529
5530
5546
5551
5564
5564
5568
5569
5570
5586
5590
5598
5598
5599
5601
5602
5605
5606
5609
5615
5620
5630
5637
5643
5653
5653
5676
5681
5683
5687
5687
5694
5698
5701
5702
5703
5715
5734
5735
5738
5745
5748
5750
5766
5772
5775
5776
5777
5788
5798
5803
5816
5823
5825
5835
5839
5840
5846
5866
5881
5881
5886
5900
5909
5909
5915
5918
5927
5929
5932
5933
5941
5970
5980
5985
6004
6008
6013
6014
6016
6042
6043
6045
6063
6071
6074
6075
6087
6090
6093
6095
6100
6109
6112
6114
6129
6145
6149
6152
6156
6156
6158
6160
6172
6185
6188
6189
6193
6193
6198
6200
6201
6203
6234
6235
6247
6254
6255
6257
6269
6273
6275
6285
6290
6291
6295
6302
6322
6324
6327
6331
6336
6346
6366
6368
6372
6374
6382
6401
6403
6406
6411
6415
6420
6422
6437
6447
6449
6457
6461
6462
6468
6468
6469
6471
6474
6486
6489
6492
6493
6496
6510
6510
6516
6524
6527
6534
6541
6549
6562
6566
6572
6582
6582
6586
6610
6627
6634
6642
6646
6659
6670
6674
6705
6705
6726
6734
6738
6741
6743
6744
6766
6769
6769
6775
6790
6791
6803
6804
6815
6840
6841
6844
6850
6855
6860
6867
6882
6886
6897
6904
6910
6910
6919
6938
6945
6955
7013
7020
7020
7052
7066
7071
7079
7102
7103
7114
7115
7115
7121
7127
7139
7141
7143
7145
7184
7187
7191
7194
7196
7220
7232
7242
7246
7249
7257
7258
7264
7267
7280
7308
7308
7312
7313
7323
7327
7333
7335
7337
7363
7371
7382
7388
7388
7392
7396
7408
7416
7420
7432
7434
7440
7442
7443
7458
7466
7485
7491
7496
7504
7510
7513
7517
7525
7540
7552
7563
7575
7576
7580
7580
7581
7587
7588
7590
7593
7596
7600
7602
7603
7604
7605
7612
7614
7627
7644
7647
7648
7650
7651
7652
7653
7657
7659
7660
7674
7676
7679
7693
7700
7708
7718
7725
7734
7735
7749
7749
7757
7760
7776
7780
7785
7798
7804
7807
7808
7811
7817
7819
7822
7830
7831
7833
7842
7842
7843
7846
7855
7865
7875
7875
7876
7878
7887
7890
7898
7903
7908
7912
7921
7925
7929
7932
7939
7950
7957
7977
7983
7994
7995
8005
8007
8009
8016
8019
8023
8023
8027
8028
8047
8055
8062
8063
8070
8081
8082
8090
8100
8102
8111
8121
8123
8125
8131
8168
8176
8176
8183
8183
8191
8197
8201
8204
8205
8215
8218
8228
8235
8238
8240
8243
8260
8260
8267
8272
8278
8284
8289
8293
8296
8317
8317
8327
8329
8336
8337
8343
8345
8345
8346
8350
8357
8363
8405
8405
8407
8412
8422
8426
8429
8434
8439
8446
8451
8455
8460
8465
8473
8474
8481
8482
8484
8485
8503
8516
8520
8526
8548
8563
8564
8570
8571
8586
8592
8598
8609
8615
8622
8651
8658
8676
8677
8685
8689
8702
8706
8714
8718
8722
8735
8738
8738
8739
8755
8758
8760
8762
8767
8768
8775
8793
8800
8807
8821
8830
8850
8857
8863
8864
8882
8882
8908
8910
8920
8924
8925
8926
8937
8951
8957
8959
8989
8999
9003
9006
9006
9007
9008
9009
9012
9012
9016
9021
9029
9033
9034
9039
9051
9056
9058
9063
9065
9065
9073
9107
9110
9120
9124
9135
9136
9136
9139
9145
9153
9157
9158
9175
9178
9179
9188
9207
9218
9234
9235
9236
9238
9261
9262
9265
9275
9276
9278
9284
9286
9287
9292
9297
9298
9299
9299
9315
9319
9322
9330
9337
9349
9362
9364
9365
9368
9374
9380
9380
9381
9382
9384
9384
9392
9410
9420
9435
9456
9460
9473
9482
9482
9497
9510
9512
9513
9523
9526
9529
9538
9541
9547
9563
9564
9570
9570
9576
9583
9588
9590
9598
9600
9617
9623
9627
9637
9650
9652
9659
9668
9669
9670
9671
9703
9706
9711
9718
9727
9727
9729
9734
9742
9743
9766
9766
9775
9785
9792
9800
9806
9814
9816
9822
9829
9855
9862
9862
9874
9881
9906
9914
9917
9919
9920
9923
9940
9951
9974
9976
9977
9982
9991
9996
9999
10008
10012
10039
10060
10081
10083
10088
10088
10094
10102
10107
10123
10129
10129
10137
10139
10144
10151
10152
10159
10163
10165
10172
10176
10179
10191
10195
10201
10206
10219
10226
10239
10247
10256
10267
10282
10283
10295
10305
10311
10317
10318
10319
10349
10349
10351
10352
10363
10368
10370
10370
10374
10379
10394
10403
10408
10409
10420
10424
10425
10435
10439
10445
10446
10450
10457
10459
10462
10463
10463
10467
10476
10478
10480
10482
10490
10518
10528
10531
10534
10535
10538
10543
10544
10546
10547
10549
10558
10568
10568
10588
10595
10610
10611
10612
10623
10636
10639
10659
10668
10670
10670
10670
10679
10692
10702
10705
10712
10728
10733
10733
10740
10752
10755
10766
10779
10779
10779
10781
10801
10807
10815
10825
10833
10878
10884
10888
10893
10894
10906
10907
10910
10913
10920
10928
10937
10957
10958
10975
10976
10993
11029
11032
11034
11039
11039
11042
11043
11048
11049
11049
11063
11063
11072
11076
11079
11100
11105
11109
11111
11114
11119
11119
11142
11146
11153
11153
11171
11177
11186
11190
11191
11194
11196
11197
11201
11211
11226
11237
11247
11258
11260
11271
11278
11281
11284
11289
11307
11319
11327
11329
11331
11332
11335
11335
11340
11364
11373
11385
11385
11388
11393
11395
11424
11427
11427
11432
11443
11458
11464
11471
11479
11488
11494
11498
11503
11512
11513
11526
11530
11569
11570
11573
11582
11591
11592
11599
11607
11616
11619
11625
11641
11646
11649
11652
11652
11655
11656
11659
11663
11669
11671
11674
11679
11691
11709
11715
11721
11724
11725
11726
11729
11733
11735
11739
11748
11750
11769
11771
11775
11776
11778
11784
11785
11785
11790
11800
11800
11802
11802
11817
11823
11835
11849
11858
11868
11878
11885
11887
11904
11911
11923
11937
11948
11957
11966
11998
12001
12002
12003
12009
12012
12032
12038
12052
12054
12055
12061
12067
12069
12071
12083
12086
12107
12114
12126
12127
12127
12133
12134
12140
12150
12158
12159
12179
12185
12187
12193
12195
12215
12232
12234
12236
12247
12253
12259
12264
12268
12289
12291
12292
12301
12304
12304
12311
12324
12326
12335
12339
12343
12346
12346
12354
12376
12384
12388
12390
12392
12399
12407
12414
12421
12426
12435
12437
12437
12438
12441
12451
12451
12455
12456
12456
12458
12459
12461
12466
12467
12467
12471
12485
12491
12496
12501
12502
12504
12507
12515
12515
12559
12564
12570
12570
12575
12577
12580
12585
12594
12595
12599
12603
12606
12616
12624
12627
12629
12630
12634
12639
12639
12644
12651
12659
12665
12666
12671
12674
12681
12703
12707
12715
12715
12721
12729
12737
12747
12749
12757
12762
12768
12775
12780
12783
12791
12803
12827
12828
12833
12834
12835
12845
12847
12869
12873
12883
12884
12891
12892
12903
12917
12917
12918
12927
12949
12958
12973
12977
12982
12984
12986
12986
13009
13010
13015
13018
13028
13033
13034
13043
13053
13067
13084
13088
13090
13093
13096
13097
13104
13104
13115
13133
13133
13133
13137
13142
13144
13148
13151
13157
13167
13183
13187
13192
13208
13208
13211
13220
13221
13221
13224
13225
13234
13247
13256
13256
13262
13266
13267
13273
13279
13281
13283
13292
13293
13299
13305
13311
13321
13326
13337
13362
13372
13377
13390
13400
13408
13412
13423
13429
13431
13433
13437
13460
13475
13479
13504
13515
13521
13534
13536
13543
13543
13543
13560
13574
13587
13598
13601
13607
13609
13633
13649
13661
13669
13690
13699
13720
13728
13729
13734
13735
13738
13742
13758
13759
13768
13774
13777
13781
13783
13785
13786
13812
13825
13837
13837
13839
13840
13848
13848
13868
13875
13881
13886
13891
13896
13909
13916
13916
13923
13929
13939
13939
13945
13960
13962
13976
13979
13989
13990
13992
13998
14002
14002
14005
14006
14014
14018
14021
14026
14027
14034
14042
14048
14058
14067
14072
14072
14095
14101
14108
14110
14114
14114
14115
14115
14119
14134
14138
14148
14151
14164
14168
14170
14187
14198
14203
14207
14209
14210
14210
14215
14218
14221
14228
14231
14231
14234
14242
14243
14247
14248
14253
14261
14263
14267
14281
14284
14290
14299
14315
14315
14321
14322
14323
14327
14330
14353
14357
14361
14368
14377
14385
14392
14407
14418
14422
14426
14427
14431
14439
14445
14457
14461
14464
14465
14473
14481
14482
14504
14505
14523
14523
14551
14559
14564
14572
14580
14584
14590
14600
14611
14612
14622
14623
14627
14635
14637
14638
14639
14645
14658
14660
14670
14689
14689
14725
14742
14759
14764
14768
14777
14778
14788
14798
14800
14805
14812
14825
14830
14836
14838
14853
14856
14859
14861
14865
14875
14878
14884
14890
14890
14894
14917
14919
14943
14945
14952
14956
14967
14970
14973
14976
14980
14984
14985
14995
14997
15000
15005
15007
15015
15018
15019
15025
15025
15029
15040
15058
15061
15063
15071
15080
15097
15114
15114
15125
15128
15138
15141
15161
15176
15176
15177
15179
15193
15215
15229
15231
15233
15242
15256
15261
15270
15274
15289
15291
15295
15295
15314
15319
15321
15339
15342
15344
15349
15353
15354
15373
15375
15378
15388
15392
15403
15434
15441
15445
15447
15450
15450
15451
15455
15458
15458
15464
15465
15478
15481
15506
15509
15512
15515
15515
15516
15518
15520
15521
15525
15535
15537
15542
15547
15555
15555
15568
15578
15585
15591
15592
15592
15594
15598
15607
15618
15620
15624
15628
15630
15640
15644
15645
15648
15652
15661
15663
15664
15665
15668
15670
15681
15693
15695
15696
15706
15716
15727
15748
15764
15773
15775
15783
15800
15810
15813
15816
15817
15823
15824
15837
15839
15849
15854
15873
15886
15894
15896
15906
15916
15917
15923
15932
15934
15936
15952
15956
15961
15967
15979
15988
15999
16001
16012
16014
16024
16024
16051
16063
16065
16066
16068
16069
16073
16082
16086
16097
16105
16123
16124
16128
16142
16144
16156
16162
16164
16170
16181
16233
16234
16234
16238
16259
16263
16267
16282
16290
16295
16295
16300
16301
16303
16305
16305
16311
16322
16345
16374
16381
16394
16394
16399
16412
16413
16418
16422
16425
16427
16428
16429
16448
16448
16467
16469
16475
16476
16483
16487
16489
16491
16494
16499
16499
16503
16513
16523
16528
16535
16536
16554
16577
16582
16587
16597
16619
16629
16631
16649
16656
16657
16664
16676
16689
16690
16691
16700
16705
16720
16724
16737
16753
16757
16764
16767
16783
16785
16786
16791
16809
16823
16830
16833
16836
16839
16844
16853
16854
16864
16877
16879
16883
16890
16896
16901
16902
16904
16915
16916
16925
16933
16935
16936
16942
16960
16962
16962
16964
16966
16969
16971
16978
16980
17001
17004
17011
17018
17019
17024
17025
17025
17025
17030
17033
17035
17045
17057
17060
17069
17076
17087
17091
17092
17093
17095
17104
17110
17113
17122
17126
17126
17131
17143
17144
17145
17155
17179
17181
17183
17187
17187
17189
17191
17205
17210
17218
17220
17223
17228
17237
17268
17284
17287
17288
17292
17295
17299
17302
17304
17304
17315
17317
17321
17322
17323
17326
17328
17329
17352
17354
17357
17360
17372
17380
17382
17385
17386
17395
17398
17405
17406
17408
17409
17410
17416
17428
17428
17449
17450
17456
17461
17473
17485
17487
17488
17493
17496
17499
17500
17504
17506
17520
17523
17531
17533
17536
17536
17562
17564
17566
17573
17575
17575
17580
17582
17584
17619
17620
17623
17637
17678
17689
17691
17693
17697
17699
17704
17705
17714
17716
17717
17718
17726
17734
17744
17744
17744
17748
17748
17754
17755
17757
17764
17770
17776
17777
17781
17784
17802
17808
17827
17829
17836
17843
17850
17867
17877
17882
17887
17887
17890
17899
17904
17908
17914
17924
17953
17954
17963
17970
17972
17975
17993
17997
17998
18002
18005
18011
18015
18017
18018
18027
18030
18031
18037
18044
18059
18062
18063
18069
18084
18088
18094
18095
18109
18110
18111
18113
18118
18121
18147
18152
18152
18162
18173
18174
18182
18184
18188
18189
18189
18204
18206
18208
18217
18217
18232
18241
18248
18258
18258
18262
18271
18274
18282
18286
18291
18302
18307
18309
18310
18322
18324
18324
18351
18357
18361
18363
18370
18375
18377
18380
18383
18385
18386
18391
18397
18411
18416
18416
18425
18428
18430
18439
18447
18448
18448
18453
18456
18471
18474
18475
18478
18480
18481
18482
18493
18496
18506
18518
18522
18522
18527
18529
18544
18564
18568
18581
18581
18592
18597
18597
18604
18610
18613
18622
18625
18629
18632
18633
18638
18644
18646
18651
18691
18696
18699
18700
18713
18722
18730
18741
18763
18764
18801
18823
18826
18833
18835
18836
18836
18839
18839
18844
18847
18848
18853
18853
18873
18876
18878
18886
18890
18891
18892
18918
18923
18926
18930
18934
18943
18952
18961
18963
18969
18979
18991
18992
19000
19008
19017
19020
19022
19025
19027
19035
19035
19041
19043
19048
19049
19067
19072
19073
19083
19092
19093
19094
19102
19104
19106
19114
19126
19151
19153
19162
19164
19178
19178
19182
19184
19185
19187
19188
19220
19247
19260
19273
19282
19287
19291
19296
19309
19309
19314
19314
19321
19328
19334
19347
19368
19371
19381
19384
19389
19389
19397
19419
19428
19431
19437
19438
19445
19455
19461
19483
19488
19491
19493
19495
19510
19519
19520
19521
19522
19524
19528
19530
19533
19537
19541
19543
19547
19552
19553
19577
19585
19592
19594
19601
19624
19628
19632
19642
19645
19649
19660
19660
19663
19668
19692
19695
19699
19702
19704
19704
19709
19711
19715
19717
19722
19726
19729
19732
19733
19735
19755
19756
19757
19767
19782
19788
19790
19793
19834
19834
19836
19842
19842
19857
19870
19871
19883
19895
19897
19913
19916
19920
19922
19925
19935
19944
19948
19949
19958
19967
19972
19972
19975
19979
19979
19983
19983
19992
19999
20017
20019
20020
20025
20041
20044
20055
20059
20061
20062
20062
20065
20067
20074
20075
20076
20077
20078
20081
20085
20115
20117
20130
20140
20150
20150
20154
20159
20164
20164
20178
20179
20185
20185
20188
20218
20220
20221
20223
20227
20246
20261
20266
20276
20279
20282
20282
20287
20299
20309
20312
20313
20320
20329
20331
20338
20339
20341
20351
20368
20369
20378
20379
20387
20392
20392
20399
20400
20418
20426
20433
20436
20447
20455
20455
20463
20465
20475
20483
20484
20487
20495
20512
20529
20543
20550
20550
20551
20552
20556
20560
20561
20562
20570
20576
20594
20601
20601
20601
20614
20620
20623
20629
20634
20642
20643
20645
20653
20671
20681
20690
20701
20705
20706
20707
20718
20719
20722
20731
20734
20748
20749
20751
20761
20763
20771
20777
20788
20797
20817
20825
20836
20843
20843
20846
20846
20861
20862
20875
20891
20897
20926
20928
20930
20934
20936
20940
20948
20950
20952
20955
20958
20969
20971
20988
20988
20990
21011
21017
21027
21033
21036
21068
21096
21099
21101
21105
21108
21109
21131
21135
21141
21143
21160
21165
21174
21178
21182
21185
21188
21189
21190
21201
21208
21216
21217
21226
21228
21235
21236
21247
21255
21258
21260
21275
21284
21289
21292
21297
21303
21309
21324
21333
21336
21380
21391
21402
21407
21418
21420
21423
21428
21434
21437
21437
21440
21444
21448
21449
21458
21462
21463
21480
21497
21501
21501
21503
21503
21509
21510
21514
21515
21535
21539
21553
21564
21568
21573
21580
21580
21585
21610
21611
21613
21623
21631
21656
21658
21665
21672
21688
21697
21702
21706
21713
21717
21726
21728
21755
21756
21770
21781
21786
21791
21807
21814
21815
21828
21838
21842
21846
21856
21882
21887
21901
21909
21913
21914
21919
21939
21941
21945
21958
21963
21972
21998
21999
22004
22015
22035
22050
22059
22059
22068
22078
22079
22080
22093
22097
22102
22109
22110
22111
22120
22129
22134
22142
22143
22147
22149
22153
22154
22155
22165
22181
22189
22192
22193
22207
22212
22221
22226
22253
22258
22259
22262
22264
22268
22271
22279
22282
22283
22296
22312
22320
22323
22326
22327
22333
22335
22335
22340
22341
22347
22349
22355
22364
22377
22392
22392
22398
22399
22401
22408
22418
22419
22435
22442
22450
22454
22465
22466
22477
22479
22482
22489
22497
22498
22508
22511
22512
22517
22522
22536
22546
22549
22553
22559
22562
22568
22570
22570
22570
22578
22584
22592
22608
22609
22611
22615
22627
22640
22646
22652
22653
22657
22703
22712
22715
22718
22726
22732
22734
22738
22744
22744
22754
22762
22771
22776
22794
22804
22814
22826
22828
22842
22845
22848
22856
22863
22865
22883
22885
22904
22912
22912
22919
22925
22930
22931
22937
22937
22938
22948
22950
22962
22964
22964
22964
22965
22985
23000
23019
23026
23027
23037
23042
23045
23054
23055
23067
23078
23082
23086
23087
23089
23094
23102
23127
23134
23136
23142
23153
23157
23158
23173
23181
23192
23200
23205
23208
23227
23241
23257
23276
23287
23290
23312
23313
23321
23329
23331
23333
23338
23342
23345
23357
23361
23372
23373
23384
23386
23386
23403
23414
23420
23431
23434
23439
23440
23440
23468
23476
23479
23480
23480
23483
23486
23496
23497
23500
23504
23506
23509
23514
23517
23517
23518
23530
23550
23558
23560
23562
23562
23575
23580
23582
23595
23598
23609
23626
23640
23647
23648
23656
23659
23662
23663
23671
23690
23693
23701
23708
23709
23714
23721
23732
23768
23780
23791
23794
23806
23811
23830
23843
23854
23871
23894
23925
23931
23940
23945
23951
23971
23988
23996
23998
23999
24017
24034
24042
24053
24058
24071
24073
24084
24096
24098
24102
24103
24106
24109
24118
24118
24135
24139
24141
24151
24159
24161
24164
24172
24173
24177
24178
24181
24192
24195
24227
24230
24232
24234
24242
24244
24249
24251
24255
24261
24271
24272
24282
24303
24304
24313
24326
24329
24350
24373
24374
24393
24395
24404
24409
24425
24442
24448
24468
24492
24497
24499
24505
24505
24510
24511
24526
24526
24531
24550
24554
24555
24555
24559
24570
24572
24576
24579
24579
24580
24580
24589
24589
24597
24597
24599
24602
24606
24607
24611
24615
24624
24634
24656
24667
24681
24687
24697
24700
24703
24708
24714
24733
24741
24747
24749
24756
24769
24781
24785
24785
24787
24793
24794
24795
24814
24819
24820
24840
24843
24844
24854
24854
24856
24858
24869
24870
24887
24896
24905
24908
24910
24930
24945
24949
24950
24959
24981
24984
24985
25025
25038
25038
25040
25046
25053
25056
25058
25062
25065
25067
25072
25075
25078
25081
25109
25121
25126
25150
25162
25185
25205
25207
25208
25210
25211
25211
25215
25217
25228
25232
25235
25248
25253
25253
25261
25265
25268
25308
25312
25324
25327
25330
25331
25336
25342
25348
25352
25357
25359
25364
25381
25387
25392
25409
25409
25418
25436
25450
25456
25457
25457
25463
25464
25470
25472
25497
25502
25505
25506
25507
25510
25518
25520
25528
25537
25561
25569
25572
25583
25583
25600
25610
25613
25615
25628
25634
25635
25639
25639
25640
25645
25652
25659
25666
25667
25686
25694
25706
25722
25733
25741
25742
25755
25758
25759
25759
25760
25765
25774
25782
25784
25795
25797
25812
25814
25815
25815
25816
25822
25841
25843
25858
25876
25888
25900
25904
25911
25917
25921
25933
25934
25934
25946
25960
25966
25966
25977
25982
25996
25998
26008
26025
26027
26027
26033
26039
26041
26044
26052
26060
26065
26066
26067
26078
26091
26117
26131
26132
26140
26152
26157
26159
26161
26172
26178
26182
26183
26186
26202
26223
26234
26249
26252
26263
26277
26289
26303
26309
26318
26335
26341
26347
26362
26367
26389
26396
26397
26405
26409
26410
26414
26416
26422
26432
26433
26437
26440
26443
26451
26464
26465
26466
26470
26472
26484
26493
26504
26506
26509
26520
26539
26554
26558
26559
26574
26575
26583
26601
26605
26606
26613
26626
26627
26628
26648
26653
26660
26662
26676
26678
26688
26689
26692
26696
26699
26699
26714
26718
26720
26722
26726
26750
26752
26757
26760
26761
26796
26806
26811
26826
26833
26833
26834
26845
26846
26846
26854
26860
26864
26868
26872
26877
26877
26884
26885
26894
26899
26907
26920
26926
26926
26937
26948
26949
26955
26962
26968
26969
26978
26980
26983
26995
26996
26999
27006
27035
27038
27079
27079
27088
27122
27128
27139
27144
27149
27159
27163
27169
27174
27176
27191
27192
27199
27204
27205
27217
27219
27221
27226
27269
27276
27292
27292
27292
27292
27298
27299
27305
27315
27328
27339
27349
27369
27369
27376
27385
27397
27399
27404
27408
27409
27418
27419
27424
27427
27432
27436
27436
27436
27438
27439
27440
27441
27443
27445
27450
27455
27455
27458
27463
27469
27472
27474
27489
27495
27504
27511
27518
27520
27520
27529
27534
27537
27545
27545
27552
27555
27556
27563
27564
27571
27581
27582
27590
27592
27596
27609
27613
27617
27619
27620
27634
27635
27638
27644
27647
27649
27654
27661
27676
27678
27685
27689
27690
27695
27701
27724
27746
27758
27769
27775
27775
27786
27797
27798
27799
27808
27816
27826
27838
27851
27861
27861
27867
27867
27884
27888
27889
27891
27893
27906
27907
27914
27927
27934
27935
27938
27939
27960
27966
27966
27970
27974
27976
27985
27988
27989
28006
28006
28014
28019
28020
28039
28047
28049
28052
28064
28065
28067
28074
28077
28081
28088
28094
28107
28107
28108
28119
28120
28128
28148
28151
28153
28162
28164
28166
28182
28186
28188
28196
28208
28215
28215
28227
28231
28242
28246
28246
28247
28255
28262
28266
28269
28273
28281
28283
28287
28292
28299
28299
28302
28304
28305
28308
28320
28321
28328
28337
28341
28354
28361
28368
28372
28376
28377
28381
28382
28382
28383
28384
28391
28423
28426
28431
28436
28447
28455
28456
28461
28463
28475
28488
28492
28506
28507
28511
28526
28528
28533
28536
28539
28554
28555
28572
28578
28595
28595
28603
28615
28621
28632
28683
28683
28686
28702
28705
28710
28712
28715
28719
28721
28751
28756
28763
28767
28775
28788
28790
28793
28799
28810
28811
28830
28835
28845
28852
28853
28853
28855
28861
28868
28868
28870
28873
28874
28878
28890
28894
28905
28910
28913
28915
28916
28917
28917
28932
28949
28958
28959
28960
28969
28972
28975
28976
29021
29029
29030
29030
29044
29044
29055
29060
29072
29074
29077
29083
29101
29102
29116
29123
29126
29146
29146
29167
29169
29175
29183
29188
29191
29193
29199
29201
29204
29205
29206
29207
29210
29228
29231
29235
29240
29240
29243
29267
29277
29285
29301
29304
29312
29314
29325
29329
29341
29343
29344
29355
29382
29391
29400
29401
29414
29417
29427
29439
29449
29451
29483
29486
29498
29500
29501
29502
29506
29506
29511
29514
29514
29515
29515
29518
29522
29524
29539
29540
29546
29556
29589
29619
29644
29666
29670
29675
29699
29709
29712
29715
29718
29730
29734
29736
29738
29739
29743
29745
29782
29795
29837
29848
29858
29863
29866
29881
29881
29885
29886
29888
29912
29926
29927
29928
29934
29944
29948
29958
29959
29976
29978
29980
29986
29987
29989
29991
29992
29998
30002
30017
30019
30024
30028
30031
30040
30042
30042
30044
30045
30045
30049
30052
30056
30060
30064
30078
30079
30082
30087
30089
30104
30108
30122
30133
30137
30151
30154
30165
30173
30180
30184
30184
30188
30192
30199
30215
30231
30237
30243
30250
30252
30263
30265
30267
30274
30286
30297
30300
30304
30308
30315
30325
30331
30334
30335
30341
30351
30360
30364
30365
30371
30372
30383
30387
30388
30408
30411
30411
30420
30420
30429
30431
30439
30446
30447
30459
30467
30484
30484
30491
30497
30507
30523
30532
30535
30537
30540
30548
30553
30553
30557
30576
30599
30602
30607
30608
30618
30624
30626
30627
30640
30643
30644
30647
30656
30657
30675
30678
30699
30704
30707
30710
30716
30729
30733
30737
30739
30747
30751
30765
30769
30779
30779
30783
30786
30806
30818
30820
30826
30838
30840
30847
30849
30854
30862
30864
30871
30871
30873
30878
30885
30888
30891
30896
30896
30900
30908
30923
30933
30934
30947
30948
30952
30966
30972
30978
30984
30985
30985
30989
30989
30991
31005
31010
31026
31041
31044
31046
31055
31058
31061
31068
31081
31084
31093
31098
31116
31116
31125
31152
31165
31173
31184
31185
31209
31216
31232
31239
31241
31241
31241
31250
31253
31261
31265
31287
31291
31309
31310
31315
31318
31320
31324
31334
31337
31342
31349
31363
31376
31377
31401
31401
31405
31405
31405
31410
31427
31429
31431
31432
31438
31442
31445
31457
31466
31474
31480
31492
31496
31521
31524
31528
31531
31554
31555
31562
31564
31565
31578
31581
31597
31598
31612
31616
31621
31622
31624
31630
31632
31651
31651
31667
31689
31691
31703
31715
31718
31719
31719
31722
31722
31734
31744
31746
31757
31760
31761
31761
31769
31771
31797
31801
31804
31808
31826
31830
31839
31853
31868
31873
31874
31874
31877
31888
31894
31898
31901
31906
31912
31920
31921
31928
31934
31937
31940
31954
31955
31964
31965
31965
31998
32001
32011
32031
32041
32041
32047
32047
32047
32052
32056
32056
32057
32063
32063
32063
32067
32071
32074
32080
32083
32090
32126
32133
32137
32161
32169
32170
32176
32177
32192
32193
32198
32200
32204
32222
32232
32233
32233
32240
32267
32269
32269
32273
32276
32277
32279
32289
32291
32293
32297
32302
32316
32321
32325
32328
32332
32341
32344
32349
32352
32360
32370
32370
32372
32379
32397
32398
32399
32399
32417
32419
32433
32443
32453
32458
32465
32470
32481
32491
32499
32507
32508
32513
32517
32528
32533
32537
32555
32558
32560
32566
32566
32585
32590
32593
32593
32596
32597
32602
32604
32607
32609
32613
32616
32617
32619
32640
32648
32657
32666
32677
32701
32708
32714
32726
32727
32732
32733
32733
32735
32738
32744
32745
32752
32775
32786
32790
32819
32819
32822
32842
32843
32847
32847
32849
32857
32865
32880
32881
32882
32882
32885
32886
32888
32889
32894
32897
32898
32901
32908
32914
32927
32938
32950
32959
32971
32980
32983
32992
32999
33006
33031
33033
33037
33047
33049
33051
33057
33060
33063
33066
33069
33079
33100
33109
33161
33167
33178
33184
33184
33188
33196
33204
33218
33223
33227
33248
33248
33250
33269
33271
33271
33283
33292
33295
33295
33302
33305
33326
33336
33353
33366
33367
33371
33387
33387
33388
33394
33394
33395
33401
33402
33402
33404
33430
33452
33459
33469
33477
33485
33499
33504
33504
33507
33515
33518
33519
33536
33538
33540
33545
33547
33562
33569
33577
33578
33584
33590
33592
33599
33609
33611
33616
33630
33650
33652
33654
33659
33664
33665
33666
33693
33696
33697
33700
33701
33708
33733
33741
33742
33752
33768
33768
33769
33782
33799
33833
33843
33850
33861
33866
33866
33868
33884
33886
33890
33891
33900
33904
33913
33916
33922
33937
33943
33950
33956
33966
33976
33981
33982
33986
33994
33996
33996
34006
34011
34017
34022
34026
34029
34030
34032
34043
34053
34059
34061
34062
34064
34067
34074
34082
34084
34084
34086
34087
34090
34108
34113
34127
34148
34149
34160
34172
34176
34180
34198
34199
34208
34209
34211
34223
34232
34237
34246
34260
34263
34270
34273
34273
34275
34285
34354
34356
34359
34366
34366
34377
34380
34380
34389
34391
34398
34408
34408
34429
34438
34442
34443
34444
34445
34448
34454
34457
34460
34465
34469
34477
34481
34484
34485
34493
34497
34498
34505
34512
34512
34539
34558
34560
34562
34564
34564
34568
34569
34571
34575
34583
34587
34599
34600
34604
34608
34630
34635
34636
34643
34644
34649
34679
34686
34687
34704
34710
34711
34720
34722
34723
34760
34762
34778
34780
34794
34817
34817
34837
34846
34850
34850
34863
34870
34879
34885
34900
34906
34911
34932
34934
34937
34939
34947
34967
34968
34969
34976
34983
34989
34991
35007
35012
35020
35022
35029
35040
35040
35041
35051
35078
35085
35087
35104
35104
35105
35113
35118
35123
35132
35133
35141
35141
35146
35150
35151
35157
35180
35184
35185
35190
35191
35194
35195
35196
35198
35199
35201
35201
35216
35225
35232
35234
35238
35242
35260
35265
35267
35275
35277
35282
35286
35288
35307
35316
35325
35334
35336
35345
35348
35351
35355
35367
35367
35404
35406
35411
35419
35423
35434
35443
35447
35447
35458
35473
35476
35490
35505
35508
35519
35521
35522
35528
35531
35533
35536
35537
35542
35547
35552
35553
35569
35573
35586
35590
35595
35596
35619
35621
35622
35629
35632
35635
35648
35649
35659
35665
35666
35668
35668
35679
35686
35688
35705
35706
35709
35719
35719
35729
35730
35753
35771
35780
35785
35799
35803
35814
35815
35817
35825
35826
35834
35837
35850
35852
35858
35870
35872
35873
35874
35883
35884
35885
35897
35900
35904
35911
35921
35951
35951
35952
35953
35960
35961
35961
35962
35966
35973
35984
35989
35991
35997
36007
36018
36020
36026
36031
36034
36035
36037
36061
36062
36086
36089
36107
36112
36115
36115
36126
36127
36127
36140
36141
36143
36156
36173
36178
36191
36204
36216
36219
36221
36222
36223
36224
36226
36238
36255
36260
36260
36265
36269
36275
36280
36284
36285
36286
36288
36301
36302
36310
36313
36313
36314
36326
36327
36329
36335
36336
36340
36350
36365
36378
36382
36387
36391
36391
36391
36395
36402
36408
36416
36418
36429
36431
36433
36447
36465
36468
36471
36479
36479
36488
36493
36500
36505
36507
36519
36522
36532
36566
36573
36576
36593
36601
36610
36611
36622
36622
36648
36680
36691
36694
36695
36696
36697
36711
36714
36716
36735
36741
36749
36753
36759
36761
36762
36768
36775
36792
36816
36817
36831
36845
36857
36860
36865
36865
36865
36869
36873
36876
36883
36887
36888
36895
36896
36908
36913
36927
36931
36931
36946
36954
36966
37017
37019
37027
37035
37036
37046
37047
37048
37051
37053
37059
37068
37078
37083
37084
37088
37091
37102
37110
37121
37121
37123
37124
37126
37134
37137
37145
37148
37155
37166
37168
37169
37173
37175
37176
37182
37189
37198
37198
37219
37228
37247
37252
37252
37253
37255
37255
37276
37283
37286
37291
37293
37296
37317
37352
37358
37364
37370
37372
37386
37397
37398
37408
37409
37409
37436
37442
37444
37447
37460
37463
37475
37476
37478
37483
37488
37488
37495
37496
37501
37503
37509
37513
37519
37529
37541
37546
37546
37549
37554
37557
37571
37573
37573
37576
37579
37581
37585
37586
37591
37592
37604
37605
37606
37613
37620
37622
37639
37653
37659
37663
37678
37686
37686
37691
37705
37714
37720
37722
37722
37738
37745
37746
37765
37768
37770
37771
37779
37806
37809
37815
37824
37828
37829
37837
37839
37844
37844
37861
37866
37874
37888
37888
37889
37890
37893
37894
37898
37899
37907
37916
37916
37923
37924
37931
37939
37952
37962
37966
37972
37987
37988
38001
38004
38006
38006
38027
38037
38037
38037
38050
38051
38053
38057
38071
38076
38079
38090
38094
38099
38105
38110
38114
38117
38129
38129
38132
38132
38140
38150
38164
38166
38171
38171
38180
38194
38199
38202
38205
38228
38242
38251
38260
38267
38284
38289
38293
38317
38329
38343
38343
38343
38348
38357
38365
38380
38381
38394
38402
38404
38410
38424
38426
38427
38436
38445
38446
38459
38463
38485
38486
38488
38489
38490
38496
38501
38510
38515
38522
38523
38524
38553
38569
38578
38591
38594
38594
38599
38605
38606
38608
38616
38622
38627
38635
38638
38643
38644
38655
38660
38665
38668
38669
38671
38690
38694
38695
38722
38728
38739
38739
38742
38746
38763
38806
38808
38809
38830
38830
38832
38837
38845
38858
38861
38866
38868
38886
38888
38890
38902
38905
38910
38914
38920
38931
38944
38951
38960
38963
38964
38966
38966
38967
38983
38988
38989
38999
39017
39021
39021
39022
39031
39037
39047
39061
39075
39082
39085
39089
39089
39097
39104
39106
39107
39112
39114
39115
39150
39151
39164
39170
39175
39186
39192
39195
39203
39207
39208
39210
39221
39221
39232
39234
39236
39237
39247
39268
39271
39272
39274
39301
39304
39306
39310
39345
39379
39391
39410
39412
39414
39418
39422
39424
39431
39431
39468
39471
39476
39481
39490
39509
39510
39524
39534
39536
39544
39546
39569
39581
39582
39586
39595
39596
39599
39609
39626
39630
39642
39643
39663
39668
39669
39670
39670
39675
39681
39682
39685
39692
39694
39695
39698
39700
39703
39705
39726
39727
39733
39745
39748
39760
39764
39764
39772
39773
39773
39780
39783
39784
39788
39800
39812
39815
39816
39819
39840
39842
39844
39863
39870
39872
39876
39879
39881
39881
39882
39885
39887
39889
39890
39897
39898
39898
39906
39913
39921
39947
39952
39964
39978
39986
39988
39999
40004
40014
40018
40018
40020
40033
40073
40085
40089
40094
40096
40098
40119
40131
40133
40136
40140
40150
40152
40153
40166
40170
40178
40186
40210
40213
40220
40225
40231
40253
40255
40257
40259
40262
40268
40274
40278
40281
40282
40303
40307
40309
40316
40317
40318
40321
40321
40322
40327
40327
40330
40335
40337
40338
40346
40347
40353
40354
40361
40364
40375
40375
40379
40379
40387
40391
40402
40408
40411
40414
40419
40432
40433
40437
40445
40449
40457
40478
40481
40485
40489
40510
40542
40549
40552
40561
40562
40564
40569
40571
40581
40582
40583
40590
40594
40609
40631
40635
40641
40642
40655
40659
40662
40663
40666
40676
40678
40688
40695
40701
40710
40720
40721
40722
40724
40725
40739
40757
40771
40775
40781
40785
40786
40787
40789
40789
40799
40803
40805
40810
40813
40816
40817
40837
40841
40846
40858
40860
40871
40882
40884
40887
40893
40900
40903
40920
40935
40936
40941
40945
40946
40946
40948
40962
40969
40978
40984
40986
41006
41008
41012
41014
41024
41029
41032
41033
41053
41053
41057
41069
41077
41077
41082
41092
41101
41104
41118
41119
41132
41140
41149
41156
41191
41192
41195
41201
41205
41218
41219
41220
41222
41222
41224
41227
41236
41237
41237
41238
41261
41271
41272
41272
41275
41286
41286
41290
41298
41302
41307
41310
41318
41326
41326
41330
41342
41363
41369
41375
41377
41382
41382
41382
41384
41388
41393
41395
41409
41423
41433
41435
41442
41442
41446
41456
41475
41487
41491
41494
41503
41510
41530
41545
41551
41553
41559
41562
41579
41584
41584
41584
41591
41591
41596
41596
41598
41601
41612
41641
41643
41644
41647
41648
41651
41658
41659
41660
41668
41670
41673
41674
41682
41709
41718
41721
41724
41736
41739
41746
41748
41750
41753
41760
41761
41778
41781
41791
41800
41813
41815
41815
41821
41833
41843
41850
41858
41867
41871
41877
41881
41887
41899
41902
41904
41907
41917
41921
41939
41942
41943
41944
41957
41960
41964
41968
41969
41983
41986
41993
41993
41999
42000
42004
42012
42021
42026
42029
42042
42046
42048
42056
42058
42059
42065
42067
42079
42085
42087
42093
42106
42116
42119
42144
42145
42146
42149
42151
42159
42167
42177
42193
42199
42205
42216
42233
42237
42238
42240
42262
42287
42308
42316
42319
42321
42329
42349
42351
42373
42374
42378
42383
42387
42405
42418
42422
42426
42428
42433
42433
42439
42442
42459
42463
42469
42472
42484
42510
42520
42525
42539
42542
42546
42552
42555
42557
42574
42585
42595
42608
42610
42613
42614
42618
42627
42628
42635
42641
42648
42649
42655
42656
42657
42661
42665
42670
42683
42686
42701
42712
42723
42736
42740
42742
42751
42760
42763
42766
42769
42772
42779
42786
42812
42822
42823
42829
42837
42847
42848
42867
42875
42882
42921
42936
42940
42946
42947
42949
42957
42965
42969
42970
42976
42983
42999
43001
43002
43004
43008
43016
43023
43035
43042
43046
43049
43052
43106
43107
43124
43129
43132
43133
43145
43156
43163
43166
43168
43168
43169
43189
43203
43205
43222
43222
43223
43224
43227
43232
43233
43239
43256
43288
43290
43292
43293
43303
43313
43322
43325
43340
43351
43357
43358
43359
43369
43392
43403
43408
43411
43411
43412
43417
43425
43433
43437
43442
43444
43454
43474
43480
43487
43496
43503
43531
43533
43535
43538
43538
43539
43556
43557
43563
43568
43577
43579
43586
43602
43603
43607
43627
43633
43645
43646
43651
43654
43668
43676
43681
43687
43710
43735
43736
43738
43743
43757
43763
43767
43777
43778
43781
43785
43785
43789
43790
43792
43798
43801
43813
43820
43822
43822
43822
43823
43823
43831
43837
43838
43841
43842
43852
43858
43862
43864
43872
43880
43905
43914
43915
43920
43949
43951
43957
43965
43966
43968
43968
43969
43973
43974
43974
43975
43976
43980
43997
44002
44003
44009
44017
44045
44051
44051
44054
44057
44060
44068
44069
44071
44083
44087
44095
44109
44110
44121
44140
44154
44159
44163
44163
44171
44172
44173
44173
44183
44208
44224
44228
44253
44264
44264
44266
44267
44271
44304
44313
44317
44328
44352
44368
44374
44376
44376
44386
44391
44399
44401
44408
44413
44424
44426
44426
44439
44448
44452
44467
44477
44477
44483
44484
44487
44507
44519
44527
44528
44533
44535
44558
44561
44566
44580
44586
44586
44591
44601
44605
44605
44615
44618
44633
44634
44637
44670
44677
44680
44685
44685
44689
44707
44708
44717
44724
44730
44730
44736
44744
44755
44764
44765
44770
44775
44776
44788
44791
44791
44804
44814
44815
44820
44825
44826
44835
44840
44849
44856
44856
44862
44885
44892
44899
44908
44916
44923
44935
44950
44958
44960
44974
44992
44996
44998
44998
45015
45023
45024
45024
45038
45040
45043
45051
45062
45076
45081
45082
45088
45088
45111
45114
45134
45139
45144
45145
45147
45155
45155
45155
45165
45166
45201
45225
45226
45242
45243
45245
45254
45256
45262
45264
45275
45295
45296
45299
45303
45303
45317
45318
45323
45323
45326
45349
45355
45358
45363
45366
45368
45394
45403
45422
45429
45432
45440
45442
45465
45473
45475
45480
45500
45500
45517
45528
45529
45532
45552
45554
45556
45570
45571
45573
45573
45575
45592
45596
45601
45610
45629
45638
45638
45642
45650
45655
45656
45657
45661
45663
45664
45667
45677
45692
45709
45729
45732
45734
45741
45757
45758
45778
45789
45791
45797
45807
45808
45809
45824
45828
45841
45850
45851
45855
45858
45859
45868
45869
45872
45883
45890
45894
45895
45898
45906
45912
45912
45919
45932
45942
45943
45954
45956
45957
45971
45976
45996
46006
46017
46049
46053
46067
46076
46080
46086
46091
46105
46105
46117
46123
46124
46132
46140
46144
46145
46149
46151
46158
46162
46167
46170
46170
46173
46182
46184
46199
46222
46234
46238
46244
46249
46251
46276
46277
46282
46284
46285
46307
46314
46319
46319
46320
46322
46328
46334
46340
46353
46354
46357
46370
46371
46399
46401
46404
46404
46414
46416
46428
46433
46434
46435
46435
46438
46438
46444
46446
46447
46451
46456
46461
46467
46470
46486
46488
46489
46503
46505
46509
46512
46526
46529
46530
46535
46536
46541
46550
46590
46608
46614
46614
46619
46630
46639
46645
46647
46650
46652
46660
46663
46665
46665
46667
46678
46679
46683
46712
46724
46727
46732
46736
46736
46749
46750
46753
46772
46774
46774
46774
46781
46790
46807
46815
46817
46825
46826
46833
46836
46839
46875
46890
46899
46905
46919
46924
46927
46934
46936
46939
46960
46961
46965
46977
46978
46983
46995
46997
47004
47019
47026
47038
47039
47050
47065
47077
47084
47094
47095
47096
47101
47113
47127
47130
47130
47132
47138
47151
47155
47163
47174
47186
47189
47190
47192
47195
47206
47207
47208
47236
47248
47248
47255
47264
47279
47283
47287
47289
47289
47296
47318
47338
47339
47345
47347
47349
47362
47367
47368
47379
47383
47383
47391
47398
47399
47403
47425
47425
47436
47447
47448
47460
47468
47469
47470
47477
47493
47496
47500
47517
47522
47524
47533
47539
47541
47546
47551
47557
47562
47565
47573
47574
47579
47581
47584
47601
47607
47615
47618
47618
47620
47636
47638
47640
47648
47649
47651
47659
47660
47662
47673
47676
47683
47687
47687
47688
47694
47704
47720
47720
47722
47724
47730
47732
47737
47756
47759
47772
47784
47792
47798
47799
47812
47824
47834
47845
47845
47853
47856
47870
47880
47886
47894
47896
47900
47904
47905
47918
47927
47929
47937
47939
47940
47940
47945
47946
47970
47971
47978
47995
48004
48011
48016
48016
48027
48028
48041
48056
48058
48058
48061
48063
48083
48093
48095
48096
48100
48109
48113
48116
48116
48128
48132
48132
48139
48148
48161
48165
48177
48184
48187
48187
48188
48189
48190
48194
48228
48252
48261
48266
48270
48281
48287
48290
48295
48301
48304
48307
48313
48315
48317
48322
48324
48333
48335
48335
48342
48343
48348
48349
48351
48370
48372
48377
48384
48419
48433
48444
48451
48452
48453
48464
48464
48482
48486
48488
48489
48491
48502
48505
48508
48514
48517
48521
48539
48547
48547
48548
48551
48561
48563
48580
48587
48593
48602
48606
48612
48621
48623
48626
48628
48633
48638
48638
48656
48668
48674
48682
48682
48684
48688
48689
48695
48699
48699
48708
48717
48720
48723
48734
48748
48749
48750
48755
48755
48756
48761
48766
48769
48770
48773
48776
48782
48782
48788
48791
48795
48806
48816
48821
48825
48832
48834
48857
48860
48865
48879
48882
48884
48891
48894
48905
48907
48907
48916
48923
48928
48935
48952
48961
48968
48980
48985
48999
49001
49001
49003
49004
49014
49015
49019
49024
49042
49051
49058
49079
49102
49120
49124
49131
49131
49153
49153
49158
49174
49182
49184
49193
49196
49196
49197
49199
49205
49210
49211
49220
49225
49226
49232
49232
49249
49258
49259
49260
49260
49260
49269
49271
49281
49282
49283
49283
49294
49304
49306
49332
49334
49334
49343
49345
49350
49357
49374
49382
49389
49395
49410
49419
49422
49430
49436
49438
49449
49457
49465
49473
49474
49486
49489
49496
49497
49506
49512
49513
49515
49526
49531
49534
49557
49570
49573
49573
49579
49582
49590
49590
49591
49595
49600
49621
49626
49636
49639
49641
49650
49655
49669
49673
49675
49675
49677
49677
49680
49681
49682
49683
49689
49697
49697
49698
49714
49714
49721
49731
49732
49752
49752
49756
49757
49784
49785
49793
49815
49820
49822
49824
49828
49838
49841
49842
49844
49846
49851
49855
49860
49868
49871
49873
49874
49879
49883
49896
49926
49926
49930
49932
49935
49944
49947
49960
49971
49974
49974
49975
49976
49980
49984
49987
49990
49996
50003
50004
50022
50027
50028
50032
50032
50043
50060
50063
50079
50087
50088
50091
50098
50101
50112
50124
50138
50164
50173
50175
50196
50200
50214
50218
50226
50230
50241
50252
50252
50258
50260
50279
50288
50293
50296
50302
50304
50311
50315
50323
50324
50338
50349
50349
50350
50351
50376
50380
50381
50381
50396
50400
50410
50413
50416
50422
50426
50426
50428
50458
50471
50478
50480
50484
50501
50513
50517
50520
50537
50539
50542
50568
50569
50569
50580
50586
50606
50610
50610
50626
50629
50641
50642
50649
50673
50674
50684
50703
50726
50733
50748
50756
50756
50759
50762
50778
50783
50788
50792
50797
50819
50822
50829
50842
50858
50859
50863
50864
50872
50873
50887
50888
50892
50902
50912
50918
50934
50961
50967
50970
50972
50982
50986
50999
50999
51000
51002
51013
51022
51028
51030
51030
51036
51039
51048
51049
51063
51070
51077
51097
51107
51107
51118
51119
51122
51133
51138
51140
51143
51154
51162
51164
51165
51168
51186
51194
51195
51200
51210
51210
51220
51222
51235
51237
51238
51242
51244
51260
51276
51279
51285
51295
51311
51316
51323
51332
51345
51347
51353
51356
51366
51367
51414
51417
51423
51426
51439
51443
51448
51462
51469
51472
51473
51474
51475
51480
51486
51486
51495
51502
51506
51512
51530
51532
51546
51553
51561
51567
51567
51579
51595
51598
51611
51612
51613
51617
51619
51634
51638
51654
51656
51662
51662
51665
51669
51679
51692
51692
51702
51715
51718
51724
51727
51729
51733
51735
51742
51744
51751
51761
51794
51800
51809
51811
51816
51823
51827
51829
51830
51835
51842
51845
51846
51846
51847
51849
51850
51855
51860
51861
51867
51874
51889
51894
51896
51896
51897
51898
51907
51910
51911
51924
51965
51969
51974
51977
51995
51996
52001
52002
52013
52025
52029
52031
52033
52042
52050
52051
52062
52067
52081
52086
52089
52096
52096
52106
52131
52141
52143
52158
52171
52177
52178
52180
52185
52187
52192
52204
52212
52215
52223
52227
52233
52237
52243
52249
52259
52273
52280
52284
52285
52287
52292
52313
52321
52339
52348
52350
52353
52355
52367
52375
52383
52389
52395
52421
52423
52425
52428
52447
52467
52482
52488
52527
52536
52539
52547
52549
52557
52562
52572
52573
52582
52591
52619
52629
52634
52645
52646
52656
52657
52662
52662
52672
52692
52702
52707
52717
52728
52747
52758
52764
52776
52784
52795
52796
52802
52803
52808
52818
52821
52872
52882
52886
52891
52893
52893
52896
52902
52905
52909
52921
52924
52926
52933
52934
52946
52953
52962
52965
52965
52970
52975
52980
52981
52994
53004
53007
53009
53021
53028
53032
53071
53074
53081
53085
53087
53112
53114
53117
53123
53129
53134
53150
53154
53176
53177
53179
53180
53185
53193
53194
53194
53205
53229
53229
53244
53249
53250
53255
53259
53260
53270
53275
53288
53299
53299
53303
53304
53310
53310
53314
53319
53329
53334
53334
53336
53337
53348
53354
53359
53361
53373
53376
53377
53390
53393
53393
53397
53402
53409
53421
53436
53441
53444
53445
53449
53451
53451
53452
53463
53469
53474
53476
53481
53491
53494
53505
53505
53506
53515
53518
53530
53531
53535
53536
53546
53548
53555
53555
53559
53568
53570
53571
53572
53587
53591
53594
53602
53619
53620
53625
53646
53656
53656
53658
53658
53667
53668
53676
53678
53681
53684
53689
53690
53691
53716
53722
53733
53734
53747
53748
53749
53758
53780
53780
53783
53795
53832
53834
53854
53869
53872
53898
53901
53901
53901
53913
53918
53933
53933
53934
53942
53949
53949
53962
53970
53979
53984
53989
53989
53991
53992
54009
54030
54032
54059
54066
54067
54072
54083
54085
54087
54093
54110
54111
54114
54115
54126
54133
54135
54139
54143
54153
54155
54186
54191
54191
54195
54195
54200
54205
54209
54216
54217
54221
54225
54228
54236
54243
54250
54259
54261
54261
54270
54287
54296
54307
54319
54324
54333
54335
54341
54349
54356
54366
54368
54370
54384
54414
54416
54416
54416
54429
54445
54463
54464
54474
54477
54481
54482
54483
54487
54489
54504
54505
54520
54520
54526
54528
54545
54548
54549
54554
54558
54564
54565
54586
54599
54620
54621
54623
54627
54645
54648
54667
54674
54680
54684
54690
54695
54697
54699
54705
54719
54723
54731
54731
54769
54774
54780
54786
54792
54809
54812
54820
54821
54827
54832
54834
54849
54854
54857
54862
54864
54865
54884
54895
54897
54908
54911
54921
54923
54925
54930
54969
54972
54999
55000
55001
55003
55008
55008
55010
55021
55023
55024
55035
55044
55048
55059
55083
55087
55098
55100
55101
55117
55117
55118
55119
55131
55147
55149
55163
55166
55169
55170
55172
55175
55179
55183
55184
55185
55186
55196
55198
55202
55203
55213
55213
55213
55221
55241
55241
55261
55269
55270
55271
55272
55275
55276
55286
55292
55295
55296
55306
55308
55310
55311
55312
55313
55334
55335
55337
55340
55350
55352
55359
55360
55375
55376
55394
55401
55405
55408
55414
55416
55418
55422
55425
55426
55431
55434
55443
55444
55453
55460
55466
55472
55484
55485
55487
55487
55489
55489
55493
55496
55501
55511
55512
55518
55525
55527
55536
55540
55568
55571
55572
55575
55577
55582
55586
55588
55588
55590
55591
55607
55610
55612
55613
55615
55634
55637
55637
55645
55652
55653
55656
55664
55664
55664
55668
55677
55678
55685
55691
55692
55692
55697
55699
55714
55735
55738
55739
55747
55748
55760
55761
55771
55776
55779
55781
55783
55784
55785
55788
55790
55794
55800
55800
55805
55807
55808
55810
55812
55814
55815
55817
55818
55825
55828
55835
55837
55842
55844
55845
55851
55853
55854
55874
55877
55887
55898
55898
55905
55905
55907
55920
55926
55938
55947
55952
55952
55972
55975
55984
55988
56021
56027
56038
56043
56043
56044
56046
56046
56054
56057
56058
56061
56062
56065
56066
56073
56079
56082
56082
56088
56089
56092
56095
56099
56104
56108
56111
56113
56119
56122
56127
56146
56150
56151
56154
56170
56178
56188
56195
56202
56203
56205
56206
56207
56212
56217
56220
56229
56239
56253
56264
56269
56270
56271
56277
56286
56290
56290
56291
56293
56297
56298
56305
56315
56324
56330
56340
56342
56355
56356
56361
56370
56372
56378
56388
56388
56390
56393
56394
56398
56402
56408
56412
56414
56421
56425
56425
56426
56436
56447
56454
56462
56465
56467
56467
56467
56476
56477
56479
56481
56483
56485
56488
56490
56500
56504
56510
56512
56512
56522
56523
56529
56532
56539
56541
56552
56553
56558
56566
56568
56568
56569
56580
56613
56615
56639
56655
56664
56665
56673
56682
56688
56692
56693
56698
56699
56701
56705
56712
56728
56737
56742
56752
56753
56765
56769
56770
56773
56797
56810
56823
56834
56837
56842
56844
56845
56869
56878
56885
56890
56891
56902
56904
56909
56919
56929
56961
56969
56978
56984
57002
57005
57006
57007
57009
57030
57036
57040
57050
57050
57051
57052
57053
57083
57090
57095
57096
57096
57101
57112
57114
57128
57140
57159
57164
57169
57171
57182
57186
57191
57196
57199
57201
57205
57215
57225
57231
57239
57242
57248
57257
57262
57263
57271
57272
57275
57289
57322
57337
57349
57350
57351
57354
57389
57408
57409
57425
57435
57451
57461
57463
57466
57483
57495
57502
57507
57514
57515
57516
57518
57535
57539
57539
57546
57561
57573
57590
57599
57628
57628
57632
57634
57642
57657
57659
57665
57667
57674
57679
57680
57683
57687
57688
57704
57708
57709
57715
57716
57723
57739
57745
57747
57748
57754
57784
57801
57802
57809
57811
57813
57820
57823
57823
57837
57855
57856
57873
57881
57884
57888
57888
57899
57903
57905
57923
57925
57935
57970
57971
57974
57992
58003
58004
58010
58010
58014
58014
58016
58029
58030
58031
58082
58084
58086
58087
58088
58095
58097
58115
58115
58117
58119
58122
58124
58130
58131
58137
58141
58147
58147
58181
58191
58202
58205
58229
58231
58231
58233
58235
58236
58237
58240
58243
58248
58269
58270
58272
58276
58281
58289
58292
58296
58299
58305
58309
58312
58330
58333
58335
58340
58346
58367
58375
58378
58408
58413
58421
58432
58433
58433
58433
58433
58433
58438
58447
58451
58456
58457
58459
58465
58481
58495
58507
58509
58520
58527
58532
58537
58547
58550
58550
58551
58571
58581
58582
58584
58585
58593
58605
58618
58632
58645
58647
58649
58649
58661
58663
58670
58674
58683
58689
58690
58690
58694
58694
58700
58710
58719
58722
58738
58747
58760
58768
58780
58786
58797
58802
58810
58842
58843
58844
58845
58846
58852
58870
58874
58887
58894
58898
58918
58920
58924
58927
58929
58930
58934
58937
58943
58944
58949
58954
58957
58964
58968
58969
58969
58970
58982
58998
59009
59023
59037
59038
59049
59059
59073
59076
59098
59101
59104
59123
59126
59131
59139
59151
59152
59156
59156
59170
59171
59172
59178
59183
59185
59185
59194
59209
59211
59228
59230
59236
59238
59242
59245
59253
59259
59273
59275
59278
59280
59281
59286
59289
59307
59320
59343
59343
59346
59360
59385
59406
59413
59439
59439
59445
59452
59455
59456
59463
59464
59472
59473
59474
59478
59497
59497
59497
59500
59501
59504
59509
59511
59512
59518
59518
59531
59532
59533
59539
59539
59545
59546
59546
59546
59547
59551
59567
59570
59588
59590
59595
59597
59621
59628
59629
59644
59648
59665
59673
59684
59691
59693
59736
59738
59739
59747
59757
59785
59797
59800
59822
59828
59830
59833
59834
59843
59871
59873
59873
59897
59897
59903
59903
59905
59906
59908
59916
59930
59948
59958
59965
59987
59990
59991
59999
60013
60013
60020
60022
60031
60031
60032
60032
60033
60033
60050
60051
60054
60067
60079
60081
60089
60091
60096
60099
60102
60108
60110
60112
60117
60120
60124
60137
60144
60155
60158
60166
60196
60198
60202
60205
60213
60217
60225
60240
60245
60249
60249
60253
60258
60262
60267
60280
60282
60294
60298
60301
60311
60322
60335
60337
60348
60349
60350
60359
60373
60378
60379
60388
60392
60395
60402
60405
60406
60418
60434
60458
60462
60465
60480
60487
60488
60494
60499
60514
60517
60526
60529
60529
60529
60531
60532
60533
60535
60541
60547
60548
60548
60549
60554
60555
60573
60577
60603
60604
60604
60604
60608
60617
60618
60619
60632
60649
60657
60657
60661
60663
60664
60673
60675
60689
60694
60696
60701
60713
60716
60728
60747
60768
60773
60774
60775
60779
60799
60814
60820
60831
60832
60834
60846
60853
60856
60866
60870
60870
60879
60879
60885
60894
60900
60900
60900
60908
60910
60927
60928
60933
60936
60950
60953
60955
60959
60977
60978
60979
60979
60984
60984
60985
60987
60987
60988
60999
60999
61002
61002
61012
61019
61020
61022
61024
61024
61041
61046
61051
61052
61062
61071
61082
61082
61089
61093
61094
61099
61104
61108
61113
61114
61115
61123
61123
61150
61153
61156
61158
61159
61176
61182
61184
61194
61198
61213
61216
61218
61226
61238
61244
61246
61257
61260
61261
61283
61293
61306
61311
61312
61321
61336
61349
61351
61354
61361
61371
61374
61375
61381
61390
61400
61409
61415
61417
61417
61417
61421
61428
61429
61430
61431
61455
61464
61467
61487
61488
61491
61492
61493
61493
61510
61513
61516
61516
61517
61519
61520
61523
61530
61541
61545
61555
61557
61565
61568
61570
61571
61584
61587
61590
61590
61595
61597
61620
61623
61628
61631
61632
61633
61643
61652
61657
61659
61663
61668
61677
61689
61691
61693
61696
61696
61697
61701
61706
61708
61714
61727
61727
61735
61750
61757
61765
61765
61766
61767
61767
61786
61786
61789
61790
61797
61799
61809
61816
61820
61821
61823
61824
61824
61826
61833
61843
61848
61852
61861
61862
61864
61871
61879
61881
61884
61887
61889
61893
61896
61898
61905
61916
61919
61930
61940
61942
61945
61947
61949
61956
61964
61966
61978
61997
61997
61998
62000
62006
62013
62013
62014
62014
62014
62021
62023
62033
62035
62057
62059
62062
62073
62086
62127
62130
62131
62133
62134
62139
62142
62152
62158
62165
62169
62173
62185
62203
62238
62241
62244
62253
62258
62262
62262
62280
62283
62283
62284
62295
62305
62306
62311
62314
62327
62334
62338
62342
62347
62350
62352
62360
62368
62370
62372
62374
62382
62393
62397
62414
62448
62451
62456
62463
62464
62471
62479
62481
62482
62485
62492
62503
62511
62514
62519
62522
62524
62530
62547
62559
62561
62572
62572
62574
62579
62588
62592
62601
62605
62605
62606
62607
62608
62613
62616
62618
62618
62622
62624
62656
62656
62657
62659
62673
62674
62674
62675
62698
62711
62716
62726
62726
62732
62758
62764
62768
62769
62770
62784
62801
62804
62806
62807
62842
62848
62855
62857
62871
62882
62882
62898
62918
62921
62927
62939
62950
62956
62967
62972
62983
62994
62994
63002
63009
63015
63020
63045
63046
63046
63047
63048
63055
63059
63084
63099
63107
63109
63110
63112
63121
63134
63137
63141
63141
63154
63155
63164
63168
63171
63172
63176
63179
63189
63193
63195
63200
63211
63213
63215
63217
63226
63227
63242
63257
63263
63271
63272
63278
63282
63290
63290
63307
63309
63318
63320
63330
63330
63340
63342
63350
63353
63354
63370
63375
63390
63393
63400
63400
63406
63415
63415
63417
63421
63421
63430
63436
63445
63456
63464
63468
63479
63479
63481
63483
63490
63493
63506
63512
63519
63522
63525
63534
63537
63550
63559
63561
63564
63579
63581
63584
63587
63599
63605
63615
63615
63615
63617
63617
63633
63633
63643
63648
63651
63656
63663
63677
63678
63680
63682
63688
63698
63700
63712
63719
63720
63728
63734
63742
63760
63780
63786
63791
63795
63798
63798
63801
63825
63828
63831
63831
63831
63834
63835
63846
63855
63868
63871
63873
63881
63885
63887
63898
63902
63915
63915
63917
63919
63924
63926
63928
63938
63943
63953
63961
63964
63984
63991
63995
64008
64021
64031
64032
64039
64039
64044
64053
64053
64064
64068
64078
64082
64083
64084
64105
64105
64105
64106
64106
64108
64108
64114
64120
64139
64140
64140
64153
64161
64167
64178
64178
64180
64181
64183
64197
64206
64211
64231
64234
64235
64251
64272
64277
64285
64286
64289
64305
64312
64314
64327
64330
64338
64356
64380
64383
64385
64419
64420
64425
64431
64439
64447
64448
64452
64453
64453
64465
64467
64470
64472
64472
64479
64482
64487
64511
64522
64525
64533
64539
64562
64576
64579
64586
64593
64601
64615
64619
64619
64623
64627
64631
64641
64646
64648
64657
64661
64662
64662
64675
64675
64680
64686
64696
64705
64706
64709
64710
64712
64731
64736
64749
64750
64765
64772
64778
64781
64811
64813
64814
64814
64821
64824
64829
64831
64833
64838
64859
64872
64876
64885
64930
64935
64944
64946
64951
64955
64956
64957
64962
64971
64972
64977
64981
64987
65026
65026
65040
65053
65054
65065
65077
65104
65104
65105
65123
65131
65141
65149
65151
65162
65176
65195
65197
65211
65220
65229
65242
65277
65286
65296
65301
65308
65310
65314
65321
65346
65346
65347
65360
65361
65369
65390
65391
65405
65408
65416
65419
65421
65427
65430
65434
65437
65438
65440
65454
65462
65465
65469
65472
65473
65482
65495
65499
65502
65506
65506
65509
65517
65519
65520
65523
65526
65527
65528
65530
65551
65559
65563
65566
65576
65585
65601
65604
65616
65617
65618
65622
65622
65623
65638
65667
65680
65688
65695
65696
65702
65707
65709
65715
65717
65744
65747
65752
65757
65773
65779
65781
65783
65795
65801
65802
65818
65826
65829
65834
65842
65847
65859
65863
65865
65868
65881
65889
65894
65899
65906
65925
65934
65940
65941
65957
65959
65964
65971
65972
65974
65979
65982
65993
66001
66002
66014
66027
66028
66035
66050
66053
66054
66055
66068
66071
66076
66085
66086
66099
66100
66102
66119
66123
66125
66131
66154
66180
66181
66187
66230
66241
66245
66265
66272
66273
66276
66282
66286
66288
66299
66300
66301
66304
66312
66317
66334
66356
66378
66382
66390
66406
66407
66454
66466
66466
66477
66494
66511
66517
66539
66540
66566
66568
66576
66578
66585
66590
66599
66600
66604
66604
66633
66637
66643
66645
66646
66650
66652
66654
66655
66659
66670
66688
66695
66704
66710
66710
66714
66724
66731
66744
66745
66761
66761
66779
66798
66801
66805
66807
66823
66825
66835
66843
66844
66845
66850
66863
66864
66872
66875
66878
66879
66882
66889
66896
66921
66932
66935
66951
66956
66957
66959
66963
66978
66989
67001
67004
67016
67018
67023
67036
67038
67063
67068
67070
67090
67090
67102
67124
67126
67129
67130
67136
67137
67147
67172
67187
67202
67204
67208
67213
67214
67214
67224
67237
67240
67267
67270
67270
67271
67289
67295
67296
67296
67301
67301
67305
67307
67308
67323
67325
67333
67336
67342
67342
67343
67368
67372
67374
67377
67394
67395
67396
67401
67416
67428
67434
67434
67435
67436
67456
67461
67467
67489
67493
67504
67516
67526
67528
67531
67532
67540
67545
67552
67556
67575
67579
67589
67592
67601
67601
67602
67603
67605
67622
67623
67631
67644
67653
67662
67662
67664
67670
67671
67685
67690
67698
67700
67704
67706
67711
67714
67718
67720
67724
67728
67730
67743
67743
67747
67747
67755
67759
67765
67772
67781
67781
67788
67802
67814
67819
67820
67824
67827
67841
67842
67848
67848
67855
67860
67861
67863
67875
67884
67894
67897
67910
67912
67913
67921
67922
67923
67938
67943
67948
67949
67976
67977
67983
67988
67993
67994
68006
68012
68042
68050
68074
68074
68075
68080
68083
68094
68108
68109
68113
68120
68129
68129
68129
68133
68136
68145
68152
68152
68154
68160
68165
68169
68176
68184
68186
68191
68194
68203
68221
68246
68259
68260
68283
68288
68298
68311
68315
68337
68343
68345
68348
68348
68350
68360
68362
68368
68386
68388
68390
68391
68401
68414
68433
68445
68452
68460
68469
68477
68481
68483
68490
68495
68495
68498
68502
68502
68503
68522
68526
68529
68529
68539
68563
68570
68574
68591
68594
68594
68603
68608
68615
68617
68625
68635
68636
68648
68654
68663
68678
68689
68699
68708
68723
68727
68737
68740
68744
68751
68753
68765
68766
68770
68787
68811
68850
68852
68855
68863
68874
68900
68904
68908
68915
68921
68924
68927
68937
68938
68939
68940
68944
68945
68945
68954
68956
68959
68965
68982
68989
68990
68992
68996
68996
69022
69026
69026
69037
69043
69043
69047
69053
69053
69054
69061
69062
69068
69069
69070
69076
69080
69085
69087
69089
69091
69095
69097
69119
69123
69127
69133
69155
69168
69181
69203
69211
69215
69219
69221
69232
69235
69239
69256
69259
69260
69262
69263
69275
69281
69286
69289
69297
69299
69301
69307
69329
69329
69336
69341
69353
69353
69357
69362
69373
69374
69383
69385
69387
69417
69419
69433
69449
69449
69454
69454
69458
69459
69468
69468
69481
69489
69490
69500
69508
69526
69532
69532
69541
69555
69563
69582
69593
69594
69606
69621
69629
69629
69639
69639
69645
69648
69651
69655
69666
69675
69685
69689
69691
69693
69693
69695
69697
69715
69717
69719
69728
69729
69746
69749
69752
69758
69764
69767
69770
69772
69777
69785
69788
69791
69802
69812
69813
69815
69815
69820
69826
69827
69830
69844
69851
69856
69857
69861
69870
69884
69891
69901
69921
69923
69934
69947
69951
69956
69957
69959
69978
69983
69992
69993
69996
70010
70012
70014
70015
70022
70035
70065
70070
70072
70084
70086
70089
70090
70090
70102
70103
70103
70106
70111
70119
70125
70131
70132
70133
70136
70138
70142
70146
70146
70150
70151
70154
70159
70159
70166
70169
70173
70180
70183
70188
70203
70204
70207
70212
70220
70240
70245
70246
70247
70258
70267
70280
70285
70295
70300
70303
70305
70307
70308
70315
70316
70320
70321
70327
70335
70335
70337
70343
70350
70360
70367
70372
70412
70421
70437
70437
70439
70445
70452
70456
70489
70498
70498
70499
70501
70511
70516
70518
70529
70532
70534
70537
70543
70548
70550
70554
70556
70563
70570
70570
70578
70579
70591
70593
70610
70611
70615
70617
70624
70638
70644
70647
70650
70689
70704
70718
70728
70730
70738
70738
70741
70744
70754
70758
70762
70765
70770
70772
70773
70774
70793
70793
70808
70812
70812
70817
70824
70826
70827
70831
70831
70835
70842
70845
70846
70852
70861
70864
70872
70876
70882
70892
70894
70895
70902
70909
70917
70923
70929
70947
70955
70972
70977
70981
70983
70989
70999
71016
71021
71026
71029
71031
71033
71049
71058
71062
71069
71085
71087
71087
71088
71088
71097
71104
71105
71110
71112
71114
71138
71144
71159
71178
71179
71211
71213
71216
71218
71223
71224
71224
71225
71228
71232
71245
71254
71271
71288
71291
71293
71314
71325
71326
71327
71329
71356
71359
71373
71396
71399
71402
71409
71415
71420
71427
71439
71450
71458
71461
71462
71463
71468
71476
71481
71491
71493
71510
71512
71513
71515
71538
71543
71544
71548
71560
71565
71565
71574
71583
71589
71601
71602
71605
71606
71619
71636
71642
71642
71648
71648
71650
71654
71656
71656
71676
71683
71685
71692
71712
71712
71730
71730
71737
71738
71741
71743
71751
71754
71784
71789
71799
71806
71832
71834
71843
71843
71843
71844
71844
71850
71858
71884
71893
71898
71901
71902
71903
71907
71912
71926
71927
71932
71936
71946
71947
71954
71960
71964
71964
71965
71965
71969
71976
71989
71992
71996
71999
72011
72017
72030
72031
72031
72031
72039
72047
72048
72050
72062
72074
72088
72110
72116
72116
72116
72119
72120
72124
72128
72131
72134
72134
72142
72149
72175
72178
72178
72189
72205
72209
72242
72256
72256
72258
72263
72266
72267
72270
72277
72284
72286
72287
72289
72289
72300
72304
72313
72323
72323
72325
72335
72343
72355
72355
72357
72359
72363
72364
72374
72380
72384
72398
72398
72406
72411
72420
72422
72422
72426
72426
72428
72436
72470
72475
72475
72484
72495
72540
72542
72548
72548
72556
72560
72564
72566
72572
72589
72598
72599
72603
72606
72633
72641
72679
72680
72684
72691
72699
72741
72745
72745
72746
72746
72755
72762
72766
72767
72773
72777
72782
72783
72793
72798
72807
72809
72809
72812
72850
72851
72851
72853
72871
72875
72889
72890
72891
72908
72912
72923
72924
72940
72941
72972
72981
72986
72996
72997
72998
73016
73018
73024
73040
73041
73043
73044
73044
73045
73050
73055
73064
73071
73071
73082
73086
73088
73089
73094
73144
73150
73160
73164
73166
73173
73177
73184
73191
73205
73211
73213
73216
73246
73248
73257
73279
73286
73287
73305
73330
73336
73342
73348
73351
73373
73392
73399
73399
73408
73411
73418
73426
73429
73439
73442
73445
73451
73452
73455
73457
73459
73460
73463
73464
73476
73488
73492
73500
73510
73516
73539
73541
73544
73548
73558
73570
73574
73580
73586
73587
73592
73592
73601
73605
73609
73611
73620
73625
73637
73650
73658
73660
73666
73669
73675
73675
73693
73704
73712
73722
73730
73737
73752
73754
73762
73767
73776
73781
73783
73823
73825
73828
73830
73831
73856
73860
73872
73874
73874
73876
73881
73881
73882
73884
73886
73887
73891
73892
73905
73910
73918
73918
73942
73944
73957
73966
73975
73977
73987
73992
74002
74004
74009
74018
74019
74024
74025
74027
74032
74034
74038
74040
74042
74052
74064
74066
74082
74100
74105
74106
74110
74117
74123
74126
74127
74149
74150
74150
74151
74152
74168
74179
74202
74207
74218
74218
74224
74226
74228
74229
74233
74235
74236
74238
74241
74242
74246
74258
74264
74266
74268
74271
74281
74281
74287
74290
74297
74298
74302
74308
74311
74322
74324
74330
74338
74339
74341
74350
74352
74354
74355
74362
74362
74366
74369
74374
74375
74377
74379
74388
74394
74401
74401
74404
74410
74411
74413
74413
74418
74419
74422
74431
74440
74441
74453
74463
74479
74498
74529
74531
74538
74543
74546
74553
74554
74578
74585
74594
74598
74600
74602
74612
74614
74620
74628
74629
74637
74638
74646
74646
74652
74663
74668
74678
74688
74691
74695
74701
74712
74714
74717
74726
74731
74731
74740
74742
74757
74763
74763
74771
74780
74782
74784
74787
74788
74791
74792
74795
74796
74809
74824
74825
74831
74860
74867
74878
74887
74893
74897
74900
74902
74926
74927
74947
74947
74948
74963
74964
74976
74977
74981
74985
74992
74993
74994
75000
75005
75015
75019
75023
75062
75073
75079
75082
75096
75102
75113
75123
75127
75128
75129
75139
75152
75166
75166
75175
75193
75208
75215
75216
75224
75225
75226
75228
75228
75229
75242
75248
75255
75278
75279
75283
75283
75288
75295
75300
75305
75317
75319
75320
75321
75322
75332
75333
75335
75344
75357
75358
75358
75359
75361
75361
75364
75370
75370
75378
75398
75401
75402
75411
75411
75416
75422
75423
75429
75430
75433
75456
75456
75456
75467
75468
75476
75487
75502
75516
75523
75525
75531
75531
75549
75564
75575
75580
75593
75602
75618
75623
75625
75626
75628
75634
75636
75650
75666
75667
75668
75671
75673
75688
75690
75696
75698
75708
75710
75716
75716
75717
75731
75733
75738
75744
75748
75751
75759
75770
75776
75785
75789
75791
75800
75801
75804
75809
75819
75827
75828
75831
75834
75873
75874
75908
75911
75914
75917
75921
75930
75945
75956
75958
75959
75974
75975
75977
75997
75997
75999
76007
76011
76014
76017
76018
76026
76036
76040
76048
76050
76054
76058
76064
76073
76092
76096
76102
76109
76110
76136
76139
76140
76142
76143
76156
76158
76165
76176
76184
76185
76186
76193
76204
76208
76208
76219
76221
76226
76236
76243
76249
76257
76263
76281
76345
76358
76360
76365
76366
76384
76401
76413
76436
76437
76454
76457
76461
76461
76469
76488
76492
76501
76505
76511
76536
76539
76540
76541
76544
76550
76580
76581
76583
76605
76608
76638
76643
76645
76652
76654
76674
76684
76702
76709
76711
76718
76731
76734
76754
76758
76758
76759
76760
76761
76761
76762
76764
76775
76789
76791
76800
76805
76814
76817
76824
76830
76831
76835
76845
76869
76872
76878
76881
76884
76887
76889
76894
76896
76897
76900
76905
76906
76907
76911
76918
76920
76928
76935
76963
76982
77007
77014
77019
77023
77030
77035
77037
77040
77064
77067
77074
77092
77106
77109
77111
77122
77125
77127
77128
77130
77135
77138
77139
77146
77162
77169
77174
77175
77183
77209
77213
77216
77217
77222
77229
77230
77231
77231
77240
77243
77251
77253
77260
77261
77262
77267
77268
77270
77272
77274
77280
77285
77287
77292
77299
77300
77302
77307
77316
77319
77323
77331
77333
77342
77344
77344
77349
77354
77355
77356
77359
77362
77363
77380
77386
77393
77394
77394
77396
77397
77397
77408
77408
77431
77432
77433
77435
77439
77448
77451
77458
77460
77462
77468
77469
77481
77493
77499
77502
77503
77504
77519
77521
77523
77536
77542
77544
77544
77547
77548
77565
77570
77581
77581
77583
77595
77611
77613
77614
77615
77628
77629
77632
77649
77656
77661
77663
77665
77677
77680
77684
77684
77696
77704
77704
77705
77723
77725
77730
77736
77752
77752
77757
77759
77772
77799
77802
77815
77825
77829
77845
77863
77864
77869
77869
77870
77871
77907
77908
77909
77917
77930
77935
77943
77943
77944
77944
77947
77947
77955
77959
77967
77974
77998
78022
78022
78035
78040
78048
78052
78066
78072
78073
78073
78074
78081
78082
78088
78089
78097
78105
78109
78119
78131
78132
78132
78135
78163
78166
78174
78198
78201
78204
78208
78217
78218
78220
78223
78233
78236
78245
78247
78266
78274
78283
78291
78295
78313
78322
78323
78324
78329
78329
78335
78335
78335
78360
78370
78380
78391
78393
78394
78401
78409
78420
78425
78427
78428
78431
78438
78439
78440
78450
78451
78452
78463
78465
78472
78473
78474
78476
78478
78479
78491
78501
78507
78522
78525
78529
78531
78535
78535
78545
78558
78570
78577
78584
78587
78597
78599
78600
78601
78609
78610
78610
78627
78642
78655
78657
78670
78675
78699
78701
78707
78708
78709
78716
78725
78732
78735
78749
78751
78766
78768
78771
78773
78788
78807
78807
78808
78808
78817
78828
78837
78839
78843
78850
78850
78857
78860
78870
78870
78890
78912
78918
78929
78933
78940
78953
78959
78963
78966
78967
78968
78980
78980
78999
79002
79005
79010
79013
79015
79025
79026
79027
79048
79051
79053
79056
79064
79072
79080
79089
79093
79117
79119
79124
79132
79137
79144
79146
79147
79157
79160
79164
79166
79177
79185
79201
79205
79207
79210
79212
79220
79222
79222
79223
79227
79234
79240
79244
79251
79251
79262
79264
79266
79268
79270
79272
79280
79282
79290
79298
79299
79304
79307
79308
79312
79318
79326
79338
79345
79379
79380
79383
79387
79401
79411
79420
79424
79428
79430
79430
79431
79434
79438
79439
79440
79448
79448
79459
79462
79477
79480
79486
79492
79494
79500
79507
79508
79510
79513
79514
79514
79521
79527
79538
79551
79552
79574
79577
79583
79594
79618
79619
79634
79642
79664
79667
79669
79678
79687
79691
79696
79700
79713
79723
79725
79746
79759
79769
79769
79790
79796
79834
79838
79843
79880
79895
79902
79902
79906
79912
79913
79913
79918
79920
79929
79929
79944
79955
79956
79966
79969
79974
79985
79987
79991
80004
80007
80010
80013
80015
80022
80033
80047
80051
80056
80058
80058
80060
80066
80078
80083
80095
80099
80106
80129
80134
80134
80144
80145
80154
80154
80157
80162
80176
80180
80183
80186
80199
80204
80207
80223
80225
80226
80231
80241
80255
80264
80265
80268
80274
80279
80282
80286
80295
80305
80338
80343
80347
80352
80371
80375
80398
80420
80427
80431
80437
80437
80449
80453
80464
80469
80478
80478
80493
80528
80538
80547
80551
80562
80562
80564
80565
80565
80566
80586
80592
80599
80600
80602
80602
80604
80610
80615
80620
80625
80635
80639
80642
80654
80655
80656
80661
80669
80690
80704
80710
80711
80712
80722
80725
80725
80725
80743
80744
80746
80748
80754
80755
80757
80759
80759
80761
80761
80775
80775
80782
80782
80788
80815
80816
80823
80828
80835
80837
80840
80844
80844
80860
80863
80870
80871
80876
80900
80902
80916
80918
80919
80922
80929
80938
80945
80946
80949
80950
80957
80959
80963
80975
80990
80990
80991
80997
81001
81007
81017
81024
81032
81038
81039
81041
81047
81065
81068
81068
81070
81088
81090
81106
81121
81130
81136
81139
81140
81168
81168
81171
81172
81183
81184
81184
81193
81194
81196
81196
81199
81199
81210
81216
81223
81234
81237
81258
81272
81273
81279
81288
81296
81307
81317
81325
81330
81334
81342
81370
81375
81380
81384
81391
81394
81395
81408
81409
81422
81442
81445
81458
81465
81491
81499
81503
81504
81504
81530
81544
81547
81547
81549
81555
81563
81570
81571
81583
81586
81589
81591
81594
81596
81604
81609
81618
81623
81624
81627
81630
81642
81643
81644
81649
81658
81682
81687
81693
81694
81696
81698
81701
81701
81715
81717
81722
81724
81727
81730
81732
81742
81744
81761
81762
81772
81778
81779
81783
81784
81789
81799
81803
81808
81815
81823
81825
81828
81837
81840
81843
81859
81861
81866
81873
81876
81890
81905
81906
81906
81916
81928
81932
81934
81951
81964
81969
81972
81996
82010
82023
82039
82055
82058
82060
82064
82087
82089
82093
82097
82109
82116
82141
82146
82148
82150
82163
82170
82179
82185
82189
82191
82194
82209
82218
82220
82235
82259
82260
82261
82271
82272
82274
82280
82283
82284
82285
82289
82297
82303
82309
82317
82330
82338
82338
82348
82352
82362
82362
82375
82375
82380
82388
82402
82406
82414
82423
82429
82438
82439
82443
82448
82465
82468
82471
82471
82478
82484
82488
82490
82496
82502
82519
82525
82536
82539
82547
82554
82554
82574
82578
82598
82601
82601
82604
82607
82611
82615
82632
82635
82651
82653
82664
82687
82699
82700
82702
82708
82712
82714
82739
82739
82742
82761
82761
82762
82768
82774
82777
82790
82793
82797
82800
82803
82807
82813
82817
82824
82826
82831
82836
82838
82840
82840
82842
82843
82844
82848
82862
82864
82894
82898
82915
82919
82936
82966
82975
82987
82994
83003
83003
83021
83026
83027
83043
83043
83067
83069
83073
83087
83096
83097
83109
83121
83133
83140
83142
83154
83154
83155
83169
83174
83186
83190
83191
83206
83208
83218
83223
83224
83231
83254
83262
83263
83282
83287
83291
83295
83297
83302
83321
83329
83331
83344
83345
83353
83358
83365
83374
83380
83386
83392
83396
83401
83409
83416
83418
83421
83422
83431
83435
83442
83456
83462
83467
83467
83474
83485
83489
83496
83497
83506
83512
83523
83528
83548
83558
83562
83564
83569
83573
83580
83588
83593
83594
83598
83600
83604
83605
83611
83613
83618
83619
83625
83631
83633
83641
83645
83652
83655
83676
83679
83682
83683
83685
83698
83708
83718
83725
83730
83737
83737
83745
83748
83756
83769
83785
83797
83811
83820
83825
83828
83833
83834
83835
83840
83845
83850
83853
83857
83859
83875
83875
83888
83889
83893
83898
83901
83927
83928
83929
83957
83971
83978
83984
83994
84012
84018
84022
84026
84036
84039
84043
84043
84050
84052
84059
84061
84061
84063
84078
84082
84083
84091
84112
84121
84123
84129
84135
84136
84139
84143
84144
84146
84147
84163
84174
84174
84184
84187
84191
84192
84197
84204
84207
84213
84218
84223
84223
84233
84233
84238
84242
84243
84251
84252
84253
84255
84257
84273
84278
84287
84291
84291
84295
84317
84322
84347
84354
84367
84368
84370
84372
84380
84381
84416
84419
84424
84430
84448
84454
84456
84466
84473
84480
84484
84486
84490
84491
84491
84493
84514
84522
84551
84552
84583
84585
84585
84587
84591
84591
84594
84616
84626
84635
84637
84646
84648
84655
84659
84662
84664
84668
84670
84670
84692
84692
84692
84703
84703
84709
84715
84737
84737
84755
84758
84762
84764
84766
84766
84769
84774
84776
84788
84793
84808
84812
84821
84822
84832
84835
84841
84850
84855
84856
84860
84866
84868
84882
84883
84892
84897
84904
84913
84930
84931
84969
84970
84972
84983
84986
84989
84991
84997
84999
85004
85031
85044
85046
85049
85049
85051
85056
85059
85081
85090
85090
85097
85099
85103
85105
85105
85112
85115
85119
85120
85121
85122
85125
85130
85135
85140
85140
85142
85151
85158
85167
85170
85175
85176
85181
85186
85195
85212
85214
85214
85239
85278
85288
85299
85308
85320
85327
85334
85342
85346
85361
85367
85369
85401
85407
85410
85413
85413
85414
85415
85423
85423
85425
85431
85447
85456
85456
85460
85462
85465
85469
85473
85477
85483
85496
85501
85503
85509
85537
85547
85550
85559
85560
85560
85563
85578
85591
85601
85603
85609
85614
85621
85624
85626
85632
85637
85638
85644
85646
85653
85656
85686
85692
85698
85731
85731
85737
85746
85754
85755
85766
85768
85773
85785
85788
85790
85792
85799
85824
85828
85848
85850
85855
85871
85899
85904
85905
85911
85912
85914
85916
85922
85929
85934
85935
85943
85944
85954
85961
85963
85970
85988
85995
86006
86009
86018
86038
86040
86048
86056
86082
86085
86091
86096
86102
86107
86127
86135
86139
86140
86141
86147
86149
86184
86189
86189
86204
86206
86208
86210
86213
86229
86229
86236
86238
86243
86250
86256
86260
86260
86264
86268
86283
86288
86301
86301
86311
86313
86314
86324
86325
86326
86327
86330
86337
86343
86350
86357
86360
86363
86393
86394
86398
86410
86412
86413
86419
86434
86437
86438
86439
86450
86450
86451
86462
86484
86484
86489
86495
86496
86502
86505
86534
86535
86543
86545
86561
86571
86573
86578
86581
86598
86606
86614
86617
86623
86624
86630
86638
86660
86668
86668
86669
86670
86671
86674
86676
86684
86698
86714
86715
86723
86726
86747
86748
86749
86762
86788
86794
86801
86810
86812
86824
86830
86831
86836
86841
86849
86853
86854
86860
86862
86867
86871
86872
86874
86876
86884
86888
86889
86908
86910
86922
86929
86950
86952
86956
86980
86982
86985
86991
86995
86997
87002
87003
87005
87008
87012
87027
87047
87050
87052
87054
87059
87063
87063
87065
87067
87076
87097
87100
87103
87105
87130
87133
87145
87157
87161
87164
87172
87173
87179
87181
87187
87193
87193
87213
87215
87220
87227
87246
87247
87249
87252
87261
87276
87281
87291
87312
87323
87328
87335
87335
87342
87349
87364
87369
87374
87375
87376
87379
87385
87388
87390
87393
87399
87402
87403
87430
87430
87431
87437
87438
87440
87449
87483
87489
87506
87512
87512
87521
87534
87545
87560
87591
87604
87622
87639
87640
87640
87645
87647
87674
87692
87695
87695
87697
87698
87706
87709
87716
87717
87719
87726
87734
87735
87736
87738
87739
87739
87747
87750
87751
87754
87764
87767
87770
87774
87778
87790
87792
87816
87820
87822
87831
87838
87840
87841
87846
87863
87868
87869
87870
87880
87891
87907
87915
87916
87918
87927
87931
87951
87966
87976
87980
87987
87988
87993
88001
88010
88016
88038
88051
88053
88054
88059
88067
88071
88073
88073
88074
88081
88084
88109
88113
88119
88124
88125
88127
88127
88129
88134
88136
88152
88167
88178
88185
88205
88206
88210
88212
88217
88217
88219
88222
88228
88236
88238
88240
88247
88248
88253
88254
88260
88262
88266
88267
88278
88283
88284
88293
88300
88300
88308
88310
88312
88316
88320
88335
88340
88341
88344
88349
88351
88352
88352
88353
88361
88383
88383
88391
88404
88405
88422
88423
88434
88459
88459
88460
88466
88467
88468
88475
88502
88514
88523
88526
88540
88542
88551
88556
88561
88562
88573
88573
88575
88577
88586
88589
88595
88596
88601
88626
88627
88635
88638
88638
88641
88673
88678
88679
88685
88690
88697
88698
88707
88711
88719
88726
88748
88755
88756
88759
88778
88782
88788
88788
88789
88791
88796
88818
88821
88826
88832
88837
88843
88846
88854
88861
88874
88877
88884
88890
88911
88912
88912
88916
88917
88926
88967
88975
88985
88987
88992
89011
89030
89038
89042
89051
89090
89108
89121
89134
89137
89139
89141
89150
89152
89156
89160
89160
89161
89167
89172
89179
89186
89187
89194
89203
89210
89215
89221
89233
89233
89248
89249
89253
89262
89263
89268
89283
89299
89299
89304
89308
89317
89319
89319
89341
89363
89363
89376
89378
89379
89386
89388
89393
89407
89412
89416
89423
89425
89429
89429
89433
89437
89450
89452
89458
89475
89475
89478
89478
89478
89478
89483
89487
89494
89495
89504
89523
89526
89526
89531
89538
89540
89541
89551
89561
89589
89591
89594
89598
89602
89605
89608
89619
89629
89631
89650
89650
89659
89659
89681
89690
89693
89694
89708
89718
89725
89728
89732
89735
89749
89750
89752
89754
89778
89783
89785
89794
89796
89801
89810
89818
89820
89826
89831
89831
89835
89841
89842
89846
89866
89868
89869
89869
89926
89927
13585
18876
74925
67807
35697
36954
63399
76136
25436
41094
93241
74030
51461
12829
60017
30930
97691
32039
42011
24379
45342
40042
64711
59055
94263
2818
81536
26449
90450
25352
84321
4035
44229
59246
88195
96278
12552
51594
72414
54340
9040
82007
44722
60501
94836
4739
91431
92528
36778
49794
33259
82120
89837
14322
57527
452
17140
55415
43253
23942
97120
27574
44330
41349
3172
32525
53979
15724
471
42745
70064
25863
24753
14786
86365
19589
35877
94148
28469
89008
60295
61728
87480
50132
76050
45008
66936
9542
16775
10189
33485
13895
37764
77815
71596
40936
26692
25575
73013
43515
68321
59429
69378
9426
90568
72095
29015
26445
82596
57485
15453
42891
35565
2934
9375
27968
64294
92663
37510
81069
19204
87347
11317
56968
81514
82913
14257
8206
24841
3622
68073
9514
63051
53804
18940
53619
42251
64307
96417
41199
38144
28222
84090
73710
47508
9817
1678
11802
2480
55540
9224
38037
42888
20541
11357
24402
19806
25614
48961
44647
45588
33386
70513
8640
87190
89453
78611
45794
53761
91380
86993
91905
19603
87436
81967
67111
97253
99997
95266
16086
55538
20842
54123
98426
41383
65480
39180
77541
7447
88141
38541
69387
21528
9054
94379
25070
14860
72991
70864
68621
80723
57858
76878
326
61646
75198
83790
75251
75195
79056
91337
47085
99898
61812
61863
57633
43645
1044
51526
67444
5537
90067
36831
27065
99122
31211
68488
13982
20554
39352
98955
1277
13562
92185
17956
75208
67383
1746
50460
58931
97154
58149
6016
97052
36314
84232
71037
96311
85276
22563
63755
90813
12631
16938
34231
28105
64501
2719
58439
85055
42071
73746
2685
71986
65931
20641
63546
49667
38739
14006
24950
35893
88508
47318
32945
41174
31550
20334
37485
16826
42897
17592
23992
55528
50882
58223
99985
15384
77294
58424
16791
19365
32170
19476
7703
14454
56469
71250
64121
95208
1608
89071
31101
6468
36389
80398
47642
84292
732
85127
1118
59982
19071
41462
15510
69954
99685
31848
85338
76979
90272
18481
12697
38795
37958
36752
53249
10779
8002
33722
22340
9611
22793
53441
16079
75534
50192
80074
59826
67276
81553
77297
27258
625
18759
59121
70579
34797
90969
72269
28128
97593
90750
57177
36388
45060
93930
5989
72192
1932
39711
94532
27895
78856
64325
60327
70743
14517
40401
30569
98146
21954
24218
25404
38931
59330
84525
25862
94127
91846
14483
38607
89440
21586
95785
25828
66646
6067
31818
55190
24351
87881
49722
68599
66738
14048
28926
37481
44917
85679
84402
43063
23985
8621
84820
79269
84303
85697
5131
78430
77544
19615
33389
66984
41201
45526
9164
24199
51593
40982
95742
75945
28864
45464
60896
11954
75864
6174
49435
37134
91853
33837
96549
32190
58810
81369
27811
43113
67067
32943
37895
44611
68910
71285
11595
26463
33163
37111
50662
84757
78094
46404
77054
23310
8221
37950
51616
437
44124
1051
37571
52329
51240
34121
871
10051
31842
28683
69516
98909
77978
7412
59872
46888
95049
87819
73351
28212
24931
40365
29321
19377
3122
6375
59039
27695
60677
10655
28132
21153
11706
82056
89834
79298
16177
90706
89349
48019
35741
58866
63281
13719
82630
39505
76959
77679
27325
66662
5891
52256
23379
35213
87985
42853
57940
47024
70548
34970
57679
98681
56123
85737
97089
45958
65035
13266
53016
54385
77637
5109
29603
57270
18828
12233
96776
12139
89912
24101
78801
12155
92709
18532
63720
80694
61386
38013
27718
31934
89335
85397
46967
45458
71134
44056
7768
52521
73674
77136
6906
67664
82245
52861
24934
17425
65094
21710
45916
71358
62163
24717
99866
54872
59602
79938
35566
20988
17951
79636
69274
7286
81385
32594
69097
68871
93002
93217
21393
66677
70354
28299
34341
68951
97513
59275
2729
62607
97338
48645
50318
59501
89715
50184
14374
49317
30122
66292
86657
64426
62281
55931
71712
43666
88525
57161
12538
81528
50379
33931
64557
37085
78582
15250
22388
76095
74525
25117
55055
88215
73763
21725
47717
63478
71909
78443
29147
18383
44735
15804
82809
7016
88087
70874
67035
76613
44387
79573
74493
11118
29856
55402
48203
24790
70652
86944
17238
61529
12061
88645
49745
2176
10370
13814
82006
98631
92257
11153
33366
53344
43309
32528
76713
31397
19754
43748
24362
64141
39673
98855
75260
85881
70609
39815
10671
41261
26759
44261
2790
55173
32906
52535
57349
59628
66349
55708
58259
74958
83213
7978
28303
26523
40506
5016
57920
60260
65116
98634
24401
21141
13841
16013
7022
84450
55829
34045
25711
98940
78307
28501
54113
27565
97389
27815
87194
80090
83523
61805
55049
66736
69783
99704
9611
10289
21072
83883
86901
86188
82517
11303
7329
96358
27316
30703
80808
99497
64748
6519
98438
59407
51373
68903
86973
65114
96718
90519
45204
96593
68676
16605
79682
38460
16309
5645
65101
53733
89529
52003
56273
72046
79658
79954
84757
23326
10657
65565
22824
75406
88437
37614
34813
56162
6517
38138
37628
19588
28657
82832
32533
97334
15790
28567
52146
48451
34213
33599
2185
40094
1954
58458
28492
97964
38413
13249
21291
65422
95167
60467
40828
99956
98081
91994
72470
20950
30132
10098
56890
75142
9282
5776
72476
25072
50695
40974
89876
1260
74573
92061
41354
92880
66871
86199
90844
21636
99448
12135
87059
10967
72602
44239
27275
87035
36233
99745
24338
82718
9843
97580
57860
19126
19708
46688
44198
70404
87662
50426
71664
78587
42487
29371
71467
25711
15570
62312
63699
31370
74447
50758
58690
63402
11350
85965
66789
47583
85711
7479
46653
95554
5060
4513
31032
24768
51201
91583
11524
55215
42009
83189
33803
849
28912
5270
26560
44482
67582
90259
92204
58382
57370
50894
38136
68720
36860
4925
32655
38923
12405
79309
50829
17465
174
81862
58585
67728
73445
70110
39295
31806
69651
73098
32655
14915
94721
75567
75749
62303
65827
67953
37037
39549
35200
75173
8269
88412
80099
57276
27335
8856
52937
94516
26321
69464
76378
1258
37192
66175
87720
76487
97982
57371
65938
46989
72286
60659
22557
48035
39314
88384
32341
76352
44285
67541
67877
68906
55953
47976
26182
99640
56832
95472
94156
99505
64936
86887
17116
18480
69414
4836
11319
67396
78560
93609
30738
67198
54268
53295
31586
9935
58031
63927
86287
2316
47820
54164
71222
20125
18493
13756
19765
91677
25580
30273
7535
6868
17160
24651
25348
2927
29487
53020
86675
24399
46629
17413
91598
17250
70708
23184
27185
45091
87111
29824
47407
51283
83988
34981
71408
18833
65090
91173
10511
90670
37798
18046
13891
71311
59049
39239
74238
4888
8611
60913
29288
71593
78327
20886
88843
65387
60422
16028
10479
63885
45852
57886
15168
46192
9220
86576
65026
90662
94101
91889
97684
31899
26287
11575
19562
1688
67167
93800
6576
75778
71066
35864
47371
49393
73102
36214
14780
49876
68594
41611
13761
30798
15850
45281
76991
25070
31857
58369
15732
42310
66610
29768
90562
9249
41344
10124
10937
8511
20277
17513
84289
91343
69730
48013
40736
59184
579
71868
9061
85526
13480
39174
16324
29330
84456
9667
70752
32665
68036
2836
74976
50998
32604
65538
60247
90300
92014
87536
98811
12291
21402
99453
3634
91132
47466
60722
66668
64397
48943
92081
49923
78775
47608
66248
24457
32064
75915
95209
64729
60304
14397
56057
27654
63353
37947
87902
53654
29962
91790
52465
42253
13192
68270
62240
4324
15736
39314
87345
96486
88257
95778
46409
83384
43386
29009
7841
75450
21277
19402
56532
81581
33799
12589
25587
97153
50537
29841
50807
96851
21632
19624
55456
34824
87895
17696
55501
19983
73363
42846
16469
77972
38624
79231
61357
82011
8240
69198
73813
45869
88601
46697
27450
38752
59287
69390
35905
26176
99231
3064
23027
20863
39041
78483
55688
26936
12532
11189
63271
85895
70387
96093
63867
25363
75324
41576
7374
99916
10775
97540
45786
15728
44237
89588
54480
19876
58978
6738
46052
58210
9802
85431
95425
65195
80267
51113
8483
92799
78654
71755
95046
49041
67848
75265
74405
59524
33194
98131
75792
43969
95671
37930
76049
39909
43871
30529
76137
19201
37267
22190
93763
63422
23973
89189
28617
4240
40302
37101
13391
18957
25208
24789
84350
9408
16407
58755
85284
49601
56887
61076
9922
68910
15359
85971
25171
59230
16500
1309
78431
70120
23499
88547
49894
63824
77736
94863
68065
34390
48316
97808
53347
73524
22598
37698
99284
39005
12805
84568
4958
86044
45645
14880
54955
77356
851
80126
36586
33703
81435
31369
20175
21286
19916
86421
85111
14004
81285
69528
48395
29601
67336
18094
19478
6286
72144
18762
45291
84950
3331
66601
70994
65328
81481
42301
59036
98684
22428
95622
48740
20215
43343
85267
41502
79612
71689
42965
9968
69326
12493
58363
98927
79829
76458
34757
86116
64954
69872
47759
49904
89555
30713
37251
54883
12194
79552
30271
27231
18332
42245
92323
38548
85588
93942
80050
81552
65631
23015
7873
34957
35508
66236
50237
31689
59046
1346
34157
24001
71218
81917
90257
60773
12630
27508
32008
41176
23413
62279
84759
41745
4524
93434
80293
6465
87377
76695
4369
69360
16062
12242
4318
51570
94831
70907
99612
53877
72253
33769
94230
59824
32038
84488
36949
61020
28348
85310
2197
51761
47589
3308
9859
68466
13095
90152
91283
472
83200
12004
69832
99262
24247
90502
67185
35430
77761
66797
89307
66367
16918
83538
26191
48957
84378
79492
26329
12726
64802
44878
64488
28744
48187
90699
13562
77634
97203
4845
78106
80403
16849
64290
96018
57448
