0
17
23
31
45
53
56
61
72
85
89
98
105
130
130
144
154
164
167
167
179
211
223
232
238
248
251
254
258
259
270
270
278
278
294
295
297
301
325
325
335
344
347
367
379
409
420
441
442
445
493
500
502
511
521
521
543
548
562
573
575
581
592
612
613
621
644
647
648
651
660
665
675
691
707
710
714
729
737
746
791
793
817
825
833
837
870
872
880
901
925
930
976
988
994
997
1002
1012
1022
1037
1062
1069
1070
1089
1098
1103
1113
1113
1121
1148
1151
1166
1166
1169
1171
1180
1203
1224
1227
1229
1229
1230
1254
1254
1255
1259
1290
1292
1301
1305
1331
1336
1338
1342
1363
1376
1377
1414
1427
1431
1459
1459
1473
1484
1484
1489
1496
1502
1513
1534
1538
1541
1552
1553
1557
1559
1560
1561
1562
1566
1568
1570
1576
1600
1609
1611
1611
1614
1659
1670
1679
1685
1689
1696
1703
1704
1707
1712
1720
1726
1751
1751
1762
1764
1778
1784
1789
1802
1816
1821
1829
1838
1845
1857
1860
1894
1911
1941
1942
1948
1957
1974
1980
1981
1982
1983
1994
1996
2009
2010
2012
2014
2015
2015
2038
2044
2048
2066
2068
2070
2073
2073
2088
2092
2099
2112
2151
2152
2157
2160
2190
2194
2195
2198
2207
2208
2220
2222
2239
2243
2246
2248
2258
2261
2266
2273
2278
2290
2292
2294
2295
2298
2311
2366
2366
2367
2387
2389
2438
2441
2444
2460
2475
2498
2502
2507
2523
2524
2531
2540
2547
2549
2580
2585
2604
2606
2608
2612
2616
2617
2620
2638
2642
2662
2668
2671
2676
2679
2681
2691
2695
2695
2702
2709
2722
2743
2751
2756
2757
2770
2788
2795
2823
2833
2858
2861
2866
2896
2923
2923
2946
2947
2955
2960
2963
2990
2997
3030
3056
3056
3062
3062
3081
3084
3095
3109
3116
3122
3130
3142
3163
3173
3197
3201
3204
3208
3216
3225
3251
3253
3271
3276
3314
3336
3346
3352
3365
3373
3379
3380
3390
3398
3405
3408
3421
3430
3434
3439
3440
3441
3464
3465
3473
3476
3497
3506
3513
3521
3525
3531
3553
3557
3568
3582
3585
3601
3602
3615
3632
3634
3639
3644
3644
3659
3666
3670
3671
3712
3719
3737
3766
3775
3784
3788
3792
3801
3802
3817
3824
3833
3835
3836
3846
3853
3856
3861
3862
3862
3863
3866
3866
3871
3877
3917
3921
3924
3936
3938
3940
3941
3948
3948
3951
3951
3956
3957
3968
3981
3984
3998
4010
4014
4029
4034
4036
4040
4041
4066
4068
4068
4074
4095
4097
4106
4108
4131
4135
4143
4151
4165
4166
4169
4170
4174
4181
4182
4192
4225
4230
4251
4252
4259
4261
4263
4274
4291
4308
4333
4340
4341
4349
4374
4389
4401
4414
4420
4430
4434
4438
4451
4457
4460
4465
4477
4495
4498
4501
4505
4528
4529
4560
4589
4607
4620
4622
4624
4633
4633
4638
4644
4651
4680
4685
4685
4690
4697
4698
4708
4710
4724
4733
4744
4750
4753
4754
4756
4794
4801
4809
4827
4836
4853
4864
4883
4888
4890
4893
4894
4908
4916
4923
4929
4937
4939
4939
4941
4942
4944
4945
4947
4950
4963
4988
4991
5008
5012
5053
5057
5059
5068
5093
5095
5105
5110
5117
5118
5127
5141
5147
5151
5151
5157
5170
5171
5182
5195
5207
5209
5210
5234
5237
5248
5252
5253
5257
5270
5273
5276
5277
5293
5305
5307
5320
5337
5341
5356
5375
5376
5393
5425
5431
5436
5440
5443
5461
5473
5474
5482
5517
5521
5532
5540
5542
5546
5551
5555
5591
5609
5610
5611
5618
5657
5664
5665
5668
5677
5690
5694
5699
5705
5709
5746
5753
5767
5770
5777
5831
5835
5839
5857
5862
5881
5896
5906
5907
5921
5925
5931
5935
5941
5949
5957
5960
5964
6006
6025
6025
6045
6049
6054
6062
6077
6085
6092
6105
6108
6132
6133
6168
6169
6170
6177
6178
6179
6189
6192
6203
6211
6216
6217
6230
6248
6257
6261
6269
6281
6302
6312
6328
6335
6337
6339
6341
6352
6365
6365
6373
6388
6401
6413
6421
6434
6459
6470
6479
6502
6506
6515
6518
6538
6546
6564
6565
6569
6582
6594
6596
6599
6604
6604
6615
6654
6654
6657
6667
6668
6673
6685
6686
6702
6702
6705
6710
6710
6723
6743
6750
6750
6768
6771
6775
6787
6790
6801
6806
6813
6815
6825
6831
6837
6839
6840
6842
6858
6860
6870
6870
6904
6920
6925
6925
6949
6955
6967
6999
7004
7006
7017
7019
7023
7031
7033
7037
7072
7100
7106
7106
7113
7141
7150
7204
7208
7209
7213
7217
7220
7230
7235
7237
7244
7248
7264
7265
7276
7287
7300
7302
7305
7318
7320
7321
7342
7343
7346
7348
7351
7355
7363
7364
7379
7391
7392
7400
7416
7441
7506
7510
7516
7518
7527
7534
7539
7544
7545
7553
7560
7564
7567
7577
7577
7578
7587
7587
7589
7612
7619
7631
7632
7642
7645
7661
7688
7711
7718
7719
7723
7732
7738
7742
7751
7781
7782
7792
7793
7800
7807
7834
7846
7847
7862
7883
7888
7889
7895
7897
7906
7906
7925
7927
7980
7983
7986
7995
7999
8050
8074
8096
8102
8107
8144
8177
8178
8189
8232
8308
8344
8357
8364
8380
8380
8390
8406
8412
8425
8432
8436
8449
8461
8462
8469
8485
8489
8492
8496
8526
8531
8553
8580
8580
8580
8589
8592
8603
8614
8617
8620
8624
8631
8639
8653
8665
8670
8674
8684
8685
8694
8714
8720
8723
8747
8759
8765
8779
8789
8804
8819
8824
8833
8842
8880
8888
8892
8905
8906
8909
8910
8915
8924
8929
8930
8931
8938
8963
8974
8984
9001
9006
9023
9025
9037
9044
9044
9053
9064
9069
9075
9078
9086
9112
9113
9119
9124
9128
9128
9129
9141
9161
9164
9181
9193
9199
9200
9235
9236
9241
9245
9254
9267
9290
9293
9300
9306
9322
9362
9375
9377
9378
9397
9406
9409
9420
9423
9429
9446
9453
9520
9528
9535
9536
9558
9567
9575
9598
9598
9623
9654
9663
9666
9667
9669
9674
9697
9704
9713
9721
9731
9741
9749
9751
9755
9764
9793
9798
9825
9832
9838
9844
9891
9895
9895
9900
9900
9913
9920
9927
9939
9939
9968
9975
9980
9984
9992
10005
10008
10022
10037
10037
10044
10044
10046
10055
10057
10074
10078
10084
10086
10086
10089
10104
10107
10107
10127
10147
10148
10163
10164
10183
10188
10206
10223
10251
10275
10284
10291
10299
10300
10307
10355
10371
10386
10411
10418
10431
10465
10466
10477
10491
10492
10498
10514
10550
10554
10559
10587
10598
10601
10604
10625
10637
10648
10663
10663
10674
10681
10685
10688
10688
10693
10756
10758
10763
10774
10841
10853
10853
10872
10879
10880
10885
10893
10896
10907
10920
10921
10931
10938
10949
10953
10982
10990
10998
11005
11007
11010
11021
11050
11061
11080
11082
11085
11089
11091
11092
11104
11125
11129
11132
11158
11165
11169
11177
11183
11192
11193
11205
11213
11214
11215
11224
11229
11229
11233
11234
11234
11244
11273
11285
11289
11299
11321
11331
11339
11349
11394
11402
11404
11411
11411
11449
11450
11458
11460
11463
11464
11467
11502
11511
11522
11531
11531
11560
11560
11563
11586
11590
11594
11607
11612
11633
11638
11643
11659
11659
11669
11670
11675
11688
11689
11689
11702
11709
11718
11728
11729
11734
11743
11744
11749
11753
11753
11758
11770
11771
11772
11790
11795
11798
11798
11809
11813
11822
11828
11838
11849
11872
11873
11881
11888
11904
11905
11907
11922
11933
11938
11948
11954
11966
11968
11970
11981
11989
11993
11995
11998
12007
12007
12031
12035
12043
12079
12083
12083
12089
12096
12104
12107
12112
12127
12152
12157
12159
12179
12187
12204
12211
12229
12240
12250
12253
12259
12261
12264
12291
12302
12352
12376
12380
12385
12409
12419
12424
12428
12456
12491
12495
12501
12505
12529
12556
12561
12567
12597
12604
12607
12624
12626
12634
12658
12675
12680
12688
12698
12717
12743
12756
12766
12772
12788
12791
12804
12843
12858
12873
12877
12880
12889
12900
12920
12931
12931
12933
12940
12943
12959
12963
12966
12986
12992
12998
13007
13035
13039
13063
13080
13081
13081
13082
13098
13114
13114
13123
13124
13126
13129
13168
13181
13199
13201
13213
13226
13238
13239
13243
13246
13247
13254
13262
13270
13272
13283
13287
13294
13321
13338
13348
13355
13376
13415
13433
13437
13439
13445
13482
13496
13496
13500
13512
13516
13517
13552
13555
13559
13569
13572
13579
13597
13603
13609
13626
13635
13645
13667
13674
13717
13749
13758
13778
13783
13783
13793
13803
13803
13804
13824
13841
13873
13883
13890
13915
13929
13942
13944
13944
13949
13949
13949
13972
13980
13986
14002
14004
14008
14014
14015
14022
14022
14026
14027
14029
14058
14067
14080
14080
14082
14107
14111
14124
14128
14139
14141
14159
14179
14184
14192
14222
14230
14233
14251
14254
14283
14307
14313
14346
14349
14358
14359
14359
14366
14420
14431
14441
14453
14460
14489
14493
14498
14517
14520
14525
14547
14551
14562
14580
14584
14591
14613
14618
14632
14650
14660
14671
14679
14683
14708
14712
14719
14727
14740
14742
14753
14760
14763
14778
14798
14802
14802
14804
14814
14817
14818
14823
14830
14850
14854
14860
14860
14869
14873
14876
14880
14884
14890
14890
14897
14922
14927
14936
14948
14955
14960
14960
14970
14987
14988
14989
14990
14995
14998
15009
15025
15065
15066
15071
15074
15075
15084
15087
15088
15110
15111
15128
15130
15135
15165
15174
15179
15179
15190
15193
15193
15207
15213
15215
15219
15240
15242
15246
15250
15252
15258
15270
15281
15282
15289
15298
15306
15333
15338
15344
15348
15349
15351
15352
15359
15361
15369
15381
15381
15383
15384
15388
15399
15424
15424
15426
15427
15437
15441
15448
15453
15468
15471
15475
15476
15477
15480
15484
15485
15507
15514
15514
15521
15523
15545
15567
15567
15569
15591
15611
15616
15618
15622
15623
15627
15653
15663
15675
15676
15700
15717
15727
15734
15759
15771
15787
15803
15828
15833
15850
15851
15864
15864
15869
15896
15900
15901
15921
15932
15939
15942
15942
15961
15962
15963
15973
15997
16010
16027
16029
16031
16032
16070
16071
16079
16096
16098
16113
16123
16126
16171
16178
16195
16210
16218
16219
16236
16247
16261
16263
16270
16270
16275
16290
16303
16318
16321
16324
16341
16354
16377
16387
16422
16439
16454
16457
16457
16465
16493
16496
16502
16532
16587
16588
16620
16620
16632
16633
16671
16717
16734
16742
16758
16763
16775
16794
16799
16811
16816
16824
16825
16827
16840
16843
16851
16861
16861
16887
16907
16910
16926
16941
16944
16945
16965
16968
16975
16976
16979
16998
16999
17005
17009
17014
17026
17042
17048
17051
17052
17077
17084
17092
17093
17113
17114
17130
17137
17139
17150
17154
17164
17169
17204
17215
17222
17231
17234
17235
17242
17245
17250
17276
17309
17320
17320
17326
17348
17351
17366
17369
17373
17397
17399
17417
17433
17444
17462
17465
17470
17494
17501
17502
17524
17526
17534
17536
17539
17540
17541
17548
17558
17560
17566
17567
17584
17605
17606
17607
17609
17617
17622
17637
17652
17654
17661
17666
17666
17670
17686
17686
17689
17712
17718
17723
17731
17736
17739
17749
17753
17758
17770
17790
17830
17830
17839
17841
17853
17865
17867
17878
17886
17886
17895
17950
17953
17959
17973
17987
17989
17996
17997
18001
18007
18011
18038
18038
18046
18048
18057
18080
18093
18109
18116
18144
18152
18156
18156
18158
18179
18181
18191
18215
18229
18239
18241
18254
18269
18284
18289
18318
18325
18357
18368
18368
18374
18392
18397
18401
18404
18409
18430
18435
18437
18459
18462
18468
18478
18482
18494
18499
18514
18519
18522
18539
18552
18557
18578
18600
18603
18609
18630
18637
18647
18660
18670
18689
18700
18723
18732
18733
18741
18749
18753
18753
18759
18761
18770
18779
18782
18792
18793
18795
18808
18824
18826
18828
18832
18832
18849
18859
18861
18888
18893
18895
18895
18903
18904
18913
18918
18950
18956
18956
18984
19011
19044
19081
19094
19110
19120
19130
19135
19154
19162
19166
19171
19175
19182
19194
19201
19205
19213
19222
19241
19270
19271
19282
19292
19304
19306
19309
19311
19337
19367
19408
19415
19429
19434
19441
19469
19472
19499
19507
19509
19523
19559
19567
19568
19588
19589
19596
19610
19613
19628
19650
19650
19664
19678
19686
19735
19741
19755
19757
19763
19837
19838
19851
19861
19878
19881
19888
19893
19899
19925
19944
19962
19979
19987
19990
19991
19991
19996
19998
20001
20003
20017
20021
20024
20041
20043
20054
20054
20058
20062
20062
20065
20112
20113
20127
20130
20149
20150
20155
20168
20187
20196
20212
20244
20260
20264
20278
20288
20293
20330
20354
20356
20357
20363
20364
20365
20374
20377
20417
20425
20425
20429
20430
20433
20441
20449
20453
20457
20460
20472
20474
20481
20492
20494
20494
20495
20501
20504
20516
20518
20533
20552
20560
20573
20575
20602
20608
20616
20619
20627
20631
20669
20680
20688
20714
20720
20728
20742
20744
20748
20759
20776
20789
20801
20820
20823
20824
20840
20840
20849
20855
20864
20870
20873
20883
20893
20900
20913
20935
20940
20954
20977
20981
20993
21005
21006
21007
21018
21021
21034
21042
21044
21062
21062
21076
21082
21110
21113
21153
21155
21174
21179
21188
21190
21194
21199
21201
21213
21213
21214
21214
21215
21229
21240
21256
21284
21302
21318
21323
21324
21326
21346
21360
21386
21391
21404
21405
21437
21450
21480
21488
21516
21518
21519
21531
21532
21532
21538
21539
21558
21560
21573
21574
21575
21589
21596
21604
21613
21619
21629
21641
21642
21652
21661
21664
21678
21684
21686
21694
21728
21737
21739
21747
21769
21771
21792
21798
21805
21819
21819
21826
21834
21842
21869
21883
21895
21899
21930
21956
21961
21971
22004
22005
22012
22015
22031
22058
22073
22074
22092
22097
22106
22106
22111
22120
22126
22142
22175
22179
22194
22205
22218
22223
22225
22231
22247
22256
22257
22263
22263
22268
22276
22277
22278
22285
22296
22297
22297
22304
22329
22330
22339
22344
22351
22352
22353
22357
22395
22398
22414
22426
22466
22473
22486
22495
22496
22497
22502
22507
22513
22517
22523
22547
22550
22569
22583
22602
22603
22608
22612
22617
22634
22646
22658
22663
22685
22692
22697
22741
22743
22749
22752
22759
22765
22771
22779
22795
22807
22817
22825
22840
22875
22889
22894
22900
22903
22925
22929
22936
22942
22964
22974
22979
22990
22996
23003
23007
23019
23020
23032
23039
23057
23061
23064
23073
23075
23078
23085
23090
23096
23101
23103
23128
23139
23151
23153
23160
23163
23184
23190
23192
23194
23215
23218
23241
23247
23251
23266
23267
23297
23341
23351
23374
23377
23386
23394
23406
23416
23424
23444
23453
23481
23496
23506
23531
23540
23540
23548
23599
23615
23637
23643
23651
23668
23689
23696
23711
23732
23752
23783
23800
23804
23807
23808
23845
23847
23850
23855
23859
23865
23873
23885
23893
23901
23909
23909
23910
23921
23933
23949
23949
23961
23962
23975
23992
24014
24016
24021
24021
24025
24035
24042
24043
24052
24054
24078
24087
24088
24106
24118
24137
24140
24163
24242
24244
24245
24246
24252
24253
24255
24258
24264
24265
24270
24274
24302
24302
24307
24320
24321
24322
24323
24369
24375
24415
24429
24439
24439
24480
24489
24493
24505
24507
24509
24520
24523
24559
24561
24561
24579
24584
24604
24607
24609
24609
24635
24671
24704
24704
24721
24722
24723
24738
24742
24745
24746
24751
24766
24768
24775
24779
24802
24805
24805
24814
24817
24824
24827
24845
24860
24872
24874
24876
24883
24937
24958
24958
24967
24971
24974
25002
25012
25025
25026
25027
25046
25051
25055
25060
25071
25077
25115
25125
25129
25129
25153
25157
25157
25159
25165
25172
25192
25203
25214
25217
25228
25229
25241
25252
25256
25305
25316
25317
25319
25405
25408
25422
25433
25444
25450
25463
25465
25474
25481
25507
25522
25540
25552
25553
25553
25568
25568
25580
25590
25592
25611
25611
25621
25627
25649
25668
25710
25719
25726
25728
25766
25767
25768
25772
25784
25791
25797
25804
25822
25825
25833
25835
25837
25839
25842
25852
25854
25866
25885
25895
25904
25921
25922
25923
25933
25940
25947
25968
25973
25974
25982
25983
25984
25984
25984
25987
25989
25998
26009
26024
26026
26030
26039
26076
26101
26106
26108
26124
26127
26144
26162
26169
26169
26172
26175
26177
26206
26236
26247
26268
26279
26307
26310
26333
26339
26345
26346
26353
26357
26369
26370
26374
26389
26392
26392
26395
26414
26416
26423
26432
26437
26459
26505
26507
26510
26528
26534
26560
26570
26593
26594
26608
26646
26659
26664
26668
26674
26680
26694
26698
26724
26753
26756
26774
26779
26787
26796
26816
26819
26839
26850
26871
26914
29828
196
15741
3932
17480
20821
28988
8833
7424
12395
23433
8343
2959
417
26730
18120
15999
15709
11135
9701
18034
24817
11623
4631
7029
14443
11510
28367
15463
12601
21622
21643
19149
13715
25575
6629
10888
915
21814
18313
13311
15248
3008
16270
22017
29739
10742
8016
21800
21878
24069
16186
23047
5692
20818
76
26487
8680
4796
11950
27633
2770
9945
16783
16486
5520
29764
27374
6436
21579
15687
19747
13179
18696
12369
11548
24787
29463
19565
16587
27693
19986
2773
20741
2031
29943
27169
28518
14975
1965
16821
12609
4736
26766
5744
21222
2287
5508
24948
8723
3439
16988
4822
22970
12036
17191
4519
6823
16654
436
23410
14348
20422
2535
5089
28805
2479
2258
27324
17454
10576
14145
6415
21664
17263
12159
19238
19550
24020
14186
4625
27459
1174
9447
26782
13210
2990
1301
26385
19645
8089
26147
10345
4863
28683
21786
3669
7514
396
7345
1320
10972
27842
7736
2636
15105
26247
28226
11008
26619
12413
15633
431
19939
1433
27213
9502
4423
4866
5887
420
12955
2035
10765
24170
7070
2551
27839
14584
2948
5184
22256
20272
3026
6344
29261
24484
2592
27487
5492
29211
16252
27477
5994
12544
5262
3207
22046
16038
8073
4285
16458
27380
12672
3576
21551
19742
12479
25742
10678
21779
7279
2935
12052
16657
9279
17665
11141
18223
15152
22985
23787
7757
20463
29781
20301
2077
9341
18699
18115
17414
22984
4574
21147
5657
14502
19050
1751
26981
14792
12430
25113
28423
21717
7165
15081
7348
24830
2574
25572
16334
25560
25711
24091
22375
1844
20744
24452
11185
9443
18920
4952
2428
29846
26099
14437
14348
15149
22540
17681
6293
4970
12794
11069
3039
26311
26150
10388
27493
5076
12312
20180
6988
8023
20623
5715
16219
11368
6520
27405
20811
25440
2357
29591
25286
4808
20380
15986
26309
12921
