0
7
8
12
14
22
24
29
29
43
44
48
52
57
58
60
67
82
85
92
95
100
106
107
115
118
127
140
143
148
158
161
184
186
193
198
201
201
201
216
217
231
237
238
241
247
250
258
264
282
288
300
304
305
305
308
316
319
320
321
324
324
339
341
364
371
376
379
385
388
389
406
409
430
438
438
439
439
443
455
459
469
480
481
483
488
503
507
511
521
530
535
538
557
557
559
559
565
568
572
594
605
634
651
654
655
657
671
683
688
691
692
693
705
723
726
738
740
740
740
744
744
753
765
786
806
809
813
817
822
827
827
829
832
839
843
846
848
848
851
854
859
863
865
875
878
883
885
893
922
922
924
935
938
949
950
952
955
964
967
976
977
984
991
992
1010
1011
1015
1023
1024
1030
1034
1034
1036
1037
1039
1044
1051
1051
1054
1059
1059
1063
1064
1066
1076
1084
1087
1088
1102
1105
1107
1118
1122
1125
1129
1130
1131
1135
1136
1138
1143
1144
1147
1153
1157
1175
1177
1179
1183
1184
1184
1193
1197
1207
1209
1213
1217
1220
1230
1264
1267
1271
1278
1280
1280
1282
1284
1293
1296
1298
1303
1307
1313
1316
1322
1328
1342
1343
1347
1348
1352
1355
1358
1363
1367
1371
1379
1380
1401
1415
1427
1432
1436
1442
1443
1443
1452
1452
1455
1473
1474
1474
1476
1483
1484
1486
1493
1497
1500
1500
1505
1508
1510
1516
1516
1544
1548
1559
1563
1565
1570
1574
1575
1583
1596
1601
1603
1607
1609
1613
1619
1621
1622
1624
1628
1631
1634
1637
1645
1658
1658
1662
1670
1673
1697
1698
1701
1705
1706
1711
1712
1712
1729
1731
1731
1745
1746
1751
1762
1769
1795
1799
1812
1825
1834
1836
1837
1839
1843
1871
1872
1903
1919
1920
1921
1922
1931
1945
1969
1976
1976
1982
1983
1983
2000
2006
2006
2019
2022
2022
2025
2033
2034
2046
2050
2061
2070
2071
2078
2078
2084
2085
2090
2095
2108
2112
2116
2131
2131
2143
2155
2156
2161
2172
2173
2181
2185
2186
2207
2211
2217
2226
2227
2239
2242
2257
2259
2260
2265
2272
2282
2287
2294
2298
2303
2311
2317
2320
2327
2328
2349
2349
2356
2365
2374
2386
2393
2396
2396
2406
2409
2414
2429
2431
2437
2445
2447
2451
2452
2454
2455
2457
2461
2462
2464
2467
2468
2473
2475
2482
2489
2497
2511
2516
2521
2533
2539
2543
2561
2563
2571
2572
2572
2575
2576
2581
2586
2605
2607
2611
2613
2620
2624
2642
2643
2647
2653
2661
2665
2667
2670
2673
2706
2709
2712
2718
2722
2734
2742
2746
2748
2768
2769
2778
2786
2788
2790
2798
2801
2805
2806
2812
2820
2822
2838
2848
2849
2853
2855
2856
2862
2872
2873
2883
2887
2896
2904
2910
2924
2953
2955
2956
2957
2960
2964
2965
2968
2983
2999
3015
3020
3038
3046
3051
3055
3062
3063
3068
3068
3076
3081
3082
3085
3088
3106
3106
3106
3110
3112
3112
3119
3119
3122
3122
3134
3139
3145
3151
3166
3174
3185
3185
3187
3196
3199
3201
3210
3215
3218
3226
3230
3243
3244
3251
3262
3267
3271
3284
3285
3304
3306
3308
3312
3320
3335
3338
3340
3342
3360
3382
3396
3425
3430
3434
3438
3443
3462
3470
3479
3481
3488
3494
3515
3520
3537
3539
3540
3546
3554
3555
3569
3579
3581
3592
3594
3595
3604
3605
3610
3625
3627
3629
3635
3640
3643
3647
3656
3671
3677
3679
3682
3696
3698
3699
3699
3706
3713
3714
3722
3722
3723
3723
3735
3746
3746
3768
3769
3770
3788
3808
3813
3832
3864
3872
3872
3878
3889
3890
3893
3897
3901
3902
3910
3912
3921
3926
3945
3949
3965
3971
3985
3985
3988
3991
3997
4001
4015
4023
4029
4030
4032
4033
4035
4041
4042
4042
4047
4048
4054
4067
4071
4074
4075
4076
4078
4084
4087
4094
4095
4098
4099
4099
4102
4102
4107
4109
4116
4118
4119
4122
4123
4130
4135
4139
4142
4144
4153
4169
4175
4177
4190
4203
4215
4222
4222
4228
4259
4263
4267
4276
4277
4279
4284
4287
4296
4297
4306
4311
4312
4314
4317
4326
4335
4345
4346
4347
4361
4370
4374
4377
4388
4392
4395
4400
4408
4421
4422
4425
4427
4430
4436
4439
4445
4447
4447
4448
4451
4451
4458
4461
4463
4493
4494
4495
4498
4505
4520
4523
4533
4535
4542
4546
4550
4551
4559
4577
4591
4597
4599
4613
4629
4635
4638
4650
4658
4658
4680
4682
4682
4687
4691
4694
4696
4703
4706
4710
4714
4729
4732
4734
4738
4742
4762
4780
4785
4793
4793
4795
4802
4806
4815
4817
4818
4833
4835
4837
4839
4861
4865
4886
4887
4891
4902
4908
4909
4910
4914
4919
4922
4927
4939
4944
4950
4955
4958
4964
4964
4971
4976
4982
4995
4996
5008
5018
5022
5026
5031
5038
5040
5043
5054
5058
5066
5081
5082
5083
5092
5097
5099
5100
5102
5106
5118
5118
5118
5141
5146
5146
5184
5188
5195
5199
5202
5203
5204
5208
5208
5211
5218
5220
5221
5224
5229
5235
5235
5246
5246
5255
5256
5265
5265
5267
5267
5282
5286
5294
5299
5301
5306
5312
5315
5320
5322
5326
5329
5348
5368
5369
5381
5382
5389
5399
5401
5401
5408
5410
5411
5415
5430
5430
5448
5448
5459
5465
5475
5480
5484
5490
5491
5495
5500
5500
5519
5523
5524
5536
5536
5545
5545
5552
5563
5566
5580
5585
5620
5621
5623
5638
5639
5641
5641
5650
5653
5657
5660
5660
5663
5669
5677
5680
5682
5687
5691
5693
5695
5699
5720
5723
5725
5733
5734
5740
5743
5758
5771
5771
5772
5774
5775
5781
5790
5822
5824
5824
5836
5837
5841
5844
5846
5852
5855
5865
5865
5871
5876
5877
5884
5889
5899
5907
5907
5907
5930
5931
5939
5949
5963
5973
5973
5974
5977
5979
5980
5983
5987
5989
5996
5998
6006
6022
6025
6025
6040
6045
6046
6052
6053
6065
6077
6077
6078
6080
6083
6092
6094
6110
6111
6116
6130
6136
6142
6143
6152
6155
6158
6161
6162
6171
6177
6180
6191
6192
6197
6204
6204
6207
6208
6214
6223
6230
6233
6239
6245
6246
6257
6262
6265
6272
6276
6283
6291
6291
6294
6308
6310
6311
6313
6314
6329
6330
6344
6360
6366
6367
6373
6389
6389
6401
6404
6410
6421
6421
6424
6428
6458
6461
6475
6477
6486
6486
6502
6520
6520
6522
6524
6527
6541
6544
6546
6547
6548
6552
6559
6572
6572
6573
6585
6587
6606
6607
6607
6612
6641
6641
6647
6654
6658
6659
6664
6673
6675
6676
6677
6683
6686
6692
6696
6705
6706
6718
6735
6739
6745
6745
6749
6750
6758
6767
6802
6806
6813
6816
6827
6828
6830
6837
6839
6844
6845
6856
6869
6878
6880
6892
6896
6897
6898
6899
6908
6908
6925
6933
6934
6935
6941
6944
6946
6962
6963
6968
6969
6975
6985
6989
6990
6991
6994
6994
6995
6995
6996
7005
7007
7012
7020
7043
7050
7056
7058
7064
7077
7079
7081
7085
7092
7114
7121
7124
7125
7134
7134
7136
7147
7150
7165
7167
7169
7181
7188
7189
7195
7198
7205
7211
7221
7225
7234
7249
7253
7254
7261
7262
7291
7293
7302
7303
7310
7316
7324
7326
7328
7330
7338
7341
7345
7347
7350
7351
7353
7354
7360
7364
7365
7365
7367
7371
7373
7400
7403
7404
7407
7412
7420
7434
7445
7448
7455
7457
7461
7463
7466
7468
7470
7471
7489
7496
7497
7514
7522
7523
7523
7527
7529
7534
7535
7540
7540
7540
7543
7545
7549
7551
7551
7554
7561
7562
7562
7566
7569
7576
7582
7585
7590
7592
7618
7620
7625
7645
7645
7659
7662
7667
7674
7684
7696
7699
7702
7722
7725
7727
7733
7744
7745
7750
7752
7757
7757
7765
7771
7771
7775
7785
7811
7822
7845
7847
7869
7874
7877
7899
7914
7917
7923
7939
7944
7948
7951
7959
7963
7964
7967
7968
7975
7980
7989
7990
7998
7999
8000
8001
8005
8012
8023
8025
8025
8031
8035
8038
8038
8042
8044
8051
8052
8055
8066
8068
8073
8073
8092
8109
8113
8114
8115
8116
8117
8126
8127
8136
8152
8156
8159
8161
8166
8173
8175
8181
8185
8186
8187
8193
8199
8200
8204
8216
8218
8221
8226
8236
8241
8252
8264
8277
8277
8280
8288
8294
8305
8317
8321
8324
8333
8342
8342
8346
8346
8372
8377
8377
8378
8383
8389
8394
8408
8420
8421
8424
8425
8437
8442
8460
8468
8475
8487
8494
8499
8504
8512
8529
8536
8542
8544
8549
8568
8574
8576
8580
8580
8583
8590
8594
8600
8611
8615
8615
8616
8618
8633
8636
8646
8648
8650
8654
8663
8665
8675
8675
8679
8694
8709
8709
8711
8712
8717
8722
8727
8733
8736
8737
8743
8751
8763
8769
8772
8775
8779
8782
8790
8795
8799
8799
8800
8804
8811
8811
8843
8848
8852
8852
8857
8881
8884
8891
8893
8893
8897
8900
8901
8910
8917
8922
8927
8940
8941
8946
8953
8959
8970
8976
8985
8997
8999
9003
9005
9007
9007
9015
9022
9040
9043
9045
9047
9048
9051
9067
9071
9074
9076
9087
9114
9123
9138
9149
9152
9159
9166
9170
9170
9173
9174
9178
9179
9183
9183
9186
9193
9193
9203
9213
9215
9219
9228
9237
9238
9239
9245
9247
9251
9251
9259
9272
9274
9279
9292
9295
9311
9314
9316
9324
9327
9332
9338
9338
9361
9365
9371
9381
9385
9395
9402
9410
9413
9425
9426
9432
9434
9437
9457
9457
9467
9469
9469
9476
9485
9487
9493
9498
9499
9505
9524
9537
9542
9544
9550
9552
9562
9589
9604
9609
9612
9620
9633
9638
9641
9643
9646
9647
9650
9654
9655
9657
9671
9673
9678
9682
9689
9692
9704
9707
9727
9730
9730
9731
9749
9762
9771
9772
9775
9787
9797
9799
9802
9815
9826
9832
9850
9859
9869
9869
9873
9882
9885
9887
9908
9922
9924
9930
9931
9932
9932
9948
9958
9960
9966
9967
9978
9979
9992
10005
10007
10016
10018
10020
10058
10062
10071
10075
10076
10081
10086
10087
10088
10088
10089
10092
10099
10105
10110
10127
10137
10140
10146
10148
10154
10159
10166
10168
10172
10174
10175
10177
10183
10184
10210
10216
10218
10220
10227
10234
10244
10246
10248
10250
10291
10293
10295
10297
10300
10304
10309
10312
10330
10331
10340
10349
10349
10350
10350
10353
10357
10358
10368
10370
10387
10396
10406
10420
10431
10435
10435
10440
10441
10444
10449
10450
10452
10459
10464
10465
10468
10474
10486
10493
10503
10510
10512
10517
10521
10526
10529
10543
10545
10550
10556
10559
10572
10587
10587
10593
10599
10601
10604
10637
10640
10643
10656
10661
10679
10685
10695
10700
10705
10707
10709
10710
10719
10722
10742
10750
10750
10758
10761
10788
10791
10802
10802
10806
10807
10813
10825
10826
10830
10833
10840
10845
10855
10858
10866
10870
10874
10888
10893
10898
10911
10912
10922
10922
10923
10944
10950
10958
10962
10972
10979
10983
10989
10989
10993
11012
11016
11021
11023
11026
11027
11029
11034
11035
11039
11043
11058
11059
11060
11060
11060
11064
11067
11076
11077
11078
11088
11095
11097
11131
11137
11144
11149
11157
11163
11164
11167
11180
11181
11183
11188
11194
11195
11197
11200
11202
11211
11221
11222
11231
11236
11250
11261
11261
11263
11270
11274
11296
11314
11330
11334
11336
11342
11343
11350
11350
11354
11355
11359
11386
11397
11404
11411
11420
11422
11443
11444
11445
11451
11453
11457
11460
11481
11485
11493
11494
11499
11503
11506
11511
11518
11525
11533
11534
11542
11542
11548
11551
11551
11559
11564
11571
11571
11587
11591
11594
11595
11595
11603
11604
11605
11610
11611
11614
11620
11629
11640
11641
11663
11670
11674
11687
11694
11725
11728
11738
11750
11754
11755
11764
11771
11774
11789
11798
11811
11817
11818
11819
11833
11836
11837
11841
11841
11851
11861
11866
11867
11876
11884
11899
11900
11918
11932
11937
11940
11940
11941
11944
11953
11963
11979
12021
12021
12025
12031
12036
12038
12050
12052
12056
12067
12069
12070
12072
12075
12078
12079
12079
12097
12097
12100
12103
12110
12112
12119
12126
12127
12127
12129
12133
12137
12137
12139
12139
12141
12144
12154
12156
12157
12159
12160
12163
12171
12183
12185
12186
12191
12200
12212
12215
12217
12225
12226
12237
12237
12246
12252
12263
12266
12266
12286
12290
12291
12295
12303
12307
12309
12312
12316
12330
12337
12341
12349
12357
12366
12367
12373
12378
12380
12382
12392
12393
12399
12400
12420
12425
12428
12433
12436
12452
12453
12457
12465
12471
12472
12474
12475
12479
12489
12494
12495
12498
12498
12512
12513
12518
12520
12525
12526
12530
12538
12545
12549
12556
12557
12557
12558
12563
12567
12581
12606
12616
12621
12623
12629
12648
12651
12652
12662
12662
12676
12682
12689
12692
12698
12698
12713
12714
12719
12720
12720
12727
12733
12737
12746
12750
12754
12755
12773
12778
12782
12782
12791
12797
12809
12813
12820
12822
12824
12827
12828
12830
12846
12850
12852
12852
12853
12853
12857
12859
12866
12874
12874
12879
12880
12881
12887
12889
12895
12897
12909
12921
12922
12923
12925
12932
12938
12946
12948
12948
12955
12957
12959
12964
12968
12980
12982
12985
12986
12987
12999
12999
13002
13003
13020
13022
13025
13032
13035
13044
13045
13052
13053
13057
13064
13065
13069
13073
13089
13095
13105
13106
13107
13109
13112
13116
13116
13122
13126
13129
13130
13135
13135
13140
13141
13152
13160
13207
13211
13215
13224
13237
13251
13253
13259
13260
13261
13263
13270
13273
13275
13279
13293
13299
13310
13312
13318
13320
13322
13323
13333
13340
13343
13345
13349
13353
13367
13379
13382
13390
13397
13397
13398
13414
13415
13415
13435
13438
13439
13450
13451
13512
13516
13516
13520
13526
13532
13534
13539
13543
13543
13556
13560
13566
13568
13579
13593
13600
13607
13609
13615
13618
13625
13639
13640
13640
13652
13659
13662
13663
13666
13668
13671
13677
13691
13702
13703
13707
13709
13716
13717
13719
13722
13725
13739
13744
13755
13761
13762
13778
13779
13784
13786
13786
13790
13796
13797
13815
13817
13824
13838
13840
13841
13848
13852
13854
13857
13860
13867
13880
13881
13884
13889
13895
13899
13920
13925
13943
13947
13948
13949
13950
13951
13952
13957
13963
13971
13975
13984
14000
14002
14003
14003
14010
14012
14016
14026
14030
14039
14039
14047
14048
14054
14068
14070
14092
14096
14100
14111
14113
14117
14118
14127
14133
14135
14135
14149
14154
14157
14164
14190
14192
14203
14204
14212
14213
14213
14224
14231
14247
14247
14252
14257
14262
14289
14298
14300
14304
14320
14323
14329
14331
14335
14336
14342
14348
14349
14354
14360
14362
14372
14379
14383
14388
14393
14394
14398
14399
14403
14410
14416
14419
14420
14446
14452
14463
14467
14474
14476
14476
14493
14495
14497
14510
14515
14519
14527
14530
14531
14531
14537
14545
14553
14555
14555
14559
14570
14571
14579
14582
14585
14594
14605
14621
14627
14629
14633
14635
14646
14650
14669
14669
14674
14680
14681
14688
14693
14694
14700
14713
14715
14719
14722
14724
14735
14747
14756
14757
14776
14780
14787
14797
14797
14818
14823
14825
14853
14853
14864
14869
14875
14892
14893
14894
14896
14905
14907
14908
14916
14927
14935
14942
14945
14948
14954
14955
14972
14972
14983
14994
15008
15018
15023
15029
15037
15038
15040
15050
15051
15051
15060
15061
15062
15077
15093
15102
15110
15113
15116
15126
15135
15142
15142
15145
15149
15160
15168
15173
15182
15186
15188
15190
15193
15197
15202
15205
15205
15224
15225
15237
15241
15242
15248
15258
15271
15274
15278
15282
15284
15290
15290
15291
15317
15319
15322
15344
15347
15355
15357
15357
15357
15377
15383
15386
15395
15410
15413
15415
15422
15434
15435
15442
15445
15449
15449
15459
15460
15464
15465
15466
15467
15468
15490
15496
15505
15511
15514
15523
15526
15536
15544
15546
15552
15553
15553
15554
15555
15560
15563
15569
15579
15585
15586
15592
15596
15596
15600
15606
15610
15611
15613
15614
15616
15620
15620
15623
15628
15631
15655
15655
15656
15665
15666
15674
15679
15689
15696
15699
15701
15704
15705
15719
15719
15723
15724
15724
15727
15728
15729
15733
15750
15755
15757
15759
15764
15791
15794
15800
15812
15821
15822
15827
15835
15837
15838
15843
15843
15851
15853
15857
15869
15872
15879
15880
15883
15890
15893
15897
15902
15908
15912
15920
15932
15936
15936
15936
15938
15947
15948
15954
15965
15966
15981
15983
15989
15990
15992
16008
16017
16019
16026
16027
16030
16030
16033
16041
16046
16051
16054
16056
16061
16079
16090
16091
16094
16097
16099
16127
16128
16140
16140
16146
16152
16157
16172
16176
16181
16201
16214
16215
16219
16229
16231
16234
16234
16250
16251
16251
16254
16257
16263
16265
16283
16286
16287
16291
16307
16318
16336
16337
16340
16343
16344
16348
16354
16362
16364
16383
16390
16418
16420
16423
16431
16453
16462
16469
16477
16498
16509
16515
16518
16523
16540
16545
16545
16545
16552
16556
16563
16570
16584
16586
16590
16598
16600
16606
16607
16612
16615
16616
16618
16626
16629
16632
16633
16663
16663
16669
16669
16670
16674
16688
16689
16699
16700
16711
16713
16714
16722
16729
16747
16750
16754
16756
16757
16762
16762
16763
16764
16764
16774
16785
16795
16801
16810
16815
16817
16821
16829
16838
16839
16845
16862
16881
16896
16903
16906
16906
16907
16911
16920
16931
16933
16939
16940
16948
16955
16963
16964
16981
16983
17018
17019
17022
17065
17068
17072
17080
17091
17091
17092
17094
17096
17097
17098
17105
17115
17122
17133
17139
17149
17152
17159
17162
17167
17208
17209
17210
17214
17215
17221
17247
17249
17254
17263
17264
17264
17276
17299
17305
17312
17315
17324
17334
17335
17355
17358
17360
17363
17367
17367
17372
17373
17381
17381
17387
17404
17404
17406
17407
17417
17431
17432
17437
17444
17455
17455
17457
17463
17467
17468
17481
17487
17489
17490
17495
17502
17509
17536
17536
17537
17539
17541
17545
17549
17555
17566
17567
17577
17586
17593
17593
17596
17597
17619
17623
17626
17628
17647
17650
17654
17658
17661
17666
17674
17689
17700
17702
17704
17715
17723
17724
17727
17732
17740
17756
17764
17777
17779
17784
17785
17786
17797
17799
17800
17805
17813
17814
17815
17842
17849
17850
17863
17865
17866
17870
17876
17886
17895
17913
17919
17920
17940
17945
17949
17954
17967
17969
17970
17974
17978
17989
17993
17998
18000
18000
18002
18016
18020
18025
18029
18031
18042
18046
18048
18053
18063
18068
18095
18103
18108
18112
18114
18117
18120
18121
18130
18142
18142
18148
18150
18154
18165
18167
18173
18181
18190
18194
18204
18207
18207
18209
18209
18219
18224
18233
18233
18236
18237
18242
18246
18252
18261
18282
18285
18286
18296
18301
18302
18326
18334
18341
18341
18346
18350
18352
18355
18369
18371
18375
18380
18384
18392
18418
18418
18420
18421
18426
18433
18434
18443
18446
18450
18453
18456
18460
18462
18476
18485
18501
18512
18522
18525
18539
18539
18544
18553
18556
18557
18559
18583
18583
18598
18612
18622
18625
18632
18634
18635
18657
18666
18669
18677
18678
18683
18702
18704
18738
18743
18745
18759
18763
18767
18773
18774
18775
18775
18782
18785
18788
18789
18795
18796
18797
18802
18802
18813
18817
18823
18829
18831
18834
18838
18840
18843
18851
18852
18854
18857
18863
18865
18868
18869
18871
18873
18875
18877
18884
18894
18895
18913
18920
18932
18932
18933
18940
18941
18948
18951
18957
18963
18968
18972
18973
18976
18978
18985
18990
18994
18994
18999
19009
19018
19030
19036
19039
19040
19043
19047
19057
19060
19065
19079
19087
19088
19091
19092
19106
19128
19131
19138
19145
19147
19150
19155
19157
19160
19166
19168
19175
19175
19176
19184
19193
19196
19202
19221
19225
19231
19234
19239
19239
19244
19252
19260
19261
19272
19281
19283
19288
19289
19318
19321
19322
19330
19336
19338
19355
19357
19377
19385
19398
19400
19412
19423
19435
19435
19436
19439
19443
19445
19448
19449
19451
19453
19457
19463
19464
19466
19469
19487
19495
19495
19497
19499
19509
19515
19522
19523
19526
19550
19558
19563
19567
19572
19575
19576
19577
19587
19588
19588
19591
19595
19595
19596
19600
19605
19614
19617
19620
19636
19637
19645
19652
19654
19655
19657
19657
19664
19669
19670
19677
19681
19681
19689
19697
19711
19728
19733
19741
19755
19756
19761
19781
19784
19799
19819
19847
19854
19856
19858
19859
19864
19874
19878
19880
19896
19907
19921
19923
19924
19938
19944
19944
19950
19959
19964
19965
19970
19975
19980
19995
20013
20022
20027
20028
20030
20031
20032
20035
20037
20051
20053
20055
20069
20069
20072
20077
20087
20088
20100
20101
20104
20121
20129
20143
20144
20181
20186
20195
20196
20196
20203
20204
20219
20220
20221
20221
20226
20229
20230
20238
20244
20251
20252
20265
20269
20292
20313
20328
20331
20331
20336
20338
20344
20345
20347
20352
20354
20354
20356
20362
20365
20366
20372
20374
20411
20413
20415
20416
20421
20435
20436
20446
20446
20451
20453
20476
20490
20506
20507
20508
20508
20509
20510
20518
20519
20522
20529
20536
20539
20556
20560
20563
20578
20584
20584
20587
20588
20595
20599
20612
20614
20622
20632
20638
20653
20656
20663
20671
20674
20688
20689
20706
20717
20723
20725
20726
20731
20744
20744
20753
20759
20761
20778
20779
20788
20791
20793
20795
20804
20816
20820
20823
20837
20844
20848
20852
20854
20858
20862
20863
20865
20870
20878
20881
20887
20906
20909
20920
20927
20932
20946
20948
20949
20952
20973
20976
20982
20985
20993
20995
20996
20996
21011
21012
21016
21019
21026
21046
21056
21091
21099
21102
21103
21104
21106
21119
21121
21123
21127
21132
21139
21140
21145
21150
21152
21154
21156
21193
21197
21203
21208
21210
21226
21229
21237
21238
21252
21252
21253
21268
21275
21277
21278
21300
21303
21304
21304
21309
21328
21338
21343
21346
21348
21358
21363
21365
21373
21383
21385
21386
21388
21392
21392
21396
21396
21400
21401
21415
21418
21436
21444
21444
21455
21456
21458
21475
21494
21497
21497
21498
21507
21512
21514
21515
21515
21522
21531
21533
21549
21551
21554
21569
21571
21576
21580
21590
21591
21594
21607
21610
21616
21635
21639
21644
21648
21649
21651
21659
21675
21684
21687
21689
21691
21697
21699
21699
21726
21731
21736
21741
21744
21745
21751
21764
21767
21770
21782
21802
21803
21811
21821
21835
21838
21844
21845
21852
21854
21855
21871
21874
21875
21875
21892
21903
21903
21925
21929
21953
21958
21964
21975
21999
22010
22029
22038
22048
22049
22054
22060
22062
22073
22084
22097
22100
22103
22104
22113
22113
22131
22138
22142
22156
22156
22160
22165
22195
22196
22209
22210
22230
22242
22253
22275
22286
22289
22300
22319
22319
22322
22340
22348
22351
22358
22361
22361
22370
22374
22378
22380
22384
22402
22403
22415
22422
22424
22432
22445
22451
22464
22468
22469
22470
22473
22489
22493
22505
22508
22512
22513
22520
22523
22533
22534
22558
22584
22585
22592
22613
22613
22614
22616
22649
22658
22661
22667
22669
22671
22671
22672
22672
22683
22683
22688
22710
22712
22719
22722
22723
22734
22735
22738
22742
22742
22745
22750
22753
22765
22777
22781
22784
22784
22789
22793
22798
22800
22801
22808
22811
22814
22815
22818
22818
22825
22836
22839
22845
22847
22863
22866
22874
22879
22880
22883
22883
22889
22894
22895
22899
22908
22915
22923
22926
22928
22948
22961
22963
22966
22967
22969
22969
22980
22988
22994
23009
23022
23028
23030
23039
23041
23046
23047
23058
23065
23093
23099
23102
23104
23116
23128
23129
23130
23134
23140
23140
23150
23154
23163
23163
23165
23168
23170
23172
23172
23174
23183
23191
23193
23195
23217
23220
23226
23236
23253
23253
23263
23268
23269
23285
23287
23294
23296
23297
23338
23347
23349
23353
23355
23362
23364
23375
23376
23380
23392
23393
23406
23423
23423
23430
23431
23442
23442
23443
23443
23448
23451
23451
23459
23462
23464
23465
23482
23484
23487
23488
23490
23496
23498
23503
23512
23514
23525
23526
23528
23528
23534
23536
23549
23554
23561
23564
23565
23568
23571
23577
23585
23588
23596
23599
23605
23606
23608
23614
23623
23632
23635
23638
23653
23660
23665
23666
23679
23680
23687
23693
23701
23705
23707
23726
23732
23733
23747
23771
23773
23773
23782
23785
23789
23801
23807
23812
23817
23833
23845
23845
23849
23850
23851
23859
23859
23864
23866
23886
23887
23899
23901
23902
23906
23913
23914
23917
23930
23939
23941
23947
23955
23962
23968
23968
23977
24004
24015
24018
24023
24025
24026
24041
24042
24048
24048
24055
24061
24061
24062
24070
24074
24077
24099
24106
24116
24124
24126
24132
24145
24148
24148
24162
24165
24187
24214
24230
24233
24240
24251
24261
24262
24265
24269
24283
24299
24301
24304
24308
24317
24320
24337
24341
24344
24345
24346
24354
24365
24373
24377
24388
24389
24396
24396
24396
24401
24402
24402
24408
24411
24416
24422
24424
24434
24437
24441
24452
24454
24467
24470
24474
24485
24487
24502
24503
24505
24507
24537
24549
24550
24551
24552
24553
24555
24574
24589
24591
24593
24600
24601
24611
24624
24624
24628
24631
24632
24644
24644
24653
24656
24656
24658
24662
24664
24668
24671
24671
24674
24681
24683
24683
24684
24694
24698
24704
24713
24717
24745
24749
24752
24753
24760
24761
24767
24793
24801
24806
24807
24807
24809
24815
24835
24844
24846
24855
24858
24858
24859
24859
24860
24868
24872
24873
24873
24878
24882
24886
24887
24893
24895
24897
24904
24912
24918
24925
24934
24937
24949
24949
24959
24963
24968
24976
24976
24976
24976
24978
24980
24982
24991
24997
24998
25007
25009
25015
25027
25029
25031
25034
25038
25047
25049
25054
25055
25058
25064
25068
25069
25072
25074
25079
25089
25097
25098
25104
25105
25105
25106
25107
25108
25123
25133
25153
25164
25178
25178
25187
25190
25201
25209
25211
25215
25215
25219
25230
25236
25237
25237
25238
25244
25256
25257
25261
25273
25280
25281
25281
25281
25284
25291
25293
25304
25304
25308
25311
25317
25320
25323
25329
25330
25339
25348
25351
25353
25353
25354
25361
25384
25384
25385
25385
25397
25401
25402
25406
25423
25425
25426
25433
25440
25447
25450
25474
25488
25488
25491
25494
25494
25500
25505
25511
25516
25516
25523
25528
25529
25534
25534
25540
25543
25546
25554
25557
25572
25577
25579
25586
25593
25607
25613
25637
25652
25654
25654
25663
25665
25673
25678
25679
25698
25709
25727
25730
25757
25762
25766
25767
25783
25797
25798
25803
25803
25812
25812
25815
25820
25825
25829
25835
25841
25850
25854
25863
25866
25868
25873
25879
25880
25880
25896
25897
25910
25911
25917
25924
25929
25929
25932
25960
25966
25966
25971
25976
25977
25980
25984
26000
26011
26018
26028
26033
26057
26066
26075
26081
26085
26087
26088
26097
26099
26104
26106
26106
26115
26116
26124
26131
26143
26161
26165
26173
26180
26186
26186
26197
26197
26199
26202
26217
26222
26229
26233
26234
26240
26242
26247
26269
26277
26284
26289
26296
26305
26306
26307
26314
26316
26324
26342
26343
26347
26353
26356
26364
26368
26373
26384
26391
26396
26401
26412
26415
26427
26428
26437
26446
26447
26457
26466
26468
26472
26475
26484
26487
26489
26501
26515
26516
26522
26523
26526
26528
26528
26531
26534
26540
26542
26542
26546
26559
26564
26567
26577
26594
26599
26604
26608
26615
26618
26620
26621
26630
26636
26666
26676
26680
26687
26687
26697
26708
26719
26735
26741
26752
26756
26757
26759
26760
26772
26774
26781
26781
26800
26800
26806
26806
26808
26810
26819
26828
26838
26839
26840
26856
26856
26860
26873
26884
26890
26893
26893
26897
26899
26918
26920
26921
26921
26924
26924
26926
26928
26931
26936
26936
26938
26939
26946
26974
26985
26996
26997
27000
27004
29924
11750
27270
15994
3544
7514
17987
5233
22835
13482
23513
20054
23010
24522
22761
5163
2013
22135
8345
564
16786
26419
15175
22183
21595
5236
27680
310
16048
12500
4151
15972
24250
7773
1966
4146
21640
26306
9379
14475
16140
9244
10881
9150
3767
9994
14313
12132
2129
29010
19049
18916
25429
4224
17451
17024
9461
15132
23686
1861
3984
4190
17833
4586
11963
26152
8732
9955
22458
24464
24430
8598
3708
5311
24101
7475
15306
14766
25960
17435
13777
15009
12703
9206
25585
155
2583
11398
21639
26269
13259
1975
459
7445
6561
18775
3597
15293
28730
2407
16109
23161
17357
19818
4824
11458
3645
20130
26225
29605
13918
16354
20966
2973
1912
16552
9480
4495
4302
7471
7117
17562
9446
13928
25007
22359
2703
4956
14005
7786
13715
114
7299
7424
19932
12123
25235
23578
2254
27812
29535
22524
14166
20502
25497
16078
13406
11330
26926
17708
18801
10395
11622
28248
24323
12981
20607
3379
24289
4612
11165
8004
11079
18464
21781
1011
587
17016
24589
9193
14828
477
8069
28994
20979
9919
21424
10737
21249
24702
28445
10050
5097
16420
14650
29421
5753
11610
2800
43
22574
20317
14399
3653
8781
6180
4665
15720
23196
5606
1266
8024
6083
15687
13370
3414
25606
11147
14151
23207
12201
18949
3258
17299
11721
24260
23072
17474
5870
2224
17517
4797
28893
1917
8450
14026
8097
19467
6098
1294
25074
13716
15670
7509
29404
5393
17276
1362
16540
1427
24570
28741
26728
4180
22392
8449
28440
21816
25924
10663
392
19793
15460
29285
21710
262
13311
6160
19730
19410
13806
21156
3126
29476
28665
8882
11221
22293
10245
27761
23721
11167
2855
26801
21699
1599
5251
26491
23416
7527
7154
23808
27320
28966
29446
25383
29229
12757
1543
18959
8519
15349
10115
17998
21177
15132
26880
2399
7426
13477
6512
7499
996
9367
10652
22695
10967
15903
19187
10735
29782
2693
10895
27103
1660
10341
22486
7241
29451
381
2552
14322
15730
12667
2320
6907
4151
5553
15658
17929
25382
22171
1780
26379
1538
12433
25426
18857
4688
20965
5944
10823
23659
16840
7926
1671
3533
6764
8912
9336
7145
11464
23659
29227
483
2331
6134
10986
14236
21793
5268
9619
20316
7048
12350
21854
25833
14128
17064
6874
5094
23008
17697
5105
16200
1975
6776
19734
15091
22040
29070
22236
3504
29081
27815
10339
1413
10301
21325
15649
8446
2945
1620
28762
16346
20322
26969
12179
10803
14033
25405
15897
13393
19454
21002
29594
21429
4130
19328
6520
26170
24750
5108
6026
23832
2923
16365
25245
19577
14042
17246
28023
16988
25219
26786
9686
21893
23755
28217
2696
14140
23623
18593
27533
13077
15947
27127
10859
26429
22807
23731
22599
17558
28840
28625
11390
8115
21342
12987
4044
11737
6585
2068
5077
1804
5206
14763
23698
28961
12980
2746
13101
12955
27692
16986
2385
13639
20466
13244
10069
13273
6975
9020
831
12167
13998
18573
26635
5340
7912
7031
23429
14498
9099
28506
22654
14305
19621
16352
19618
8954
25451
9071
21909
23143
26058
24294
13134
16524
13890
