0
18
22
35
45
79
85
91
94
116
118
130
131
137
152
162
166
168
182
186
208
210
213
225
227
232
234
236
255
265
273
274
297
298
307
318
344
358
363
388
392
400
414
457
461
463
464
474
495
513
517
520
567
579
593
598
599
602
604
611
624
625
631
637
639
641
657
662
663
664
668
671
673
692
697
699
704
704
713
717
730
730
746
765
790
800
801
870
876
876
877
890
891
894
950
954
968
975
980
1017
1040
1051
1054
1088
1088
1097
1116
1151
1158
1165
1190
1192
1196
1198
1229
1233
1238
1239
1243
1244
1245
1254
1281
1287
1312
1328
1335
1347
1352
1362
1381
1399
1414
1437
1447
1453
1468
1492
1515
1521
1524
1546
1569
1569
1572
1574
1586
1600
1607
1610
1612
1612
1627
1629
1642
1655
1663
1667
1676
1679
1681
1682
1684
1685
1721
1726
1731
1750
1765
1767
1774
1780
1783
1790
1790
1820
1831
1837
1851
1870
1881
1905
1930
1960
1979
1992
1998
1998
2012
2013
2028
2031
2047
2072
2086
2089
2092
2108
2117
2126
2155
2160
2182
2208
2212
2221
2224
2226
2239
2246
2255
2258
2276
2305
2328
2337
2345
2351
2352
2355
2362
2362
2382
2403
2424
2425
2430
2436
2446
2447
2448
2450
2470
2477
2496
2511
2516
2529
2532
2536
2549
2556
2562
2597
2621
2624
2636
2638
2638
2641
2650
2654
2657
2677
2679
2692
2701
2760
2766
2768
2774
2774
2779
2783
2793
2801
2831
2842
2852
2854
2870
2904
2912
2917
2945
2963
2970
2977
2980
2982
2984
2985
2985
2987
2994
3004
3008
3012
3016
3032
3050
3093
3100
3105
3107
3111
3128
3133
3135
3159
3166
3208
3214
3225
3229
3234
3238
3256
3258
3283
3284
3284
3317
3321
3339
3354
3358
3362
3382
3389
3402
3407
3408
3451
3458
3459
3476
3484
3485
3499
3512
3517
3532
3544
3553
3557
3565
3568
3569
3582
3590
3592
3592
3601
3601
3606
3610
3621
3638
3641
3645
3648
3650
3651
3652
3657
3676
3680
3685
3685
3692
3711
3737
3748
3773
3774
3777
3781
3783
3789
3797
3799
3811
3830
3833
3835
3835
3845
3854
3862
3870
3883
3905
3925
3930
3945
3953
3964
3967
3982
3990
3997
4005
4025
4032
4047
4052
4092
4106
4151
4156
4176
4181
4184
4198
4201
4210
4216
4216
4223
4243
4246
4248
4248
4265
4275
4286
4288
4295
4299
4306
4309
4310
4312
4322
4322
4331
4348
4348
4352
4381
4390
4390
4393
4407
4429
4475
4483
4492
4507
4509
4516
4524
4542
4566
4570
4571
4574
4589
4598
4599
4603
4619
4631
4640
4641
4646
4671
4673
4680
4696
4702
4706
4708
4735
4745
4747
4765
4773
4773
4775
4777
4778
4787
4802
4812
4814
4828
4850
4858
4863
4864
4867
4888
4889
4890
4896
4901
4919
4932
4976
4979
4987
4995
4999
5031
5043
5044
5056
5070
5086
5091
5093
5113
5138
5146
5154
5161
5164
5173
5183
5194
5227
5240
5247
5262
5262
5282
5290
5307
5331
5345
5354
5366
5367
5378
5383
5385
5392
5409
5419
5427
5452
5458
5485
5486
5499
5504
5508
5526
5535
5565
5578
5600
5629
5633
5643
5646
5657
5665
5669
5687
5689
5694
5695
5699
5699
5703
5748
5750
5757
5760
5761
5769
5790
5798
5798
5804
5817
5840
5843
5845
5858
5861
5867
5874
5875
5883
5896
5898
5899
5924
5926
5950
5951
5959
5970
6005
6015
6034
6039
6063
6071
6073
6080
6094
6106
6114
6115
6116
6119
6125
6146
6148
6155
6174
6221
6226
6236
6245
6268
6270
6274
6279
6292
6302
6331
6336
6339
6353
6361
6378
6388
6414
6418
6419
6427
6427
6439
6459
6475
6497
6502
6503
6509
6531
6536
6546
6571
6588
6590
6601
6610
6629
6632
6642
6644
6651
6669
6674
6691
6702
6722
6722
6724
6732
6742
6758
6766
6769
6772
6780
6796
6797
6834
6839
6841
6858
6866
6866
6900
6906
6917
6921
6931
6957
6990
7002
7011
7024
7047
7050
7069
7074
7076
7079
7084
7090
7104
7124
7129
7132
7147
7153
7170
7177
7178
7198
7218
7233
7262
7265
7267
7269
7283
7306
7307
7308
7309
7317
7352
7353
7364
7369
7375
7378
7381
7390
7400
7416
7417
7436
7442
7464
7475
7476
7481
7484
7497
7497
7512
7521
7527
7533
7533
7556
7558
7560
7562
7563
7563
7566
7570
7571
7588
7589
7594
7596
7597
7604
7611
7620
7630
7631
7675
7686
7688
7689
7704
7708
7709
7710
7719
7723
7741
7753
7760
7760
7765
7767
7769
7770
7773
7795
7803
7804
7812
7876
7884
7885
7896
7898
7948
7958
7973
7995
7998
8022
8047
8071
8099
8112
8123
8123
8130
8141
8149
8150
8183
8185
8212
8226
8226
8241
8251
8252
8256
8257
8262
8266
8270
8279
8283
8333
8353
8360
8366
8366
8374
8379
8387
8394
8396
8397
8425
8431
8447
8489
8490
8490
8495
8499
8501
8512
8518
8537
8545
8555
8575
8580
8585
8596
8601
8640
8659
8663
8676
8677
8698
8699
8704
8707
8708
8716
8721
8725
8757
8757
8771
8783
8790
8798
8800
8813
8825
8835
8844
8886
8899
8905
8918
8939
8987
9002
9005
9006
9009
9012
9014
9035
9042
9042
9048
9058
9061
9071
9071
9077
9091
9091
9100
9108
9117
9136
9141
9146
9158
9166
9177
9183
9191
9194
9195
9198
9206
9211
9234
9237
9245
9248
9264
9266
9269
9272
9274
9294
9303
9330
9340
9353
9358
9360
9369
9383
9402
9407
9407
9416
9419
9428
9439
9447
9469
9493
9499
9503
9507
9522
9538
9540
9542
9546
9550
9551
9555
9566
9571
9576
9577
9579
9584
9642
9656
9664
9672
9673
9678
9689
9690
9695
9712
9717
9717
9737
9738
9744
9760
9764
9766
9768
9770
9786
9813
9844
9857
9867
9868
9872
9875
9876
9892
9896
9933
9946
9955
9962
9971
10010
10029
10030
10042
10047
10061
10071
10102
10102
10114
10117
10128
10149
10200
10202
10204
10216
10219
10230
10233
10240
10245
10272
10276
10285
10289
10299
10300
10328
10328
10331
10355
10375
10380
10381
10389
10389
10392
10397
10405
10419
10440
10449
10455
10469
10483
10487
10492
10495
10512
10519
10520
10520
10522
10526
10546
10549
10553
10558
10561
10572
10573
10624
10626
10630
10644
10652
10671
10675
10687
10700
10708
10729
10753
10757
10761
10764
10766
10769
10774
10775
10778
10787
10796
10806
10818
10851
10852
10872
10880
10882
10889
10900
10901
10904
10927
10935
10945
10947
10952
10953
10978
10980
10981
10994
10995
11009
11013
11014
11015
11016
11020
11031
11034
11038
11039
11041
11044
11050
11052
11058
11073
11087
11101
11103
11124
11135
11148
11152
11157
11166
11180
11209
11217
11218
11240
11249
11270
11299
11302
11309
11322
11344
11366
11393
11420
11421
11425
11430
11454
11455
11464
11486
11488
11508
11511
11523
11554
11555
11565
11578
11583
11590
11592
11599
11605
11613
11628
11638
11647
11660
11667
11672
11687
11711
11735
11745
11764
11767
11770
11800
11826
11831
11845
11851
11855
11875
11903
11904
11915
11915
11916
11919
11936
11957
11998
12002
12011
12031
12034
12041
12051
12053
12063
12116
12118
12120
12120
12127
12141
12142
12143
12145
12162
12166
12170
12190
12196
12202
12209
12215
12216
12261
12277
12297
12298
12300
12308
12313
12316
12320
12322
12350
12358
12363
12365
12395
12397
12399
12445
12468
12469
12475
12486
12505
12506
12507
12519
12536
12536
12537
12556
12557
12564
12572
12582
12606
12612
12621
12654
12656
12660
12665
12668
12671
12675
12677
12690
12697
12697
12697
12717
12741
12743
12759
12762
12773
12773
12798
12798
12805
12813
12838
12857
12882
12898
12911
12912
12912
12937
12954
12956
12957
12987
12992
12999
12999
13000
13004
13018
13022
13025
13034
13035
13038
13065
13067
13067
13085
13087
13091
13101
13102
13128
13130
13131
13133
13133
13134
13142
13152
13155
13165
13170
13184
13185
13185
13190
13191
13208
13210
13222
13227
13247
13268
13274
13282
13286
13297
13312
13325
13331
13339
13370
13372
13379
13419
13433
13456
13464
13469
13479
13498
13516
13529
13536
13591
13598
13632
13666
13686
13688
13706
13711
13720
13727
13734
13736
13752
13775
13783
13802
13815
13815
13818
13827
13840
13846
13854
13873
13882
13888
13894
13917
13941
13977
13982
13983
13984
13999
14009
14027
14029
14030
14048
14064
14081
14082
14086
14102
14109
14121
14128
14133
14134
14142
14157
14167
14178
14199
14207
14234
14240
14243
14256
14262
14268
14280
14285
14292
14314
14316
14345
14352
14364
14379
14412
14429
14443
14484
14512
14523
14525
14529
14537
14539
14554
14559
14565
14583
14583
14610
14614
14636
14649
14679
14694
14698
14699
14700
14726
14738
14754
14764
14768
14779
14787
14794
14796
14798
14798
14800
14803
14805
14812
14824
14841
14843
14856
14871
14892
14905
14911
14913
14914
14918
14955
14969
14976
14977
14984
14987
14994
14995
14996
15000
15009
15010
15012
15017
15042
15055
15076
15080
15099
15106
15112
15116
15118
15157
15184
15192
15201
15206
15210
15218
15226
15242
15246
15250
15268
15284
15290
15293
15304
15312
15321
15322
15334
15344
15351
15352
15367
15377
15382
15404
15409
15433
15442
15443
15464
15483
15485
15489
15492
15499
15500
15503
15519
15533
15549
15551
15553
15553
15559
15561
15585
15591
15594
15599
15633
15636
15665
15694
15698
15710
15734
15762
15763
15766
15768
15780
15789
15793
15797
15802
15812
15819
15824
15830
15853
15856
15862
15865
15879
15891
15902
15907
15913
15913
15921
15933
15944
15975
15985
15986
15993
15995
16004
16013
16031
16054
16056
16071
16075
16097
16101
16124
16132
16133
16151
16172
16173
16199
16230
16235
16242
16243
16252
16254
16260
16268
16272
16277
16296
16299
16302
16311
16347
16363
16364
16364
16390
16408
16417
16422
16448
16457
16462
16469
16471
16477
16488
16490
16491
16498
16510
16519
16524
16528
16528
16544
16556
16563
16580
16584
16591
16597
16616
16618
16621
16623
16626
16661
16664
16669
16680
16708
16713
16717
16744
16747
16752
16757
16764
16772
16772
16783
16792
16799
16808
16813
16819
16822
16849
16852
16880
16883
16902
16904
16935
16951
16955
16967
16991
16992
16999
17006
17015
17048
17070
17086
17099
17102
17105
17113
17114
17114
17118
17137
17147
17149
17155
17155
17163
17175
17179
17182
17185
17192
17221
17234
17237
17237
17261
17327
17331
17349
17363
17373
17384
17394
17416
17426
17427
17448
17456
17461
17464
17466
17467
17469
17487
17489
17491
17498
17501
17515
17524
17536
17586
17588
17599
17627
17648
17648
17652
17664
17669
17685
17700
17732
17765
17771
17773
17783
17785
17790
17796
17805
17812
17815
17818
17822
17827
17837
17870
17876
17882
17883
17890
17892
17904
17905
17910
17912
17917
17923
17928
17928
17930
17947
17950
17953
17957
17971
17986
17996
17996
18005
18015
18043
18046
18057
18057
18064
18075
18109
18120
18154
18162
18198
18204
18205
18212
18221
18228
18229
18234
18247
18265
18295
18327
18330
18340
18358
18360
18375
18376
18378
18382
18387
18404
18420
18441
18450
18459
18460
18464
18478
18485
18529
18553
18575
18608
18618
18623
18626
18634
18663
18681
18686
18758
18758
18762
18786
18789
18792
18795
18801
18803
18809
18820
18821
18834
18845
18854
18856
18860
18860
18871
18875
18879
18889
18902
18908
18922
18922
18924
18925
18928
18939
18949
18949
18970
18975
18982
18997
19008
19010
19053
19060
19068
19072
19089
19097
19103
19106
19108
19126
19129
19136
19144
19152
19177
19194
19213
19221
19224
19230
19273
19297
19301
19301
19320
19342
19359
19380
19404
19415
19422
19423
19428
19428
19443
19454
19457
19469
19475
19481
19505
19518
19524
19531
19535
19540
19545
19581
19608
19613
19616
19618
19623
19632
19645
19649
19681
19685
19686
19690
19699
19706
19709
19710
19711
19740
19743
19763
19778
19782
19793
19813
19813
19835
19838
19860
19861
19870
19870
19879
19887
19923
19946
19949
19954
19964
19979
19994
20022
20036
20039
20040
20042
20042
20046
20051
20065
20068
20076
20082
20083
20088
20140
20160
20166
20168
20168
20170
20171
20172
20177
20210
20219
20219
20223
20232
20245
20248
20272
20274
20277
20292
20298
20310
20313
20325
20331
20364
20364
20377
20382
20384
20421
20427
20453
20471
20479
20483
20498
20499
20502
20534
20535
20539
20554
20559
20564
20565
20565
20568
20587
20593
20595
20605
20611
20623
20631
20632
20645
20656
20660
20676
20676
20681
20688
20692
20725
20725
20733
20735
20735
20742
20743
20745
20749
20778
20798
20801
20805
20809
20810
20815
20826
20837
20858
20872
20880
20880
20887
20888
20889
20908
20909
20919
20939
20961
20966
20968
20979
20991
20992
20996
21014
21019
21032
21033
21040
21051
21061
21061
21093
21102
21104
21115
21125
21128
21131
21138
21146
21156
21166
21168
21174
21175
21197
21200
21218
21235
21236
21237
21240
21257
21271
21285
21318
21321
21336
21373
21374
21380
21381
21383
21412
21424
21437
21440
21440
21440
21467
21473
21478
21483
21500
21509
21521
21521
21534
21540
21550
21552
21574
21574
21615
21619
21651
21655
21672
21708
21710
21710
21716
21724
21744
21752
21759
21781
21792
21793
21806
21808
21848
21850
21856
21865
21897
21904
21907
21914
21918
21932
21960
21963
21964
21994
22011
22013
22027
22043
22045
22055
22070
22078
22079
22086
22095
22099
22106
22110
22113
22184
22189
22189
22192
22195
22198
22226
22254
22269
22272
22290
22298
22308
22328
22344
22345
22348
22352
22414
22414
22414
22421
22423
22426
22455
22462
22467
22488
22491
22495
22498
22547
22563
22595
22596
22598
22603
22607
22612
22627
22628
22642
22648
22655
22663
22665
22690
22714
22728
22734
22735
22754
22755
22771
22771
22772
22793
22805
22848
22857
22873
22879
22886
22895
22919
22923
22945
22970
22981
22985
22992
23000
23008
23017
23018
23028
23040
23042
23044
23052
23063
23064
23083
23091
23099
23109
23126
23134
23144
23148
23148
23152
23197
23199
23200
23202
23202
23234
23282
23284
23288
23292
23297
23320
23344
23393
23393
23394
23402
23405
23408
23411
23420
23425
23435
23436
23442
23445
23460
23464
23487
23515
23516
23519
23540
23549
23577
23589
23590
23599
23630
23631
23639
23643
23648
23660
23685
23697
23711
23713
23759
23765
23768
23768
23773
23777
23785
23809
23811
23817
23853
23855
23865
23878
23887
23891
23899
23908
23909
23929
23932
23935
23950
23967
23969
23979
23985
24006
24008
24027
24057
24067
24086
24097
24099
24103
24113
24114
24123
24175
24179
24193
24205
24210
24227
24232
24233
24247
24261
24264
24318
24321
24333
24340
24351
24358
24379
24379
24384
24402
24424
24427
24434
24448
24477
24482
24497
24497
24517
24517
24521
24535
24542
24554
24561
24574
24596
24600
24610
24612
24613
24636
24638
24661
24667
24680
24708
24712
24739
24743
24745
24748
24750
24754
24755
24778
24785
24787
24789
24801
24811
24811
24814
24818
24822
24823
24881
24893
24939
24948
24949
24950
24969
24974
24996
25004
25009
25034
25037
25040
25041
25068
25072
25077
25097
25111
25120
25127
25137
25137
25154
25168
25205
25227
25237
25237
25238
25241
25248
25250
25270
25288
25300
25302
25302
25311
25313
25322
25346
25346
25365
25370
25373
25378
25388
25393
25414
25445
25455
25474
25480
25493
25500
25505
25509
25517
25526
25528
25530
25559
25568
25578
25580
25584
25588
25599
25600
25601
25605
25612
25629
25640
25641
25643
25657
25661
25670
25673
25687
25723
25728
25735
25749
25749
25751
25777
25778
25780
25787
25815
25817
25822
25885
25888
25888
25909
25914
25917
25918
25934
25937
25941
25967
25975
25982
25988
26007
26008
26031
26036
26079
26080
26117
26131
26134
26140
26152
26156
26168
26179
26190
26208
26222
26228
26238
26243
26261
26264
26265
26274
26293
26298
26320
26321
26338
26339
26340
26342
26360
26371
26375
26439
26443
26448
26469
26472
26483
26485
26498
26515
26515
26543
26563
26566
26579
26602
26606
26616
26634
26651
26651
26656
26692
26705
26710
26719
26737
26739
26744
26753
26756
26763
26781
26813
26825
26828
26831
26831
26856
26877
26879
26903
26910
26956
26974
26975
26978
26984
26990
26994
26999
27001
27004
27010
27020
27042
27047
27060
27067
27070
27080
27086
27096
27098
27101
27141
27143
27144
27154
27167
27174
27175
27177
27183
27184
27190
27224
27241
27258
27260
27263
27265
27267
27297
27300
27352
27412
27422
27427
27428
27431
27440
27451
27458
27459
27478
27483
27483
27495
27507
27542
27549
27551
27561
27565
27573
27575
27576
27594
27597
27609
27611
27611
27628
27699
27699
27701
27709
27716
27716
27728
27729
27734
27747
27749
27753
27760
27761
27765
27784
27785
27794
27826
27829
27834
27841
27845
27855
27857
27869
27872
27896
27901
27916
27924
27930
27932
27963
27965
27973
27979
27982
27982
27985
27992
28010
28014
28025
28031
28036
28037
28042
28065
28074
28084
28084
28106
28113
28121
28128
28129
28134
28147
28153
28156
28158
28178
28206
28211
28216
28217
28225
28229
28242
28246
28273
28313
28341
28343
28344
28345
28345
28362
28372
28382
28399
28432
28451
28453
28461
28464
28499
28507
28517
28522
28523
28528
28528
28535
28537
28538
28543
28549
28550
28564
28568
28571
28587
28589
28593
28607
28618
28623
28633
28634
28708
28709
28717
28725
28728
28733
28759
28769
28778
28782
28787
28814
28817
28824
28838
28841
28845
28847
28848
28850
28868
28886
28899
28911
28919
28929
28932
28939
28950
28961
28986
28989
29002
29050
29079
29083
29096
29100
29120
29135
29149
29155
29165
29168
29168
29188
29189
29205
29223
29225
29270
29275
29278
29305
29306
29311
29313
29319
29319
29319
29327
29337
29342
29357
29377
29382
29393
29395
29431
29433
29460
29465
29467
29474
29481
29490
29492
29495
29527
29539
29545
29548
29550
29569
29577
29582
29613
29618
29621
29656
29661
29678
29696
29696
29703
29706
29719
29724
29724
29729
29740
29747
29755
29780
29787
29788
29790
29818
29819
29821
29836
29842
29848
29858
29862
29867
29871
29880
29888
29905
29921
29931
29939
29952
29955
29959
29980
29987
29994
30001
30008
30008
30008
30019
30035
30086
30091
30103
30113
30121
30127
30133
30138
30143
30152
30161
30162
30166
30169
30172
30185
30190
30202
30221
30223
30236
30236
30246
30271
30281
30292
30317
30325
30327
30333
30335
30349
30358
30359
30370
30414
30438
30443
30455
30457
30462
30470
30473
30475
30484
30496
30549
30561
30566
30568
30577
30590
30611
30633
30659
30660
30662
30665
30689
30732
30749
30769
30770
30778
30781
30814
30821
30839
30842
30847
30855
30858
30869
30871
30875
30919
30923
30938
30939
30951
30983
30985
30988
30994
31006
31006
31038
31049
31065
31067
31067
31072
31084
31088
31098
31107
31119
31128
31139
31140
31140
31155
31162
31166
31187
31210
31213
31221
31225
31254
31257
31258
31267
31271
31281
31283
31290
31292
31292
31299
31302
31306
31314
31332
31333
31345
31351
31358
31358
31359
31375
31387
31388
31409
31413
31427
31462
31476
31486
31497
31510
31554
31572
31573
31580
31580
31589
31592
31597
31599
31602
31604
31617
31632
31665
31669
31670
31677
31678
31703
31703
31714
31725
31729
31732
31761
31768
31790
31806
31812
31826
31837
31842
31843
31843
31855
31862
31867
31899
31919
31922
31943
31948
31984
31985
31996
32008
32021
32021
32023
32025
32027
32030
32032
32052
32066
32071
32095
32126
32136
32140
32149
32161
32165
32174
32182
32189
32190
32191
32201
32210
32211
32212
32216
32230
32233
32268
32293
32293
32296
32319
32333
32345
32353
32354
32355
32359
32365
32370
32375
32416
32437
32438
32450
32472
32472
32479
32503
32519
32522
32523
32527
32528
32530
32549
32555
32557
32560
32560
32574
32577
32593
32596
32607
32608
32617
32617
32617
32637
32638
32643
32644
32646
32659
32673
32676
32678
32682
32682
32686
32719
32720
32733
32736
32764
32772
32773
32776
32778
32784
32816
32822
32830
32831
32840
32867
32867
32868
32875
32887
32890
32896
32898
32901
32910
32940
32947
32987
32996
33004
33006
33026
33030
33035
33043
33052
33059
33096
33103
33112
33116
33118
33135
33136
33146
33157
33162
33169
33173
33173
33186
33190
33192
33195
33201
33204
33214
33218
33218
33225
33262
33271
33273
33274
33276
33283
33286
33288
33313
33343
33344
33345
33357
33365
33367
33383
33388
33393
33393
33405
33412
33413
33422
33424
33432
33433
33443
33452
33459
33461
33462
33463
33480
33482
33490
33495
33502
33504
33516
33523
33525
33531
33532
33534
33543
33564
33566
33567
33574
33579
33607
33625
33650
33656
33677
33682
33697
33698
33705
33710
33711
33722
33735
33736
33743
33753
33770
33781
33783
33790
33795
33825
33830
33846
33865
33871
33886
33894
33895
33914
33933
33933
33937
33941
33945
33945
33951
33951
33952
33956
33970
33976
33979
33990
34007
34012
34017
34021
34034
34094
34166
34167
34169
34184
34192
34210
34210
34215
34233
34235
34241
34248
34250
34271
34286
34290
34312
34323
34360
34392
34433
34478
34478
34481
34485
34498
34520
34528
34531
34534
34536
34554
34555
34616
34630
34633
34637
34653
34670
34680
34697
34702
34704
34717
34731
34742
34754
34759
34765
34779
34796
34804
34817
34818
34832
34836
34836
34837
34855
34868
34876
34878
34887
34902
34919
34937
34938
34955
34959
34965
34979
34981
35012
35027
35039
35040
35043
35048
35051
35083
35086
35102
35113
35114
35128
35136
35137
35144
35162
35166
35173
35174
35192
35204
35215
35224
35228
35234
35251
35258
35266
35271
35282
35301
35304
35305
35306
35311
35346
35350
35351
35355
35355
35368
35371
35371
35390
35392
35399
35399
35416
35450
35459
35465
35468
35469
35476
35477
35480
35508
35523
35529
35540
35572
35582
35588
35624
35625
35634
35637
35640
35657
35669
35675
35691
35698
35711
35725
35732
35732
35732
35738
35759
35809
35810
35825
35830
35835
35845
35847
35849
35851
35859
35866
35889
35897
35921
35945
35963
35965
35977
35981
35986
35986
36001
36002
36013
36020
36026
36026
36031
36039
36056
36075
36082
36085
36093
36113
36114
36133
36138
36141
36187
36199
36207
36215
36219
36220
36230
36231
36231
36235
36238
36247
36252
36258
36293
36294
36305
36313
36337
36342
36387
36404
36411
36441
36442
36474
36484
36485
36490
36513
36516
36534
36547
36548
36563
36564
36566
36571
36579
36587
36591
36592
36601
36619
36625
36644
36655
36656
36678
36701
36702
36703
36714
36725
36734
36748
36752
36753
36755
36769
36774
36777
36777
36801
36816
36824
36844
36849
36858
36874
36885
36904
36905
36923
36935
36941
36959
36967
36984
36988
36988
37000
37005
37033
37041
37074
37078
37096
37108
37117
37120
37129
37142
37157
37175
37177
37193
37196
37197
37206
37219
37220
37222
37224
37239
37243
37249
37252
37265
37273
37281
37284
37289
37317
37318
37320
37323
37324
37346
37367
37370
37379
37425
37426
37436
37438
37450
37453
37458
37458
37472
37483
37486
37512
37524
37544
37556
37578
37612
37615
37622
37636
37636
37642
37665
37671
37688
37690
37699
37699
37708
37712
37713
37714
37722
37722
37757
37770
37811
37815
37821
37828
37828
37832
37833
37834
37837
37853
37877
37880
37887
37890
37900
37912
37919
37938
37939
37988
38007
38015
38026
38028
38029
38036
38036
38064
38070
38072
38080
38097
38104
38107
38109
38122
38136
38142
38161
38166
38180
38186
38189
38198
38206
38215
38225
38231
38240
38256
38267
38270
38285
38288
38296
38312
38314
38320
38331
38332
38340
38358
38371
38405
38408
38415
38420
38422
38454
38462
38476
38486
38498
38516
38527
38528
38557
38561
38574
38585
38597
38605
38631
38635
38663
38700
38700
38721
38722
38728
38732
38734
38735
38736
38739
38748
38758
38760
38776
38779
38780
38788
38799
38808
38812
38816
38852
38857
38882
38882
38894
38898
38899
38904
38931
38934
38940
38947
38956
38960
38962
38963
38976
38979
38991
38992
38995
39001
39017
39018
39034
39047
39048
39051
39056
39061
39085
39107
39126
39127
39137
39143
39155
39164
39174
39187
39191
39200
39202
39205
39215
39228
39233
39235
39243
39253
39276
39286
39292
39326
39383
39393
39398
39401
39421
39424
39435
39439
39440
39448
39451
39461
39481
39511
39522
39544
39557
39560
39581
39594
39595
39599
39611
39613
39616
39640
39652
39676
39682
39684
39687
39689
39712
39712
39718
39719
39731
39740
39743
39752
39764
39766
39766
39769
39770
39787
39806
39807
39808
39845
39851
39877
39880
39890
39893
39902
39903
39926
39928
39933
39944
39966
39980
39993
40008
40009
40019
40045
40046
40053
40087
40113
40138
40139
40155
40171
40174
40182
40195
40197
40199
40203
40206
40215
40216
40218
40222
40226
40233
40234
40243
40259
40266
40272
40272
40280
40295
40332
40343
40345
40346
40358
40358
40371
40383
40391
40402
40419
40425
40437
40450
40464
40504
40510
40514
40522
40524
40526
40529
40531
40533
40552
40553
40555
40558
40562
40573
40575
40581
40583
40584
40586
40602
40619
40641
40644
40686
40698
40703
40705
40707
40726
40752
40753
40757
40758
40762
40762
40845
40846
40855
40857
40858
40875
40878
40881
40883
40883
40895
40901
40906
40909
40919
40931
40935
40983
40996
40996
41018
41020
41022
41027
41028
41047
41048
41057
41057
41063
41069
41079
41098
41100
41106
41120
41128
41136
41140
41149
41158
41164
41170
41205
41217
41220
41220
41227
41230
41254
41268
41271
41274
41292
41295
41299
41301
41306
41313
41319
41322
41325
41326
41346
41347
41356
41364
41375
41391
41395
41406
41413
41440
41454
41459
41461
41463
41488
41497
41498
41499
41506
41512
41516
41534
41535
41592
41629
41636
41637
41639
41641
41646
41688
41716
41717
41720
41730
41755
41758
41762
41768
41789
41792
41801
41817
41819
41825
41834
41846
41849
41849
41859
41861
41866
41867
41867
41869
41873
41875
41877
41878
41897
41898
41899
41906
41929
41937
41939
41942
41943
41945
41952
41954
41959
41980
41995
41995
42010
42034
42037
42039
42040
42057
42082
42108
42115
42124
42147
42148
42152
42157
42158
42164
42171
42194
42207
42210
42227
42253
42259
42283
42286
42289
42296
42299
42299
42308
42309
42320
42324
42326
42357
42360
42362
42368
42370
42385
42390
42441
42446
42447
42451
42454
42478
42490
42495
42505
42520
42523
42524
42552
42569
42573
42577
42586
42592
42597
42598
42616
42634
42657
42665
42676
42679
42686
42704
42713
42716
42717
42720
42723
42732
42738
42769
42771
42774
42783
42789
42802
42804
42811
42844
42847
42847
42875
42930
42930
42930
42933
42964
42969
42994
43008
43014
43026
43029
43030
43031
43047
43074
43105
43109
43109
43117
43131
43132
43155
43155
43159
43181
43186
43187
43189
43192
43201
43215
43221
43252
43255
43265
43268
43321
43327
43333
43360
43366
43371
43372
43400
43411
43415
43428
43447
43470
43475
43484
43501
43504
43524
43525
43536
43556
43557
43595
43606
43606
43608
43623
43641
43650
43656
43658
43660
43673
43678
43685
43687
43706
43717
43730
43778
43782
43796
43803
43812
43816
43818
43849
43852
43854
43906
43918
43924
43936
43943
43944
43972
43974
43986
44006
44017
44022
44032
44039
44042
44043
44044
44047
44051
44052
44056
44057
44063
44081
44091
44092
44117
44123
44124
44125
44132
44141
44144
44181
44192
44192
44205
44205
44211
44217
44226
44236
44238
44242
44247
44250
44253
44262
44279
44282
44284
44288
44306
44322
44327
44333
44336
44338
44347
44348
44359
44366
44370
44378
44396
44406
44414
44414
44422
44430
44453
44456
44459
44462
44463
44467
44488
44489
44497
44525
44528
44536
44537
44544
44551
44589
44605
44615
44618
44619
44635
44639
44648
44652
44654
44663
44670
44670
44671
44673
44687
44688
44700
44714
44714
44732
44761
44770
44789
44801
44811
44835
44835
44841
44843
44845
44854
44858
44863
44884
44890
44896
44899
44914
44923
44924
44931
44941
44971
44973
44974
44983
44997
45008
45022
45027
45029
45031
45033
45069
45078
45125
45136
45147
45158
45168
45174
45176
45181
45196
45196
45211
45215
45237
45239
45261
45270
45291
45295
45297
45300
45307
45321
45341
45354
45362
45366
45381
45418
45419
45432
45445
45454
45465
45470
45471
45485
45490
45504
45505
45516
45532
45533
45535
45537
45543
45556
45558
45562
45597
45603
45606
45609
45612
45620
45630
45635
45650
45654
45697
45699
45700
45704
45709
45723
45734
45739
45742
45763
45769
45770
45772
45776
45783
45797
45801
45813
45814
45815
45820
45821
45830
45869
45869
45872
45880
45891
45894
45894
45897
45900
45910
45923
45932
45948
45950
45958
45964
45979
45983
45984
45991
45991
45992
45999
46006
46009
46010
46018
46021
46035
46036
46048
46053
46062
46071
46093
46102
46118
46118
46120
46129
46129
46143
46168
46170
46201
46221
46227
46232
46238
46251
46252
46254
46273
46281
46284
46294
46310
46328
46350
46356
46365
46370
46392
46409
46414
46432
46451
46477
46485
46494
46498
46549
46550
46552
46573
46579
46585
46606
46609
46610
46654
46659
46667
46684
46695
46699
46722
46727
46734
46739
46760
46762
46774
46784
46803
46818
46828
46829
46832
46834
46846
46856
46859
46867
46876
46887
46888
46906
46910
46913
46921
46938
46941
46945
46949
46955
46957
46973
46979
46987
46990
46991
46999
47004
47011
47027
47036
47051
47053
47056
47062
47062
47085
47134
47138
47151
47160
47165
47167
47177
47177
47188
47195
47197
47208
47212
47220
47222
47229
47233
47237
47244
47264
47265
47267
47269
47275
47296
47296
47313
47327
47328
47339
47340
47369
47377
47380
47412
47417
47418
47423
47431
47431
47464
47466
47481
47486
47493
47534
47536
47567
47595
47602
47617
47624
47631
47634
47645
47664
47665
47666
47670
47680
47690
47692
47696
47702
47703
47720
47731
47739
47747
47758
47766
47767
47769
47810
47812
47823
47839
47847
47879
47890
47894
47901
47904
47906
47927
47928
47930
47935
47936
47938
47942
47963
47966
47969
47977
48019
48023
48038
48052
48055
48055
48067
48072
48093
48101
48119
48136
48167
48172
48180
48182
48191
48193
48206
48209
48237
48242
48245
48255
48263
48272
48297
48300
48305
48316
48318
48324
48338
48341
48345
48347
48353
48396
48404
48416
48437
48457
48466
48469
48476
48482
48500
48504
48506
48513
48520
48559
48564
48565
48575
48576
48583
48583
48585
48594
48602
48604
48606
48618
48663
48664
48669
48671
48680
48696
48712
48718
48720
48724
48730
48739
48744
48747
48763
48779
48790
48792
48811
48812
48819
48832
48832
48834
48837
48839
48874
48883
48884
48890
48901
48903
48913
48924
48926
48948
48967
48970
48989
48999
49015
49015
49018
49029
49036
49059
49064
49079
49092
49097
49097
49100
49102
49105
49132
49133
49137
49144
49153
49156
49161
49168
49192
49198
49204
49215
49218
49226
49227
49230
49239
49243
49270
49283
49290
49293
49307
49348
49360
49361
49372
49389
49389
49392
49392
49406
49443
49448
49450
49450
49450
49456
49459
49500
49504
49514
49534
49543
49552
49563
49567
49581
49582
49593
49619
49635
49637
49637
49641
49666
49675
49684
49692
49694
49725
49736
49740
49742
49759
49762
49767
49768
49795
49801
49811
49811
49812
49826
49856
49874
49878
49878
49879
49891
49895
49898
49925
49944
49945
49947
49959
49971
49975
49991
49993
49996
49999
50000
50001
50012
50012
50022
50027
50028
50030
50042
50075
50076
50078
50087
50089
50111
50114
50145
50145
50149
50198
50205
50213
50215
50232
50242
50247
50305
50351
50383
50404
50409
50434
50437
50443
50465
50467
50469
50483
50486
50495
50508
50510
50519
50545
50560
50582
50637
50651
50676
50678
50688
50689
50692
50720
50728
50730
50735
50753
50754
50759
50769
50773
50776
50795
50810
50816
50816
50820
50852
50872
50882
50895
50897
50899
50909
50911
50946
50951
50952
50983
51002
51003
51014
51016
51051
51054
51057
51057
51058
51085
51090
51095
51112
51118
51119
51157
51168
51186
51186
51205
51225
51227
51231
51234
51239
51253
51258
51272
51272
51286
51288
51304
51313
51325
51334
51339
51339
51352
51362
51365
51369
51372
51382
51383
51395
51402
51410
51411
51412
51414
51418
51420
51421
51425
51433
51445
51445
51460
51465
51476
51480
51481
51489
51511
51513
51525
51556
51566
51570
51580
51600
51610
51640
51655
51656
51658
51660
51661
51664
51670
51704
51719
51722
51724
51729
51746
51754
51769
51804
51809
51813
51817
51819
51825
51826
51826
51835
51858
51863
51865
51896
51896
51902
51904
51913
51921
51925
51942
51949
51987
51990
52005
52010
52037
52037
52056
52089
52091
52094
52095
52097
52103
52105
52120
52123
52133
52134
52148
52161
52162
52170
52171
52177
52182
52184
52185
52198
52224
52226
52229
52236
52249
52255
52263
52272
52274
52298
52302
52326
52335
52337
52354
52358
52365
52369
52374
52393
52403
52417
52420
52421
52425
52438
52443
52446
52475
52479
52480
52493
52509
52515
52528
52564
52588
52589
52589
52611
52611
52621
52625
52643
52644
52650
52655
52679
52685
52712
52723
52725
52728
52740
52740
52748
52750
52759
52772
52787
52789
52791
52793
52802
52803
52809
52810
52829
52834
52836
52846
52851
52887
52888
52895
52913
52914
52924
52968
52969
52975
52984
52996
53005
53010
53026
53054
53061
53083
53083
53107
53118
53121
53135
53137
53149
53154
53156
53173
53188
53203
53204
53213
53254
53255
53277
53283
53288
53316
53323
53328
53328
53343
53348
53349
53358
53390
53398
53407
53417
53419
53464
53477
53493
53495
53501
53505
53520
53557
53573
53587
53590
53597
53601
53601
53613
53616
53624
53629
53637
53638
53667
53675
53698
53710
53721
53726
53729
53730
53731
53733
53735
53750
53753
53761
53768
53772
53773
53773
53795
53800
53807
53817
53829
53843
53876
53889
53909
53931
53939
53944
53957
53970
53987
53996
54020
54024
54037
54039
54042
54067
54072
54076
54079
54087
54088
54090
54097
54098
54100
54136
54151
54155
54182
54199
54208
54258
54263
54276
54280
54287
54300
54321
54351
54354
54360
54377
54396
54397
54421
54424
54434
54439
54439
54453
54463
54470
54471
54483
54484
54493
54520
54523
54524
54530
54533
54535
54540
54560
54562
54563
54563
54564
54569
54575
54588
54589
54597
54603
54610
54614
54630
54631
54639
54659
54667
54668
54684
54687
54692
54720
54747
54748
54758
54772
54785
54816
54828
54835
54877
54877
54892
54907
54919
54920
54924
54934
54972
55004
55009
55036
55053
55053
55058
55062
55074
55079
55082
55085
55087
55106
55119
55121
55121
55154
55160
55167
55169
55176
55178
55180
55184
55188
55194
55203
55227
55256
55257
55263
55272
55274
55278
55286
55300
55329
55336
55337
55338
55353
55364
55373
55373
55386
55389
55397
55415
55416
55434
55438
55456
55465
55469
55472
55474
55476
55483
55489
55519
55520
55521
55525
55553
55562
55567
55570
55579
55593
55618
55634
55640
55650
55650
55651
55662
55666
55666
55683
55685
55700
55713
55720
55720
55724
55756
55756
55771
55795
55798
55801
55805
55809
55810
55827
55837
55840
55846
55853
55853
55869
55875
55878
55884
55900
55901
55901
55903
55908
55915
55920
55930
55973
55991
56002
56019
56024
56027
56032
56048
56058
56061
56071
56088
56102
56103
56106
56106
56108
56112
56113
56121
56135
56139
56162
56163
56163
56164
56167
56172
56173
56174
56183
56192
56198
56205
56214
56222
56252
56263
56286
56287
56310
56314
56318
56323
56325
56328
56335
56336
56342
56356
56359
56365
56369
56384
56397
56446
56448
56459
56470
56479
56482
56492
56494
56507
56519
56525
56564
56565
56568
56589
56599
56603
56619
56634
56635
56639
56658
56659
56676
56684
56692
56703
56711
56717
56717
56723
56731
56731
56738
56738
56749
56763
56770
56776
56782
56793
56795
56797
56806
56812
56815
56829
56832
56833
56873
56882
56889
56899
56906
56912
56942
56961
56971
56982
56982
56998
57006
57015
57023
57041
57057
57060
57070
57097
57132
57137
57166
57171
57184
57196
57220
57229
57229
57232
57251
57257
57266
57268
57275
57277
57293
57294
57295
57334
57354
57364
57364
57375
57376
57386
57403
57419
57427
57428
57448
57460
57465
57470
57474
57475
57478
57478
57486
57487
57489
57505
57520
57555
57575
57579
57606
57607
57619
57630
57635
57648
57649
57654
57666
57689
57692
57699
57719
57723
57739
57749
57773
57777
57815
57816
57834
57842
57844
57848
57851
57856
57872
57876
57876
57901
57904
57914
57919
57929
57930
57933
57942
57952
57970
57971
57973
57995
58024
58034
58035
58043
58045
58051
58063
58110
58111
58120
58122
58135
58135
58138
58143
58161
58169
58175
58195
58200
58208
58224
58231
58231
58265
58271
58273
58276
58284
58288
58292
58298
58299
58324
58351
58351
58355
58364
58375
58380
58382
58386
58387
58390
58392
58409
58413
58457
58462
58466
58469
58478
58489
58492
58493
58501
58512
58512
58513
58531
58558
58569
58574
58581
58583
58600
58603
58606
58617
58622
58642
58646
58648
58654
58658
58668
58677
58677
58689
58690
58694
58702
58705
58715
58716
58717
58737
58766
58777
58784
58789
58794
58794
58796
58821
58822
58839
58840
58874
58898
58939
58946
58973
58999
59002
59017
59034
59043
59051
59061
59067
59078
59081
59087
59098
59105
59141
59144
59146
59155
59173
59200
59214
59224
59229
59239
59241
59248
59250
59279
59290
59314
59316
59321
59337
59357
59364
59402
59405
59440
59441
59446
59446
59452
59453
59455
59469
59485
59501
59529
59566
59571
59592
59616
59616
59625
59663
59667
59689
59702
59705
59723
59748
59755
59780
59800
59816
59820
59821
59824
59828
59838
59845
59863
59874
59908
59913
59914
59919
59921
59942
59950
59954
59963
59970
59970
59991
59993
60000
60007
60066
60094
60111
60115
60117
60117
60131
60146
60167
60169
60173
60174
60175
60180
60192
60200
60220
60223
60236
60238
60251
60287
60288
60288
60289
60289
60294
60306
60307
60309
60316
60338
60338
60346
60347
60360
60370
60382
60386
60394
60407
60408
60419
60432
60468
60469
60478
60490
60498
60510
60551
60556
60561
60566
60569
60583
60594
60599
60611
60617
60618
60619
60622
60626
60627
60645
60658
60670
60671
60682
60718
60723
60725
60730
60734
60751
60759
60760
60763
60766
60796
60805
60809
60827
60868
60880
60880
60901
60911
60927
60938
60946
60954
60954
60964
60967
60991
60991
60998
61006
61029
61033
61034
61046
61068
61073
61075
61093
61106
61120
61135
61158
61158
61163
61164
61181
61182
61185
61192
61194
61207
61209
61219
61226
61228
61230
61232
61251
61274
61310
61310
61332
61334
61340
61348
61366
61370
61386
61400
61410
61417
61420
61424
61441
61444
61461
61462
61472
61473
61483
61484
61493
61516
61527
61531
61535
61538
61545
61564
61575
61607
61617
61617
61632
61637
61638
61638
61639
61644
61664
61678
61683
61686
61689
61691
61697
61706
61732
61743
61744
61749
61750
61754
61755
61761
61770
61772
61781
61784
61788
61788
61796
61810
61864
61867
61869
61874
61875
61883
61891
61898
61910
61916
61924
61936
61952
61964
61965
61978
61980
61985
61988
61992
61993
62000
62013
62021
62033
62058
62061
62066
62078
62096
62106
62115
62121
62127
62150
62159
62164
62176
62211
62212
62221
62231
62267
62268
62273
62273
62291
62294
62307
62312
62313
62318
62332
62336
62346
62347
62350
62354
62378
62383
62404
62421
62424
62435
62442
62461
62464
62467
62488
62492
62495
62497
62498
62504
62507
62511
62513
62516
62528
62529
62537
62554
62555
62555
62592
62594
62636
62661
62673
62680
62690
62697
62707
62712
62714
62719
62731
62734
62745
62753
62755
62768
62769
62770
62772
62775
62780
62787
62813
62822
62837
62853
62857
62862
62864
62877
62881
62906
62906
62915
62926
62963
62965
62972
62992
62992
62997
63012
63022
63024
63026
63033
63046
63060
63067
63080
63098
63118
63121
63127
63129
63146
63151
63157
63158
63159
63164
63166
63168
63179
63201
63210
63243
63264
63278
63303
63312
63324
63325
63341
63359
63363
63366
63372
63376
63381
63381
63427
63435
63452
63459
63460
63463
63488
63505
63516
63525
63534
63544
63550
63591
63607
63611
63644
63649
63674
63686
63712
63721
63735
63754
63764
63767
63777
63785
63787
63822
63826
63828
63833
63850
63857
63860
63868
63880
63894
63904
63914
63919
63929
63932
63949
63957
64005
64020
64038
64042
64090
64093
64109
64113
64134
64168
64177
64200
64203
64214
64220
64223
64265
64267
64275
64298
64303
64315
64318
64335
64346
64350
64362
64383
64384
64407
64408
64437
64443
64455
64455
64477
64481
64484
64487
64490
64499
64510
64525
64526
64533
64541
64545
64551
64552
64560
64560
64565
64575
64583
64589
64620
64633
64634
64636
64639
64662
64663
64664
64678
64688
64697
64702
64706
64730
64734
64737
64741
64772
64790
64809
64822
64839
64865
64867
64871
64881
64884
64906
64923
64923
64933
64944
64945
64950
64954
64966
64970
64973
64985
64986
64991
65007
65008
65010
65013
65013
65018
65024
65025
65036
65049
65056
65059
65069
65084
65087
65103
65122
65133
65138
65143
65150
65151
65159
65181
65185
65185
65216
65224
65224
65238
65241
65241
65248
65257
65257
65284
65288
65292
65302
65311
65332
65345
65355
65358
65377
65384
65394
65394
65396
65398
65405
65409
65412
65424
65436
65462
65468
65468
65483
65488
65496
65526
65543
65567
65569
65569
65572
65576
65596
65605
65614
65639
65657
65660
65660
65667
65668
65674
65678
65679
65697
65711
65721
65733
65743
65761
65765
65769
65774
65787
65792
65798
65804
65811
65814
65852
65855
65866
65868
65881
65901
65906
65920
65924
65939
65942
65944
65970
65971
65981
66003
66006
66011
66018
66045
66046
66067
66079
66080
66084
66101
66111
66112
66121
66127
66138
66144
66163
66164
66178
66184
66186
66198
66203
66206
66207
66210
66212
66215
66220
66232
66244
66249
66263
66269
66280
66286
66292
66292
66304
66308
66315
66324
66334
66348
66357
66373
66376
66379
66405
66422
66425
66440
66447
66452
66473
66478
66495
66498
66500
66511
66518
66522
66531
66539
66554
66560
66568
66575
66601
66613
66615
66621
66623
66642
66653
66661
66666
66667
66682
66695
66714
66714
66735
66755
66789
66795
66797
66802
66806
66811
66816
66837
66846
66857
66859
66859
66863
66890
66897
66913
66919
66924
66926
66927
66947
66953
66956
66970
66976
67017
67019
67024
67037
67057
67059
67069
67075
67101
67111
67148
67161
67171
67172
67200
67217
67223
67226
67231
67237
67242
67245
67250
67255
67260
67270
67272
67278
67283
67285
67292
67313
67321
67325
67337
67337
67368
67414
67448
67459
67489
67490
67494
67518
67538
67550
67584
67612
67618
67629
67638
67653
67656
67673
67679
67683
67683
67685
67696
67699
67702
67708
67732
67739
67739
67742
67745
67762
67771
67772
67786
67799
67801
67821
67823
67824
67829
67836
67845
67852
67853
67857
67875
67883
67887
67905
67910
67912
67926
67927
67931
67975
67984
67985
67986
67995
68006
68023
68027
68032
68032
68044
68059
68069
68080
68112
68117
68133
68139
68147
68153
68178
68178
68179
68195
68195
68206
68207
68212
68229
68230
68235
68237
68247
68248
68259
68263
68280
68301
68301
68302
68308
68316
68343
68345
68366
68386
68405
68405
68406
68407
68422
68425
68433
68434
68455
68464
68467
68522
68531
68536
68543
68553
68554
68560
68577
68587
68588
68594
68634
68634
68647
68653
68664
68676
68701
68711
68722
68725
68746
68752
68781
68790
68799
68799
68806
68806
68810
68819
68819
68829
68859
68860
68865
68876
68891
68892
68895
68901
68917
68918
68920
68929
68936
68936
68946
68972
68978
68980
68992
69005
69006
69016
69027
69030
69036
69089
69099
69105
69106
69113
69127
69143
69163
69177
69184
69186
69218
69222
69231
69237
69245
69248
69250
69256
69267
69319
69322
69323
69323
69343
69347
69364
69370
69377
69388
69394
69395
69404
69412
69415
69416
69443
69457
69457
69460
69472
69492
69494
69497
69499
69520
69529
69541
69547
69548
69551
69552
69562
69572
69585
69615
69626
69627
69631
69640
69667
69669
69712
69716
69723
69733
69739
69758
69777
69786
69809
69830
69831
69836
69861
69873
69889
69894
69895
69967
69972
69980
69991
69992
69992
69994
69994
70017
70030
70039
70054
70062
70062
70068
70073
70076
70092
70092
70108
70111
70119
70125
70126
70129
70143
70147
70176
70177
70179
70192
70203
70207
70235
70239
70248
70252
70260
70267
70273
70278
70284
70311
70320
70323
70328
70336
70337
70341
70370
70372
70377
70391
70397
70408
70417
70438
70447
70447
70449
70472
70476
70481
70486
70502
70506
70514
70536
70547
70549
70552
70555
70577
70577
70589
70593
70597
70607
70617
70659
70673
70680
70702
70730
70734
70757
70769
70770
70784
70788
70809
70816
70819
70823
70848
70854
70858
70868
70880
70898
70900
70902
70916
70916
70924
70962
70997
71019
71020
71030
71040
71053
71057
71060
71067
71077
71119
71128
71138
71161
71173
71183
71196
71207
71227
71238
71239
71245
71251
71253
71263
71263
71270
71271
71332
71340
71352
71359
71361
71376
71378
71378
71385
71396
71404
71424
71447
71462
71466
71467
71481
71526
71536
71550
71562
71571
71575
71579
71591
71592
71593
71595
71600
71618
71623
71627
71629
71638
71643
71673
71692
71701
71715
71716
71730
71730
71765
71790
71796
71801
71809
71809
71826
71829
71832
71847
71849
71878
71879
71891
71921
71924
71928
71935
71938
71955
71973
71976
71980
71980
71996
72015
72021
72027
72028
72038
72039
72041
72064
72070
72070
72089
72106
72106
72114
72132
72141
72141
72150
72152
72154
72157
72159
72162
72178
72180
72191
72192
72198
72198
72200
72221
72230
72240
72242
72255
72257
72272
72274
72276
72277
72300
72306
72316
72319
72323
72327
72328
72329
72332
72334
72341
72365
72378
72398
72402
72402
72444
72455
72466
72495
72517
72523
72542
72548
72556
72585
72592
72603
72608
72642
72646
72646
72663
72667
72724
72728
72732
72752
72757
72761
72762
72776
72800
72807
72818
72837
72849
72852
72854
72860
72862
72872
72878
72892
72909
72912
72916
72930
72930
72940
72944
72947
72956
72966
72970
72986
73011
73019
73035
73067
73070
73084
73113
73118
73130
73148
73151
73166
73189
73190
73203
73219
73227
73238
73256
73259
73262
73265
73279
73287
73315
73315
73323
73339
73340
73350
73356
73390
73391
73399
73402
73408
73411
73414
73418
73434
73443
73445
73453
73477
73478
73491
73522
73525
73541
73552
73553
73553
73555
73566
73599
73600
73609
73612
73613
73618
73621
73626
73665
73670
73717
73734
73737
73738
73745
73749
73750
73760
73766
73769
73774
73775
73778
73794
73797
73817
73818
73819
73821
73826
73827
73834
73843
73858
73870
73886
73912
73924
73934
73951
73979
73986
74008
74016
74018
74038
74044
74066
74082
74087
74092
74093
74101
74126
74140
74156
74181
74195
74203
74206
74227
74234
74238
74242
74255
74262
74294
74301
74308
74309
74319
74331
74334
74351
74360
74376
74384
74385
74412
74415
74417
74421
74457
74462
74469
74472
74477
74479
74481
74506
74511
74514
74529
74532
74540
74543
74555
74570
74574
74597
74597
74602
74607
74612
74619
74628
74630
74634
74641
74651
74663
74669
74676
74677
74678
74694
74730
74748
74755
74761
74769
74779
74780
74780
74786
74801
74819
74826
74850
74851
74858
74861
74863
74865
74871
74877
74878
74891
74898
74922
74927
74933
74952
74953
74955
74969
74974
74978
74980
75000
75001
75015
75024
75026
75030
75042
75049
75054
75058
75061
75062
75067
75069
75073
75077
75087
75121
75127
75128
75142
75147
75148
75149
75162
75165
75169
75184
75189
75220
75221
75247
75259
75261
75261
75270
75285
75291
75295
75297
75300
75310
75318
75332
75345
75391
75394
75395
75410
75426
75431
75435
75467
75467
75500
75504
75510
75518
75518
75525
75534
75534
75551
75552
75558
75561
75567
75570
75575
75577
75584
75585
75597
75622
75623
75624
75626
75635
75643
75647
75658
75666
75666
75672
75701
75705
75709
75723
75723
75724
75735
75736
75763
75769
75773
75778
75803
75808
75822
75827
75835
75852
75853
75856
75882
75892
75901
75914
75918
75929
75944
75947
75955
75961
75971
75973
76000
76019
76019
76022
76030
76035
76037
76042
76048
76054
76074
76078
76081
76081
76088
76095
76104
76107
76110
76111
76112
76123
76127
76131
76137
76160
76163
76177
76182
76208
76227
76235
76242
76249
76281
76304
76309
76327
76330
76337
76338
76343
76365
76365
76374
76378
76383
76409
76423
76429
76430
76438
76449
76503
76504
76521
76544
76570
76579
76581
76599
76601
76603
76603
76612
76652
76662
76692
76710
76711
76711
76748
76759
76769
76777
76794
76805
76808
76808
76814
76815
76856
76857
76864
76866
76928
76933
76934
76934
76936
76951
76961
76964
76970
76972
77010
77021
77036
77041
77046
77052
77056
77062
77077
77077
77083
77088
77091
77096
77098
77121
77123
77144
77158
77170
77175
77180
77187
77218
77224
77230
77242
77252
77252
77258
77261
77288
77305
77343
77358
77381
77386
77395
77408
77427
77432
77457
77464
77468
77468
77484
77485
77489
77506
77507
77566
77576
77589
77596
77601
77612
77614
77615
77618
77621
77630
77635
77663
77667
77681
77684
77708
77718
77719
77738
77776
77777
77779
77788
77790
77815
77822
77831
77836
77840
77848
77852
77860
77861
77861
77872
77895
77903
77940
77942
77951
77952
77954
77961
77974
77974
77991
78016
78020
78025
78025
78037
78044
78047
78058
78073
78074
78091
78093
78095
78111
78111
78118
78119
78122
78126
78129
78139
78143
78157
78177
78198
78211
78218
78243
78264
78286
78288
78295
78296
78307
78311
78313
78315
78345
78351
78361
78367
78370
78378
78384
78385
78396
78412
78428
78435
78442
78447
78459
78470
78503
78509
78524
78533
78559
78593
78603
78616
78625
78625
78627
78627
78628
78640
78648
78657
78659
78661
78672
78691
78692
78696
78705
78707
78707
78708
78713
78723
78730
78732
78745
78777
78783
78801
78813
78819
78828
78836
78854
78912
78913
78916
78929
78943
78955
78963
78965
78966
78993
79001
79010
79012
79036
79047
79053
79055
79066
79078
79083
79093
79101
79122
79126
79128
79135
79171
79179
79184
79185
79217
79220
79224
79237
79245
79246
79248
79260
79262
79271
79273
79285
79288
79291
79297
79301
79308
79313
79319
79320
79322
79338
79347
79362
79366
79380
79384
79388
79397
79433
79434
79451
79457
79459
79469
79484
79490
79516
79537
79542
79544
79550
79555
79563
79570
79572
79573
79592
79607
79614
79617
79620
79624
79625
79628
79649
79654
79676
79680
79681
79686
79689
79691
79692
79703
79720
79723
79736
79752
79772
79778
79779
79790
79801
79810
79812
79824
79851
79855
79867
79869
79882
79894
79895
79911
79929
79949
79952
79972
79994
80000
80009
80013
80038
80054
80063
80103
80104
80104
80109
80120
80137
80142
80148
80199
80200
80207
80231
80244
80268
80278
80290
80295
80316
80342
80363
80389
80432
80435
80449
80453
80466
80476
80495
80529
80542
80554
80566
80573
80580
80581
80586
80594
80610
80625
80638
80641
80646
80659
80674
80678
80705
80706
80714
80717
80718
80737
80748
80757
80759
80760
80767
80814
80824
80825
80849
80856
80880
80880
80890
80901
80947
80971
80973
80995
80998
80998
81007
81014
81016
81020
81056
81060
81060
81062
81065
81070
81095
81101
81112
81116
81128
81138
81148
81150
81159
81160
81164
81177
81181
81191
81202
81203
81214
81216
81229
81260
81263
81266
81288
81290
81311
81319
81319
81322
81324
81333
81367
81376
81387
81388
81416
81418
81438
81444
81444
81454
81460
81468
81473
81483
81485
81500
81514
81524
81525
81556
81563
81564
81573
81574
81577
81583
81605
81612
81617
81618
81619
81621
81668
81678
81685
81699
81716
81719
81721
81722
81725
81730
81745
81773
81779
81810
81819
81828
81856
81857
81866
81899
81902
81907
81908
81909
81913
81923
81932
81941
81949
81961
81962
81972
81974
81983
82016
82017
82024
82027
82061
82079
82082
82093
82094
82104
82106
82121
82123
82130
82135
82139
82145
82148
82151
82160
82170
82171
82181
82196
82206
82235
82238
82241
82252
82287
82294
82324
82326
82330
82335
82339
82359
82366
82370
82377
82383
82390
82394
82417
82423
82447
82454
82478
82480
82503
82505
82507
82519
82528
82533
82537
82555
82571
82598
82601
82604
82617
82627
82645
82683
82691
82711
82730
82737
82750
82753
82754
82768
82780
82802
82803
82811
82828
82840
82845
82858
82887
82889
82890
82904
82922
82943
82945
82958
82986
82993
82997
83003
83007
83034
83054
83061
83065
83066
83080
83084
83085
83086
83099
83121
83138
83151
83156
83177
83203
83221
83238
83261
83266
83274
83278
83290
83300
83303
83313
83315
83334
83336
83337
83360
83369
83369
83375
83378
83379
83389
83419
83426
83439
83446
83461
83480
83483
83504
83519
83522
83526
83550
83558
83558
83559
83564
83573
83599
83609
83637
83645
83681
83689
83717
83717
83721
83734
83754
83758
83778
83784
83809
83811
83812
83840
83843
83871
83873
83884
83889
83894
83898
83899
83908
83912
83936
83949
83950
83953
83958
83969
83969
83974
83974
83979
83987
83998
84000
84011
84014
84017
84029
84037
84038
84042
84050
84053
84070
84076
84089
84101
84111
84134
84150
84151
84158
84177
84195
84196
84199
84203
84209
84211
84238
84249
84253
84256
84259
84264
84269
84276
84279
84299
84309
84311
84367
84367
84398
84398
84405
84418
84418
84431
84441
84454
84459
84466
84479
84486
84488
84495
84496
84506
84516
84521
84528
84548
84565
84567
84569
84573
84575
84583
84599
84610
84612
84616
84624
84642
84661
84667
84695
84705
84734
84752
84787
84792
84799
84800
84806
84813
84816
84833
84845
84856
84877
84913
84913
84915
84925
84936
84963
84975
84976
84979
84983
85005
85022
85023
85025
85028
85038
85057
85060
85067
85069
85071
85072
85075
85082
85090
85097
85104
85116
85118
85121
85129
85132
85156
85185
85187
85195
85199
85204
85208
85208
85211
85228
85231
85234
85266
85286
85298
85300
85308
85313
85343
85348
85376
85378
85380
85392
85394
85397
85398
85425
85471
85481
85502
85505
85518
85524
85545
85548
85549
85557
85561
85561
85575
85585
85588
85590
85594
85596
85600
85626
85653
85661
85664
85694
85728
85744
85750
85751
85752
85756
85777
85805
85813
85832
85844
85862
85868
85881
85897
85923
85928
85936
85942
85943
85965
85971
85980
85989
85989
86001
86014
86027
86037
86066
86071
86073
86109
86115
86120
86126
86131
86134
86157
86175
86175
86180
86185
86186
86191
86215
86232
86239
86242
86249
86254
86257
86280
86293
86305
86331
86332
86337
86346
86350
86365
86388
86390
86393
86404
86443
86459
86467
86486
86509
86521
86522
86540
86546
86547
86552
86586
86589
86594
86600
86615
86616
86622
86627
86633
86641
86646
86691
86712
86723
86732
86738
86741
86756
86778
86793
86797
86798
86805
86811
86824
86831
86831
86840
86841
86846
86849
86871
86886
86918
86924
86929
86933
86949
86960
86995
87000
87003
87003
87010
87043
87060
87065
87083
87083
87109
87119
87121
87128
87134
87141
87146
87151
87152
87157
87159
87160
87177
87196
87199
87205
87206
87225
87231
87231
87233
87233
87252
87274
87280
87282
87299
87316
87318
87319
87323
87325
87331
87340
87341
87351
87370
87384
87386
87387
87391
87400
87405
87410
87422
87433
87434
87439
87447
87447
87455
87456
87460
87513
87534
87549
87551
87616
87619
87622
87624
87639
87651
87700
87704
87706
87710
87731
87740
87742
87748
87750
87760
87760
87760
87765
87769
87769
87782
87801
87804
87810
87837
87849
87854
87856
87863
87868
87884
87886
87896
87916
87921
87922
87932
87952
87979
87979
87983
88000
88007
88017
88027
88064
88067
88069
88076
88109
88110
88144
88158
88162
88163
88166
88174
88185
88197
88202
88209
88215
88222
88224
88252
88269
88274
88284
88284
88306
88314
88332
88334
88335
88339
88357
88363
88364
88375
88379
88381
88412
88416
88417
88424
88425
88432
88445
88478
88490
88496
88509
88515
88517
88526
88537
88538
88553
88556
88565
88585
88588
88596
88616
88622
88638
88656
88660
88662
88679
88692
88695
88697
88698
88702
88735
88740
88754
88754
88758
88759
88763
88767
88780
88781
88786
88787
88821
88823
88833
88837
88839
88839
88851
88893
88898
88898
88908
88914
88914
88936
88942
88953
88953
88960
88984
88987
88991
88997
89024
89031
89038
89042
89045
89053
89056
89077
89083
89090
89104
89125
89138
89147
89156
89166
89170
89173
89190
89218
89227
89233
89269
89271
89271
89320
89333
89345
89349
89373
89400
89402
89404
89431
89459
89459
89461
89488
89494
89494
89497
89534
89545
89553
89572
89598
89620
89622
89625
89658
89691
89702
89704
89706
89712
89713
89732
89745
89747
89753
89758
89775
89786
89787
89789
89790
89792
89802
89808
89813
89819
89846
89849
89864
89867
89868
89895
89916
89920
89938
89938
89946
89946
89962
89968
89982
89987
89989
90026
90044
90045
90052
90057
90068
90075
90102
90116
90132
90133
90137
90141
90156
81888
73082
55756
9755
85621
69500
52933
54212
73424
76072
84395
38331
70090
21084
87341
53545
51394
72051
68505
80416
45604
66443
8498
60406
7049
3968
12442
56325
37393
19449
83283
19282
92531
39039
45389
78152
8540
98322
48717
98316
90747
33112
53000
60837
54196
40341
14382
5591
12392
99240
2359
74349
65683
27210
34755
89085
31178
47198
45410
68571
82999
28693
87853
75530
67733
33242
53683
92625
47917
18752
7293
38664
51864
60293
15853
22413
635
30236
44356
29379
45828
46715
3728
11511
73925
54836
16948
5103
2034
62358
90027
85033
91052
94232
76915
75137
43827
46950
84114
91744
65702
91407
46760
33919
68053
62613
56332
85040
9201
688
30771
55029
63755
34500
82893
54033
89336
99841
59136
7722
78552
65515
9107
85956
59748
86022
61093
3575
32973
61559
95319
15027
52966
42079
48946
37371
21044
21630
22411
30246
22318
53183
85275
2426
4035
84520
56459
9723
714
31947
17445
79266
97463
42904
65222
57211
45278
26315
60786
94603
87874
72457
9631
57192
30888
58577
10916
51932
80208
49679
98530
18878
19214
158
37656
23249
84678
94115
49324
85392
26063
66769
64658
39878
26025
46232
13441
71304
72547
90579
65907
76773
63036
75538
50318
10276
50468
77586
78560
47028
27265
77091
82258
46480
93601
19915
86081
78279
30382
35406
80024
56445
18527
61034
12675
44553
7267
26116
32209
96166
16695
98116
89292
96083
90007
55962
6359
56827
33548
1272
3855
77165
78363
2465
39997
88316
22380
26079
82947
52763
77837
62971
25560
96364
40358
54588
57269
47625
80704
89478
60143
13752
3947
65787
9835
93954
21749
32547
67133
71649
33819
70988
65167
28534
89805
5164
16850
12186
47595
99797
81301
25432
79121
23213
38149
19479
77801
11770
83456
74858
17601
43599
88610
21548
9387
14797
31854
47488
47344
98987
35490
97515
86327
657
26049
76132
5821
59251
4670
69769
59049
2323
11553
54522
41889
49702
74001
19690
77825
57457
10900
95426
17408
15862
16974
43147
30660
65180
6988
78004
64167
42478
75520
66846
43135
17921
59330
65308
77173
64001
35077
52574
82676
46631
7096
24565
12685
97449
60608
90510
54906
71508
85936
88666
87371
19262
48166
18031
84442
55154
12387
64961
97632
4259
48159
57119
38533
7490
22427
15706
87843
57505
84632
70519
20488
91728
95085
33173
89177
72045
40036
60435
43553
42324
65453
47276
77939
13619
81659
78733
85125
10399
60047
99109
31010
8206
56228
69543
15696
78656
1601
3539
52513
86233
90411
89353
77961
1848
38878
83490
73893
78914
43925
33798
37591
25731
81075
15530
55702
79086
10615
40828
89485
70662
39937
20496
78869
12518
6391
94565
7526
7993
14457
60039
94226
4868
49392
88540
6716
88270
72030
96961
83537
32308
30759
37480
58039
28186
53010
30093
7273
79977
70921
13110
50640
27211
33606
29509
39729
39998
40426
47255
64343
54883
23646
58569
76103
89390
63461
99171
94012
35492
96132
77549
84152
43244
15029
58543
71430
84391
88636
95055
64369
75910
8166
31361
3121
58124
60870
59202
14474
1296
6457
78817
72532
46455
53739
48635
35845
17200
47807
29857
69044
60291
23759
53196
3535
55140
28091
91318
39532
33080
86373
20253
8990
10891
51614
12111
69016
28836
71313
83490
46484
94122
78660
19016
40577
32399
84004
92774
49599
48163
22631
18644
8454
46390
88192
28342
1531
32636
19660
57415
65716
22385
94020
74706
33277
61986
3169
2293
7174
90834
2135
53658
1308
80795
72675
58237
13194
56679
51011
79146
4842
73642
97790
29648
36385
2334
57990
54268
34970
94002
28035
17038
16388
22055
91744
66017
393
11265
84662
7567
18451
86797
61225
19759
83945
50252
77996
97139
6931
29007
76285
28125
19002
90427
57774
71739
9114
32116
26007
44084
26119
70394
77475
58859
8801
69219
24876
9194
96837
25890
33113
15288
12687
94338
51400
96632
60943
29396
10124
84226
74756
2761
12352
10110
93189
86478
81849
18655
34946
24208
79091
61065
10954
56566
36276
19755
42138
77504
45301
38975
3394
78414
70615
32434
89104
22015
29066
50047
51412
39190
34274
42520
58304
62978
52630
51493
49456
50831
86500
84402
91391
65591
61820
2345
22158
14448
38452
64296
91953
83753
19623
11699
62167
90238
44133
51271
12254
89552
17671
80018
45094
51945
22538
3398
14923
91520
71243
80731
58703
57743
81485
66446
23335
43305
68791
61845
57754
23595
26141
66059
7348
62116
94110
69515
52354
54596
37138
80960
60500
71161
60978
5594
23106
99868
25345
54381
7740
96588
51464
66443
70684
32950
49241
94019
76255
34384
72216
50361
57979
14709
32772
65327
76825
43235
51194
29179
97831
4685
26492
74683
75846
87470
80277
98953
3691
5622
69686
11431
18563
21151
94227
89247
70453
43468
99618
63060
77853
71834
29774
35832
86543
78898
17512
63368
22133
68706
8899
36316
73391
35391
10999
49238
39214
7629
64543
42905
13251
50581
70688
31814
88084
81267
37413
58537
24736
37031
37950
18941
8865
67724
71125
11760
46622
88637
75128
85108
73696
380
21424
63439
52123
48776
29029
91337
56405
9924
50594
86008
76858
21283
34175
64942
2550
71588
39832
43638
8620
77782
78931
33837
45506
50057
45598
8480
55046
37078
93588
45094
37458
15013
8534
5934
80141
53915
97271
36546
63840
47866
38906
40698
85501
73081
21992
4403
44670
61824
64394
69642
55958
43325
3479
17816
9734
65429
26297
64781
2508
19885
26227
56318
51250
34761
62252
31391
88677
59524
84289
68869
23742
39548
9567
25595
12629
47911
46350
73651
9736
10744
43293
82046
70422
63125
99863
80156
28554
26160
61289
31062
62397
87517
87381
13648
38630
65985
61391
27307
25509
62033
12528
65603
1581
38447
7550
30562
86359
53901
4214
12447
64645
63859
94493
35067
26984
10708
31576
55539
36868
92865
2953
15618
80382
6686
29266
35365
72672
7009
79024
14533
85394
91553
96489
86975
30000
4039
17538
32711
57940
38104
45158
38938
1963
56004
90357
28948
66712
21933
839
19933
31151
3792
35551
27885
26831
81169
63250
99503
88178
42275
30388
89925
33828
26877
76900
80180
30917
10790
12892
5209
48894
58050
60499
67210
14054
50857
96158
97119
89142
13349
17052
20293
17141
52603
64531
60324
33772
27781
76179
38302
86408
6568
28227
20236
33445
21480
16769
80714
48622
29661
2276
13869
4063
62775
81079
34470
13632
93589
31589
19127
