0
0
3
11
12
13
37
38
49
56
62
66
68
82
83
86
90
93
103
107
115
116
124
141
157
158
187
192
199
201
207
216
217
225
231
238
242
247
259
280
286
288
289
295
304
306
312
321
332
339
339
341
350
350
351
353
364
383
385
395
396
399
402
408
418
436
442
447
453
456
471
478
491
497
508
517
520
522
522
528
530
531
533
545
553
554
554
561
576
591
592
592
608
609
617
630
645
646
647
652
654
660
660
665
691
701
707
720
730
750
762
763
779
791
792
798
808
815
817
822
825
835
859
863
865
874
881
883
896
897
898
911
916
932
935
935
936
944
954
963
973
975
987
988
1000
1008
1010
1011
1011
1015
1027
1029
1037
1045
1050
1050
1057
1060
1062
1064
1070
1071
1077
1083
1089
1097
1111
1127
1132
1136
1138
1152
1153
1161
1170
1187
1188
1193
1195
1202
1203
1210
1210
1231
1236
1240
1241
1256
1260
1266
1268
1276
1292
1305
1310
1323
1331
1337
1342
1343
1358
1371
1372
1374
1380
1381
1398
1406
1416
1424
1425
1426
1428
1439
1439
1447
1455
1462
1465
1473
1476
1480
1482
1488
1501
1530
1533
1556
1563
1576
1577
1592
1595
1600
1601
1612
1627
1632
1632
1646
1647
1648
1655
1664
1664
1669
1684
1687
1706
1726
1730
1735
1736
1746
1751
1762
1769
1772
1782
1797
1809
1811
1817
1820
1820
1821
1825
1830
1853
1856
1864
1866
1869
1872
1884
1886
1890
1893
1908
1915
1921
1925
1930
1942
1943
1947
1961
1967
1979
1981
1984
1986
1987
1990
1993
2012
2018
2030
2034
2044
2044
2046
2054
2055
2058
2066
2066
2067
2071
2102
2110
2114
2116
2137
2141
2142
2150
2152
2153
2154
2164
2170
2173
2174
2186
2195
2195
2201
2201
2203
2208
2215
2216
2217
2221
2226
2237
2245
2251
2261
2263
2264
2287
2289
2294
2298
2305
2310
2313
2319
2323
2328
2338
2343
2355
2373
2380
2384
2389
2392
2406
2413
2415
2416
2421
2441
2447
2452
2474
2474
2478
2480
2484
2486
2487
2513
2516
2518
2522
2527
2528
2532
2549
2555
2559
2567
2569
2576
2579
2580
2583
2585
2586
2604
2619
2624
2627
2633
2638
2641
2641
2652
2656
2666
2667
2671
2691
2693
2698
2709
2727
2729
2733
2740
2744
2745
2748
2748
2749
2752
2764
2767
2768
2769
2781
2800
2804
2807
2814
2815
2823
2830
2835
2852
2858
2858
2882
2888
2889
2895
2896
2920
2929
2932
2934
2968
2987
2996
2997
3004
3010
3012
3028
3031
3031
3038
3060
3060
3061
3082
3083
3088
3106
3116
3124
3126
3126
3157
3160
3160
3161
3163
3172
3180
3187
3190
3191
3207
3213
3219
3223
3225
3226
3227
3228
3233
3234
3236
3238
3242
3249
3251
3254
3276
3277
3287
3293
3293
3298
3302
3304
3306
3315
3318
3319
3322
3337
3338
3341
3349
3350
3365
3377
3386
3387
3398
3409
3419
3430
3438
3439
3453
3463
3474
3474
3479
3497
3501
3501
3503
3509
3520
3526
3529
3530
3537
3544
3559
3579
3590
3591
3595
3602
3604
3627
3636
3637
3641
3645
3649
3675
3677
3680
3686
3693
3696
3717
3745
3767
3768
3786
3786
3790
3794
3795
3799
3800
3809
3814
3816
3837
3837
3851
3860
3860
3867
3868
3873
3887
3897
3898
3902
3904
3909
3913
3915
3921
3926
3931
3934
3935
3936
3957
3958
3981
3992
3996
3998
4005
4027
4029
4032
4037
4039
4039
4040
4043
4043
4050
4058
4062
4071
4073
4078
4084
4085
4085
4104
4109
4110
4115
4127
4128
4130
4141
4146
4160
4170
4173
4174
4180
4182
4189
4210
4214
4215
4219
4236
4240
4253
4262
4277
4290
4293
4294
4300
4305
4324
4330
4336
4337
4344
4350
4351
4353
4354
4382
4383
4388
4389
4391
4396
4407
4409
4445
4445
4450
4455
4460
4465
4467
4476
4483
4494
4496
4497
4500
4524
4525
4528
4533
4536
4551
4571
4577
4582
4589
4592
4605
4606
4607
4618
4625
4630
4630
4640
4651
4653
4660
4666
4671
4673
4680
4684
4696
4706
4717
4717
4723
4733
4742
4748
4753
4761
4771
4783
4792
4801
4804
4813
4821
4825
4836
4838
4862
4891
4893
4893
4896
4903
4913
4918
4926
4930
4930
4933
4936
4939
4940
4944
4944
4950
4956
4957
4960
4973
4978
4980
4981
4985
5000
5005
5022
5023
5029
5032
5041
5042
5048
5052
5055
5057
5065
5076
5083
5085
5087
5094
5095
5103
5118
5119
5133
5133
5133
5149
5152
5155
5173
5175
5180
5192
5197
5198
5209
5220
5228
5232
5236
5237
5237
5239
5244
5251
5255
5257
5260
5263
5264
5266
5272
5278
5281
5285
5289
5291
5308
5316
5320
5322
5334
5346
5359
5385
5390
5404
5419
5425
5425
5445
5451
5453
5461
5465
5466
5471
5481
5482
5491
5494
5498
5499
5499
5509
5510
5517
5519
5539
5539
5555
5562
5567
5569
5578
5586
5602
5608
5612
5635
5646
5648
5651
5659
5661
5666
5668
5679
5681
5715
5722
5722
5723
5732
5733
5743
5748
5749
5755
5761
5767
5774
5784
5788
5790
5794
5794
5796
5797
5803
5804
5807
5808
5812
5814
5824
5832
5833
5838
5838
5846
5851
5858
5860
5864
5873
5877
5882
5883
5889
5892
5894
5895
5906
5910
5915
5920
5921
5945
5954
5962
5981
5997
6004
6005
6011
6012
6020
6040
6041
6052
6060
6066
6072
6078
6084
6093
6098
6104
6112
6114
6140
6152
6161
6162
6173
6180
6188
6212
6216
6218
6220
6221
6228
6229
6247
6250
6251
6263
6264
6269
6274
6279
6315
6317
6328
6331
6334
6335
6340
6344
6347
6354
6358
6361
6367
6371
6380
6382
6388
6388
6391
6410
6415
6431
6432
6453
6468
6480
6490
6497
6504
6506
6507
6509
6520
6539
6540
6546
6548
6553
6558
6564
6573
6587
6596
6598
6600
6608
6632
6643
6652
6655
6657
6658
6661
6661
6663
6665
6670
6670
6671
6675
6677
6680
6681
6683
6683
6691
6693
6698
6701
6704
6707
6708
6717
6719
6731
6734
6740
6741
6746
6752
6761
6762
6780
6783
6786
6798
6803
6811
6817
6820
6846
6858
6862
6870
6874
6877
6879
6884
6890
6893
6896
6897
6914
6925
6926
6929
6933
6938
6943
6947
6955
6961
6962
6964
6967
6971
7001
7010
7025
7030
7036
7050
7054
7061
7069
7072
7076
7079
7088
7096
7100
7110
7133
7138
7140
7155
7161
7162
7183
7184
7195
7241
7246
7252
7253
7262
7271
7272
7284
7286
7288
7298
7300
7305
7317
7319
7325
7331
7331
7336
7338
7352
7352
7356
7365
7370
7372
7379
7385
7394
7409
7430
7430
7433
7441
7443
7455
7456
7458
7458
7459
7467
7476
7484
7486
7490
7498
7512
7528
7536
7546
7551
7551
7565
7575
7577
7578
7604
7604
7625
7626
7626
7627
7631
7633
7642
7648
7650
7657
7660
7663
7668
7676
7681
7687
7696
7704
7705
7732
7732
7751
7753
7757
7760
7761
7763
7783
7790
7809
7817
7820
7832
7835
7836
7849
7850
7857
7857
7864
7874
7874
7884
7889
7892
7893
7917
7918
7919
7934
7945
7948
7950
7956
7956
7959
7973
7991
8013
8014
8018
8019
8023
8041
8043
8047
8068
8068
8081
8082
8083
8089
8101
8109
8120
8123
8124
8131
8133
8141
8142
8144
8165
8169
8176
8180
8190
8191
8191
8202
8205
8210
8213
8215
8215
8220
8234
8241
8245
8248
8250
8253
8258
8265
8276
8281
8282
8290
8292
8303
8312
8322
8326
8332
8335
8349
8360
8368
8378
8380
8384
8387
8397
8403
8406
8407
8414
8438
8451
8455
8458
8465
8468
8474
8475
8482
8483
8485
8490
8505
8511
8562
8575
8576
8576
8589
8589
8590
8592
8602
8603
8605
8621
8622
8653
8663
8665
8672
8689
8693
8696
8697
8703
8714
8720
8725
8725
8749
8757
8758
8760
8771
8793
8797
8816
8821
8828
8849
8850
8871
8879
8895
8927
8934
8955
8961
8964
8964
8973
8974
8983
8995
8996
9007
9029
9031
9032
9034
9051
9053
9069
9080
9086
9087
9090
9099
9102
9102
9112
9112
9117
9118
9118
9137
9147
9149
9150
9158
9159
9162
9165
9189
9200
9202
9212
9215
9219
9226
9233
9240
9250
9254
9269
9281
9282
9285
9289
9321
9328
9332
9334
9336
9337
9341
9346
9364
9374
9374
9382
9382
9388
9395
9399
9401
9405
9406
9427
9451
9452
9453
9455
9459
9470
9474
9477
9477
9482
9494
9494
9494
9499
9500
9500
9501
9503
9510
9512
9513
9518
9526
9528
9529
9535
9585
9594
9632
9638
9649
9650
9654
9665
9671
9677
9677
9678
9681
9692
9692
9700
9719
9721
9726
9727
9730
9732
9737
9739
9747
9753
9754
9756
9761
9768
9780
9782
9782
9789
9806
9813
9813
9815
9815
9831
9836
9843
9843
9848
9848
9849
9853
9853
9861
9863
9866
9879
9900
9903
9907
9912
9915
9934
9944
9949
9954
9961
9973
9977
9981
9983
9988
9990
9991
9993
9997
9998
9999
10000
10007
10033
10039
10042
10045
10048
10051
10062
10067
10084
10087
10091
10092
10093
10097
10098
10107
10109
10117
10118
10124
10136
10137
10140
10140
10145
10151
10155
10158
10171
10180
10186
10195
10199
10202
10204
10209
10210
10212
10213
10230
10233
10236
10241
10247
10255
10262
10263
10268
10270
10291
10299
10308
10309
10312
10313
10317
10331
10343
10358
10362
10364
10369
10370
10371
10376
10385
10395
10416
10430
10430
10438
10471
10486
10508
10513
10519
10521
10529
10543
10544
10551
10561
10578
10602
10602
10607
10622
10627
10628
10630
10637
10654
10678
10681
10684
10694
10697
10698
10700
10708
10724
10729
10730
10732
10733
10735
10743
10748
10750
10752
10770
10773
10785
10800
10808
10813
10818
10823
10839
10845
10850
10850
10854
10868
10878
10882
10901
10902
10912
10915
10923
10928
10931
10931
10934
10948
10952
10958
10962
10962
10963
10969
10970
10971
10981
10987
10990
10991
10993
10995
10995
10999
11000
11001
11007
11009
11014
11015
11020
11024
11028
11029
11040
11065
11065
11066
11066
11071
11090
11095
11104
11106
11111
11125
11130
11140
11147
11150
11165
11175
11205
11211
11221
11243
11247
11250
11252
11252
11261
11264
11282
11295
11301
11319
11340
11344
11345
11350
11364
11367
11371
11387
11392
11399
11399
11400
11406
11439
11454
11454
11459
11460
11463
11488
11495
11500
11505
11506
11511
11522
11530
11535
11540
11572
11574
11582
11596
11604
11606
11607
11623
11630
11631
11633
11663
11664
11665
11671
11675
11676
11677
11682
11683
11684
11686
11687
11689
11692
11694
11696
11698
11698
11700
11707
11710
11720
11725
11726
11737
11742
11748
11761
11778
11786
11787
11788
11806
11815
11818
11824
11825
11826
11826
11827
11838
11856
11868
11886
11894
11897
11898
11899
11902
11913
11913
11914
11932
11936
11940
11942
11943
11947
11956
11962
11962
11962
11964
11969
11971
11974
11995
12002
12004
12010
12015
12022
12037
12043
12054
12067
12075
12076
12084
12092
12100
12101
12102
12104
12106
12122
12132
12142
12146
12149
12160
12162
12174
12177
12180
12188
12196
12199
12205
12209
12209
12225
12232
12234
12239
12239
12250
12257
12258
12262
12268
12277
12279
12280
12288
12292
12301
12302
12319
12323
12331
12334
12342
12342
12354
12355
12362
12365
12378
12383
12399
12402
12405
12412
12417
12427
12434
12442
12457
12458
12465
12469
12475
12476
12478
12505
12519
12525
12525
12528
12533
12539
12554
12555
12571
12572
12578
12600
12601
12604
12608
12613
12617
12626
12638
12646
12658
12658
12665
12671
12673
12674
12677
12695
12708
12709
12709
12710
12725
12758
12776
12780
12788
12793
12800
12801
12803
12806
12810
12851
12867
12870
12872
12881
12885
12888
12894
12895
12906
12917
12922
12929
12935
12942
12945
12949
12953
12958
12958
12958
12960
12968
12976
12985
12987
13003
13005
13008
13016
13020
13022
13024
13031
13038
13039
13043
13043
13050
13068
13077
13082
13093
13101
13108
13115
13116
13124
13132
13158
13160
13179
13191
13193
13195
13212
13231
13235
13241
13242
13243
13245
13248
13255
13260
13266
13278
13282
13306
13307
13311
13312
13317
13322
13335
13336
13343
13369
13369
13375
13378
13385
13388
13401
13401
13403
13405
13416
13421
13423
13426
13445
13448
13452
13457
13459
13460
13469
13474
13476
13492
13502
13507
13521
13526
13528
13533
13534
13535
13537
13543
13548
13549
13570
13573
13574
13576
13587
13590
13608
13612
13614
13616
13630
13643
13644
13644
13649
13664
13665
13688
13694
13710
13722
13723
13724
13726
13728
13729
13729
13734
13748
13751
13759
13767
13769
13771
13776
13783
13783
13811
13812
13816
13817
13830
13853
13871
13875
13875
13876
13881
13881
13882
13884
13890
13897
13912
13916
13921
13931
13934
13956
13956
13961
13963
13969
13970
13974
13976
13976
13976
13986
13990
13999
14000
14009
14038
14049
14053
14065
14066
14085
14093
14101
14114
14119
14124
14137
14138
14142
14154
14175
14183
14184
14196
14205
14216
14217
14220
14222
14223
14237
14249
14250
14259
14259
14266
14267
14274
14284
14286
14287
14288
14289
14295
14305
14307
14321
14326
14327
14329
14330
14331
14334
14341
14342
14352
14377
14377
14381
14382
14383
14385
14392
14393
14401
14401
14403
14417
14418
14419
14423
14440
14449
14449
14451
14456
14474
14477
14480
14488
14493
14495
14521
14543
14551
14557
14560
14563
14570
14570
14576
14577
14587
14589
14600
14611
14612
14618
14628
14635
14635
14640
14641
14649
14651
14652
14652
14654
14654
14657
14660
14663
14669
14669
14671
14672
14684
14688
14688
14696
14715
14733
14737
14756
14761
14766
14784
14785
14786
14789
14791
14792
14794
14800
14800
14805
14806
14807
14808
14815
14820
14821
14826
14833
14853
14872
14876
14878
14885
14887
14889
14893
14893
14893
14894
14901
14904
14911
14912
14917
14941
14945
14951
14952
14953
14957
14968
14976
14976
14993
15003
15026
15026
15036
15056
15060
15064
15082
15096
15098
15102
15102
15112
15121
15145
15149
15153
15161
15165
15165
15165
15174
15184
15184
15191
15199
15216
15224
15232
15234
15244
15255
15261
15266
15271
15280
15314
15324
15333
15345
15353
15356
15359
15360
15362
15365
15376
15380
15397
15400
15400
15402
15405
15412
15412
15425
15430
15439
15441
15462
15476
15481
15481
15482
15482
15513
15517
15527
15531
15537
15568
15570
15577
15597
15599
15603
15609
15616
15620
15625
15637
15639
15659
15660
15672
15675
15677
15693
15694
15697
15699
15704
15709
15713
15718
15725
15728
15728
15731
15736
15740
15741
15751
15754
15770
15788
15794
15830
15830
15842
15842
15843
15848
15848
15855
15865
15869
15878
15881
15881
15886
15888
15892
15898
15901
15910
15913
15936
15951
15956
15973
15975
15981
15983
15984
15999
16012
16015
16018
16023
16025
16025
16041
16050
16056
16060
16082
16089
16090
16097
16099
16116
16119
16131
16156
16157
16160
16169
16180
16188
16192
16197
16200
16202
16204
16208
16210
16229
16236
16246
16251
16253
16263
16265
16274
16277
16286
16289
16290
16290
16291
16302
16303
16311
16320
16323
16326
16337
16340
16346
16349
16358
16362
16367
16382
16392
16400
16419
16426
16426
16429
16438
16447
16450
16451
16476
16476
16513
16517
16517
16536
16546
16551
16558
16579
16579
16579
16595
16604
16608
16608
16612
16616
16619
16621
16622
16628
16636
16670
16675
16683
16686
16709
16711
16717
16724
16728
16738
16738
16743
16743
16758
16759
16764
16765
16766
16774
16812
16815
16827
16831
16835
16837
16843
16847
16858
16860
16864
16864
16870
16878
16883
16887
16888
16890
16919
16922
16936
16952
16956
16960
16962
16977
16980
16984
16993
16998
17006
17009
17013
17029
17034
17035
17044
17045
17049
17054
17062
17074
17077
17082
17084
17084
17089
17091
17094
17094
17112
17116
17123
17126
17128
17128
17130
17139
17143
17144
17150
17151
17165
17185
17189
17190
17193
17195
17201
17207
17212
17215
17216
17236
17240
17249
17254
17255
17266
17269
17275
17293
17295
17295
17295
17297
17297
17304
17315
17318
17321
17321
17323
17324
17325
17330
17335
17339
17345
17348
17351
17368
17369
17378
17406
17429
17437
17437
17442
17458
17460
17466
17477
17481
17484
17501
17512
17515
17518
17520
17523
17555
17558
17563
17569
17578
17586
17600
17603
17604
17607
17609
17612
17613
17613
17616
17622
17643
17643
17659
17667
17675
17680
17687
17691
17694
17695
17728
17728
17733
17738
17738
17740
17744
17759
17780
17780
17780
17782
17792
17793
17795
17805
17806
17813
17818
17825
17826
17830
17853
17859
17870
17876
17882
17882
17894
17902
17904
17908
17912
17914
17915
17917
17918
17921
17927
17930
17931
17932
17941
17944
17951
17959
17962
17983
17996
18004
18011
18025
18031
18042
18042
18044
18046
18059
18073
18078
18085
18091
18097
18097
18103
18104
18107
18108
18115
18115
18132
18134
18145
18161
18163
18165
18165
18167
18169
18170
18183
18184
18184
18193
18194
18202
18204
18209
18217
18227
18236
18240
18242
18254
18258
18258
18261
18270
18274
18279
18281
18297
18297
18308
18322
18323
18325
18338
18345
18347
18351
18368
18375
18376
18391
18410
18418
18418
18421
18439
18447
18451
18467
18469
18470
18471
18475
18485
18485
18488
18505
18506
18509
18514
18523
18533
18538
18540
18542
18543
18547
18549
18550
18560
18561
18564
18569
18574
18584
18594
18597
18601
18603
18605
18610
18613
18628
18631
18639
18655
18656
18669
18671
18673
18673
18685
18694
18697
18701
18711
18718
18725
18727
18727
18737
18743
18748
18752
18758
18762
18764
18774
18775
18778
18779
18786
18798
18806
18811
18811
18828
18841
18843
18847
18854
18856
18858
18877
18882
18893
18899
18899
18901
18907
18910
18912
18927
18939
18940
18960
18966
18972
18977
18983
18997
18998
18999
19001
19001
19021
19029
19030
19035
19060
19064
19066
19069
19070
19080
19081
19091
19092
19101
19105
19117
19118
19127
19137
19142
19148
19161
19167
19173
19176
19200
19205
19208
19210
19220
19225
19229
19229
19234
19241
19287
19293
19309
19339
19343
19348
19356
19363
19369
19381
19389
19399
19400
19405
19405
19413
19422
19422
19423
19430
19436
19454
19457
19472
19473
19479
19481
19510
19526
19538
19541
19545
19549
19550
19553
19562
19563
19566
19575
19587
19594
19596
19598
19598
19602
19621
19623
19635
19638
19644
19655
19656
19662
19664
19674
19713
19713
19718
19725
19730
19736
19738
19740
19753
19757
19771
19777
19785
19796
19798
19802
19805
19833
19836
19838
19843
19844
19860
19861
19866
19866
19873
19874
19878
19895
19895
19905
19910
19914
19917
19927
19928
19933
19939
19943
19946
19948
19955
19969
19982
19998
20000
20016
20022
20023
20025
20027
20029
20030
20032
20038
20048
20049
20049
20052
20063
20069
20098
20115
20123
20128
20128
20130
20132
20142
20152
20155
20159
20162
20171
20180
20184
20184
20186
20194
20197
20197
20200
20209
20210
20214
20224
20231
20236
20236
20246
20251
20254
20257
20263
20264
20273
20277
20288
20297
20304
20304
20320
20329
20334
20340
20346
20350
20352
20354
20396
20397
20404
20407
20409
20420
20422
20426
20433
20452
20453
20457
20457
20458
20487
20493
20505
20507
20514
20515
20540
20552
20556
20581
20589
20602
20607
20614
20634
20636
20638
20639
20646
20646
20653
20671
20673
20677
20682
20687
20703
20710
20712
20714
20716
20721
20722
20740
20749
20751
20752
20757
20759
20759
20765
20771
20772
20783
20786
20790
20795
20800
20809
20810
20820
20828
20831
20835
20853
20865
20874
20884
20895
20900
20901
20901
20906
20909
20913
20914
20921
20923
20979
20980
20988
21001
21003
21009
21011
21011
21013
21014
21014
21034
21037
21046
21047
21063
21077
21084
21090
21108
21114
21129
21150
21166
21169
21184
21190
21191
21214
21239
21239
21239
21260
21264
21264
21266
21270
21289
21295
21302
21304
21316
21319
21323
21346
21351
21353
21354
21368
21371
21371
21390
21391
21402
21406
21411
21415
21418
21432
21436
21441
21442
21446
21452
21453
21464
21471
21480
21485
21493
21502
21509
21509
21512
21520
21524
21532
21549
21555
21569
21571
21572
21588
21593
21597
21603
21616
21625
21630
21632
21639
21643
21654
21655
21658
21666
21673
21673
21675
21685
21688
21692
21698
21700
21705
21725
21733
21735
21735
21741
21742
21749
21750
21768
21785
21786
21789
21811
21835
21838
21839
21843
21853
21854
21859
21864
21866
21897
21901
21905
21915
21915
21916
21918
21934
21941
21942
21953
21958
21961
21974
21984
21986
21988
22015
22028
22036
22056
22062
22073
22078
22080
22087
22103
22110
22111
22115
22120
22124
22139
22139
22140
22141
22142
22146
22146
22147
22155
22156
22171
22174
22175
22176
22179
22192
22194
22194
22195
22199
22200
22206
22226
22230
22248
22258
22258
22272
22278
22286
22307
22315
22318
22335
22342
22344
22354
22354
22363
22386
22401
22405
22411
22416
22419
22420
22432
22432
22440
22448
22448
22452
22455
22464
22490
22492
22492
22508
22514
22530
22537
22545
22547
22558
22568
22569
22577
22579
22580
22580
22596
22599
22601
22610
22612
22612
22619
22627
22629
22631
22655
22664
22676
22690
22691
22705
22718
22728
22744
22756
22770
22776
22794
22794
22806
22807
22815
22832
22839
22839
22842
22845
22866
22877
22887
22889
22895
22896
22896
22907
22907
22919
22931
22942
22948
22957
22959
22965
22971
22979
22989
23009
23011
23011
23013
23025
23026
23038
23043
23046
23053
23055
23064
23064
23095
23097
23098
23100
23105
23112
23113
23121
23126
23127
23128
23129
23141
23173
23182
23185
23200
23207
23220
23221
23222
23224
23224
23233
23234
23243
23259
23262
23265
23276
23281
23282
23287
23296
23298
23306
23307
23315
23317
23328
23333
23341
23361
23364
23366
23371
23373
23381
23388
23401
23427
23428
23429
23433
23435
23435
23439
23450
23451
23459
23462
23463
23469
23470
23470
23486
23508
23510
23528
23529
23529
23533
23542
23547
23550
23555
23574
23587
23595
23599
23606
23606
23620
23621
23622
23625
23639
23644
23645
23663
23667
23678
23684
23698
23701
23710
23712
23713
23713
23725
23728
23733
23745
23756
23770
23773
23786
23790
23795
23808
23814
23815
23818
23818
23818
23820
23823
23825
23831
23832
23832
23836
23843
23846
23872
23876
23879
23898
23899
23907
23916
23917
23927
23931
23936
23936
23950
23950
23953
23961
23978
23983
23995
23997
24006
24008
24013
24016
24023
24029
24034
24040
24041
24052
24066
24075
24077
24081
24096
24103
24115
24133
24144
24146
24148
24149
24154
24155
24156
24159
24176
24182
24195
24197
24213
24217
24218
24220
24248
24249
24257
24257
24279
24282
24286
24298
24311
24314
24319
24331
24331
24336
24336
24338
24350
24354
24360
24363
24363
24363
24368
24370
24376
24382
24398
24412
24418
24419
24425
24441
24446
24472
24474
24481
24494
24495
24496
24505
24512
24515
24519
24527
24537
24553
24564
24567
24573
24580
24589
24591
24596
24603
24604
24616
24618
24632
24647
24649
24650
24650
24652
24664
24668
24672
24672
24680
24683
24689
24695
24697
24698
24709
24721
24724
24732
24741
24742
24758
24765
24769
24786
24790
24798
24799
24811
24813
24824
24824
24834
24849
24860
24869
24873
24883
24883
24895
24910
24912
24918
24920
24921
24922
24937
24944
24952
24954
24967
24969
24985
24993
25002
25007
25012
25013
25016
25019
25030
25035
25036
25036
25039
25048
25052
25068
25078
25090
25095
25099
25110
25125
25131
25133
25154
25156
25161
25165
25179
25185
25185
25193
25198
25202
25219
25224
25227
25231
25248
25250
25256
25259
25259
25262
25267
25269
25274
25286
25288
25289
25306
25325
25335
25348
25352
25354
25357
25358
25360
25378
25379
25386
25394
25395
25398
25407
25423
25426
25431
25451
25455
25468
25478
25478
25487
25489
25489
25490
25493
25507
25510
25516
25527
25532
25532
25535
25537
25542
25554
25557
25567
25575
25577
25596
25599
25603
25619
25622
25628
25630
25632
25640
25655
25656
25673
25677
25702
25703
25711
25714
25715
25716
25716
25727
25728
25730
25730
25735
25735
25736
25739
25758
25776
25778
25784
25813
25815
25820
25832
25835
25840
25841
25859
25863
25868
25869
25871
25872
25874
25882
25884
25884
25889
25896
25900
25906
25909
25916
25926
25929
25936
25938
25938
25946
25946
25949
25954
25994
26008
26012
26013
26013
26031
26046
26073
26074
26078
26082
26088
26090
26095
26096
26097
26100
26105
26107
26116
26117
26124
26126
26127
26130
26132
26141
26146
26156
26159
26162
26173
26178
26180
26189
26200
26205
26220
26220
26230
26245
26258
26258
26259
26264
26285
26292
26317
26337
26338
26338
26345
26372
26389
26414
26415
26430
26438
26446
26452
26465
26466
26468
26473
26496
26498
26499
26506
26507
26524
26526
26532
26541
26543
26552
26559
26563
26563
26566
26566
26569
26573
26583
26586
26590
26613
26618
26620
26625
26627
26638
26641
26641
26645
26647
26648
26649
26649
26650
26652
26654
26656
26663
26663
26681
26683
26691
26713
26716
26720
26724
26744
26748
26757
26763
26765
26769
26772
26772
26773
26781
26785
26787
26790
26802
26814
26815
26839
26839
26853
26858
26860
26865
26870
26886
26889
26901
26931
26935
26948
26969
26978
26981
26987
26988
26998
27018
27019
27031
27032
27035
27036
27041
27053
27059
27069
27077
27082
27094
27095
27101
27102
27105
27107
27109
27121
27122
27131
27135
27145
27148
27158
27177
27180
27183
27187
27197
27215
27216
27219
27219
27224
27250
27262
27267
27274
27279
27279
27284
27286
27292
27293
27304
27316
27323
27329
27340
27353
27355
27359
27368
27382
27384
27397
27398
27399
27403
27403
27405
27413
27439
27446
27447
27449
27452
27468
27481
27486
27487
27487
27493
27498
27501
27502
27521
27527
27561
27568
27573
27574
27579
27581
27588
27588
27590
27602
27608
27611
27613
27622
27630
27638
27651
27672
27673
27676
27678
27680
27682
27684
27687
27701
27701
27712
27715
27716
27717
27719
27722
27732
27740
27740
27741
27750
27768
27769
27769
27770
27774
27780
27788
27789
27809
27816
27817
27818
27825
27844
27851
27857
27875
27889
27892
27894
27907
27916
27930
27975
27978
27986
28000
28000
28012
28016
28017
28026
28046
28078
28085
28090
28100
28107
28108
28111
28118
28119
28154
28170
28188
28194
28200
28208
28221
28230
28231
28246
28256
28256
28260
28264
28267
28278
28288
28290
28294
28294
28296
28302
28305
28306
28311
28329
28338
28338
28352
28360
28369
28378
28400
28406
28436
28444
28459
28459
28464
28471
28473
28475
28487
28487
28489
28490
28503
28506
28507
28514
28517
28520
28523
28528
28551
28555
28564
28582
28589
28607
28609
28611
28616
28620
28625
28628
28631
28633
28641
28644
28646
28647
28661
28680
28686
28693
28714
28721
28727
28743
28752
28754
28758
28763
28765
28770
28774
28778
28780
28780
28783
28823
28825
28827
28831
28841
28842
28862
28877
28881
28882
28889
28895
28904
28905
28911
28911
28919
28920
28927
28937
28944
28953
28955
28962
28962
28973
28983
28987
28989
28991
28996
28998
29000
29001
29006
29026
29038
29045
29046
29070
29070
29076
29077
29082
29082
29089
29095
29098
29106
29112
29116
29120
29124
29145
29150
29155
29160
29177
29186
29190
29196
29196
29199
29214
29228
29241
29275
29284
29292
29292
29307
29319
29321
29327
29327
29337
29354
29355
29359
29364
29365
29374
29380
29387
29403
29407
29409
29414
29416
29419
29426
29428
29433
29437
29441
29442
29450
29456
29456
29463
29463
29466
29471
29472
29475
29477
29488
29492
29497
29503
29504
29510
29516
29531
29531
29532
29536
29536
29537
29556
29557
29565
29575
29581
29581
29589
29594
29595
29598
29607
29612
29620
29623
29628
29628
29637
29642
29645
29645
29655
29662
29665
29666
29671
29677
29686
29687
29689
29707
29713
29726
29728
29734
29743
29756
29759
29767
29772
29775
29779
29792
29798
29801
29824
29825
29827
29832
29835
29836
29838
29862
29865
29867
29884
29885
29890
29891
29892
29899
29907
29908
29916
29920
29928
29940
29941
29961
29973
29974
29980
29986
29990
29999
30006
30009
30019
30021
30025
30027
30028
30030
30045
30048
30048
30057
30068
30073
30076
30088
30093
30100
30106
30110
30112
30125
30127
30128
30148
30153
30162
30169
30171
30176
30177
30198
30199
30199
30208
30220
30222
30231
30234
30241
30244
30245
30247
30250
30252
30260
30262
30266
30273
30289
30289
30303
30312
30319
30324
30341
30351
30363
30365
30368
30400
30402
30404
30404
30405
30427
30434
30445
30448
30462
30467
30480
30499
30506
30510
30515
30519
30525
30529
30539
30539
30544
30546
30561
30563
30583
30591
30598
30600
30601
30604
30609
30614
30637
30639
30641
30645
30649
30650
30651
30653
30677
30684
30685
30686
30688
30693
30700
30701
30703
30715
30725
30726
30729
30737
30744
30746
30746
30761
30762
30764
30771
30772
30772
30775
30778
30779
30781
30784
30786
30791
30797
30800
30804
30811
30817
30821
30825
30837
30849
30891
30893
30904
30909
30914
30925
30940
30946
30961
30962
30991
30997
31005
31022
31032
31047
31051
31057
31079
31085
31089
31090
31108
31112
31121
31124
31135
31136
31136
31146
31157
31158
31172
31178
31178
31180
31188
31189
31193
31201
31226
31227
31237
31240
31240
31253
31257
31257
31259
31260
31260
31267
31269
31274
31283
31325
31332
31335
31344
31348
31351
31351
31360
31362
31365
31369
31379
31393
31394
31400
31400
31401
31408
31411
31419
31427
31439
31440
31441
31442
31445
31466
31473
31473
31474
31479
31482
31496
31501
31501
31502
31503
31506
31521
31522
31549
31554
31558
31567
31569
31573
31576
31578
31581
31585
31592
31595
31599
31603
31603
31607
31607
31607
31618
31626
31626
31627
31635
31635
31635
31647
31660
31665
31666
31680
31687
31695
31699
31712
31721
31732
31743
31744
31750
31751
31751
31757
31781
31787
31810
31827
31834
31835
31851
31859
31864
31881
31898
31899
31899
31918
31928
31934
31948
31948
31948
31951
31964
31965
31971
31979
31983
31985
31990
31997
31999
32002
32017
32025
32025
32027
32031
32043
32045
32050
32052
32057
32069
32090
32091
32091
32096
32097
32097
32099
32109
32119
32129
32133
32146
32160
32163
32168
32177
32178
32180
32186
32186
32187
32187
32194
32199
32202
32206
32208
32208
32209
32221
32222
32228
32238
32244
32247
32247
32253
32255
32256
32260
32273
32303
32303
32306
32321
32324
32327
32333
32337
32364
32377
32378
32389
32391
32403
32405
32407
32410
32422
32434
32447
32462
32468
32470
32471
32472
32478
32489
32506
32512
32513
32535
32546
32551
32553
32557
32594
32596
32596
32598
32598
32623
32623
32634
32635
32639
32640
32641
32642
32647
32660
32666
32675
32677
32680
32689
32690
32694
32700
32711
32714
32714
32717
32718
32719
32728
32729
32730
32733
32737
32743
32743
32748
32751
32753
32763
32766
32767
32778
32784
32785
32797
32803
32813
32819
32820
32841
32857
32862
32887
32888
32906
32925
32935
32944
32960
32969
32973
32983
33018
33023
33023
33023
33025
33038
33056
33065
33072
33076
33080
33088
33098
33118
33121
33121
33121
33121
33121
33134
33142
33155
33169
33176
33177
33180
33196
33209
33223
33226
33230
33239
33239
33246
33248
33257
33264
33273
33290
33291
33295
33299
33300
33325
33333
33347
33359
33399
33401
33405
33408
33422
33430
33434
33444
33453
33465
33466
33466
33479
33489
33493
33500
33501
33507
33517
33520
33525
33537
33538
33563
33570
33575
33577
33578
33583
33584
33587
33595
33599
33605
33610
33615
33621
33628
33631
33638
33642
33643
33644
33646
33655
33657
33658
33659
33662
33667
33670
33684
33685
33690
33696
33698
33708
33718
33727
33737
33739
33743
33754
33756
33759
33765
33766
33770
33780
33780
33786
33792
33801
33810
33814
33822
33825
33836
33859
33865
33866
33871
33871
33872
33890
33894
33897
33902
33907
33909
33918
33928
33942
33944
33949
33951
33963
33965
33966
33971
33976
33985
34009
34017
34019
34029
34029
34030
34043
34047
34056
34064
34065
34066
34068
34073
34096
34099
34107
34108
34113
34128
34130
34130
34142
34152
34157
34160
34163
34184
34201
34214
34214
34223
34227
34228
34229
34229
34251
34251
34262
34272
34282
34283
34296
34301
34308
34311
34315
34316
34341
34342
34343
34350
34355
34368
34374
34379
34380
34382
34383
34388
34393
34396
34404
34404
34404
34408
34415
34416
34418
34420
34425
34425
34443
34453
34455
34459
34461
34472
34487
34496
34506
34513
34532
34535
34535
34547
34549
34556
34558
34559
34565
34576
34582
34589
34602
34606
34606
34622
34626
34634
34638
34653
34657
34659
34663
34664
34665
34667
34672
34681
34687
34690
34692
34704
34709
34710
34711
34723
34728
34729
34745
34746
34752
34771
34774
34775
34783
34791
34796
34805
34807
34829
34830
34833
34835
34838
34841
34845
34852
34871
34871
34871
34883
34891
34899
34910
34915
34925
34937
34963
34969
34974
35000
35007
35021
35029
35031
35033
35034
35037
35042
35052
35056
35058
35059
35066
35071
35077
35078
35078
35080
35089
35099
35105
35108
35113
35114
35120
35125
35126
35132
35139
35148
35157
35167
35168
35176
35177
35181
35186
35189
35196
35199
35205
35210
35212
35214
35218
35219
35221
35226
35226
35239
35239
35253
35255
35259
35274
35281
35293
35299
35310
35317
35320
35321
35330
35331
35349
35351
35351
35360
35360
35364
35366
35376
35384
35384
35394
35397
35415
35420
35433
35441
35457
35460
35471
35482
35493
35499
35504
35505
35507
35534
35536
35539
35553
35559
35560
35564
35565
35566
35570
35581
35585
35595
35600
35600
35601
35621
35626
35629
35633
35645
35647
35647
35648
35656
35661
35668
35690
35701
35703
35707
35733
35753
35767
35773
35773
35778
35785
35789
35796
35798
35799
35802
35807
35809
35811
35811
35812
35813
35816
35819
35829
35832
35839
35849
35856
35862
35865
35883
35896
35903
35908
35910
35918
35947
35958
35966
35967
35971
35979
35982
35987
35999
36006
36008
36014
36014
36017
36020
36023
36034
36059
36086
36109
36111
36122
36123
36141
36141
36150
36156
36157
36188
36189
36201
36209
36214
36216
36220
36227
36228
36263
36274
36277
36278
36285
36311
36311
36323
36326
36332
36338
36346
36347
36351
36354
36356
36356
36360
36362
36374
36378
36378
36379
36389
36389
36390
36390
36408
36412
36419
36430
36434
36442
36455
36462
36462
36476
36491
36504
36505
36511
36517
36520
36527
36528
36536
36541
36548
36553
36574
36579
36596
36597
36601
36602
36635
36642
36645
36661
36663
36669
36671
36672
36680
36681
36684
36688
36688
36696
36709
36713
36715
36716
36716
36726
36729
36730
36741
36744
36750
36754
36755
36757
36760
36779
36783
36790
36798
36810
36813
36814
36822
36826
36828
36832
36833
36833
36853
36858
36862
36869
36881
36881
36883
36885
36886
36894
36910
36910
36917
36919
36921
36927
36946
36962
36964
36970
36970
36971
36981
36982
36986
36987
36993
36996
36997
37004
37013
37023
37040
37053
37057
37067
37080
37081
37085
37088
37098
37099
37104
37104
37113
37115
37116
37136
37136
37154
37162
37163
37166
37170
37176
37179
37180
37185
37203
37203
37205
37220
37231
37247
37251
37266
37272
37276
37280
37283
37287
37288
37290
37304
37305
37309
37328
37342
37351
37362
37363
37364
37365
37370
37377
37380
37408
37408
37408
37420
37422
37433
37433
37434
37437
37437
37442
37445
37447
37454
37455
37460
37462
37476
37477
37482
37482
37483
37486
37491
37493
37494
37496
37498
37508
37513
37516
37529
37533
37535
37539
37542
37551
37553
37556
37570
37573
37584
37590
37593
37605
37607
37614
37614
37627
37628
37630
37634
37635
37639
37641
37648
37648
37651
37675
37678
37693
37694
37705
37711
37714
37717
37734
37738
37750
37756
37773
37789
37800
37802
37810
37844
37853
37856
37858
37883
37885
37904
37922
37927
37929
37935
37945
37946
37951
37976
37977
37980
37984
37984
37985
37986
37990
38005
38010
38025
38037
38038
38046
38046
38054
38064
38069
38072
38072
38075
38076
38082
38097
38106
38108
38116
38120
38141
38143
38149
38159
38160
38161
38210
38212
38227
38233
38234
38236
38251
38253
38253
38254
38307
38310
38315
38316
38331
38340
38372
38375
38381
38399
38401
38410
38411
38412
38423
38424
38428
38432
38445
38446
38457
38458
38461
38466
38467
38467
38481
38485
38485
38499
38507
38508
38540
38551
38558
38567
38577
38604
38614
38614
38617
38642
38652
38655
38662
38665
38670
38674
38678
38678
38678
38680
38683
38684
38686
38704
38708
38710
38715
38720
38725
38728
38769
38783
38796
38797
38810
38813
38815
38817
38817
38831
38838
38838
38844
38847
38849
38850
38856
38859
38860
38861
38864
38864
38887
38894
38895
38898
38910
38915
38927
38951
38952
38957
38978
38983
39020
39024
39027
39027
39030
39034
39048
39057
39061
39067
39067
39079
39085
39093
39098
39102
39105
39106
39111
39112
39130
39136
39158
39168
39174
39179
39183
39187
39197
39210
39220
39222
39230
39239
39251
39258
39263
39266
39268
39269
39269
39278
39278
39289
39302
39306
39312
39321
39323
39325
39339
39343
39346
39358
39361
39361
39363
39370
39371
39375
39382
39388
39400
39402
39407
39409
39414
39415
39422
39431
39434
39439
39447
39450
39465
39472
39476
39482
39494
39500
39510
39512
39521
39524
39527
39535
39536
39549
39564
39573
39573
39574
39578
39580
39580
39584
39585
39588
39592
39595
39598
39602
39615
39616
39619
39622
39622
39637
39639
39647
39648
39658
39661
39673
39676
39677
39688
39695
39695
39699
39701
39704
39712
39723
39735
39736
39744
39753
39761
39775
39783
39789
39790
39797
39804
39815
39820
39835
39835
39839
39849
39858
39863
39865
39867
39874
39885
39900
39911
39916
39920
39928
39932
39935
39940
39941
39944
39946
39972
39982
39983
39991
40006
40011
40034
40035
40036
40036
40045
40051
40053
40068
40070
40071
40075
40077
40080
40098
40101
40105
40120
40122
40127
40136
40142
40147
40150
40151
40155
40156
40161
40164
40164
40169
40183
40187
40206
40213
40216
40232
40245
40258
40259
40273
40275
40306
40308
40323
40326
40329
40331
40340
40340
40353
40360
40365
40367
40370
40375
40396
40401
40405
40416
40425
40429
40431
40445
40472
40473
40474
40490
40494
40506
40518
40520
40525
40530
40548
40555
40558
40566
40573
40590
40595
40603
40606
40614
40615
40618
40624
40640
40649
40653
40653
40666
40673
40677
40677
40681
40682
40684
40694
40703
40709
40709
40714
40718
40728
40729
40732
40764
40765
40775
40778
40781
40789
40800
40821
40825
40826
40828
40829
40842
40850
40896
40896
40910
40916
40917
40920
40925
40942
40943
40946
40948
40960
40966
40985
40991
40997
41003
41009
41011
41017
41031
41036
41038
41044
41045
41049
41051
41056
41062
41066
41070
41079
41094
41097
41113
41118
41120
41121
41122
41131
41148
41153
41163
41165
41166
41168
41190
41191
41215
41229
41242
41252
41294
41312
41330
41335
41347
41348
41353
41369
41370
41377
41381
41395
41396
41403
41407
41423
41427
41432
41436
41453
41455
41474
41484
41501
41503
41513
41517
41519
41519
41536
41550
41562
41582
41582
41607
41607
41608
41609
41613
41617
41620
41623
41629
41640
41646
41655
41656
41661
41670
41670
41672
41686
41701
41709
41712
41724
41743
41745
41746
41751
41751
41763
41765
41768
41786
41791
41799
41804
41805
41809
41813
41826
41829
41830
41831
41834
41841
41850
41859
41866
41881
41887
41894
41899
41901
41905
41906
41927
41930
41934
41934
41937
41944
41951
41951
41953
41954
41964
41964
41969
41977
41982
41984
41986
41989
41994
41998
42000
42004
42012
42012
42029
42030
42037
42044
42070
42080
42087
42096
42097
42098
42100
42110
42113
42114
42115
42117
42118
42128
42129
42130
42137
42142
42150
42157
42159
42170
42180
42181
42189
42197
42201
42207
42209
42235
42239
42248
42266
42269
42274
42275
42281
42281
42288
42297
42299
42301
42306
42308
42314
42329
42332
42340
42341
42349
42357
42358
42360
42373
42388
42394
42402
42403
42430
42434
42441
42444
42452
42462
42465
42467
42474
42486
42487
42492
42494
42501
42501
42515
42517
42520
42521
42536
42537
42538
42542
42544
42561
42571
42575
42576
42576
42588
42593
42594
42615
42617
42630
42647
42650
42652
42673
42673
42690
42694
42702
42702
42717
42729
42741
42743
42748
42750
42751
42762
42768
42777
42783
42808
42811
42815
42815
42827
42838
42840
42843
42846
42858
42863
42863
42867
42884
42886
42887
42893
42894
42915
42923
42928
42928
42931
42931
42939
42945
42953
42957
42957
42959
42976
42980
42984
42993
42995
43013
43017
43017
43028
43030
43050
43069
43070
43076
43088
43093
43098
43099
43102
43103
43108
43109
43157
43164
43177
43181
43182
43184
43207
43209
43214
43228
43229
43241
43254
43263
43266
43267
43267
43284
43285
43286
43287
43289
43290
43293
43297
43311
43326
43326
43334
43341
43345
43347
43347
43348
43350
43363
43367
43378
43379
43384
43386
43388
43399
43409
43410
43413
43414
43426
43427
43429
43438
43443
43447
43460
43463
43470
43473
43480
43483
43486
43494
43497
43514
43527
43532
43535
43537
43539
43540
43550
43554
43557
43571
43577
43591
43608
43612
43613
43624
43638
43641
43650
43651
43658
43666
43666
43679
43682
43683
43690
43713
43726
43728
43731
43744
43747
43750
43757
43778
43783
43796
43805
43810
43811
43813
43826
43834
43840
43845
43846
43847
43857
43862
43867
43872
43879
43889
43898
43910
43919
43922
43942
43955
43969
43979
43981
43985
43990
44000
44002
44003
44003
44004
44008
44015
44016
44019
44022
44035
44038
44042
44046
44056
44067
44078
44079
44089
44090
44091
44092
44105
44108
44111
44121
44123
44128
44128
44154
44156
44162
44169
44174
44175
44175
44191
44195
44198
44201
44206
44211
44216
44224
44225
44235
44235
44239
44250
44259
44288
44292
44298
44298
44299
44302
44307
44312
44319
44328
44331
44333
44338
44339
44344
44347
44354
44360
44361
44361
44396
44406
44407
44425
44429
44436
44444
44480
44481
44488
44491
44516
44523
44524
44540
44547
44562
44570
44573
44599
44607
44614
44619
44631
44631
44634
44646
44652
44665
44673
44677
44677
44678
44678
44683
44698
44704
44706
44709
44712
44717
44729
44733
44733
44736
44737
44777
44780
44784
44785
44790
44802
44815
44818
44826
44829
44835
44846
44857
44858
44868
44872
44887
44910
44913
44920
44920
44927
44942
44950
44972
44986
45008
45013
45018
45021
45024
45027
45027
45059
45063
45075
45085
45087
45102
45102
45108
45127
45128
45136
45137
45161
45171
45172
45180
45182
45182
45183
45192
45198
45200
45201
45205
45207
45208
45230
45233
45244
45259
45263
45264
45274
45305
45307
45309
45320
45326
45341
45354
45371
45376
45381
45383
45386
45389
45395
45395
45402
45461
45465
45469
45472
45472
45480
45487
45491
45508
45515
45516
45520
45530
45535
45540
45548
45561
45562
45566
45572
45582
45585
45595
45603
45608
45617
45626
45646
45647
45648
45649
45651
45665
45668
45674
45681
45692
45695
45700
45700
45707
45708
45713
45727
45738
45752
45770
45774
45779
45802
45808
45819
45827
45833
45833
45833
45834
45845
45855
45861
45867
45878
45878
45881
45881
45883
45884
45896
45913
45941
45941
45942
45942
45947
45956
45969
45974
45989
45992
45993
46004
46006
46012
46015
46015
46031
46048
46049
46054
46061
46067
46068
46072
46089
46090
46095
46101
46103
46138
46140
46140
46159
46164
46173
46192
46192
46199
46215
46218
46222
46230
46233
46239
46242
46249
46250
46255
46257
46260
46289
46291
46292
46293
46293
46296
46321
46348
46352
46354
46357
46378
46388
46389
46397
46404
46411
46412
46417
46417
46424
46432
46435
46440
46440
46450
46451
46458
46470
46509
46512
46517
46534
46536
46537
46548
46563
46573
46575
46590
46605
46611
46612
46613
46614
46627
46638
46645
46646
46649
46650
46661
46665
46668
46673
46679
46681
46682
46683
46693
46707
46721
46722
46728
46738
46744
46748
46762
46771
46779
46788
46790
46800
46805
46828
46834
46839
46848
46864
46865
46869
46870
46871
46882
46882
46883
46890
46899
46904
46910
46910
46918
46931
46931
46932
46934
46945
46964
46968
46976
46996
47025
47029
47036
47050
47055
47055
47056
47067
47068
47070
47071
47078
47084
47094
47100
47102
47107
47119
47141
47152
47173
47177
47186
47199
47204
47208
47210
47216
47237
47238
47244
47248
47258
47260
47262
47262
47271
47273
47277
47292
47309
47313
47315
47340
47342
47342
47353
47357
47360
47363
47363
47370
47370
47373
47374
47375
47392
47393
47398
47399
47399
47402
47402
47409
47409
47410
47427
47456
47464
47474
47475
47482
47506
47506
47506
47507
47509
47511
47519
47521
47539
47548
47560
47566
47573
47581
47602
47604
47609
47618
47619
47627
47643
47659
47679
47685
47688
47688
47710
47716
47721
47723
47727
47733
47764
47772
47773
47784
47791
47799
47816
47817
47826
47838
47842
47858
47862
47868
47870
47870
47874
47887
47891
47916
47927
47930
47934
47952
47965
47968
47971
47980
47988
47999
48001
48005
48005
48007
48019
48053
48073
48074
48076
48096
48104
48108
48109
48113
48124
48152
48152
48155
48160
48164
48164
48166
48175
48186
48196
48197
48200
48204
48207
48210
48219
48236
48242
48242
48246
48247
48252
48260
48264
48275
48283
48285
48288
48291
48293
48303
48308
48309
48315
48318
48319
48326
48328
48336
48350
48353
48363
48372
48384
48387
48390
48391
48399
48401
48403
48404
48411
48413
48414
48415
48426
48428
48429
48432
48445
48480
48482
48488
48489
48496
48499
48508
48509
48509
48517
48518
48520
48570
48570
48573
48574
48583
48589
48592
48592
48595
48595
48599
48600
48604
48605
48611
48621
48628
48639
48650
48658
48683
48691
48702
48706
48709
48711
48712
48712
48724
48725
48727
48747
48747
48749
48764
48769
48773
48780
48796
48797
48817
48836
48855
48875
48907
48907
48908
48908
48917
48921
48924
48937
48942
48948
48954
48983
48987
48992
48999
49003
49016
49024
49029
49034
49034
49043
49045
49055
49059
49059
49072
49076
49089
49092
49102
49113
49123
49125
49134
49144
49153
49160
49167
49168
49177
49181
49186
49186
49187
49198
49223
49228
49232
49252
49254
49258
49263
49264
49272
49278
49279
49280
49281
49300
49303
49310
49312
49318
49322
49325
49327
49330
49336
49336
49342
49363
49370
49373
49386
49391
49409
49422
49431
49433
49444
49453
49453
49459
49473
49496
49502
49505
49520
49522
49554
49554
49559
49582
49582
49588
49595
49600
49604
49623
49623
49637
49647
49648
49649
49660
49673
49696
49703
49707
49708
49711
49711
49714
49725
49726
49730
49731
49733
49741
49765
49771
49774
49783
49784
49786
49788
49806
49808
49811
49813
49818
49828
49831
49832
49844
49851
49857
49864
49865
49870
49871
49881
49883
49890
49898
49900
49904
49906
49909
49940
49944
49950
49960
49962
49963
49971
49975
49990
49992
49993
49995
50005
50007
50022
50023
50026
50031
50032
50045
50050
50056
50057
50061
50071
50072
50072
50073
50086
50086
50090
50094
50099
50109
50123
50130
50130
50132
50141
50142
50148
50154
50159
50210
50210
50210
50212
50212
50213
50216
50219
50232
50241
50247
50256
50256
50262
50263
50269
50275
50275
50280
50289
50291
50295
50302
50305
50311
50312
50314
50315
50317
50318
50322
50329
50333
50337
50338
50341
50341
50368
50378
50386
50386
50396
50398
50403
50404
50408
50420
50422
50425
50436
50437
50445
50448
50451
50457
50464
50465
50467
50470
50475
50482
50483
50483
50494
50501
50515
50521
50525
50529
50530
50532
50539
50556
50564
50569
50571
50572
50579
50580
50581
50589
50597
50606
50616
50630
50631
50639
50640
50647
50669
50681
50683
50684
50687
50695
50708
50714
50716
50733
50739
50741
50742
50742
50745
50753
50765
50768
50782
50782
50785
50788
50802
50805
50808
50827
50835
50842
50846
50848
50855
50856
50858
50862
50862
50872
50897
50909
50919
50919
50919
50935
50938
50954
50961
50962
50972
50975
50979
50981
50991
51006
51013
51024
51025
51049
51050
51053
51057
51081
51088
51092
51106
51112
51123
51124
51127
51156
51158
51166
51168
51173
51174
51174
51182
51183
51187
51188
51188
51201
51205
51205
51209
51210
51211
51223
51223
51225
51228
51231
51232
51241
51270
51273
51284
51286
51294
51298
51304
51308
51313
51326
51334
51340
51345
51347
51347
51350
51353
51364
51372
51389
51391
51392
51393
51404
51407
51424
51435
51439
51442
51463
51465
51466
51470
51471
51473
51481
51482
51492
51499
51500
51505
51507
51508
51513
51518
51529
51538
51555
51556
51584
51587
51588
51596
51598
51611
51611
51616
51620
51625
51629
51638
51641
51642
51648
51651
51657
51661
51673
51676
51685
51703
51732
51732
51739
51741
51742
51746
51747
51752
51759
51760
51762
51768
51768
51775
51778
51784
51785
51786
51804
51818
51840
51863
51872
51874
51877
51885
51891
51895
51896
51899
51911
51912
51952
51962
51971
51975
51976
51992
51999
52001
52005
52008
52012
52017
52018
52030
52030
52039
52040
52042
52044
52053
52065
52071
52075
52098
52100
52104
52118
52122
52127
52129
52132
52145
52151
52155
52168
52184
52187
52192
52193
52200
52204
52210
52210
52218
52225
52231
52243
52247
52247
52249
52251
52252
52267
52270
52274
52308
52308
52312
52322
52324
52330
52354
52355
52371
52373
52376
52379
52384
52398
52406
52410
52429
52432
52446
52455
52458
52464
52487
52487
52488
52493
52494
52502
52502
52505
52507
52514
52514
52516
52522
52525
52548
52562
52571
52583
52583
52585
52598
52599
52610
52615
52628
52637
52638
52640
52642
52646
52662
52663
52667
52671
52674
52680
52682
52699
52705
52707
52707
52708
52721
52721
52729
52738
52739
52739
52741
52744
52754
52759
52761
52764
52764
52777
52784
52800
52805
52807
52818
52842
52844
52844
52845
52855
52865
52872
52879
52883
52886
52892
52893
52896
52897
52900
52900
52905
52908
52919
52928
52932
52943
52950
52956
52962
52979
52990
52993
52995
53006
53010
53014
53015
53017
53022
53022
53027
53042
53043
53049
53052
53053
53059
53078
53083
53083
53084
53087
53095
53107
53111
53111
53112
53115
53119
53120
53129
53139
53139
53145
53146
53167
53169
53170
53176
53181
53187
53195
53201
53203
53204
53204
53218
53222
53234
53238
53239
53241
53252
53274
53278
53290
53291
53294
53304
53321
53326
53339
53342
53343
53345
53350
53354
53363
53381
53394
53399
53406
53429
53430
53436
53439
53444
53467
53467
53477
53484
53484
53486
53499
53502
53504
53511
53514
53517
53523
53525
53532
53533
53538
53544
53544
53565
53565
53566
53569
53582
53593
53599
53612
53613
53614
53616
53618
53619
53624
53625
53642
53664
53668
53670
53672
53691
53698
53704
53726
53732
53739
53741
53771
53780
53785
53788
53790
53800
53800
53803
53812
53821
53826
53829
53834
53839
53844
53845
53858
53859
53866
53873
53882
53891
53894
53897
53903
53905
53929
53929
53932
53946
53948
53949
53966
53967
53967
53967
53969
53975
53988
53990
53997
54010
54015
54018
54027
54060
54063
54071
54082
54086
54108
54113
54116
54120
54126
54127
54135
54137
54138
54149
54149
54150
54151
54157
54166
54166
54167
54180
54182
54184
54200
54206
54209
54213
54225
54236
54240
54243
54249
54258
54259
54265
54282
54283
54296
54297
54309
54318
54319
54324
54326
54344
54346
54347
54350
54362
54363
54384
54385
54387
54392
54420
54425
54434
54440
54446
54449
54460
54463
54464
54469
54476
54483
54492
54496
54496
54500
54503
54505
54507
54526
54537
54542
54550
54565
54576
54583
54590
54591
54604
54607
54610
54610
54660
54664
54670
54674
54679
54682
54688
54699
54705
54719
54728
54728
54734
54735
54747
54754
54765
54766
54774
54779
54784
54793
54794
54816
54819
54846
54870
54883
54890
54900
54904
54906
54911
54917
54918
54923
54930
54934
54936
54943
54948
54948
54950
54954
54955
54958
54966
54966
54975
54977
54980
54987
54989
54997
54997
55027
55030
55033
55039
55046
55047
55053
55068
55068
55072
55086
55090
55090
55096
55097
55102
55114
55120
55121
55122
55136
55143
55152
55175
55185
55187
55189
55193
55214
55215
55216
55236
55237
55242
55245
55255
55266
55273
55273
55277
55281
55283
55289
55292
55294
55312
55325
55328
55334
55341
55343
55346
55346
55349
55351
55352
55379
55395
55396
55401
55406
55411
55444
55456
55461
55461
55465
55467
55467
55475
55484
55504
55506
55512
55518
55519
55519
55524
55529
55534
55543
55556
55567
55570
55581
55581
55588
55590
55593
55595
55595
55603
55605
55607
55613
55616
55617
55622
55633
55644
55644
55647
55648
55649
55653
55664
55665
55674
55680
55696
55715
55719
55731
55758
55761
55776
55776
55780
55780
55785
55794
55803
55804
55809
55826
55834
55835
55835
55840
55848
55864
55868
55886
55890
55894
55898
55908
55925
55928
55946
55951
55952
55953
55968
55978
55991
56006
56017
56023
56027
56035
56040
56043
56046
56048
56049
56049
56069
56073
56076
56077
56080
56080
56086
56087
56095
56102
56105
56110
56130
56130
56135
56136
56137
56143
56156
56162
56170
56178
56182
56184
56187
56188
56190
56194
56197
56201
56207
56213
56215
56221
56233
56238
56239
56250
56251
56261
56272
56277
56287
56295
56296
56301
56312
56313
56326
56330
56333
56334
56337
56341
56362
56363
56364
56372
56373
56374
56395
56405
56412
56413
56414
56421
56443
56445
56456
56458
56461
56462
56467
56474
56480
56487
56488
56497
56512
56513
56515
56519
56520
56530
56534
56555
56562
56567
56567
56568
56584
56589
56590
56608
56619
56627
56629
56629
56629
56635
56643
56646
56651
56655
56658
56658
56665
56676
56703
56716
56739
56741
56743
56756
56758
56760
56767
56769
56784
56788
56792
56795
56796
56801
56808
56815
56823
56825
56829
56848
56861
56865
56867
56878
56888
56894
56913
56916
56932
56937
56940
56948
56951
56952
56960
56977
56984
56989
56998
57007
57008
57008
57014
57039
57045
57082
57083
57088
57090
57135
57144
57148
57152
57155
57158
57160
57183
57190
57196
57223
57227
57240
57253
57290
57296
57303
57304
57315
57320
57326
57332
57332
57337
57347
57354
57358
57363
57370
57373
57377
57386
57387
57390
57394
57396
57402
57410
57417
57423
57426
57433
57435
57439
57442
57445
57449
57461
57461
57463
57467
57467
57469
57471
57472
57479
57485
57487
57500
57502
57510
57513
57517
57521
57524
57528
57531
57543
57546
57549
57549
57554
57555
57555
57578
57578
57581
57581
57589
57590
57597
57600
57601
57605
57614
57622
57622
57628
57636
57646
57648
57654
57655
57655
57659
57676
57678
57681
57698
57717
57717
57722
57729
57738
57739
57751
57754
57768
57771
57772
57776
57783
57807
57815
57818
57834
57837
57846
57869
57871
57874
57893
57895
57897
57902
57903
57905
57909
57936
57941
57944
57946
57973
57975
57990
57997
57998
58000
58002
58004
58008
58024
58025
58038
58046
58047
58058
58071
58075
58076
58080
58091
58111
58113
58119
58127
58136
58146
58161
58168
58172
58172
58172
58177
58192
58200
58202
58207
58207
58210
58213
58215
58218
58220
58224
58224
58226
58237
58239
58239
58241
58241
58282
58286
58288
58299
58299
58316
58317
58322
58324
58326
58345
58351
58357
58357
58365
58368
58371
58382
58386
58387
58402
58404
58408
58409
58426
58429
58432
58438
58444
58448
58455
58456
58457
58466
58475
58480
58482
58489
58490
58493
58512
58514
58515
58517
58532
58538
58542
58545
58548
58572
58573
58589
58592
58597
58600
58603
58604
58610
58634
58641
58641
58653
58658
58674
58676
58688
58693
58699
58699
58705
58705
58706
58724
58741
58750
58755
58758
58761
58780
58787
58787
58797
58815
58825
58834
58841
58861
58870
58881
58894
58895
58902
58904
58906
58906
58912
58920
58929
58930
58940
58942
58946
58952
58958
58959
58960
58971
58976
58988
58994
59010
59012
59013
59017
59018
59021
59021
59023
59070
59073
59078
59080
59082
59082
59082
59086
59099
59126
59126
59148
59158
59159
59169
59176
59178
59178
59179
59180
59193
59194
59220
59257
59267
59275
59279
59285
59300
59309
59319
59324
59340
59342
59343
59345
59348
59350
59351
59379
59389
59402
59405
59411
59413
59413
59413
59423
59426
59445
59451
59453
59455
59457
59460
59507
59515
59522
59539
59540
59571
59575
59582
59591
59610
59614
59619
59620
59621
59635
59636
59650
59668
59671
59691
59695
59701
59705
59712
59713
59737
59752
59752
59784
59791
59792
59807
59813
59814
59818
59820
59822
59848
59855
59855
59863
59884
59887
59905
59906
59909
59923
59935
59957
59959
59969
59975
59977
59983
59987
59993
59996
59996
60003
60006
60022
60023
60029
60034
60038
60047
60048
60049
60053
60058
60073
60077
60077
60082
60085
60090
60101
60105
60111
60114
60116
60118
60125
60137
60146
60158
60159
60160
60161
60168
60185
60185
60190
60200
60205
60209
60209
60220
60225
60235
60239
60250
60255
60264
60266
60273
60279
60283
60297
60308
60310
60310
60312
60313
60321
60326
60326
60358
60362
60371
60372
60379
60394
60401
60409
60411
60413
60421
60423
60427
60428
60428
60437
60459
60466
60467
60478
60482
60490
60490
60491
60495
60499
60507
60537
60545
60546
60550
60551
60552
60552
60554
60554
60579
60585
60595
60600
60605
60610
60614
60616
60622
60630
60631
60631
60633
60637
60646
60666
60673
60681
60688
60694
60707
60721
60721
60722
60733
60735
60739
60748
60754
60760
60765
60766
60772
60794
60797
60797
60806
60831
60850
60850
60852
60873
60880
60881
60884
60889
60891
60896
60898
60910
60915
60917
60924
60927
60948
60948
60954
60958
61000
61011
61014
61017
61020
61029
61032
61035
61044
61055
61068
61070
61073
61090
61094
61111
61114
61117
61117
61121
61125
61137
61146
61152
61155
61159
61185
61194
61208
61222
61226
61226
61239
61242
61251
61254
61266
61270
61280
61281
61284
61304
61305
61315
61354
61359
61363
61364
61366
61373
61382
61388
61399
61411
61416
61416
61417
61420
61428
61436
61437
61437
61438
61447
61458
61458
61470
61495
61502
61507
61507
61511
61515
61519
61525
61532
61541
61542
61547
61561
61566
61566
61567
61571
61573
61599
61617
61618
61619
61620
61627
61628
61656
61660
61664
61665
61666
61673
61675
61683
61702
61704
61710
61712
61714
61714
61725
61734
61739
61744
61745
61753
61753
61757
61765
61766
61770
61775
61779
61788
61790
61795
61796
61806
61821
61850
61867
61881
61888
61894
61896
61907
61908
61908
61914
61927
61932
61953
61958
61959
61989
61989
61995
62000
62018
62032
62036
62037
62050
62064
62069
62070
62070
62083
62101
62104
62109
62124
62128
62130
62159
62184
62186
62188
62210
62222
62226
62230
62231
62233
62236
62237
62240
62241
62262
62263
62268
62280
62302
62305
62314
62317
62319
62332
62334
62335
62340
62351
62366
62368
62368
62370
62374
62386
62395
62402
62405
62410
62411
62417
62418
62429
62430
62431
62433
62437
62439
62443
62445
62445
62449
62453
62460
62468
62473
62479
62479
62481
62484
62491
62491
62495
62498
62502
62507
62512
62529
62542
62547
62547
62554
62569
62604
62605
62623
62626
62628
62639
62641
62652
62661
62670
62671
62673
62675
62677
62683
62685
62685
62685
62687
62692
62694
62708
62708
62714
62716
62722
62723
62726
62728
62735
62737
62740
62743
62753
62762
62770
62776
62782
62784
62785
62797
62802
62808
62810
62815
62816
62833
62850
62852
62854
62875
62880
62886
62893
62896
62915
62915
62940
62942
62953
62955
62985
62988
62997
63007
63025
63036
63037
63037
63040
63043
63044
63044
63051
63055
63056
63059
63059
63060
63076
63079
63087
63089
63092
63092
63095
63099
63102
63111
63113
63128
63132
63134
63135
63138
63141
63145
63147
63155
63157
63165
63170
63180
63181
63183
63194
63196
63203
63206
63208
63208
63220
63220
63221
63224
63231
63232
63238
63245
63250
63255
63261
63264
63264
63266
63279
63293
63297
63298
63308
63317
63321
63329
63332
63337
63343
63349
63352
63367
63368
63368
63368
63377
63377
63393
63398
63403
63408
63417
63426
63436
63446
63449
63455
63456
63467
63478
63482
63500
63505
63511
63512
63519
63520
63535
63538
63542
63544
63555
63560
63563
63568
63570
63577
63580
63582
63593
63596
63612
63617
63619
63625
63634
63641
63652
63653
63653
63666
63689
63725
63736
63736
63749
63751
63773
63777
63778
63781
63786
63791
63799
63802
63810
63823
63825
63841
63847
63858
63858
63870
63874
63875
63887
63893
63898
63905
63915
63926
63930
63932
63935
63936
63942
63942
63948
63953
63956
63957
63960
63978
63989
63989
64013
64021
64048
64052
64059
64069
64071
64077
64086
64086
64088
64092
64126
64133
64136
64140
64143
64143
64148
64149
64156
64165
64168
64174
64175
64189
64205
64205
64206
64217
64223
64241
64243
64249
64249
64251
64252
64255
64259
64268
64268
64300
64301
64302
64308
64316
64316
64324
64326
64339
64347
64355
64367
64371
64371
64384
64392
64403
64409
64411
64426
64438
64455
64457
64457
64465
64470
64493
64499
64517
64538
64548
64555
64556
64557
64558
64572
64575
64578
64580
64582
64583
64593
64597
64600
64602
64604
64607
64620
64621
64622
64622
64631
64638
64640
64645
64657
64657
64662
64676
64685
64695
64698
64701
64707
64715
64715
64719
64728
64748
64754
64768
64778
64805
64805
64807
64807
64810
64813
64815
64846
64848
64854
64870
64886
64891
64907
64909
64914
64922
64928
64936
64949
64961
64970
64978
64994
65002
65003
65007
65012
65015
65023
65030
65031
65033
65040
65049
65057
65058
65073
65077
65078
65088
65093
65094
65099
65100
65102
65105
65110
65123
65131
65138
65140
65143
65144
65168
65168
65169
65178
65184
65187
65188
65196
65198
65203
65217
65224
65230
65231
65239
65242
65248
65249
65285
65291
65305
65318
65319
65321
65328
65333
65336
65341
65356
65370
65373
65376
65377
65397
65398
65404
65435
65436
65441
65450
65450
65454
65459
65476
65482
65483
65487
65490
65495
65496
65498
65501
65506
65511
65520
65567
65573
65573
65573
65592
65614
65618
65624
65625
65654
65665
65674
65685
65685
65699
65717
65719
65753
65758
65759
65763
65764
65776
65789
65794
65795
65801
65808
65815
65834
65835
65845
65854
65863
65868
65882
65885
65891
65893
65898
65907
65910
65915
65929
65930
65942
65952
65963
65968
65975
65985
65994
66009
66014
66029
66033
66034
66036
66041
66051
66054
66056
66064
66069
66069
66074
66082
66092
66092
66092
66102
66115
66118
66128
66128
66134
66143
66150
66151
66155
66158
66158
66171
66173
66179
66181
66191
66198
66199
66210
66217
66222
66226
66226
66228
66231
66232
66234
66243
66252
66272
66277
66278
66295
66303
66314
66321
66322
66327
66336
66338
66339
66341
66351
66354
66362
66362
66386
66394
66398
66425
66427
66432
66432
66433
66434
66444
66449
66465
66470
66472
66481
66483
66488
66493
66494
66495
66498
66508
66509
66519
66522
66532
66542
66545
66545
66556
66563
66568
66568
66572
66572
66575
66577
66583
66618
66634
66638
66674
66675
66697
66698
66702
66709
66726
66734
66737
66751
66756
66758
66759
66776
66777
66778
66808
66809
66816
66820
66831
66834
66835
66837
66850
66855
66859
66866
66868
66884
66888
66891
66897
66897
66914
66916
66919
66920
66920
66922
66927
66930
66934
66940
66943
66946
66962
66971
66979
66983
66987
66990
66991
66992
66995
67005
67006
67011
67018
67020
67025
67025
67035
67037
67051
67058
67083
67092
67094
67099
67106
67114
67122
67124
67134
67134
67142
67146
67160
67161
67162
67164
67166
67173
67175
67179
67180
67182
67194
67200
67216
67227
67230
67233
67235
67255
67255
67258
67259
67260
67260
67265
67266
67272
67274
67280
67303
67306
67308
67312
67313
67316
67325
67335
67345
67346
67353
67355
67364
67365
67376
67380
67394
67402
67414
67425
67447
67454
67457
67460
67465
67472
67479
67487
67497
67497
67509
67513
67516
67517
67519
67521
67522
67528
67530
67533
67540
67542
67557
67570
67572
67577
67598
67604
67613
67633
67635
67641
67644
67648
67654
67655
67662
67678
67678
67678
67681
67690
67694
67697
67700
67710
67713
67717
67719
67733
67734
67747
67748
67763
67765
67770
67783
67783
67784
67787
67789
67791
67801
67805
67806
67820
67825
67833
67833
67833
67844
67844
67854
67860
67868
67903
67909
67916
67923
67934
67934
67935
67938
67944
67956
67959
67961
67968
67969
67976
67983
67997
68008
68018
68033
68034
68038
68042
68044
68053
68058
68063
68065
68075
68078
68112
68119
68122
68135
68156
68171
68180
68184
68190
68195
68203
68209
68209
68224
68230
68239
68240
68243
68247
68250
68252
68254
68267
68273
68279
68285
68287
68299
68301
68302
68305
68310
68336
68337
68347
68349
68352
68353
68356
68363
68364
68365
68374
68376
68394
68404
68406
68407
68408
68409
68420
68445
68453
68454
68456
68464
68464
68469
68483
68486
68496
68500
68505
68520
68528
68552
68554
68571
68592
68598
68599
68604
68608
68610
68620
68622
68623
68623
68627
68630
68639
68643
68646
68655
68655
68661
68677
68685
68688
68694
68695
68709
68715
68716
68721
68733
68736
68736
68744
68755
68763
68769
68772
68779
68794
68801
68803
68804
68809
68810
68817
68826
68830
68832
68843
68843
68853
68865
68866
68870
68889
68891
68892
68894
68901
68902
68906
68909
68912
68920
68922
68923
68934
68936
68941
68950
68956
68961
68962
68965
68967
68969
68973
68974
69022
69039
69042
69045
69048
69049
69049
69056
69067
69070
69082
69084
69087
69087
69093
69096
69097
69100
69108
69117
69130
69131
69155
69161
69162
69163
69171
69177
69181
69190
69200
69209
69236
69243
69248
69274
69276
69280
69291
69299
69317
69319
69321
69327
69327
69335
69344
69371
69375
69376
69387
69391
69400
69400
69402
69403
69403
69408
69412
69412
69424
69470
69471
69477
69481
69481
69483
69484
69485
69490
69494
69494
69504
69538
69545
69546
69554
69565
69571
69573
69574
69585
69586
69589
69592
69598
69607
69611
69624
69625
69635
69645
69653
69654
69658
69668
69678
69683
69686
69690
69703
69705
69712
69720
69750
69762
69777
69777
69786
69790
69792
69806
69806
69815
69819
69822
69823
69825
69827
69848
69855
69860
69861
69869
69875
69879
69882
69887
69903
69904
69917
69922
69927
69930
69935
69942
69949
69953
69965
69971
69978
69981
69988
69994
69995
69998
70003
70003
70006
70007
70008
70017
70025
70032
70035
70036
70038
70047
70049
70051
70057
70072
70079
70083
70084
70085
70097
70102
70110
70110
70115
70138
70147
70161
70168
70170
70172
70172
70176
70178
70180
70188
70189
70196
70204
70206
70225
70244
70246
70249
70254
70258
70259
70260
70282
70300
70312
70340
70342
70349
70355
70360
70368
70376
70385
70391
70391
70413
70413
70422
70426
70434
70438
70441
70448
70452
70454
70464
70487
70496
70499
70500
70503
70509
70518
70518
70524
70526
70527
70528
70528
70539
70552
70554
70555
70560
70567
70568
70568
70571
70571
70573
70575
70577
70579
70582
70588
70589
70589
70606
70610
70611
70617
70629
70645
70646
70656
70659
70660
70671
70684
70685
70685
70688
70688
70696
70698
70725
70725
70735
70739
70743
70755
70760
70764
70783
70802
70811
70815
70820
70827
70830
70831
70832
70837
70837
70840
70842
70849
70849
70854
70864
70873
70875
70890
70890
70894
70894
70895
70902
70909
70918
70925
70934
70934
70935
70936
70937
70955
70956
70963
70965
70975
70990
70993
70995
70998
71002
71016
71017
71019
71030
71033
71035
71035
71043
71053
71062
71072
71091
71094
71099
71102
71109
71118
71119
71138
71143
71149
71150
71155
71171
71171
71184
71192
71195
71204
71206
71213
71216
71216
71218
71230
71231
71237
71238
71249
71253
71262
71265
71271
71271
71297
71307
71311
71312
71312
71329
71340
71355
71381
71388
71398
71404
71410
71410
71413
71414
71421
71421
71424
71425
71426
71432
71434
71443
71444
71454
71460
71461
71466
71489
71490
71500
71505
71505
71511
71523
71529
71531
71537
71541
71547
71551
71566
71577
71578
71589
71589
71612
71616
71624
71627
71645
71653
71663
71667
71675
71676
71676
71690
71708
71716
71719
71720
71726
71728
71733
71734
71735
71740
71755
71758
71766
71775
71776
71780
71782
71796
71800
71802
71810
71814
71817
71817
71821
71821
71833
71835
71843
71848
71853
71866
71868
71883
71884
71896
71900
71906
71913
71914
71916
71923
71924
71924
71928
71955
71959
71960
71966
71966
71967
71974
71985
71986
71998
72007
72014
72027
72028
72031
72036
72039
72040
72050
72061
72064
72065
72085
72091
72102
72114
72116
72133
72142
72150
72151
72190
72193
72196
72204
72207
72208
72220
72233
72257
72282
72286
72296
72317
72341
72349
72351
72352
72355
72356
72363
72366
72383
72385
72388
72388
72391
72424
72435
72442
72454
72454
72462
72464
72467
72490
72490
72491
72504
72504
72505
72514
72516
72520
72530
72531
72539
72549
72552
72559
72560
72580
72585
72587
72588
72602
72605
72607
72608
72610
72617
72630
72646
72668
72677
72677
72679
72688
72700
72705
72712
72715
72718
72721
72725
72726
72740
72744
72769
72770
72788
72792
72800
72825
72827
72833
72835
72852
72858
72860
72865
72867
72875
72878
72879
72885
72885
72889
72910
72920
72928
72931
72954
72955
72956
72958
72961
72972
72977
72985
72989
72994
72998
72998
73001
73002
73016
73034
73046
73052
73058
73059
73069
73071
73081
73087
73090
73105
73106
73107
73111
73111
73118
73120
73124
73141
73148
73149
73152
73153
73154
73174
73175
73179
73181
73225
73231
73237
73243
73246
73252
73254
73254
73259
73263
73263
73271
73272
73275
73284
73294
73301
73303
73320
73325
73329
73334
73338
73339
73346
73356
73358
73362
73366
73380
73382
73386
73396
73396
73396
73402
73437
73441
73448
73449
73450
73452
73452
73458
73479
73482
73483
73485
73490
73492
73503
73510
73516
73521
73522
73531
73541
73543
73545
73565
73572
73574
73581
73583
73587
73592
73592
73602
73605
73616
73617
73622
73626
73628
73633
73634
73639
73639
73640
73645
73650
73650
73663
73672
73680
73696
73702
73728
73736
73751
73778
73781
73781
73782
73783
73784
73788
73792
73813
73816
73824
73826
73836
73846
73850
73855
73856
73857
73880
73881
73887
73888
73890
73902
73933
73943
73959
73960
73960
73963
73964
73974
73974
73982
73987
73998
74005
74010
74010
74012
74014
74018
74020
74024
74030
74033
74049
74049
74061
74068
74072
74074
74075
74077
74079
74083
74090
74093
74104
74112
74124
74128
74130
74141
74145
74149
74152
74166
74173
74176
74177
74186
74200
74207
74213
74217
74220
74221
74226
74229
74234
74236
74241
74245
74252
74260
74270
74271
74271
74284
74287
74288
74299
74308
74310
74326
74345
74346
74350
74354
74361
74377
74389
74391
74412
74424
74430
74430
74433
74435
74444
74444
74461
74474
74482
74491
74510
74519
74522
74534
74535
74545
74547
74560
74582
74582
74587
74599
74601
74607
74607
74609
74613
74617
74620
74621
74627
74640
74649
74652
74655
74659
74690
74701
74714
74718
74719
74719
74720
74724
74728
74728
74742
74765
74770
74797
74804
74809
74809
74812
74816
74830
74833
74837
74842
74850
74852
74859
74862
74869
74871
74873
74877
74929
74951
74955
74958
74962
74965
74968
74974
74976
74985
74986
74992
74995
74996
74997
75004
75011
75012
75018
75034
75044
75054
75067
75094
75094
75115
75121
75124
75130
75150
75153
75153
75154
75157
75178
75184
75184
75186
75192
75206
75214
75214
75216
75227
75235
75238
75249
75252
75263
75301
75312
75315
75318
75321
75324
75325
75326
75329
75332
75333
75337
75338
75348
75351
75355
75360
75416
75419
75432
75438
75443
75446
75449
75467
75475
75478
75481
75488
75504
75506
75509
75517
75522
75527
75527
75527
75531
75536
75544
75577
75580
75589
75611
75615
75615
75633
75657
75658
75674
75676
75676
75676
75682
75684
75684
75689
75704
75706
75709
75720
75720
75725
75727
75731
75733
75735
75736
75742
75753
75755
75771
75772
75773
75777
75784
75785
75798
75807
75813
75813
75833
75854
75857
75874
75876
75879
75879
75882
75892
75895
75902
75906
75906
75909
75920
75924
75933
75934
75936
75937
75939
75947
75954
75958
75958
75959
75959
75974
75977
75981
75982
75984
76004
76016
76016
76022
76031
76039
76047
76050
76051
76076
76077
76092
76110
76114
76115
76119
76120
76132
76155
76157
76160
76182
76184
76186
76194
76195
76220
76226
76232
76237
76237
76247
76249
76250
76251
76254
76262
76263
76267
76274
76281
76291
76295
76298
76298
76298
76298
76303
76307
76313
76322
76325
76335
76337
76356
76357
76373
76373
76380
76381
76397
76402
76404
76415
76417
76421
76436
76447
76461
76463
76470
76476
76501
76503
76519
76523
76527
76539
76540
76543
76548
76553
76562
76570
76571
76580
76606
76611
76613
76617
76626
76651
76652
76654
76665
76671
76682
76687
76688
76713
76720
76720
76722
76725
76730
76741
76746
76748
76751
76755
76761
76761
76771
76775
76776
76787
76813
76820
76822
76823
76829
76847
76850
76856
76865
76868
76877
76882
76890
76894
76899
76902
76916
76917
76924
76932
76941
76943
76959
76967
76967
76972
76974
76986
76997
76999
77004
77007
77012
77014
77015
77020
77024
77033
77034
77049
77052
77058
77069
77093
77103
77113
77121
77123
77136
77137
77139
77151
77153
77158
77160
77161
77163
77163
77170
77187
77187
77189
77198
77214
77216
77221
77232
77241
77251
77260
77268
77278
77279
77285
77291
77293
77299
77303
77308
77317
77344
77345
77349
77357
77361
77362
77366
77368
77373
77379
77390
77405
77419
77428
77455
77456
77457
77477
77481
77483
77486
77496
77496
77523
77525
77529
77534
77558
77559
77564
77577
77595
77604
77604
77609
77610
77611
77621
77635
77641
77643
77670
77684
77690
77703
77703
77710
77725
77729
77741
77755
77792
77802
77809
77811
77811
77820
77827
77827
77829
77838
77839
77849
77850
77862
77871
77885
77887
77913
77914
77917
77920
77920
77926
77932
77952
77952
77967
77968
77973
77977
77984
77990
77995
78001
78008
78017
78023
78030
78039
78047
78047
78070
78071
78075
78076
78079
78080
78090
78120
78121
78123
78149
78150
78155
78156
78163
78170
78188
78192
78199
78209
78212
78223
78223
78229
78234
78244
78257
78261
78264
78270
78274
78277
78277
78282
78285
78288
78292
78295
78295
78298
78298
78301
78313
78315
78320
78321
78326
78328
78342
78349
78354
78358
78358
78358
78358
78361
78368
78376
78396
78401
78403
78408
78413
78414
78417
78427
78435
78435
78437
78445
78450
78454
78454
78466
78472
78496
78497
78498
78500
78507
78524
78528
78532
78533
78546
78550
78557
78562
78563
78574
78586
78586
78590
78592
78600
78601
78605
78607
78614
78616
78616
78626
78628
78660
78682
78706
78717
78718
78738
78748
78758
78760
78762
78764
78765
78767
78768
78770
78776
78776
78783
78786
78786
78791
78794
78797
78797
78799
78804
78804
78805
78824
78831
78845
78848
78852
78861
78867
78871
78878
78914
78915
78927
78928
78940
78944
78949
78977
78980
78988
79009
79038
79053
79065
79068
79082
79082
79088
79101
79109
79113
79116
79118
79118
79126
79126
79132
79137
79150
79155
79165
79172
79175
79195
79199
79214
79215
79216
79225
79230
79233
79233
79245
79253
79253
79263
79265
79272
79279
79284
79303
79306
79312
79321
79321
79336
79364
79368
79369
79378
79386
79389
79394
79402
79406
79414
79417
79424
79433
79435
79436
79437
79438
79442
79444
79448
79454
79459
79466
79471
79471
79474
79474
79484
79498
79509
79522
79530
79550
79556
79559
79561
79573
79595
79596
79598
79608
79608
79609
79614
79619
79638
79638
79649
79665
79678
79683
79684
79685
79708
79746
79750
79762
79777
79777
79781
79802
79828
79853
79855
79855
79868
79891
79912
79914
79915
79916
79918
79923
79924
79931
79932
79933
79944
79956
79959
79963
79964
79964
79966
79973
79981
79982
79984
79989
79991
79992
79997
79999
80000
80004
80005
80010
80011
80013
80017
80024
80025
80031
80033
80035
80037
80038
80054
80060
80061
80065
80067
80072
80077
80082
80084
80086
80086
80091
80095
80096
80099
80110
80114
80114
80140
80158
80180
80182
80185
80193
80194
80194
80198
80215
80217
80218
80227
80228
80234
80238
80244
80252
80255
80256
80257
80258
80265
80271
80277
80292
80302
80304
80306
80315
80319
80324
80328
80348
80356
80360
80366
80371
80380
80392
80406
80425
80426
80430
80430
80445
80449
80450
80467
80471
80474
80478
80490
80490
80496
80508
80513
80514
80523
80527
80531
80548
80548
80555
80558
80565
80568
80570
80571
80577
80585
80588
80603
80609
80609
80632
80644
80648
80649
80650
80662
80671
80672
80674
80674
80676
80680
80681
80684
80687
80701
80708
80719
80722
80726
80727
80744
80749
80752
80754
80757
80757
80757
80764
80776
80781
80782
80782
80787
80788
80794
80797
80809
80820
80821
80825
80826
80835
80841
80859
80866
80871
80877
80880
80884
80884
80885
80900
80908
80915
80918
80933
80937
80938
80939
80940
80957
80961
80965
80968
80971
80973
80978
80984
80991
80991
80992
80998
81003
81003
81004
81005
81014
81021
81022
81026
81036
81049
81066
81082
81088
81096
81104
81107
81120
81126
81127
81134
81135
81152
81153
81156
81159
81174
81184
81189
81190
81203
81220
81224
81228
81231
81243
81265
81270
81274
81281
81284
81284
81288
81297
81300
81311
81311
81314
81318
81319
81333
81344
81345
81354
81357
81367
81374
81384
81388
81388
81392
81405
81412
81415
81416
81427
81430
81432
81436
81449
81450
81462
81468
81469
81478
81478
81482
81486
81488
81491
81493
81495
81508
81516
81524
81524
81531
81543
81554
81571
81576
81579
81582
81601
81602
81619
81621
81625
81628
81634
81637
81648
81662
81664
81684
81685
81711
81712
81713
81716
81720
81727
81737
81747
81756
81776
81796
81802
81809
81811
81824
81828
81837
81846
81854
81855
81858
81860
81864
81875
81877
81880
81880
81883
81884
81889
81896
81902
81908
81911
81918
81919
81927
81931
81934
81949
81965
81986
82002
82004
82005
82016
82030
82039
82049
82056
82070
82073
82077
82093
82094
82106
82111
82123
82125
82143
82152
82154
82160
82168
82170
82174
82181
82182
82186
82205
82216
82219
82229
82246
82262
82262
82263
82265
82268
82273
82279
82284
82291
82293
82306
82309
82314
82322
82331
82336
82339
82350
82363
82365
82373
82377
82383
82405
82414
82438
82443
82443
82461
82474
82480
82483
82484
82488
82489
82490
82496
82505
82515
82522
82524
82527
82529
82542
82549
82553
82571
82597
82600
82610
82629
82641
82650
82650
82669
82682
82710
82716
82729
82730
82734
82737
82763
82782
82784
82786
82789
82791
82791
82795
82809
82809
82819
82825
82830
82830
82833
82852
82862
82863
82867
82869
82877
82884
82892
82893
82895
82906
82915
82925
82932
82933
82952
82953
82964
82979
82981
82988
82992
83000
83004
83014
83020
83023
83030
83035
83037
83040
83047
83049
83053
83054
83075
83105
83109
83110
83115
83119
83133
83138
83148
83149
83158
83159
83159
83170
83193
83202
83206
83207
83217
83224
83229
83231
83236
83236
83260
83262
83279
83298
83307
83313
83322
83329
83332
83364
83365
83372
83376
83377
83387
83387
83394
83397
83406
83406
83421
83432
83434
83440
83453
83457
83462
83464
83467
83470
83490
83491
83503
83511
83525
83525
83530
83533
83536
83537
83539
83541
83544
83545
83564
83567
83574
83583
83587
83592
83598
83603
83636
83641
83644
83646
83646
83661
83667
83698
83700
83704
83712
83728
83731
83738
83754
83760
83769
83793
83807
83810
83815
83822
83859
83860
83863
83867
83881
83891
83909
83910
83925
83939
83941
83942
83945
83947
83949
83957
83974
83975
83998
84014
84018
84029
84046
84047
84049
84050
84062
84069
84083
84084
84086
84093
84097
84111
84116
84122
84123
84144
84146
84149
84150
84161
84173
84183
84194
84197
84198
84212
84212
84217
84231
84232
84234
84259
84274
84288
84289
84298
84308
84308
84311
84312
84317
84317
84335
84336
84336
84338
84342
84349
84352
84352
84354
84356
84358
84360
84370
84376
84379
84384
84392
84395
84396
84400
84406
84417
84429
84445
84448
84452
84453
84460
84462
84472
84478
84486
84488
84489
84491
84499
84504
84504
84520
84520
84524
84537
84552
84564
84573
84586
84586
84591
84595
84596
84599
84602
84608
84611
84624
84625
84639
84641
84642
84644
84656
84662
84670
84681
84686
84688
84692
84693
84695
84695
84696
84697
84701
84726
84733
84740
84751
84751
84754
84757
84765
84766
84776
84777
84778
84786
84787
84789
84800
84811
84816
84844
84866
84871
84872
84873
84877
84881
84897
84898
84901
84901
84901
84902
84913
84913
84915
84918
84921
84924
84944
84948
84959
84966
84973
84982
84983
84994
84998
85044
85048
85056
85056
85062
85064
85067
85073
85078
85088
85093
85098
85100
85103
85104
85106
85112
85115
85136
85140
85143
85143
85144
85152
85157
85159
85171
85180
85185
85194
85203
85208
85209
85219
85221
85223
85224
85228
85231
85235
85236
85238
85240
85246
85248
85252
85268
85268
85273
85281
85294
85297
85297
85306
85311
85319
85327
85328
85330
85339
85341
85347
85350
85352
85374
85403
85403
85412
85417
85420
85440
85444
85452
85457
85467
85474
85476
85484
85499
85501
85510
85520
85522
85523
85529
85533
85550
85559
85559
85570
85582
85583
85584
85595
85596
85606
85615
85635
85636
85637
85649
85658
85658
85662
85663
85673
85673
85674
85679
85695
85718
85722
85739
85743
85747
85756
85757
85760
85781
85792
85807
85823
85831
85838
85838
85857
85872
85873
85877
85879
85881
85884
85896
85897
85905
85915
85935
85940
85943
85946
85951
85957
85964
85978
85979
86000
86003
86005
86007
86014
86019
86020
86024
86027
86031
86037
86041
86042
86048
86052
86058
86068
86071
86088
86088
86100
86107
86112
86126
86129
86131
86137
86138
86147
86156
86159
86160
86161
86168
86185
86188
86188
86190
86195
86198
86199
86205
86211
86216
86225
86233
86238
86244
86247
86247
86257
86262
86262
86286
86292
86297
86303
86312
86320
86328
86329
86333
86337
86337
86348
86349
86354
86360
86362
86368
86369
86385
86389
86392
86392
86404
86408
86424
86433
86437
86438
86439
86443
86445
86464
86464
86465
86469
86476
86483
86485
86500
86501
86515
86524
86529
86544
86546
86547
86550
86563
86567
86575
86579
86580
86587
86589
86621
86629
86632
86652
86661
86671
86684
86690
86703
86704
86717
86720
86730
86731
86744
86766
86767
86769
86785
86790
86796
86804
86806
86818
86828
86831
86838
86840
86841
86848
86856
86860
86863
86871
86897
86899
86902
86925
86925
86932
86937
86948
86965
86972
86979
86980
86988
86993
86996
87015
87016
87018
87038
87043
87044
87046
87048
87055
87061
87074
87081
87086
87094
87099
87102
87103
87111
87119
87124
87125
87127
87136
87145
87147
87149
87167
87168
87175
87180
87188
87196
87216
87223
87235
87244
87248
87249
87253
87263
87286
87293
87304
87311
87316
87322
87329
87340
87343
87354
87355
87358
87360
87374
87396
87411
87427
87428
87439
87442
87444
87447
87451
87453
87477
87478
87484
87487
87498
87500
87501
87508
87508
87513
87514
87516
87518
87522
87524
87534
87542
87542
87547
87556
87563
87579
87580
87593
87597
87601
87614
87617
87629
87642
87656
87656
87660
87666
87670
87681
87681
87699
87702
87712
87712
87715
87717
87717
87721
87723
87733
87734
87736
87752
87755
87760
87775
87782
87784
87789
87805
87813
87829
87832
87835
87840
87853
87863
87864
87889
87895
87901
87920
87931
87935
87936
87937
87939
87940
87943
87944
87951
87951
87952
87959
87965
87966
87976
87994
88009
88012
88012
88014
88036
88047
88052
88077
88081
88105
88110
88120
88140
88143
88148
88153
88156
88157
88159
88162
88163
88171
88180
88182
88196
88229
88238
88243
88246
88252
88254
88264
88271
88278
88283
88287
88298
88298
88308
88311
88317
88321
88325
88333
88335
88343
88357
88357
88359
88361
88365
88376
88378
88384
88388
88389
88397
88397
88398
88403
88408
88409
88410
88423
88426
88441
88459
88478
88482
88490
88496
88527
88539
88539
88541
88549
88550
88550
88553
88561
88591
88592
88593
88593
88600
88607
88610
88624
88626
88627
88627
88628
88634
88636
88647
88648
88658
88660
88666
88676
88677
88686
88696
88698
88698
88706
88708
88711
88716
88726
88727
88749
88762
88765
88769
88773
88777
88784
88787
88797
88807
88810
88814
88814
88819
88822
88829
88836
88838
88843
88859
88862
88865
88877
88878
88885
88886
88888
88900
88911
88917
88918
88930
88935
88935
88938
88944
88944
88948
88960
88963
88979
88980
89007
89022
89023
89025
89025
89027
89034
89034
89035
89038
89045
89050
89056
89059
89064
89072
89072
89075
89086
89092
89098
89099
89101
89104
89108
89110
89121
89126
89152
89154
89160
89165
89169
89170
89183
89185
89192
89211
89228
89241
89245
89248
89250
89252
89262
89262
89262
89266
89277
89283
89288
89296
89296
89306
89307
89317
89337
89343
89356
89357
89359
89367
89381
89384
89387
89391
89408
89412
89416
89416
89420
89429
89430
89431
89431
89435
89447
89448
89463
89474
89480
89492
89494
89497
89498
89505
89508
89514
89516
89520
89538
89550
89550
89552
89553
89563
89590
89594
89600
89601
89601
89611
89621
89621
89625
89635
89641
89646
89653
89654
89661
89663
89663
89666
89667
89670
89674
89684
89688
89689
89710
89718
89721
89746
89755
89756
89764
89770
89776
89782
89786
89787
89798
89803
89809
89816
89816
89825
89826
89829
89839
89846
89853
89854
89858
89865
89872
89876
89876
89891
89894
89902
89909
89914
89924
71145
63203
92878
65258
46352
98538
31625
79622
98428
74168
28579
82806
53661
71261
95532
18463
16139
76372
63559
80678
67071
77121
58312
64275
98318
36418
61030
15168
17061
57048
88968
4558
36603
98199
69816
82955
96737
17794
62578
95165
91962
7509
94323
61975
78770
89855
96791
94910
82580
60350
91940
66003
37472
50253
46630
35790
3023
7661
67310
20084
81061
72631
40994
17665
70830
10811
620
83919
28605
79550
95436
36919
87060
89759
98895
82182
95966
95686
93444
78546
72388
85385
60902
9860
35638
7532
62003
38661
31545
45665
75098
28959
34648
16092
46624
21830
43255
63596
5749
88212
43147
1185
25132
46559
90944
40379
45093
86911
36065
38538
81809
8453
40275
42711
34666
92265
66596
13021
47278
98141
75038
22376
27100
9687
54821
90076
31517
14428
53673
53619
18993
13172
54804
44125
76083
45749
856
37528
49012
53273
92418
30821
61726
32693
89885
12744
24958
56481
42117
72237
54622
33508
10965
98075
43195
82138
88151
91064
12919
58176
44683
31912
87700
99488
92389
80135
61589
93245
17664
26953
46518
26434
74126
24596
59128
64011
53693
438
20492
95810
89027
91467
29318
16345
89542
88865
14835
94045
79930
27754
68574
40965
59666
72626
56805
52055
69114
34746
45300
3130
61699
8170
29564
35826
32767
88692
99837
86460
5483
36682
98622
94510
28149
27941
27207
34043
33158
42043
44440
13088
69797
13014
70406
45816
1993
27211
97871
71107
61958
59524
74237
23657
67694
3801
75835
16813
8846
92025
3273
14329
28707
1896
25191
56856
46189
52399
90899
79347
94442
35339
8788
80591
64706
95546
26407
66699
22757
24279
54158
84715
155
28395
24725
84201
32196
16912
1015
41042
8937
20640
71723
37644
38888
96915
10852
85077
65666
18103
80777
60108
69795
5917
40699
34501
1463
83459
17552
24220
7738
71710
25288
24245
16457
66365
8446
48653
83277
25813
6048
92215
46454
94123
46211
85342
7390
57064
86772
73056
75167
67549
49516
44962
73466
6568
95815
74929
90027
29719
15501
97765
17781
57141
38362
34238
23506
46808
82892
6784
72622
5292
15351
19076
15767
61562
20770
23158
34978
7542
96214
10146
75091
45731
71460
64909
52299
83628
56190
42326
13347
88044
56443
31129
45185
94805
65367
68692
57965
64611
91828
30587
86255
23531
66015
2023
85093
86786
25181
20072
10680
21395
46570
85772
83478
18030
67033
35777
1658
23224
94455
31358
11268
50898
62487
72805
62055
44206
41497
20021
8818
49677
66960
11425
73208
32976
13448
74654
36114
38629
11078
63146
76377
57648
65270
59855
92030
32304
11985
10041
71880
6440
41399
99500
57339
20238
72305
35746
64444
30155
55767
89614
79832
22728
1040
69393
72056
30840
60399
24522
69470
71477
87668
62199
45477
52939
22054
37507
1595
34039
63900
89827
40480
21651
89327
14171
58241
61632
49917
22686
91787
22037
28652
87972
44765
46044
73717
33173
76885
34116
74047
62707
5593
61715
24906
51070
31006
46960
4929
48953
97352
85182
38780
54184
6833
28107
68355
65075
6092
34624
4113
97879
56661
49117
2203
17778
95162
75920
50951
72047
10036
24998
34754
31981
3066
59660
99403
50424
22972
4333
99378
20324
5867
54510
74508
12700
82618
59215
94127
88710
93840
98240
2941
66853
47358
21497
84632
58872
97417
51935
30919
23806
76934
82025
72139
96352
41685
71543
46776
81009
92228
62506
1334
98095
17017
92194
10795
15987
51410
21275
21049
61602
35867
40342
28455
83225
61839
13087
58449
75609
65023
89368
15767
58309
87745
87906
71013
45782
59449
34141
26792
51677
96648
44478
66124
30017
36672
93272
62356
4434
14547
99757
66036
50414
40099
94492
49992
18291
23931
8441
93900
5306
14162
26019
79967
1907
13925
50980
47690
89727
85122
74482
57756
98122
35312
23881
44491
71984
17153
6847
92771
48052
6604
58807
98466
63055
69651
64810
81346
9935
73252
91598
15241
87414
17617
95209
5673
47895
46189
53363
53974
47663
44197
28082
45785
79509
51963
6628
67846
85468
29827
60617
49872
36431
35776
48339
15839
21780
13149
97185
31715
2753
5136
63308
6519
39105
58517
12193
3352
21059
81908
57326
68722
26106
85409
30860
21967
53724
37488
6165
55545
67316
66782
5417
20099
18911
53756
52290
40691
83258
49476
88758
2363
70964
52066
8883
10069
26936
21076
13422
47995
2984
87100
33069
45442
88861
80281
83762
42586
34122
89927
98131
1438
73062
3548
37889
91973
73657
90180
49016
73267
56008
54126
75630
43324
6192
865
69745
49480
21941
83167
97475
41278
86620
46897
3072
75481
27178
86834
18067
61300
76762
32550
79090
49824
52451
33332
58149
42460
39864
7165
15727
12224
61291
7709
55548
83835
8575
25293
33316
46868
24813
47143
4498
11433
94040
7571
3266
37571
94405
21334
98871
71167
70236
77962
37343
22687
11294
95492
65147
67510
19009
97226
79734
96652
21288
35282
80488
46215
76927
30156
93083
1740
93651
97582
29525
87692
5153
32792
25263
15910
70478
40486
87078
40714
18448
24421
79754
46094
36266
61253
29956
55275
74832
9690
51928
96120
61324
48768
42335
38252
95276
51770
56344
88927
49352
85870
92971
70857
35014
18234
86768
5492
75073
90198
62558
9873
30971
42312
72320
67237
19918
2276
38865
94750
11967
90793
90870
73291
55913
49557
27895
51189
1327
84240
40116
67032
86462
33088
54241
21476
67674
57361
43320
42747
47559
5878
52621
94883
64543
24941
78472
84461
27217
17337
79211
55536
8130
86433
45180
64043
35990
73075
15232
53669
73667
71701
37053
60129
4789
91295
97957
72463
48656
41277
31563
12568
63508
536
7451
28051
25477
2275
28864
69046
19613
8075
24583
27743
10860
69763
8139
46850
59190
39723
16871
32858
11424
53925
92987
32565
45220
7297
21381
10228
64926
52944
39148
28434
53480
62951
72837
95309
65227
1701
64355
84840
26128
5290
28935
53340
91405
37074
16542
50596
93150
33414
83454
20926
87339
92793
53492
48911
90
74873
75491
65017
44169
14640
9803
14001
77591
82641
9310
42818
694
90017
44010
43175
11660
72946
96515
3065
26372
29410
70013
19522
62824
69819
40449
66515
62613
10293
31778
79055
1518
7269
60424
45687
21909
70228
76040
15853
69221
1702
75023
86267
8071
19034
45794
19731
91980
58662
39149
34704
88072
9162
70579
67248
78982
27380
33763
57947
37673
65541
37002
39191
89162
13779
1230
27424
359
93622
43277
69580
95324
18300
72199
3395
53686
34346
39479
62018
93008
78628
96723
97432
4142
67302
64680
83124
94682
14795
57423
48707
80336
94426
4250
85850
8205
21832
13274
8564
15454
72903
94496
27130
7556
83047
30525
61242
33745
86356
23261
26753
64984
19984
40537
85479
3638
5217
68603
14672
20012
26027
63379
16700
36805
67629
2551
61362
5813
15825
86278
21267
5081
97126
48397
12637
96525
95274
73879
30271
81631
97140
57024
62967
33476
97562
48446
53466
19131
33402
68138
39144
75781
47869
72196
28938
15498
74747
90300
37663
6925
92930
58930
12006
90056
23679
24643
86581
35306
14874
16852
33289
12015
90229
96256
61843
4143
61055
15310
23274
10809
99800
78770
2942
47670
50967
31880
79520
42066
22180
17184
48991
31462
92466
77349
21518
16146
18344
8099
67804
33219
41304
1093
61586
31533
13701
23429
52028
91108
55091
75302
1917
54892
70425
4859
18914
21392
36739
98434
63458
75271
15618
28802
23085
24437
22503
44603
56935
40848
69055
24739
74067
10359
25832
35653
58244
55885
75434
10272
46994
46878
1926
65263
18122
72351
86475
37036
10095
39566
35470
73554
31190
67441
18708
54275
91878
41211
98879
48813
82059
84286
89904
56126
10997
32088
8131
69241
87973
83566
95865
51319
30444
97791
16583
48566
86495
19410
1954
96590
58976
53776
86496
90166
21217
5204
44442
29447
62768
59673
94612
44827
43959
84516
17306
54956
32956
41789
40549
20930
25355
52766
88601
72151
66909
21536
37069
53404
40946
55375
49995
99923
9152
36491
6441
30369
58048
50883
76169
20816
26908
87133
81995
70867
88002
15653
42175
20958
57443
99076
58240
99150
51842
46842
87654
18752
68378
41075
72156
9325
96451
38503
9248
5603
91347
32041
52324
49395
82925
28493
86563
9833
15627
84910
97053
19981
564
55580
40939
58007
54657
99180
73509
22851
46022
61163
41603
30752
2239
30112
40077
98690
68615
65677
4293
76314
97719
56617
25709
96996
1463
28624
23181
33442
13535
36586
53423
30451
92167
10714
4810
63176
9894
78319
86027
72268
39483
27631
3021
41722
57743
59450
56764
42710
25128
77409
19025
39199
34026
61086
36195
51841
6063
75728
85283
35950
12315
55058
66401
4482
65773
71211
84010
92019
49530
70037
80640
5365
14020
83661
63439
88115
59463
20203
30826
943
97612
66203
40142
47991
27289
92689
99832
33352
68418
1468
85654
80733
56526
52055
1567
38651
23266
1929
47023
89149
71966
27663
94514
85987
27676
74306
74102
87139
94509
21280
88083
8474
87483
28225
56465
31125
20915
72649
80829
5685
74117
66484
2770
46996
18539
20689
1999
58158
22618
49022
63659
10936
76685
74525
96923
4361
48831
87378
91501
43341
8658
95936
68167
12494
24161
24632
43619
61428
97281
40800
83465
87751
7284
86235
51099
42176
6924
53098
334
45894
18473
80345
56831
95158
54870
70106
15872
20054
57484
23725
79747
82495
19661
47914
11341
60174
72546
54960
21603
86179
95760
5068
90282
19397
7656
41381
61573
30932
10832
78259
76827
29305
58604
33658
40815
29826
20116
56687
49880
77601
80412
29627
76448
16425
93893
87789
76600
82791
59101
98203
85323
71213
19623
75605
