0
24
35
40
55
56
60
71
115
121
133
137
147
148
169
175
175
182
191
199
214
227
229
235
243
248
253
257
277
284
289
298
300
303
303
306
306
319
327
330
334
334
345
366
374
438
472
492
498
499
507
515
523
523
527
540
559
561
576
579
579
590
598
612
615
628
640
646
659
661
666
668
680
682
687
698
704
706
716
725
726
729
737
749
763
771
774
780
784
807
821
823
824
825
837
846
846
852
855
865
872
874
874
889
915
937
947
950
951
957
971
992
1000
1000
1008
1008
1008
1012
1020
1022
1024
1024
1041
1049
1060
1066
1081
1092
1094
1101
1105
1106
1115
1128
1181
1201
1203
1211
1255
1276
1287
1295
1299
1307
1318
1326
1335
1348
1361
1380
1382
1385
1398
1400
1402
1405
1423
1427
1435
1440
1478
1481
1495
1499
1504
1506
1506
1528
1529
1531
1539
1540
1541
1547
1551
1583
1583
1590
1595
1611
1620
1633
1656
1672
1690
1692
1693
1697
1703
1722
1728
1730
1736
1742
1745
1745
1748
1749
1750
1763
1765
1773
1803
1813
1832
1838
1842
1897
1903
1905
1920
1923
1926
1927
1932
1946
1955
1961
1972
1982
1985
2027
2038
2047
2061
2070
2070
2072
2081
2091
2096
2116
2117
2117
2175
2177
2200
2209
2216
2222
2225
2225
2227
2232
2270
2272
2273
2282
2295
2297
2309
2318
2321
2323
2363
2390
2394
2403
2418
2429
2441
2460
2460
2465
2480
2490
2508
2512
2517
2540
2545
2545
2548
2563
2569
2585
2589
2591
2617
2617
2636
2644
2662
2706
2717
2745
2755
2757
2762
2764
2769
2771
2780
2781
2791
2808
2835
2847
2860
2868
2873
2874
2874
2882
2885
2889
2898
2903
2908
2967
2978
2983
2997
3018
3021
3028
3030
3034
3051
3053
3057
3060
3064
3069
3104
3107
3108
3111
3116
3128
3145
3145
3151
3155
3155
3203
3208
3216
3218
3259
3271
3280
3289
3297
3302
3308
3311
3317
3331
3339
3344
3348
3352
3370
3376
3384
3393
3400
3408
3408
3440
3451
3454
3457
3461
3469
3482
3483
3485
3495
3495
3531
3541
3551
3554
3585
3614
3624
3637
3645
3660
3684
3690
3699
3702
3725
3759
3767
3774
3786
3797
3801
3809
3840
3878
3890
3908
3928
3947
3948
3951
3985
3988
3993
3996
4001
4002
4006
4029
4030
4038
4041
4041
4050
4051
4080
4088
4105
4127
4138
4154
4178
4190
4193
4197
4201
4213
4216
4219
4226
4233
4245
4250
4277
4282
4287
4291
4299
4301
4302
4327
4327
4330
4348
4362
4369
4373
4379
4384
4393
4395
4437
4441
4463
4479
4489
4513
4537
4543
4546
4549
4554
4570
4580
4593
4593
4616
4625
4636
4639
4639
4640
4644
4678
4679
4684
4691
4709
4783
4784
4804
4829
4852
4861
4874
4879
4890
4894
4909
4909
4921
4926
4930
4932
4934
4935
4936
4946
4947
4948
4949
4964
4977
4987
5004
5025
5030
5040
5045
5090
5094
5105
5108
5115
5120
5123
5143
5175
5176
5179
5203
5217
5235
5251
5256
5297
5330
5341
5342
5349
5363
5365
5379
5394
5412
5419
5420
5423
5450
5463
5464
5468
5472
5472
5481
5518
5521
5523
5533
5538
5546
5564
5576
5598
5602
5612
5615
5636
5643
5644
5650
5653
5663
5669
5672
5700
5708
5728
5744
5754
5760
5768
5787
5802
5802
5811
5835
5839
5840
5856
5876
5886
5896
5934
5963
5976
5983
5983
5994
6002
6006
6024
6027
6057
6080
6089
6117
6118
6132
6137
6140
6151
6156
6161
6164
6180
6186
6200
6200
6213
6219
6254
6264
6270
6279
6284
6284
6293
6307
6324
6337
6356
6380
6398
6405
6405
6405
6414
6420
6422
6426
6433
6438
6442
6446
6456
6475
6487
6499
6501
6519
6519
6520
6532
6564
6571
6578
6580
6587
6594
6616
6631
6643
6644
6667
6685
6691
6695
6698
6714
6754
6755
6771
6779
6780
6781
6782
6782
6801
6801
6824
6844
6863
6864
6874
6876
6879
6897
6908
6910
6924
6945
6950
6964
6966
6968
6990
6992
6998
7002
7020
7037
7041
7041
7042
7051
7057
7069
7073
7078
7078
7080
7081
7098
7122
7127
7144
7146
7160
7162
7163
7166
7186
7191
7195
7197
7214
7215
7236
7246
7258
7259
7303
7320
7337
7343
7344
7346
7351
7367
7384
7388
7399
7406
7412
7417
7459
7460
7466
7511
7513
7519
7522
7547
7549
7567
7584
7587
7600
7623
7637
7645
7649
7652
7654
7657
7664
7675
7686
7695
7725
7748
7759
7767
7777
7802
7822
7827
7849
7850
7860
7868
7871
7877
7878
7886
7888
7903
7910
7914
7931
7940
7941
7946
7951
7961
7988
7990
7991
8019
8027
8037
8062
8071
8071
8074
8076
8126
8127
8140
8148
8149
8149
8157
8174
8175
8230
8248
8286
8288
8299
8329
8333
8338
8339
8342
8348
8361
8361
8368
8372
8374
8374
8380
8394
8398
8421
8425
8429
8435
8446
8446
8453
8462
8462
8463
8478
8504
8515
8516
8516
8534
8547
8568
8569
8570
8583
8592
8613
8626
8637
8643
8648
8652
8658
8671
8680
8680
8684
8689
8691
8692
8693
8717
8724
8735
8760
8782
8788
8870
8871
8906
8916
8942
8948
8960
8983
9010
9011
9014
9017
9025
9032
9045
9058
9060
9073
9080
9082
9096
9101
9109
9112
9116
9142
9164
9176
9185
9192
9193
9204
9213
9223
9240
9241
9258
9275
9304
9313
9328
9330
9337
9343
9344
9352
9385
9393
9400
9428
9431
9454
9456
9469
9477
9487
9490
9502
9509
9513
9526
9527
9535
9544
9553
9588
9602
9620
9627
9632
9663
9665
9674
9688
9698
9702
9709
9741
9742
9742
9758
9762
9777
9792
9792
9817
9821
9827
9832
9840
9877
9883
9887
9905
9909
9911
9926
9941
9946
9949
9963
9989
10021
10025
10056
10056
10091
10096
10109
10111
10119
10130
10149
10150
10164
10165
10166
10169
10174
10174
10178
10181
10185
10199
10217
10227
10230
10235
10246
10251
10274
10277
10277
10305
10305
10307
10310
10322
10335
10343
10353
10357
10365
10391
10395
10413
10419
10420
10429
10430
10488
10491
10493
10506
10510
10513
10530
10543
10597
10597
10604
10624
10631
10640
10649
10657
10662
10664
10686
10687
10689
10696
10697
10703
10710
10711
10715
10717
10724
10754
10768
10771
10772
10821
10834
10835
10839
10847
10861
10863
10865
10906
10908
10916
10981
10994
11001
11002
11008
11016
11021
11027
11032
11042
11068
11069
11072
11074
11074
11110
11113
11125
11174
11179
11188
11205
11207
11207
11227
11238
11299
11311
11313
11317
11329
11330
11333
11335
11337
11340
11345
11354
11354
11354
11365
11385
11392
11427
11435
11442
11447
11459
11467
11492
11501
11509
11543
11546
11550
11558
11569
11572
11574
11576
11581
11581
11600
11606
11606
11609
11614
11616
11621
11623
11632
11634
11650
11650
11652
11655
11666
11668
11688
11688
11697
11698
11717
11721
11729
11732
11746
11754
11760
11769
11784
11800
11809
11819
11821
11858
11878
11885
11917
11952
11957
11974
11992
12064
12073
12075
12078
12082
12106
12116
12129
12155
12173
12173
12194
12207
12211
12213
12219
12241
12246
12253
12266
12267
12271
12278
12297
12304
12311
12313
12330
12334
12344
12346
12350
12370
12374
12388
12409
12431
12435
12459
12465
12466
12479
12496
12502
12503
12506
12511
12514
12526
12528
12544
12559
12561
12574
12580
12598
12607
12618
12624
12639
12643
12653
12653
12657
12664
12670
12672
12677
12678
12688
12691
12693
12715
12731
12737
12742
12764
12765
12771
12780
12785
12810
12828
12829
12845
12854
12862
12864
12870
12884
12911
12915
12917
12962
12966
12966
12994
12997
13002
13008
13036
13039
13041
13050
13051
13097
13120
13134
13134
13168
13177
13187
13188
13195
13199
13221
13225
13241
13248
13254
13278
13283
13293
13297
13308
13313
13326
13327
13328
13342
13354
13371
13371
13375
13376
13392
13395
13401
13421
13430
13433
13434
13443
13480
13487
13507
13525
13525
13556
13572
13606
13621
13630
13632
13640
13641
13645
13657
13662
13666
13674
13676
13677
13685
13692
13692
13693
13735
13757
13789
13793
13797
13812
13817
13818
13828
13844
13847
13853
13865
13866
13932
13935
13940
13945
13947
13950
13950
13952
13977
13981
13984
13990
14031
14043
14045
14047
14052
14054
14067
14071
14080
14092
14101
14115
14143
14151
14156
14157
14160
14163
14164
14186
14187
14187
14188
14201
14204
14217
14218
14222
14230
14240
14251
14254
14263
14273
14284
14292
14316
14323
14324
14329
14359
14360
14379
14380
14381
14395
14406
14410
14424
14428
14432
14433
14436
14444
14457
14469
14479
14488
14491
14492
14506
14512
14520
14520
14524
14526
14529
14538
14541
14553
14560
14563
14582
14602
14612
14628
14636
14656
14661
14664
14671
14677
14730
14731
14732
14751
14756
14769
14770
14782
14789
14792
14808
14812
14831
14838
14867
14877
14891
14891
14895
14898
14932
14964
14967
14969
14972
14974
14976
14986
14991
15003
15004
15004
15030
15039
15060
15083
15089
15091
15092
15094
15099
15099
15115
15122
15169
15170
15175
15185
15190
15203
15207
15209
15214
15242
15252
15281
15282
15307
15312
15330
15343
15348
15349
15366
15371
15377
15396
15396
15407
15408
15421
15436
15441
15442
15445
15446
15457
15461
15461
15473
15487
15493
15505
15511
15537
15545
15546
15551
15564
15568
15581
15587
15616
15626
15628
15629
15631
15641
15641
15646
15651
15660
15673
15677
15692
15713
15715
15726
15746
15748
15770
15783
15793
15848
15889
15907
15908
15921
15924
15927
15937
15944
15946
15947
15972
15992
15997
16008
16017
16024
16026
16040
16041
16055
16064
16068
16071
16074
16092
16092
16094
16096
16127
16127
16136
16139
16142
16144
16161
16169
16170
16199
16205
16218
16225
16231
16239
16251
16261
16263
16271
16288
16294
16298
16299
16308
16377
16385
16410
16456
16483
16492
16518
16527
16531
16532
16535
16540
16548
16575
16579
16588
16594
16599
16601
16610
16625
16653
16656
16663
16684
16687
16720
16721
16729
16732
16744
16751
16757
16758
16775
16804
16804
16832
16838
16840
16844
16855
16862
16870
16875
16876
16919
16923
16927
16928
16961
16963
16998
17014
17022
17058
17072
17074
17078
17084
17085
17097
17099
17110
17128
17129
17133
17143
17159
17169
17173
17201
17212
17212
17218
17230
17230
17231
17231
17239
17253
17253
17256
17280
17282
17293
17319
17328
17343
17351
17382
17394
17416
17418
17423
17426
17428
17436
17438
17452
17476
17480
17488
17491
17495
17507
17512
17536
17546
17566
17570
17623
17639
17641
17647
17657
17681
17688
17691
17695
17699
17701
17701
17703
17713
17723
17731
17738
17756
17792
17796
17836
17841
17852
17856
17863
17867
17871
17873
17887
17888
17890
17920
17924
17928
17933
17935
17960
17962
17971
17974
17977
17980
17985
18035
18049
18052
18055
18063
18064
18064
18078
18078
18092
18106
18110
18164
18171
18201
18204
18241
18259
18264
18270
18271
18280
18281
18286
18330
18343
18344
18378
18396
18398
18413
18416
18417
18435
18471
18476
18494
18525
18573
18589
18622
18626
18647
18686
18696
18703
18704
18729
18741
18746
18748
18766
18771
18777
18777
18792
18807
18809
18818
18831
18841
18842
18843
18846
18863
18866
18868
18878
18925
18938
18956
18960
18974
18977
18988
18994
19020
19028
19034
19044
19050
19050
19072
19073
19077
19086
19086
19091
19092
19094
19097
19098
19107
19114
19123
19126
19127
19155
19160
19162
19179
19191
19229
19230
19242
19249
19251
19256
19265
19275
19282
19286
19289
19320
19335
19344
19351
19367
19378
19378
19397
19413
19421
19424
19432
19432
19451
19453
19493
19511
19516
19521
19537
19538
19541
19542
19545
19551
19553
19556
19581
19598
19607
19618
19620
19624
19636
19638
19651
19668
19669
19671
19677
19684
19691
19696
19721
19729
19736
19737
19737
19767
19772
19793
19825
19837
19839
19847
19858
19862
19863
19871
19893
19898
19907
19923
19923
19934
19940
19952
19959
19969
19970
19971
19973
19984
20010
20050
20053
20058
20071
20073
20074
20075
20079
20084
20085
20089
20095
20097
20102
20113
20139
20147
20152
20154
20175
20180
20184
20184
20196
20219
20221
20243
20256
20264
20264
20270
20273
20286
20301
20310
20323
20330
20349
20356
20365
20367
20377
20406
20444
20453
20464
20464
20465
20483
20499
20511
20517
20518
20524
20545
20559
20582
20587
20612
20613
20619
20626
20636
20659
20689
20702
20710
20715
20720
20720
20746
20751
20753
20762
20763
20764
20773
20774
20779
20797
20803
20814
20816
20828
20836
20887
20889
20897
20906
20935
20938
20952
20958
20964
20980
20984
20991
20994
20995
21015
21019
21022
21035
21046
21058
21068
21077
21079
21085
21087
21093
21095
21107
21110
21112
21120
21136
21148
21156
21159
21163
21181
21191
21202
21204
21210
21218
21218
21223
21232
21232
21237
21241
21245
21250
21253
21257
21263
21271
21277
21290
21294
21294
21303
21307
21316
21317
21329
21330
21334
21342
21345
21368
21382
21395
21405
21408
21410
21418
21434
21441
21492
21515
21523
21523
21543
21563
21578
21584
21584
21589
21591
21599
21610
21624
21626
21636
21650
21653
21687
21714
21717
21719
21725
21741
21749
21762
21765
21766
21770
21775
21779
21802
21818
21829
21841
21848
21853
21862
21876
21885
21886
21890
21903
21904
21929
21945
21947
21953
21966
21970
21970
21973
21982
21987
21987
21988
22001
22012
22031
22040
22050
22057
22075
22076
22092
22132
22135
22141
22141
22160
22162
22172
22172
22174
22184
22186
22191
22232
22233
22235
22237
22242
22253
22258
22266
22271
22277
22284
22287
22293
22305
22329
22330
22368
22373
22379
22390
22415
22420
22440
22445
22446
22467
22468
22477
22500
22504
22512
22513
22515
22520
22540
22542
22542
22555
22571
22572
22597
22600
22604
22606
22608
22613
22628
22630
22632
22634
22634
22646
22648
22659
22661
22663
22665
22668
22669
22683
22685
22689
22709
22711
22731
22751
22752
22768
22788
22790
22790
22798
22802
22817
22819
22825
22853
22880
22886
22887
22889
22903
22907
22972
22973
22976
22985
22987
23002
23007
23022
23036
23040
23040
23044
23056
23064
23067
23067
23071
23073
23074
23076
23081
23088
23091
23093
23095
23098
23118
23120
23122
23123
23133
23135
23144
23162
23174
23188
23203
23213
23215
23221
23222
23223
23242
23246
23257
23263
23281
23282
23284
23288
23295
23303
23314
23316
23318
23319
23330
23337
23341
23349
23373
23392
23400
23402
23444
23445
23446
23447
23462
23480
23499
23502
23506
23512
23524
23530
23535
23544
23579
23590
23604
23605
23606
23627
23654
23658
23672
23672
23681
23688
23688
23689
23706
23715
23723
23724
23726
23740
23744
23746
23749
23783
23786
23788
23796
23807
23818
23823
23856
23864
23875
23879
23880
23891
23894
23899
23911
23917
23933
23957
23979
23981
23981
23986
23991
23994
24000
24044
24055
24059
24069
24081
24083
24097
24106
24106
24115
24133
24141
24142
24148
24159
24169
24188
24188
24204
24212
24219
24223
24228
24238
24244
24258
24266
24282
24300
24302
24307
24307
24311
24315
24318
24324
24326
24327
24336
24345
24347
24348
24364
24364
24365
24372
24373
24375
24378
24381
24383
24387
24394
24424
24430
24432
24433
24433
24444
24450
24462
24468
24471
24482
24485
24499
24501
24502
24504
24518
24520
24533
24535
24544
24571
24585
24588
24588
24590
24595
24604
24618
24625
24634
24643
24656
24666
24667
24698
24707
24708
24723
24725
24728
24734
24743
24759
24773
24775
24793
24797
24806
24807
24825
24836
24851
24873
24887
24891
24904
24924
24928
24958
24974
25020
25051
25067
25115
25158
25198
25204
25215
25217
25225
25227
25230
25233
25267
25271
25284
25287
25291
25304
25305
25308
25325
25348
25349
25350
25351
25370
25392
25397
25409
25414
25417
25424
25434
25435
25439
25454
25456
25463
25466
25469
25470
25476
25508
25514
25518
25529
25545
25561
25563
25579
25583
25586
25588
25591
25591
25621
25631
25637
25638
25643
25651
25655
25673
25694
25719
25728
25729
25729
25732
25739
25742
25746
25751
25754
25772
25782
25785
25798
25804
25810
25841
25846
25868
25870
25892
25893
25901
25904
25907
25920
25949
25952
25971
25983
25987
25988
25994
26017
26045
26051
26055
26102
26126
26136
26150
26153
26165
26169
26181
26182
26187
26189
26193
26219
26223
26225
26229
26245
26246
26259
26260
26262
26265
26271
26276
26277
26320
26323
26341
26343
26347
26362
26367
26391
26413
26416
26425
26453
26464
26465
26466
26470
26484
26491
26497
26500
26503
26515
26518
26542
26543
26543
26553
26561
26567
26573
26582
26583
26589
26592
26599
26603
26615
26626
26669
26671
26673
26675
26680
26697
26714
26722
26724
26725
26729
26742
26753
26756
26819
26820
26828
26832
26833
26843
26856
26860
26869
26871
26874
10019
2602
24243
22814
13671
27283
25477
16173
14023
29323
27602
26335
19503
4590
10710
10126
10306
26929
27846
16826
24334
25010
18618
3043
24601
13904
7851
21334
6242
4160
10607
16261
13115
4850
15427
3138
2133
10905
25664
22508
16580
23266
18843
6083
27856
29553
16209
14514
2835
20408
7692
3521
15418
26310
6565
16371
16566
20768
7705
22808
24929
18312
15422
14396
29515
849
17534
8000
18106
13198
509
4686
12816
19352
17121
10673
25258
9683
1539
4445
91
9232
7966
15509
5542
14531
1880
28461
11652
15938
21269
12933
4250
13043
27329
3765
13893
21215
11766
8351
4414
18627
19390
23582
7979
6511
4255
9589
16194
12147
14034
16285
21379
22001
1794
3273
12884
10027
1734
24536
25965
29356
7469
6567
12399
11150
16685
2644
2366
28451
17348
13132
23430
6738
6714
1409
19601
17322
17351
5796
29469
1385
28433
20848
29738
6580
473
18975
16607
2208
19863
18924
7916
27333
25491
20315
14835
12176
29312
17201
16979
16660
6685
10409
23398
13400
18171
12999
722
5522
25147
6543
13259
29933
3743
12998
6513
4216
8325
29472
12776
28188
24748
20692
1873
20239
17360
16709
8768
16672
10262
25747
3332
16948
12509
3082
348
680
22433
7422
12554
17581
13965
25813
23866
17708
15163
379
28276
23488
6203
11053
21677
951
8097
29902
27542
25457
16611
6310
12129
26874
2058
21813
20174
20919
24895
20522
21599
17329
4296
10505
11262
24613
12670
5128
12321
27834
11859
16949
27674
18062
28002
25703
25365
6100
25606
22907
7909
18569
29218
26391
21795
7628
18204
11969
28547
19452
8843
26498
6781
13139
13355
24395
7752
26025
29523
26425
211
17734
13375
27886
12148
11377
29941
7513
23829
1899
6772
8091
20469
12342
4482
12264
26322
29038
24234
1221
18490
3077
4071
1623
22569
17426
26018
321
13452
1893
3099
13663
