0
1
4
9
10
15
21
40
47
47
49
49
50
53
56
60
69
74
80
86
95
101
120
129
130
131
135
146
147
155
164
167
167
176
185
188
208
209
228
230
237
240
246
250
252
258
262
263
274
285
287
290
290
295
296
300
315
320
324
325
332
333
339
340
341
343
345
358
376
376
399
415
426
428
434
435
438
438
439
454
460
466
473
477
482
486
488
490
496
513
520
522
529
531
540
542
544
548
559
561
575
575
590
591
593
595
601
607
607
627
627
631
632
647
655
660
660
668
670
670
671
671
675
681
684
689
706
711
714
728
739
750
759
761
765
768
774
780
795
803
808
809
814
818
820
824
830
833
834
839
849
853
863
871
878
881
882
891
897
903
910
914
915
920
921
924
930
933
941
945
947
963
970
970
978
978
988
992
1009
1016
1022
1030
1031
1044
1049
1074
1096
1099
1100
1105
1108
1113
1119
1134
1135
1140
1154
1154
1154
1165
1174
1179
1188
1214
1229
1234
1239
1245
1251
1254
1263
1275
1276
1276
1280
1293
1296
1312
1341
1345
1349
1355
1363
1370
1373
1374
1378
1379
1380
1381
1383
1389
1395
1396
1413
1427
1429
1430
1430
1444
1445
1466
1468
1468
1469
1478
1484
1485
1502
1503
1505
1506
1510
1512
1513
1523
1533
1538
1546
1558
1567
1569
1577
1577
1579
1585
1595
1605
1608
1622
1622
1628
1642
1643
1646
1648
1653
1668
1676
1689
1691
1698
1708
1710
1714
1734
1739
1740
1746
1753
1763
1771
1773
1789
1798
1814
1815
1820
1824
1826
1827
1828
1831
1834
1845
1862
1864
1865
1866
1868
1869
1877
1883
1885
1891
1895
1908
1917
1926
1927
1927
1927
1934
1937
1939
1939
1941
1943
1945
1946
1953
1961
1964
1987
1988
2024
2026
2032
2040
2043
2045
2049
2050
2053
2055
2057
2058
2059
2061
2064
2064
2064
2066
2074
2074
2086
2088
2090
2108
2124
2124
2125
2146
2147
2152
2167
2171
2177
2188
2193
2213
2217
2221
2226
2229
2242
2247
2250
2252
2261
2273
2273
2281
2286
2296
2303
2303
2307
2319
2333
2343
2347
2362
2364
2365
2375
2379
2384
2387
2388
2402
2421
2435
2435
2443
2450
2466
2466
2473
2486
2489
2489
2495
2501
2508
2509
2514
2516
2528
2536
2542
2553
2556
2566
2570
2576
2586
2590
2602
2622
2626
2631
2632
2633
2636
2638
2659
2662
2674
2680
2684
2687
2690
2691
2692
2702
2704
2706
2708
2710
2717
2719
2723
2729
2730
2736
2738
2739
2743
2749
2764
2774
2780
2783
2788
2788
2789
2804
2812
2815
2833
2840
2854
2857
2858
2864
2879
2883
2887
2905
2907
2913
2915
2925
2938
2945
2952
2953
2957
2958
2959
2964
2968
2979
2979
2982
2995
3006
3012
3013
3022
3032
3035
3037
3045
3046
3058
3061
3063
3068
3070
3070
3075
3080
3086
3094
3106
3108
3113
3121
3125
3130
3133
3135
3144
3145
3148
3160
3170
3175
3181
3182
3183
3191
3200
3201
3204
3204
3205
3209
3214
3216
3238
3240
3241
3245
3250
3266
3267
3274
3285
3290
3290
3292
3299
3307
3307
3309
3318
3320
3321
3322
3325
3334
3336
3340
3341
3344
3344
3346
3353
3370
3371
3372
3385
3385
3389
3389
3392
3401
3407
3408
3415
3421
3424
3424
3429
3433
3436
3437
3442
3445
3451
3458
3461
3470
3476
3482
3482
3486
3486
3489
3496
3496
3502
3502
3503
3512
3527
3540
3542
3552
3555
3570
3610
3618
3618
3632
3641
3644
3646
3646
3659
3662
3664
3670
3671
3673
3683
3687
3687
3688
3690
3695
3709
3715
3717
3734
3742
3747
3753
3761
3771
3782
3783
3803
3804
3804
3807
3809
3809
3810
3814
3821
3835
3839
3840
3856
3861
3866
3869
3871
3881
3884
3886
3893
3900
3900
3901
3910
3911
3915
3919
3923
3936
3955
3959
3965
3974
3976
3984
3997
4003
4021
4037
4045
4048
4059
4059
4084
4097
4106
4112
4117
4118
4120
4139
4149
4150
4151
4151
4151
4154
4163
4176
4193
4222
4227
4235
4238
4242
4250
4261
4265
4271
4274
4286
4291
4292
4293
4293
4327
4340
4341
4348
4352
4353
4355
4364
4386
4389
4398
4400
4405
4408
4410
4411
4416
4421
4426
4430
4432
4444
4445
4446
4470
4472
4475
4480
4485
4491
4491
4496
4509
4511
4514
4514
4519
4522
4526
4535
4549
4552
4568
4582
4583
4586
4587
4596
4597
4609
4627
4635
4636
4647
4649
4654
4655
4656
4661
4673
4673
4678
4687
4712
4714
4719
4738
4739
4740
4760
4762
4775
4776
4797
4799
4804
4805
4805
4829
4837
4843
4847
4873
4876
4882
4897
4908
4909
4909
4916
4916
4917
4918
4918
4919
4922
4933
4934
4939
4960
4970
4971
4980
4987
4994
5014
5016
5020
5027
5050
5052
5055
5058
5060
5063
5064
5071
5075
5076
5076
5083
5110
5114
5124
5127
5133
5135
5136
5141
5143
5149
5151
5153
5153
5159
5160
5163
5173
5195
5198
5200
5200
5212
5217
5217
5219
5231
5232
5238
5243
5249
5250
5254
5256
5260
5262
5274
5278
5280
5284
5301
5304
5307
5313
5339
5339
5339
5348
5355
5355
5361
5364
5364
5369
5371
5372
5376
5376
5378
5403
5416
5420
5420
5430
5433
5436
5442
5443
5446
5449
5456
5462
5465
5472
5474
5479
5487
5490
5494
5496
5499
5500
5503
5507
5509
5512
5515
5519
5522
5527
5529
5532
5538
5542
5544
5546
5552
5558
5578
5579
5583
5589
5600
5601
5610
5614
5616
5620
5626
5628
5631
5635
5635
5640
5644
5652
5660
5663
5664
5677
5680
5683
5683
5688
5689
5692
5698
5703
5705
5709
5710
5721
5723
5727
5729
5741
5753
5755
5759
5763
5781
5781
5789
5790
5793
5798
5809
5813
5814
5822
5823
5847
5851
5857
5858
5858
5858
5861
5875
5878
5883
5889
5891
5891
5895
5896
5914
5914
5933
5935
5936
5937
5944
5944
5957
5980
5983
5983
5985
5994
5999
6001
6002
6003
6003
6021
6027
6035
6035
6036
6049
6049
6052
6055
6059
6061
6062
6064
6074
6083
6093
6094
6096
6097
6099
6101
6110
6113
6116
6117
6118
6133
6142
6152
6154
6167
6169
6170
6173
6174
6177
6177
6178
6182
6185
6187
6188
6194
6199
6202
6206
6224
6225
6226
6232
6236
6247
6250
6258
6263
6264
6279
6283
6284
6285
6287
6288
6295
6298
6301
6306
6312
6320
6329
6334
6334
6338
6346
6360
6361
6362
6362
6368
6388
6393
6399
6404
6406
6411
6423
6442
6444
6455
6455
6458
6479
6516
6522
6525
6533
6539
6542
6546
6546
6552
6554
6555
6557
6561
6561
6573
6580
6581
6581
6582
6584
6585
6590
6595
6596
6597
6599
6603
6616
6628
6634
6667
6674
6688
6699
6705
6710
6715
6732
6738
6743
6756
6756
6768
6775
6795
6800
6806
6812
6816
6819
6821
6831
6838
6859
6860
6860
6868
6870
6872
6872
6874
6877
6884
6893
6896
6896
6899
6910
6916
6921
6926
6929
6934
6937
6949
6952
6960
6968
6974
6980
6980
6984
6995
6998
7017
7032
7041
7047
7080
7080
7086
7088
7088
7095
7097
7097
7101
7101
7110
7112
7121
7135
7179
7192
7203
7209
7217
7220
7225
7228
7229
7232
7238
7239
7241
7248
7260
7265
7265
7272
7284
7288
7292
7307
7309
7312
7314
7324
7324
7327
7346
7349
7349
7350
7353
7356
7365
7374
7385
7385
7391
7418
7423
7424
7431
7449
7454
7480
7491
7496
7498
7503
7510
7517
7531
7535
7539
7540
7548
7555
7556
7561
7569
7578
7589
7598
7599
7602
7616
7625
7631
7634
7644
7646
7647
7651
7654
7657
7657
7664
7666
7669
7675
7679
7684
7684
7686
7692
7694
7696
7697
7705
7711
7718
7719
7723
7724
7730
7736
7741
7751
7755
7758
7764
7766
7773
7779
7781
7781
7781
7784
7784
7790
7790
7794
7798
7808
7809
7814
7816
7818
7822
7827
7838
7849
7858
7859
7862
7865
7868
7875
7876
7881
7891
7896
7906
7909
7912
7914
7914
7916
7919
7922
7945
7945
7952
7952
7957
7962
7979
7987
7987
7988
7991
7993
7993
7994
7997
7998
8013
8032
8046
8077
8078
8081
8082
8092
8099
8100
8100
8104
8119
8127
8129
8138
8146
8158
8158
8160
8165
8187
8191
8196
8207
8214
8219
8221
8225
8228
8236
8238
8242
8249
8255
8261
8272
8280
8287
8293
8295
8297
8297
8317
8319
8320
8333
8338
8342
8347
8349
8353
8354
8355
8361
8369
8371
8372
8389
8405
8412
8414
8415
8420
8422
8424
8431
8437
8437
8437
8437
8438
8442
8448
8461
8468
8469
8477
8488
8489
8489
8494
8503
8510
8510
8514
8514
8521
8525
8531
8539
8543
8546
8547
8549
8553
8558
8563
8568
8569
8573
8583
8586
8592
8595
8595
8597
8601
8602
8611
8616
8619
8619
8621
8624
8629
8633
8635
8636
8639
8676
8677
8687
8698
8703
8707
8716
8719
8726
8729
8736
8737
8742
8781
8782
8786
8786
8787
8791
8791
8796
8800
8812
8826
8828
8829
8830
8837
8837
8846
8848
8851
8854
8861
8870
8880
8888
8891
8903
8907
8907
8911
8916
8917
8924
8926
8929
8935
8938
8946
8949
8956
8957
8957
8959
8963
8963
8968
8979
8989
8995
8998
8999
9004
9008
9014
9034
9036
9039
9040
9053
9056
9056
9059
9059
9072
9075
9075
9090
9093
9105
9108
9109
9109
9110
9114
9116
9116
9124
9129
9137
9142
9143
9158
9199
9199
9204
9207
9210
9245
9253
9255
9260
9264
9281
9283
9284
9284
9287
9297
9299
9300
9301
9324
9331
9332
9333
9334
9337
9365
9366
9375
9376
9376
9380
9389
9405
9408
9410
9419
9420
9422
9431
9437
9442
9442
9449
9450
9462
9466
9467
9472
9476
9477
9485
9488
9490
9494
9494
9507
9511
9526
9527
9541
9545
9549
9550
9555
9557
9563
9563
9566
9567
9574
9587
9590
9592
9592
9595
9601
9602
9603
9608
9610
9614
9617
9626
9635
9635
9637
9642
9644
9648
9651
9670
9679
9698
9699
9728
9731
9732
9745
9752
9753
9754
9758
9762
9773
9773
9776
9791
9801
9806
9807
9808
9829
9829
9836
9840
9842
9852
9854
9855
9857
9857
9859
9864
9868
9874
9878
9879
9881
9881
9889
9905
9907
9915
9925
9927
9931
9936
9945
9951
9954
9964
9975
9984
9997
10005
10009
10011
10016
10021
10022
10023
10036
10039
10039
10057
10058
10090
10096
10102
10104
10112
10113
10114
10115
10118
10132
10134
10140
10146
10147
10147
10150
10165
10171
10173
10182
10194
10196
10197
10202
10205
10210
10212
10212
10215
10222
10237
10239
10252
10255
10263
10268
10274
10277
10285
10290
10292
10295
10297
10299
10309
10314
10321
10324
10324
10325
10331
10347
10348
10350
10353
10358
10364
10375
10376
10394
10395
10395
10396
10409
10420
10432
10441
10451
10453
10456
10459
10471
10472
10477
10482
10488
10491
10504
10506
10515
10515
10516
10516
10524
10532
10533
10553
10554
10554
10556
10561
10563
10578
10578
10588
10590
10594
10595
10607
10610
10613
10613
10617
10619
10630
10635
10641
10644
10645
10653
10669
10671
10672
10679
10682
10701
10704
10706
10710
10718
10722
10728
10729
10732
10750
10755
10756
10763
10777
10783
10786
10787
10788
10807
10811
10828
10828
10836
10838
10845
10851
10851
10859
10865
10870
10876
10878
10879
10888
10913
10919
10919
10919
10924
10930
10935
10942
10946
10953
10954
10956
10967
10969
10973
10973
10978
10978
10981
10983
10985
10989
10990
10998
10999
11001
11003
11011
11019
11020
11022
11041
11050
11055
11060
11064
11069
11070
11075
11082
11082
11096
11102
11105
11117
11118
11120
11122
11135
11142
11154
11158
11164
11165
11166
11171
11173
11185
11186
11192
11197
11204
11211
11212
11213
11216
11222
11241
11242
11258
11259
11274
11280
11288
11294
11318
11320
11320
11341
11343
11354
11356
11372
11372
11374
11380
11394
11411
11415
11416
11420
11422
11424
11434
11446
11450
11460
11475
11476
11481
11482
11483
11490
11501
11514
11520
11568
11576
11579
11585
11590
11591
11606
11607
11617
11629
11634
11642
11644
11644
11653
11655
11665
11675
11678
11681
11696
11697
11697
11708
11709
11724
11730
11731
11731
11732
11759
11767
11770
11771
11773
11774
11786
11793
11798
11801
11802
11810
11813
11830
11840
11842
11845
11864
11868
11876
11882
11883
11885
11889
11896
11898
11898
11912
11926
11934
11940
11959
11975
11975
11990
11992
11992
11997
12000
12010
12030
12034
12037
12056
12068
12068
12069
12076
12081
12087
12088
12095
12096
12102
12102
12111
12121
12123
12125
12129
12138
12139
12147
12152
12152
12158
12159
12162
12174
12193
12195
12213
12246
12252
12257
12269
12270
12271
12272
12283
12290
12291
12292
12295
12305
12306
12318
12320
12329
12339
12361
12379
12388
12396
12401
12403
12403
12405
12407
12411
12413
12414
12414
12415
12421
12424
12424
12426
12434
12435
12443
12452
12456
12463
12469
12478
12479
12481
12486
12494
12501
12503
12504
12517
12520
12528
12545
12551
12570
12574
12577
12578
12589
12589
12593
12593
12602
12604
12604
12605
12606
12612
12615
12629
12638
12644
12649
12650
12659
12660
12661
12667
12670
12671
12679
12687
12689
12689
12692
12698
12711
12711
12717
12720
12744
12751
12753
12754
12754
12765
12773
12776
12794
12795
12800
12813
12815
12829
12856
12856
12859
12871
12874
12880
12881
12882
12890
12893
12898
12903
12904
12920
12920
12921
12925
12932
12934
12937
12950
12954
12957
12962
12968
12971
12991
12998
13007
13010
13015
13025
13042
13043
13044
13048
13054
13055
13056
13058
13060
13080
13087
13091
13099
13104
13108
13119
13121
13138
13146
13146
13154
13161
13170
13179
13192
13193
13211
13215
13233
13233
13243
13263
13267
13272
13275
13280
13282
13289
13292
13301
13303
13312
13317
13318
13324
13325
13329
13333
13333
13342
13342
13343
13349
13353
13361
13371
13375
13378
13379
13388
13393
13406
13412
13423
13424
13429
13442
13443
13460
13474
13477
13488
13489
13489
13498
13504
13507
13508
13512
13512
13514
13514
13514
13524
13526
13550
13560
13562
13571
13572
13572
13572
13573
13575
13588
13590
13600
13602
13604
13619
13623
13625
13630
13639
13642
13647
13656
13672
13675
13684
13690
13697
13699
13702
13703
13705
13708
13712
13712
13719
13726
13735
13738
13740
13741
13743
13747
13747
13749
13767
13773
13779
13783
13807
13814
13824
13824
13825
13836
13839
13839
13849
13860
13861
13875
13879
13888
13895
13895
13910
13919
13926
13928
13932
13937
13938
13941
13941
13949
13957
13961
13964
13976
13983
13985
13996
14001
14012
14015
14026
14027
14031
14041
14046
14056
14069
14069
14094
14094
14095
14097
14101
14105
14109
14118
14123
14124
14142
14155
14172
14176
14183
14186
14189
14189
14190
14200
14204
14205
14213
14215
14216
14226
14227
14234
14251
14263
14264
14271
14274
14278
14278
14282
14282
14288
14289
14302
14303
14314
14322
14332
14339
14343
14350
14354
14359
14375
14384
14394
14404
14415
14419
14420
14421
14436
14438
14442
14443
14449
14452
14456
14472
14475
14491
14491
14493
14495
14495
14497
14498
14523
14529
14532
14536
14551
14559
14559
14560
14560
14564
14566
14573
14574
14575
14578
14578
14580
14583
14596
14613
14616
14619
14621
14638
14642
14646
14651
14654
14663
14665
14670
14674
14684
14687
14689
14690
14696
14698
14700
14700
14707
14727
14734
14740
14750
14760
14764
14788
14790
14792
14795
14796
14801
14806
14808
14812
14813
14814
14830
14858
14861
14863
14864
14889
14889
14889
14891
14900
14905
14913
14914
14917
14918
14929
14942
14955
14966
14968
14974
14987
14988
14990
14994
15000
15012
15014
15017
15022
15023
15025
15028
15031
15039
15040
15041
15067
15069
15074
15075
15089
15094
15110
15113
15119
15142
15143
15144
15148
15152
15157
15161
15168
15169
15170
15170
15176
15178
15179
15181
15185
15185
15186
15186
15200
15216
15219
15231
15235
15238
15249
15251
15257
15277
15279
15280
15299
15308
15310
15322
15326
15330
15330
15331
15345
15348
15354
15356
15360
15362
15374
15378
15382
15385
15388
15389
15401
15401
15412
15415
15423
15434
15438
15447
15449
15450
15452
15457
15457
15464
15466
15479
15491
15500
15502
15515
15515
15519
15525
15537
15540
15541
15549
15553
15562
15565
15565
15569
15574
15584
15607
15615
15631
15643
15644
15661
15668
15672
15673
15674
15680
15694
15702
15708
15709
15712
15713
15719
15722
15729
15736
15755
15757
15761
15771
15773
15781
15785
15787
15793
15800
15807
15833
15836
15836
15840
15842
15877
15885
15894
15894
15906
15909
15920
15920
15922
15933
15952
15966
15969
15972
15972
15972
15981
15992
15994
15995
15995
16000
16005
16010
16011
16017
16019
16023
16029
16047
16048
16066
16082
16085
16086
16101
16103
16104
16107
16109
16110
16112
16120
16135
16138
16138
16150
16162
16165
16166
16168
16197
16200
16205
16213
16230
16244
16250
16251
16252
16272
16275
16277
16279
16293
16319
16333
16338
16351
16373
16374
16379
16380
16384
16394
16398
16400
16401
16404
16406
16409
16413
16414
16417
16420
16426
16430
16433
16440
16446
16448
16452
16454
16455
16463
16471
16474
16477
16478
16481
16484
16487
16507
16513
16520
16521
16523
16527
16535
16547
16568
16569
16573
16576
16617
16634
16640
16642
16646
16646
16650
16652
16660
16677
16681
16681
16709
16712
16723
16724
16730
16736
16744
16752
16755
16761
16763
16764
16768
16772
16777
16781
16795
16796
16801
16813
16815
16824
16826
16826
16828
16839
16855
16858
16862
16863
16865
16871
16877
16881
16886
16903
16915
16919
16944
16970
16973
16978
17008
17015
17016
17017
17021
17034
17036
17039
17042
17059
17065
17076
17085
17093
17102
17103
17108
17109
17113
17117
17118
17130
17132
17145
17163
17178
17187
17188
17190
17191
17199
17218
17228
17229
17230
17245
17271
17288
17292
17305
17326
17328
17334
17342
17344
17348
17353
17363
17371
17407
17413
17425
17451
17458
17464
17476
17481
17483
17486
17490
17490
17498
17500
17510
17512
17518
17521
17521
17523
17527
17531
17533
17542
17543
17578
17578
17582
17583
17585
17589
17591
17641
17646
17646
17647
17653
17658
17662
17671
17675
17708
17709
17710
17711
17714
17721
17722
17727
17740
17746
17757
17763
17767
17769
17776
17776
17787
17791
17807
17807
17815
17824
17862
17866
17868
17874
17879
17880
17880
17886
17889
17912
17914
17917
17923
17929
17937
17943
17944
17947
17955
17956
17958
17960
17962
17966
17969
17976
17979
17996
18004
18005
18011
18013
18017
18030
18030
18038
18043
18044
18045
18055
18063
18066
18068
18069
18071
18077
18078
18078
18078
18106
18110
18132
18137
18138
18141
18156
18168
18174
18186
18188
18202
18203
18212
18219
18228
18249
18249
18259
18272
18277
18282
18311
18312
18317
18317
18330
18335
18340
18342
18343
18345
18345
18351
18357
18363
18375
18377
18391
18398
18404
18405
18427
18428
18435
18439
18448
18454
18457
18473
18482
18483
18488
18492
18496
18498
18498
18499
18503
18509
18511
18512
18516
18525
18528
18556
18559
18565
18566
18570
18576
18578
18578
18580
18594
18596
18599
18602
18616
18619
18628
18631
18631
18636
18644
18654
18669
18677
18694
18701
18707
18707
18709
18717
18719
18723
18725
18728
18729
18732
18738
18740
18743
18747
18752
18767
18777
18793
18800
18805
18805
18810
18825
18831
18837
18837
18841
18849
18850
18851
18853
18854
18854
18859
18863
18869
18880
18887
18899
18899
18913
18913
18915
18922
18948
18959
18959
18968
18974
18987
18993
18995
19012
19018
19019
19023
19025
19031
19034
19048
19058
19060
19062
19073
19075
19080
19081
19086
19087
19101
19101
19109
19114
19132
19135
19138
19141
19144
19151
19186
19186
19202
19206
19207
19207
19209
19215
19218
19225
19225
19234
19240
19240
19240
19246
19248
19264
19278
19286
19293
19296
19305
19308
19324
19335
19354
19364
19375
19381
19384
19386
19389
19394
19396
19397
19401
19418
19426
19435
19442
19447
19448
19452
19459
19461
19466
19471
19479
19487
19488
19493
19494
19502
19509
19511
19517
19518
19519
19522
19526
19530
19531
19533
19534
19536
19550
19556
19565
19588
19590
19590
19595
19617
19631
19641
19659
19660
19665
19670
19674
19674
19677
19682
19683
19691
19702
19726
19729
19746
19747
19760
19764
19768
19773
19781
19783
19795
19799
19817
19823
19823
19825
19850
19853
19853
19853
19858
19868
19872
19876
19882
19888
19893
19899
19904
19906
19912
19915
19921
19924
19929
19934
19961
19977
19977
19979
19979
19981
19981
19986
19986
19996
20003
20008
20016
20031
20033
20050
20054
20054
20062
20067
20079
20090
20091
20099
20102
20112
20116
20116
20117
20121
20123
20124
20125
20130
20136
20140
20145
20158
20159
20162
20170
20174
20176
20177
20186
20188
20188
20208
20215
20216
20216
20221
20224
20224
20235
20253
20257
20285
20288
20291
20295
20306
20306
20331
20347
20349
20355
20360
20364
20364
20365
20366
20374
20375
20402
20404
20420
20421
20442
20444
20454
20457
20460
20472
20479
20484
20502
20504
20504
20505
20506
20508
20517
20529
20547
20558
20563
20564
20565
20571
20576
20581
20583
20584
20599
20606
20608
20608
20612
20613
20616
20620
20622
20629
20636
20639
20643
20665
20694
20707
20707
20711
20711
20718
20721
20722
20724
20730
20734
20742
20760
20762
20768
20769
20770
20778
20783
20785
20804
20810
20819
20831
20835
20839
20846
20849
20850
20860
20861
20871
20871
20874
20879
20881
20885
20889
20900
20926
20930
20936
20949
20959
20960
20969
20972
20987
20989
20992
20994
21017
21026
21043
21045
21052
21056
21057
21070
21086
21092
21116
21116
21122
21128
21131
21139
21151
21157
21157
21164
21168
21181
21182
21192
21205
21214
21215
21223
21228
21230
21236
21238
21242
21250
21252
21254
21266
21283
21287
21297
21299
21302
21309
21310
21316
21316
21318
21322
21324
21341
21344
21348
21376
21384
21391
21398
21399
21400
21408
21411
21429
21429
21433
21443
21444
21451
21453
21463
21464
21476
21492
21492
21499
21499
21502
21505
21510
21510
21522
21522
21544
21555
21557
21561
21564
21571
21586
21590
21594
21596
21605
21611
21618
21630
21634
21634
21641
21644
21655
21655
21670
21674
21677
21678
21689
21690
21693
21696
21701
21705
21713
21725
21728
21753
21764
21773
21778
21779
21782
21784
21791
21795
21799
21800
21805
21812
21815
21816
21819
21832
21832
21844
21850
21856
21860
21862
21863
21874
21885
21898
21899
21916
21926
21927
21929
21931
21935
21962
21967
21972
21976
21977
21980
21980
21995
21996
22000
22016
22017
22031
22037
22042
22043
22046
22056
22057
22060
22064
22065
22071
22076
22079
22081
22081
22083
22093
22105
22106
22118
22122
22123
22135
22146
22158
22163
22163
22176
22179
22183
22188
22204
22216
22243
22245
22277
22288
22292
22297
22300
22308
22315
22317
22336
22343
22344
22345
22363
22364
22369
22371
22373
22374
22378
22386
22393
22394
22397
22403
22423
22439
22439
22448
22451
22454
22459
22476
22489
22494
22512
22515
22521
22529
22556
22557
22571
22576
22577
22578
22582
22582
22582
22582
22582
22589
22589
22596
22597
22623
22624
22624
22629
22634
22646
22646
22649
22654
22656
22656
22661
22667
22668
22670
22671
22695
22703
22719
22732
22744
22752
22753
22786
22789
22789
22794
22794
22806
22807
22815
22852
22870
22882
22888
22900
22908
22921
22921
22932
22935
22940
22950
22954
22955
22957
22963
22963
22964
22968
22971
22975
22993
22999
23001
23003
23005
23011
23011
23026
23035
23036
23038
23039
23040
23044
23052
23058
23066
23069
23072
23078
23081
23092
23100
23107
23108
23108
23117
23119
23127
23127
23132
23136
23150
23158
23162
23165
23168
23178
23193
23200
23206
23232
23239
23243
23246
23248
23251
23264
23269
23269
23274
23275
23276
23289
23290
23303
23314
23318
23319
23322
23324
23327
23342
23351
23352
23373
23374
23376
23394
23406
23406
23418
23420
23423
23426
23438
23449
23453
23455
23457
23467
23480
23487
23500
23503
23512
23518
23528
23530
23532
23533
23539
23552
23559
23567
23567
23569
23569
23571
23571
23573
23575
23577
23582
23584
23586
23589
23593
23599
23603
23615
23616
23617
23618
23622
23624
23624
23626
23629
23631
23632
23643
23649
23653
23654
23664
23670
23692
23693
23694
23701
23705
23709
23713
23715
23737
23739
23742
23742
23746
23757
23757
23762
23764
23769
23775
23785
23786
23787
23789
23800
23808
23814
23819
23822
23824
23846
23847
23865
23872
23879
23893
23905
23931
23945
23950
23952
23954
23966
23966
23967
23972
23983
23998
23999
24005
24005
24021
24030
24033
24046
24047
24048
24055
24082
24090
24093
24102
24105
24107
24111
24123
24124
24125
24135
24140
24142
24147
24153
24154
24156
24170
24186
24186
24204
24214
24230
24235
24236
24237
24239
24243
24244
24244
24250
24257
24262
24270
24280
24289
24294
24314
24321
24332
24346
24348
24354
24363
24363
24364
24366
24375
24376
24382
24383
24388
24389
24399
24406
24410
24422
24438
24438
24439
24440
24442
24449
24456
24462
24468
24478
24479
24496
24498
24508
24528
24543
24553
24554
24563
24590
24592
24593
24593
24595
24598
24598
24615
24619
24621
24622
24627
24631
24641
24646
24648
24666
24669
24674
24678
24685
24695
24702
24712
24715
24715
24738
24740
24742
24750
24756
24760
24762
24780
24782
24800
24801
24802
24817
24819
24821
24842
24854
24855
24856
24861
24862
24864
24872
24892
24899
24900
24903
24903
24918
24924
24925
24926
24927
24941
24949
24955
24959
24963
24965
24967
24970
24975
24977
24984
24991
25007
25011
25013
25037
25042
25045
25052
25055
25070
25071
25075
25087
25093
25096
25099
25100
25105
25106
25114
25116
25142
25143
25143
25149
25152
25154
25155
25174
25178
25191
25199
25201
25220
25225
25229
25231
25239
25245
25249
25268
25272
25273
25274
25275
25276
25277
25277
25280
25283
25288
25289
25292
25294
25304
25312
25320
25322
25323
25325
25330
25331
25333
25334
25338
25347
25383
25390
25392
25394
25394
25395
25399
25402
25412
25432
25435
25435
25435
25435
25436
25450
25459
25464
25468
25471
25472
25488
25496
25501
25505
25508
25510
25513
25514
25522
25530
25533
25554
25562
25568
25571
25574
25578
25583
25589
25597
25599
25602
25608
25613
25619
25619
25623
25626
25649
25661
25662
25666
25667
25672
25674
25678
25692
25699
25700
25712
25724
25726
25735
25750
25752
25754
25757
25758
25762
25768
25786
25787
25799
25806
25815
25821
25824
25832
25833
25835
25839
25842
25851
25859
25862
25869
25869
25871
25872
25875
25879
25889
25896
25896
25902
25910
25915
25916
25916
25925
25926
25929
25937
25945
25949
25950
25952
25964
25965
25966
25968
25976
25984
25984
25987
25988
25996
25998
26001
26005
26008
26008
26016
26019
26023
26023
26025
26028
26035
26035
26035
26039
26045
26045
26046
26049
26060
26060
26062
26064
26078
26080
26088
26097
26098
26106
26106
26111
26116
26120
26121
26135
26150
26156
26159
26166
26170
26174
26206
26208
26230
26231
26234
26247
26265
26274
26279
26280
26284
26288
26293
26295
26300
26300
26303
26305
26307
26317
26318
26318
26323
26323
26324
26337
26342
26343
26343
26345
26347
26351
26368
26368
26373
26394
26397
26400
26403
26410
26411
26426
26429
26433
26437
26457
26459
26460
26463
26465
26471
26474
26479
26482
26483
26484
26486
26501
26504
26510
26511
26512
26526
26529
26530
26532
26534
26545
26547
26556
26557
26574
26574
26579
26582
26586
26586
26591
26596
26596
26598
26600
26604
26605
26611
26636
26641
26644
26656
26663
26671
26682
26687
26688
26691
26702
26702
26705
26710
26716
26730
26735
26741
26743
26744
26747
26752
26758
26760
26760
26762
26770
26779
26783
26787
26798
26799
26800
26811
26811
26816
26817
26823
26824
26835
26838
26840
26844
26863
26869
26869
26874
26874
26878
26883
26884
26887
26890
26898
23203
29797
27218
8576
6981
15737
22574
1906
18724
4266
9819
25756
4048
24317
11207
2554
16971
25513
28528
9676
15131
7482
5127
24203
29391
4622
26613
38
17756
19489
20280
17312
25638
23850
25888
2619
9588
24814
10878
4664
5432
20697
420
9480
21366
11628
12035
14689
13493
16915
717
4976
24397
12196
5531
140
16818
2144
6530
4575
27985
26811
21887
23624
20661
24127
2595
6601
18941
13473
17618
24373
10522
18038
3854
8240
6018
22241
29282
25863
9156
29999
840
9905
18548
6371
10045
11718
14868
16576
16293
12853
19739
14532
6477
16752
8659
9073
29706
3952
28898
17324
4678
9421
11714
8532
24013
24085
7125
23295
19948
22633
29647
20788
2538
18195
3512
18935
29913
24732
11863
22559
7585
7954
13443
20415
24707
28455
5840
765
2407
4738
18089
7085
20511
6155
21969
14525
240
5446
14172
20189
28079
13819
17329
6969
8366
27193
2257
14632
21925
14120
7191
5863
22075
26986
26278
23134
25441
2118
23899
4201
6856
11988
11286
3720
24495
9608
18245
24736
15054
2417
21277
19486
22589
14958
2807
955
12152
5064
15587
10429
25537
29130
16292
17612
2469
18922
10746
27910
21040
10997
2111
4249
29337
19750
7969
23832
5710
26214
18568
20764
4983
16197
16602
27572
1156
25762
4880
19660
7178
26819
89
2715
25950
22734
26679
28419
11656
13777
2681
2697
24774
4793
13298
24111
895
21267
24296
6605
23833
12864
3721
28816
29062
26676
2741
218
22438
7621
26230
29616
10792
2671
8684
6742
25405
5363
11513
13414
25493
14195
22463
20267
25340
5761
20731
26235
27028
15027
2840
20861
4243
12913
26029
3305
9589
28770
9875
2027
12743
6105
7996
23536
15129
16680
6630
10534
28395
24496
23948
23888
15043
22763
20508
10383
28524
11239
12970
25552
26266
22162
16413
6861
5075
18795
10167
14665
23917
26394
23044
6661
8852
1040
6549
23981
24072
19531
10867
22468
14027
11168
22708
29070
3931
13216
15805
2456
24455
28775
28008
27073
20937
20774
3935
2365
9569
20454
17030
3486
23200
16426
16499
2052
17467
29400
26033
17891
18932
13253
10359
9311
24421
9420
8382
28352
22636
24187
7160
23444
29315
11521
20517
26604
2295
804
28969
18216
27610
22351
28054
20811
15130
20906
22863
2597
20306
25249
20488
15590
8502
7200
24902
9275
16620
3284
13979
15608
3823
21140
9052
9490
2661
29570
6095
11308
6726
11416
29524
4337
10120
3930
25148
25250
24836
24363
4199
15143
19612
1039
733
4466
14591
1987
20093
7563
11623
4073
23172
21799
25213
2224
1289
27874
8146
13736
9182
14873
1505
15058
25562
17977
18988
27062
19579
20177
21425
23778
5320
17390
1169
12405
28208
22113
20745
18302
29676
2368
22375
22848
24167
23940
1425
1809
28166
9571
15545
13700
796
23402
28758
2710
11379
24098
29772
958
14275
27550
1088
25947
14940
8610
14705
13148
723
5450
7802
399
7818
6529
29600
8338
469
1025
10147
28635
16948
25692
12335
24097
25447
17445
26807
6826
17896
2932
14137
2171
482
15225
4471
15422
23835
19176
4922
24558
978
12725
1310
15148
