0
23
23
27
52
57
58
61
99
119
123
135
137
148
171
172
174
178
189
198
213
218
222
232
252
280
300
301
317
328
341
357
361
367
380
388
390
395
400
403
417
427
438
472
473
483
490
491
502
511
512
517
541
543
559
562
579
590
617
619
661
669
670
672
678
682
695
697
701
703
713
719
727
730
750
750
757
790
792
794
796
802
808
818
820
825
840
856
865
870
882
903
907
912
913
924
939
949
976
981
983
984
1001
1006
1006
1012
1014
1019
1030
1032
1040
1054
1063
1075
1087
1093
1111
1113
1115
1115
1116
1125
1136
1159
1178
1191
1199
1206
1243
1252
1252
1254
1258
1262
1282
1308
1310
1318
1342
1342
1343
1346
1366
1379
1382
1386
1386
1430
1439
1445
1452
1473
1474
1486
1486
1510
1511
1512
1515
1554
1558
1560
1561
1569
1571
1576
1588
1618
1620
1621
1630
1636
1645
1662
1690
1698
1700
1715
1729
1744
1760
1776
1780
1792
1802
1810
1822
1826
1831
1843
1850
1851
1856
1866
1867
1878
1883
1885
1887
1891
1899
1904
1907
1912
1931
1940
1941
1955
1997
1997
1998
1999
1999
2014
2020
2048
2048
2060
2073
2075
2083
2090
2101
2101
2108
2109
2112
2120
2123
2125
2144
2164
2166
2167
2173
2174
2184
2203
2215
2216
2223
2223
2234
2255
2258
2262
2274
2276
2287
2289
2314
2315
2315
2318
2325
2350
2354
2356
2363
2368
2403
2404
2451
2455
2461
2462
2463
2464
2471
2494
2502
2537
2553
2556
2578
2581
2595
2602
2606
2623
2626
2632
2647
2657
2673
2676
2680
2680
2680
2795
2799
2819
2822
2826
2855
2860
2863
2882
2887
2896
2897
2905
2914
2921
2942
2944
2948
2963
2980
2984
2986
2989
3025
3026
3041
3048
3057
3068
3086
3087
3108
3112
3134
3142
3156
3159
3174
3181
3204
3211
3225
3232
3237
3245
3263
3301
3329
3340
3349
3349
3355
3366
3367
3374
3377
3380
3380
3388
3392
3409
3414
3424
3429
3429
3433
3457
3458
3465
3504
3545
3561
3568
3572
3586
3596
3598
3605
3620
3624
3625
3648
3652
3664
3682
3689
3697
3702
3705
3713
3720
3723
3736
3762
3777
3781
3781
3791
3792
3793
3798
3800
3800
3828
3859
3864
3864
3868
3874
3879
3882
3886
3888
3895
3898
3930
3942
3948
3948
3979
3982
4002
4028
4028
4029
4036
4049
4051
4097
4104
4105
4122
4123
4149
4177
4180
4184
4208
4211
4216
4255
4257
4281
4294
4296
4311
4322
4331
4341
4350
4360
4366
4370
4373
4375
4387
4388
4394
4395
4403
4413
4414
4450
4456
4481
4491
4504
4515
4521
4527
4549
4580
4586
4589
4594
4596
4598
4600
4604
4612
4624
4632
4636
4637
4639
4647
4654
4660
4665
4670
4675
4684
4685
4692
4693
4693
4700
4719
4720
4722
4728
4734
4734
4738
4780
4781
4785
4790
4799
4812
4817
4824
4826
4832
4832
4843
4844
4850
4852
4853
4857
4872
4881
4896
4921
4930
4945
4969
4977
5026
5039
5041
5046
5055
5076
5077
5096
5104
5118
5125
5152
5154
5155
5158
5168
5168
5170
5183
5192
5218
5272
5278
5285
5288
5297
5312
5335
5342
5357
5361
5412
5437
5457
5460
5463
5465
5486
5493
5498
5508
5509
5510
5512
5514
5570
5571
5575
5579
5585
5592
5597
5617
5625
5650
5651
5660
5698
5704
5718
5723
5729
5735
5776
5790
5794
5798
5837
5849
5853
5855
5880
5888
5911
5918
5921
5923
5945
5947
5954
5987
5996
5999
6000
6000
6020
6024
6026
6029
6043
6043
6049
6056
6059
6089
6090
6094
6098
6125
6130
6130
6132
6133
6140
6147
6150
6156
6161
6164
6169
6171
6205
6223
6236
6241
6251
6254
6266
6267
6271
6271
6272
6304
6343
6362
6369
6375
6379
6385
6386
6391
6415
6420
6446
6461
6462
6465
6479
6485
6503
6504
6521
6532
6535
6550
6553
6575
6575
6588
6597
6603
6627
6630
6632
6640
6652
6654
6674
6691
6709
6738
6747
6757
6765
6810
6815
6819
6820
6838
6839
6859
6864
6891
6899
6902
6916
6919
6926
6927
6929
6933
6962
6962
6976
6977
6989
7007
7021
7042
7042
7051
7085
7093
7108
7110
7111
7125
7129
7136
7141
7146
7160
7161
7166
7193
7200
7211
7211
7226
7226
7248
7251
7252
7256
7260
7268
7269
7270
7271
7285
7289
7290
7332
7337
7351
7368
7370
7375
7379
7385
7390
7394
7396
7408
7412
7413
7419
7475
7494
7498
7523
7544
7554
7572
7573
7593
7602
7618
7619
7632
7634
7647
7660
7662
7679
7685
7697
7705
7708
7715
7737
7739
7756
7764
7765
7793
7799
7803
7816
7824
7825
7834
7845
7846
7850
7855
7857
7858
7891
7906
7914
7914
7916
7919
7921
7921
7932
7938
7965
7966
7977
8001
8014
8018
8019
8057
8059
8070
8078
8090
8105
8106
8110
8116
8118
8119
8121
8139
8146
8151
8161
8162
8191
8199
8202
8203
8211
8239
8245
8264
8267
8268
8281
8284
8287
8287
8294
8298
8300
8302
8304
8309
8318
8329
8340
8348
8353
8361
8381
8382
8386
8389
8399
8411
8417
8421
8426
8428
8435
8451
8470
8474
8480
8482
8490
8496
8497
8499
8500
8505
8508
8515
8533
8540
8545
8547
8548
8572
8573
8582
8583
8611
8624
8633
8665
8714
8734
8736
8749
8749
8753
8757
8762
8763
8765
8773
8773
8779
8782
8790
8793
8813
8814
8814
8817
8819
8840
8856
8862
8869
8871
8877
8885
8888
8912
8918
8931
8932
8940
8944
8946
8947
8957
8960
8962
8964
8968
8972
8978
8978
8981
8993
8995
8995
8999
9008
9015
9017
9017
9021
9023
9030
9063
9067
9088
9089
9112
9127
9130
9135
9144
9152
9154
9163
9174
9177
9186
9188
9189
9217
9225
9238
9249
9253
9263
9272
9273
9274
9276
9279
9291
9300
9302
9304
9308
9311
9319
9331
9350
9351
9353
9355
9356
9363
9364
9365
9389
9398
9400
9405
9418
9425
9435
9460
9473
9486
9508
9524
9528
9535
9557
9573
9587
9606
9610
9620
9634
9635
9639
9648
9661
9663
9676
9676
9677
9682
9693
9712
9740
9757
9762
9766
9786
9787
9793
9793
9795
9822
9823
9823
9852
9857
9879
9881
9889
9916
9926
9942
9954
9958
9958
9986
9988
9989
9991
9996
10003
10050
10054
10066
10068
10074
10078
10111
10112
10119
10119
10123
10124
10127
10136
10147
10156
10165
10181
10188
10221
10251
10258
10279
10283
10308
10335
10341
10342
10346
10352
10358
10361
10373
10401
10404
10406
10426
10428
10432
10435
10445
10459
10487
10491
10507
10512
10573
10585
10599
10603
10612
10616
10628
10635
10636
10637
10638
10639
10646
10662
10670
10670
10674
10707
10707
10723
10730
10747
10759
10777
10785
10802
10804
10824
10826
10847
10847
10867
10888
10890
10895
10903
10907
10909
10925
10932
10949
10957
10965
10966
10990
10999
11014
11025
11069
11073
11080
11146
11157
11158
11168
11178
11181
11181
11190
11200
11203
11203
11203
11212
11220
11223
11235
11271
11280
11285
11288
11296
11300
11314
11317
11327
11362
11364
11379
11387
11398
11406
11413
11428
11437
11470
11511
11512
11517
11525
11533
11533
11546
11556
11601
11620
11625
11626
11634
11650
11679
11686
11689
11706
11707
11715
11737
11749
11761
11774
11794
11850
11855
11862
11866
11906
11930
11947
11957
12013
12021
12028
12031
12050
12053
12064
12065
12082
12085
12104
12119
12122
12130
12133
12147
12186
12188
12195
12199
12211
12220
12255
12263
12301
12326
12330
12340
12349
12350
12363
12383
12384
12390
12393
12421
12424
12425
12435
12440
12444
12446
12460
12478
12490
12491
12506
12512
12541
12542
12560
12563
12569
12581
12583
12587
12589
12597
12598
12603
12635
12643
12659
12666
12677
12687
12688
12696
12705
12706
12735
12740
12741
12741
12744
12758
12792
12818
12821
12830
12835
12857
12857
12866
12869
12871
12873
12884
12886
12891
12892
12893
12900
12906
12906
12913
12922
12933
12955
12955
12967
12993
12995
13001
13029
13038
13041
13055
13064
13069
13071
13090
13103
13116
13147
13149
13152
13158
13185
13197
13201
13205
13228
13237
13244
13251
13264
13264
13265
13269
13330
13337
13344
13345
13346
13352
13362
13365
13372
13383
13394
13402
13403
13405
13413
13423
13436
13439
13442
13464
13465
13474
13481
13481
13485
13505
13506
13508
13509
13536
13543
13545
13562
13572
13590
13590
13595
13596
13597
13597
13606
13610
13620
13632
13656
13670
13677
13680
13688
13706
13718
13734
13746
13797
13802
13817
13818
13828
13837
13838
13842
13856
13871
13874
13877
13881
13888
13899
13907
13912
13915
13927
13939
13948
13953
13955
13956
13984
13986
13999
14017
14020
14026
14028
14035
14050
14056
14059
14064
14078
14085
14092
14092
14094
14098
14103
14123
14126
14134
14135
14147
14159
14196
14205
14230
14256
14262
14271
14276
14277
14283
14286
14292
14325
14328
14337
14357
14365
14380
14388
14388
14410
14412
14417
14458
14461
14464
14466
14469
14473
14476
14482
14490
14503
14521
14522
14525
14562
14567
14577
14587
14600
14618
14632
14636
14638
14640
14665
14679
14686
14696
14741
14766
14772
14773
14775
14784
14796
14809
14818
14830
14859
14875
14885
14886
14891
14912
14913
14919
14935
14940
14948
14975
14984
14988
14988
14994
14996
14996
15008
15010
15022
15026
15038
15043
15057
15060
15061
15067
15087
15108
15110
15120
15120
15130
15145
15173
15182
15190
15191
15191
15197
15218
15223
15241
15242
15243
15245
15254
15266
15278
15294
15297
15304
15325
15326
15368
15385
15396
15397
15403
15410
15420
15424
15436
15445
15484
15491
15492
15499
15512
15515
15522
15530
15539
15577
15582
15587
15600
15606
15622
15626
15629
15632
15641
15647
15657
15661
15674
15679
15690
15701
15702
15723
15727
15727
15752
15776
15778
15795
15801
15802
15816
15832
15854
15856
15867
15883
15905
15917
15920
15923
15933
15933
15947
15955
15956
15961
15964
15981
16003
16005
16012
16013
16016
16026
16027
16035
16038
16043
16048
16050
16055
16067
16067
16112
16120
16134
16134
16135
16142
16171
16172
16174
16193
16196
16209
16211
16212
16241
16244
16263
16271
16285
16287
16297
16321
16321
16334
16344
16346
16347
16353
16354
16356
16374
16379
16400
16400
16424
16433
16440
16455
16455
16463
16473
16480
16480
16484
16491
16505
16517
16518
16521
16525
16539
16542
16544
16546
16566
16587
16594
16610
16627
16633
16633
16642
16654
16654
16659
16663
16698
16708
16717
16719
16722
16726
16730
16736
16742
16751
16756
16760
16771
16780
16782
16813
16817
16839
16845
16864
16869
16882
16893
16907
16916
16916
16924
16937
16939
16945
16955
16967
16970
16975
16983
17008
17010
17016
17046
17049
17070
17091
17097
17106
17134
17155
17155
17170
17170
17186
17197
17224
17236
17251
17260
17270
17271
17277
17285
17287
17335
17339
17340
17342
17383
17402
17417
17422
17425
17427
17439
17450
17458
17486
17533
17538
17542
17546
17559
17566
17572
17588
17595
17617
17633
17639
17646
17647
17652
17663
17691
17695
17729
17747
17764
17788
17796
17802
17813
17821
17839
17840
17850
17857
17893
17908
17912
17929
17929
17931
17936
17938
17998
18000
18028
18046
18049
18057
18063
18072
18086
18089
18091
18093
18094
18116
18120
18130
18132
18155
18172
18173
18192
18196
18213
18219
18219
18226
18227
18248
18271
18284
18295
18297
18307
18307
18334
18336
18345
18351
18385
18391
18397
18398
18424
18449
18462
18464
18483
18507
18523
18532
18539
18561
18575
18579
18580
18589
18624
18624
18638
18661
18688
18708
18727
18733
18733
18734
18765
18767
18791
18792
18793
18794
18849
18858
18871
18872
18876
18895
18902
18906
18912
18916
18916
18919
18924
18927
18935
18950
18955
18959
18985
18991
18993
18994
19000
19011
19031
19032
19036
19036
19041
19041
19043
19053
19103
19111
19118
19129
19134
19138
19167
19167
19173
19178
19182
19183
19202
19204
19213
19217
19220
19224
19225
19227
19234
19238
19252
19252
19254
19257
19266
19288
19288
19289
19308
19321
19322
19324
19331
19333
19340
19347
19357
19372
19374
19374
19377
19406
19406
19426
19429
19453
19465
19470
19476
19488
19515
19521
19521
19522
19523
19535
19552
19581
19584
19605
19627
19628
19678
19701
19710
19719
19721
19742
19761
19780
19783
19790
19799
19801
19830
19863
19878
19880
19900
19907
19910
19916
19930
19976
19983
19991
19992
19993
20013
20016
20029
20053
20059
20067
20080
20088
20090
20097
20106
20198
20212
20214
20221
20224
20241
20245
20246
20293
20323
20334
20349
20353
20362
20365
20371
20377
20407
20421
20434
20438
20439
20479
20481
20485
20490
20496
20498
20499
20502
20519
20529
20529
20542
20554
20566
20593
20599
20606
20610
20641
20673
20684
20684
20701
20703
20717
20735
20735
20742
20747
20753
20754
20754
20756
20760
20765
20770
20773
20785
20789
20791
20797
20811
20812
20814
20816
20829
20832
20835
20843
20857
20859
20860
20867
20867
20869
20883
20914
20927
20937
20938
20960
20961
20972
20974
20990
21005
21009
21014
21022
21033
21041
21048
21050
21050
21053
21078
21084
21092
21093
21096
21112
21125
21126
21129
21135
21141
21148
21149
21171
21182
21186
21187
21193
21193
21204
21215
21238
21245
21252
21277
21291
21336
21338
21342
21343
21352
21379
21382
21387
21393
21396
21409
21420
21464
21477
21489
21491
21507
21508
21513
21514
21527
21531
21536
21550
21555
21567
21573
21581
21583
21605
21611
21623
21628
21629
21645
21652
21659
21672
21681
21701
21709
21710
21710
21711
21718
21742
21745
21754
21756
21756
21783
21817
21822
21825
21832
21849
21853
21854
21857
21860
21863
21871
21876
21887
21902
21906
21929
21934
21934
21961
21982
21983
21984
21991
22000
22002
22004
22013
22033
22040
22042
22044
22044
22045
22055
22057
22065
22072
22092
22104
22130
22135
22142
22159
22178
22223
22227
22229
22241
22242
22255
22268
22279
22285
22286
22293
22295
22296
22335
22393
22421
22429
22430
22432
22440
22442
22444
22466
22469
22491
22493
22497
22498
22504
22516
22567
22572
22572
22581
22581
22596
22633
22684
22687
22737
22757
22767
22781
22787
22799
22800
22845
22866
22871
22880
22881
22887
22895
22900
22903
22910
22911
22950
22951
22960
22978
22981
23019
23031
23034
23036
23043
23058
23061
23082
23097
23102
23111
23115
23127
23129
23130
23140
23160
23173
23184
23184
23186
23202
23218
23219
23222
23227
23228
23229
23230
23235
23237
23265
23277
23278
23280
23284
23287
23287
23301
23305
23323
23334
23337
23339
23351
23363
23372
23391
23404
23407
23434
23441
23465
23472
23478
23482
23486
23521
23545
23548
23558
23563
23567
23592
23593
23609
23634
23638
23643
23646
23647
23648
23665
23673
23673
23693
23705
23710
23730
23731
23743
23750
23750
23766
23768
23769
23781
23782
23784
23786
23792
23808
23830
23833
23837
23877
23889
23897
23903
23916
23934
23940
23970
23979
23987
23990
23995
24004
24005
24033
24035
24048
24058
24070
24077
24091
24091
24100
24132
24135
24137
24156
24169
24179
24195
24200
24217
24219
24230
24248
24256
24257
24260
24289
24328
24365
24431
24437
24458
24459
24472
24497
24531
24539
24546
24558
24578
24580
24600
24605
24622
24627
24631
24654
24668
24683
24696
24696
24710
24725
24742
24758
24758
24760
24775
24779
24806
24807
24814
24849
24849
24856
24859
24876
24878
24883
24892
24913
24922
24923
24935
24940
24940
24941
24945
24981
25007
25045
25046
25048
25059
25078
25111
25118
25125
25132
25141
25147
25149
25159
25160
25164
25167
25194
25215
25224
25225
25234
25240
25256
25258
25264
25264
25278
25278
25281
25281
25293
25294
25306
25314
25325
25344
25375
25385
25386
25411
25413
25452
25461
25473
25488
25501
25511
25532
25543
25554
25555
25560
25569
25571
25600
25615
25625
25626
25628
25631
25633
25638
25664
25679
25681
25702
25720
25734
25744
25746
25764
25770
25789
25792
25794
25832
25836
25846
25846
25848
25861
25869
25894
25899
25900
25918
25925
25931
25933
25959
25966
25986
25996
25997
26001
26003
26025
26033
26038
26088
26108
26109
26114
26121
26125
26136
26144
26182
26187
26195
26215
26215
26225
26226
26245
26246
26252
26258
26269
26270
26283
26307
26311
26320
26326
26327
26327
26330
26332
26357
26360
26385
26401
26432
26444
26464
26490
26492
26494
26506
26510
26514
26515
26533
26558
26577
26580
26605
26626
26626
26665
26679
26690
26709
26714
26752
26764
26780
26795
26795
26795
26799
26809
26811
26827
26830
26858
26866
26885
26887
26889
26912
26923
26925
26934
26952
26961
26962
26969
26971
26984
27009
27010
27020
27022
27029
27072
27076
27079
27080
27097
27100
27109
27134
27145
27145
27163
27170
27182
27186
27204
27212
27214
27229
27232
27244
27251
27257
27261
27267
27274
27274
27308
27311
27327
27340
27354
27355
27360
27364
27373
27377
27411
27432
27453
27459
27459
27464
27472
27480
27491
27493
27494
27510
27515
27518
27529
27529
27533
27555
27560
27586
27593
27598
27613
27617
27622
27625
27628
27642
27673
27676
27688
27696
27706
27713
27731
27731
27739
27742
27772
27802
27805
27807
27821
27824
27837
27876
27892
27892
27895
27897
27904
27911
27920
27926
27951
27957
27958
27968
27971
27976
27987
27992
28014
28028
28031
28033
28038
28040
28040
28060
28067
28068
28076
28079
28084
28098
28104
28107
28125
28134
28135
28139
28145
28145
28159
28170
28177
28194
28199
28204
28210
28224
28226
28259
28261
28267
28279
28293
28295
28297
28298
28299
28303
28310
28311
28313
28319
28329
28331
28339
28340
28350
28353
28355
28377
28389
28399
28405
28408
28416
28422
28424
28437
28456
28480
28489
28494
28503
28525
28527
28545
28550
28561
28566
28578
28585
28589
28595
28611
28639
28646
28648
28649
28652
28660
28666
28672
28703
28711
28721
28730
28734
28739
28750
28754
28767
28770
28776
28806
28807
28829
28843
28846
28876
28879
28882
28922
28930
28930
28939
28956
28963
28969
28989
28992
29002
29018
29054
29056
29073
29080
29082
29088
29089
29095
29095
29098
29124
29126
29127
29131
29141
29156
29181
29220
29229
29231
29234
29234
29238
29257
29265
29272
29277
29283
29290
29314
29330
29330
29331
29333
29339
29353
29376
29380
29383
29385
29389
29413
29414
29446
29446
29475
29478
29484
29490
29497
29500
29503
29510
29515
29518
29522
29524
29525
29543
29544
29573
29577
29581
29588
29592
29601
29607
29608
29614
29628
29698
29727
29730
29737
29746
29762
29780
29792
29798
29802
29817
29838
29849
29855
29868
29893
29897
29898
29907
29913
29915
29932
29933
29937
29942
29964
29969
29977
29978
29979
29986
29999
30000
30004
30024
30036
30049
30054
30056
30060
30071
30073
30091
30100
30131
30133
30135
30145
30183
30194
30199
30206
30206
30209
30222
30251
30256
30273
30274
30277
30303
30305
30308
30330
30338
30340
30351
30354
30360
30391
30398
30400
30411
30413
30437
30444
30446
30467
30472
30485
30489
30491
30548
30549
30549
30558
30560
30587
30593
30605
30617
30624
30626
30631
30643
30643
30645
30646
30653
30654
30655
30660
30673
30684
30684
30699
30704
30711
30716
30729
30738
30742
30757
30761
30763
30818
30827
30843
30845
30846
30878
30881
30884
30898
30957
30958
30962
30973
30974
30978
30984
30984
31002
31005
31011
31014
31021
31022
31038
31079
31086
31095
31097
31098
31122
31172
31174
31177
31191
31216
31224
31228
31239
31247
31276
31278
31279
31282
31290
31299
31300
31318
31329
31330
31339
31351
31359
31369
31400
31400
31405
31409
31413
31415
31420
31426
31431
31437
31445
31447
31450
31454
31462
31469
31483
31487
31490
31512
31524
31531
31531
31549
31555
31564
31564
31582
31584
31585
31600
31605
31605
31642
31644
31664
31665
31671
31686
31693
31702
31731
31732
31757
31769
31771
31773
31774
31786
31789
31798
31801
31802
31806
31831
31840
31842
31846
31853
31864
31867
31876
31881
31897
31901
31907
31909
31947
31949
31952
31954
31961
31969
31977
31989
31989
31997
32025
32038
32071
32071
32076
32079
32084
32085
32122
32122
32140
32143
32161
32175
32181
32189
32204
32205
32218
32225
32230
32249
32254
32277
32279
32295
32297
32303
32311
32323
32339
32340
32367
32376
32391
32417
32422
32425
32426
32427
32469
32475
32477
32512
32523
32525
32536
32536
32540
32544
32553
32611
32664
32668
32677
32715
32720
32721
32722
32761
32767
32782
32783
32785
32802
32820
32830
32845
32847
32853
32853
32886
32893
32899
32906
32913
32917
32923
32948
32973
32977
32980
32994
32998
33002
33002
33025
33027
33036
33038
33043
33056
33071
33080
33081
33090
33095
33105
33107
33112
33133
33156
33161
33162
33211
33220
33221
33224
33257
33264
33266
33276
33323
33326
33345
33386
33389
33393
33400
33402
33407
33414
33414
33439
33441
33445
33455
33466
33471
33479
33504
33507
33521
33539
33566
33589
33592
33610
33612
33613
33616
33633
33638
33648
33653
33661
33668
33668
33700
33705
33758
33766
33777
33779
33786
33793
33799
33818
33819
33826
33861
33862
33882
33901
33904
33909
33910
33912
33913
33945
33953
33961
33963
33964
33968
33983
33991
34010
34020
34022
34030
34037
34043
34043
34048
34050
34065
34068
34080
34085
34087
34097
34118
34119
34126
34142
34147
34151
34155
34165
34167
34180
34197
34198
34201
34203
34211
34222
34233
34238
34250
34251
34256
34257
34263
34265
34268
34273
34278
34283
34287
34293
34319
34347
34352
34362
34391
34396
34401
34402
34403
34437
34442
34462
34479
34488
34492
34504
34507
34508
34514
34516
34576
34584
34586
34595
34605
34612
34619
34624
34644
34652
34653
34658
34659
34660
34676
34678
34683
34698
34713
34717
34737
34743
34753
34764
34768
34777
34787
34804
34812
34819
34820
34834
34840
34852
34862
34864
34880
34881
34882
34887
34904
34905
34919
34923
34928
34932
34934
34937
34941
34942
34943
34953
34955
34961
34980
34997
34998
35002
35006
35017
35034
35035
35076
35079
35085
35091
35100
35100
35111
35115
35115
35116
35123
35141
35142
35152
35155
35176
35184
35214
35220
35228
35232
35244
35249
35308
35319
35319
35334
35335
35344
35350
35352
35371
35374
35375
35386
35396
35396
35418
35421
35449
35465
35476
35495
35505
35511
35517
35520
35527
35529
35531
35543
35550
35560
35567
35592
35595
35597
35598
35604
35612
35619
35626
35635
35644
35673
35687
35689
35697
35701
35705
35725
35734
35737
35745
35748
35752
35764
35769
35777
35777
35789
35804
35813
35818
35834
35834
35839
35848
35856
35862
35868
35869
35874
35891
35900
35902
35909
35910
35910
35930
35941
35950
35954
35954
35965
35966
36008
36014
36014
36018
36022
36028
36033
36039
36047
36082
36086
36086
36096
36101
36116
36123
36126
36145
36161
36176
36190
36198
36208
36217
36221
36228
36231
36281
36291
36293
36307
36317
36317
36328
36333
36344
36344
36415
36434
36439
36441
36466
36508
36521
36528
36534
36539
36542
36562
36568
36583
36595
36600
36603
36620
36638
36643
36644
36657
36659
36663
36664
36669
36675
36691
36705
36707
36720
36723
36737
36745
36766
36784
36790
36795
36800
36806
36822
36822
36825
36856
36862
36872
36873
36881
36892
36896
36930
36930
36950
36952
36957
36959
36969
36980
36983
36993
36995
37020
37025
37031
37045
37050
37057
37070
37072
37098
37105
37120
37139
37140
37187
37187
37190
37194
37205
37211
37237
37251
37252
37252
37255
37268
37275
37289
37289
37291
37292
37294
37305
37356
37367
37374
37383
37401
37407
37410
37412
37423
37424
37429
37446
37448
37451
37459
37465
37489
37494
37495
37496
37507
37522
37538
37539
37548
37559
37569
37570
37572
37589
37589
37599
37604
37614
37620
37664
37692
37694
37695
37701
37707
37743
37750
37750
37760
37765
37773
37777
37783
37785
37786
37817
37823
37823
37832
37834
37837
37841
37874
37885
37887
37892
37899
37899
37908
37922
37926
37940
37979
37980
38002
38022
38022
38029
38034
38034
38034
38037
38046
38064
38070
38107
38111
38128
38155
38182
38183
38191
38198
38203
38204
38219
38226
38226
38228
38230
38246
38280
38285
38286
38294
38321
38341
38355
38355
38375
38379
38416
38431
38432
38437
38439
38449
38451
38466
38481
38497
38507
38523
38527
38530
38531
38536
38537
38552
38553
38560
38609
38609
38609
38615
38618
38633
38636
38643
38663
38687
38702
38718
38733
38740
38741
38746
38754
38767
38776
38800
38812
38812
38839
38845
38845
38847
38851
38854
38858
38877
38885
38888
38894
38907
38926
38928
38934
38938
38941
38971
38982
38989
39001
39006
39009
39021
39038
39044
39054
39055
39064
39066
39070
39105
39142
39142
39145
39151
39155
39155
39156
39195
39207
39221
39222
39244
39254
39256
39264
39283
39284
39290
39306
39330
39336
39355
39360
39365
39373
39399
39418
39432
39437
39444
39445
39454
39456
39461
39470
39471
39488
39488
39508
39519
39524
39525
39534
39537
39541
39544
39545
39549
39563
39571
39579
39580
39591
39608
39611
39627
39638
39640
39673
39674
39688
39692
39696
39700
39710
39715
39719
39721
39732
39735
39743
39746
39755
39761
39762
39769
39781
39797
39798
39798
39808
39855
39866
39884
39890
39903
39907
39910
39911
39912
39921
39926
39934
39941
39964
39969
39972
39982
39984
40017
40023
40024
40036
40039
40075
40085
40091
40091
40100
40101
40105
40111
40114
40117
40130
40132
40135
40144
40158
40161
40173
40224
40233
40238
40240
40243
40249
40258
40266
40272
40273
40278
40278
40286
40291
40295
40299
40299
40312
40334
40337
40350
40400
40401
40411
40436
40437
40438
40450
40470
40491
40506
40515
40515
40528
40535
40542
40549
40555
40557
40560
40564
40569
40579
40593
40595
40600
40611
40612
40627
40644
40648
40653
40655
40671
40682
40683
40685
40691
40705
40707
40714
40721
40725
40728
40728
40744
40778
40786
40791
40796
40809
40821
40833
40833
40874
40875
40882
40884
40893
40917
40923
40931
40938
40942
40947
40947
40954
40983
40989
41007
41024
41032
41035
41035
41039
41050
41064
41078
41081
41095
41100
41107
41108
41114
41166
41189
41189
41198
41202
41218
41221
41230
41242
41247
41255
41281
41302
41308
41320
41345
41354
41361
41378
41379
41381
41387
41396
41399
41410
41410
41411
41426
41427
41429
41435
41479
41494
41518
41521
41554
41565
41589
41598
41613
41614
41634
41639
41652
41659
41669
41674
41680
41688
41698
41708
41730
41740
41765
41775
41781
41782
41787
41790
41800
41801
41803
41809
41828
41832
41836
41838
41841
41859
41881
41883
41885
41900
41907
41911
41914
41914
41919
41928
41939
41953
41963
41971
41974
41989
41995
42005
42006
42017
42021
42023
42073
42087
42089
42098
42117
42138
42138
42147
42153
42164
42182
42183
42186
42190
42197
42202
42225
42228
42230
42237
42256
42256
42256
42258
42265
42283
42308
42315
42316
42327
42364
42365
42375
42392
42397
42418
42419
42428
42456
42464
42468
42500
42509
42552
42560
42575
42583
42603
42603
42619
42625
42631
42645
42655
42658
42665
42670
42688
42694
42698
42709
42712
42749
42769
42776
42809
42809
42813
42841
42845
42865
42865
42875
42882
42903
42905
42905
42908
42926
42929
42939
42954
42986
42986
42988
42988
42993
43003
43007
43025
43032
43034
43047
43054
43075
43082
43088
43094
43095
43095
43098
43110
43112
43141
43151
43153
43166
43169
43176
43221
43222
43223
43238
43270
43276
43280
43282
43289
43289
43293
43319
43328
43339
43343
43354
43357
43361
43373
43379
43389
43424
43464
43500
43510
43520
43558
43593
43600
43605
43630
43648
43650
43655
43666
43671
43677
43683
43684
43687
43689
43695
43725
43742
43756
43761
43761
43772
43797
43799
43821
43822
43838
43850
43854
43858
43870
43875
43881
43885
43892
43892
43901
43910
43915
43936
43943
43950
43951
43962
43991
43999
44009
44015
44015
44020
44030
44048
44111
44116
44123
44128
44133
44155
44160
44167
44170
44173
44175
44205
44207
44209
44224
44246
44248
44254
44261
44283
44284
44295
44302
44318
44349
44368
44370
44392
44401
44402
44420
44439
44444
44470
44471
44480
44495
44509
44509
44522
44523
44532
44544
44551
44562
44590
44595
44609
44626
44641
44645
44650
44655
44668
44671
44675
44685
44696
44708
44733
44741
44749
44760
44769
44781
44785
44795
44806
44810
44862
44876
44882
44903
44916
44926
44930
44934
44940
44942
44946
44951
44957
44974
44983
44994
44999
45012
45014
45019
45025
45028
45048
45048
45077
45084
45091
45094
45099
45106
45114
45149
45149
45149
45157
45168
45174
45177
45180
45199
45217
45221
45230
45238
45243
45253
45258
45266
45268
45277
45287
45302
45326
45336
45358
45361
45370
45372
45375
45387
45392
45396
45399
45409
45424
45425
45455
45471
45485
45498
45532
45535
45538
45542
45547
45547
45549
45551
45566
45577
45606
45622
45628
45676
45681
45694
45696
45703
45704
45719
45721
45764
45772
45778
45795
45795
45799
45809
45821
45836
45837
45844
45881
45883
45900
45918
45947
45960
45963
45966
45977
45982
46000
46004
46008
46019
46022
46031
46050
46070
46071
46078
46078
46092
46101
46104
46104
46104
46109
46125
46147
46151
46163
46189
46195
46195
46204
46212
46217
46244
46252
46255
46257
46264
46266
46271
46272
46274
46291
46297
46299
46307
46308
46312
46313
46324
46324
46332
46338
46348
46366
46367
46419
46426
46436
46448
46454
46470
46477
46494
46500
46503
46511
46538
46546
46571
46573
46575
46578
46594
46603
46603
46622
46643
46646
46647
46652
46703
46705
46705
46718
46727
46735
46743
46749
46755
46766
46768
46789
46806
46837
46840
46845
46847
46853
46878
46898
46914
46950
46956
46957
46966
47017
47037
47056
47058
47059
47059
47066
47069
47075
47096
47118
47121
47121
47122
47138
47153
47158
47165
47193
47213
47227
47229
47231
47237
47246
47253
47258
47262
47267
47269
47274
47276
47284
47294
47324
47329
47330
47333
47383
47407
47417
47434
47450
47464
47465
47467
47483
47490
47513
47520
47522
47532
47545
47578
47586
47597
47602
47612
47617
47638
47643
47651
47663
47664
47665
47671
47725
47728
47732
47734
47737
47743
47743
47744
47747
47768
47797
47806
47813
47826
47837
47852
47856
47860
47869
47870
47871
47871
47882
47885
47895
47904
47908
47918
47927
47948
47953
47959
47961
47962
47965
47980
48003
48015
48018
48034
48036
48051
48066
48066
48075
48077
48077
48081
48082
48099
48133
48141
48150
48160
48177
48181
48195
48227
48230
48234
48253
48256
48268
48272
48274
48280
48285
48309
48317
48334
48340
48354
48366
48378
48381
48407
48408
48408
48418
48426
48427
48457
48478
48480
48480
48488
48519
48522
48556
48562
48567
48574
48577
48588
48599
48628
48655
48678
48682
48687
48700
48726
48726
48734
48737
48740
48759
48759
48772
48792
48797
48819
48819
48827
48841
48844
48845
48848
48857
48858
48876
48902
48915
48917
48929
48940
48946
48958
48964
48975
48976
48991
49001
49008
49033
49033
49054
49060
49069
49070
49071
49076
49076
49077
49093
49154
49160
49178
49191
49194
49202
49203
49205
49225
49227
49229
49230
49232
49238
49245
49272
49285
49293
49293
49293
49318
49320
49326
49331
49334
49343
49347
49356
49359
49363
49373
49393
49409
49452
49470
49470
49478
49479
49482
49487
49490
49493
49502
49517
49523
49525
49543
49561
49562
49563
49571
49572
49577
49580
49583
49619
49631
49654
49655
49668
49669
49669
49671
49671
49680
49688
49709
49717
49723
49747
49752
49763
49770
49798
49814
49816
49821
49828
49828
49832
49859
49865
49866
49868
49868
49869
49873
49878
49890
49893
49902
49904
49910
49930
49933
49947
50000
50006
50016
50050
50059
50074
50076
50091
50092
50196
50201
50214
50247
50252
50268
50277
50289
50291
50295
50300
50337
50346
50348
50355
50360
50366
50372
50372
50376
50386
50401
50417
50418
50419
50450
50453
50464
50466
50479
50486
50494
50509
50514
50522
50526
50530
50559
50566
50575
50581
50588
50588
50589
50592
50606
50615
50622
50624
50635
50643
50654
50662
50671
50674
50686
50698
50724
50733
50744
50750
50753
50759
50767
50768
50793
50819
50827
50834
50848
50848
50891
50907
50910
50914
50921
50932
50932
50951
50957
50984
50984
51001
51003
51008
51026
51030
51033
51047
51049
51056
51099
51104
51117
51128
51132
51136
51138
51142
51144
51149
51149
51153
51163
51172
51187
51187
51194
51198
51215
51230
51231
51238
51246
51255
51259
51268
51307
51308
51326
51332
51333
51347
51347
51350
51367
51381
51400
51404
51407
51410
51431
51437
51445
51450
51458
51473
51477
51478
51488
51504
51505
51507
51529
51536
51548
51568
51572
51582
51590
51599
51605
51618
51620
51621
51622
51658
51681
51690
51694
51718
51723
51733
51733
51735
51765
51779
51783
51785
51789
51809
51822
51826
51827
51828
51840
51845
51851
51852
51871
51876
51902
51907
51907
51916
51917
51919
51922
51924
51961
51963
51971
51975
52002
52028
52032
52038
52041
52063
52106
52107
52143
52151
52166
52169
52169
52173
52174
52206
52211
52231
52239
52256
52263
52264
52265
52271
52289
52291
52296
52298
52312
52318
52341
52366
52371
52373
52390
52401
52406
52432
52433
52433
52444
52459
52461
52462
52470
52473
52502
52509
52524
52532
52540
52556
52557
52560
52566
52582
52590
52595
52602
52604
52606
52606
52628
52634
52639
52642
52679
52701
52704
52712
52730
52733
52743
52754
52771
52773
52777
52802
52806
52816
52829
52838
52842
52863
52868
52912
52915
52919
52927
52938
52944
52947
52978
52978
52985
52992
53006
53024
53041
53047
53047
53051
53055
53062
53067
53072
53073
53084
53085
53102
53127
53129
53137
53141
53144
53186
53194
53199
53206
53220
53236
53255
53256
53256
53257
53267
53274
53286
53303
53334
53335
53338
53348
53349
53354
53367
53374
53383
53398
53429
53438
53444
53446
53460
53464
53476
53490
53491
53494
53495
53502
53510
53522
53543
53576
53595
53622
53630
53631
53632
53637
53645
53652
53662
53663
53676
53686
53710
53718
53720
53748
53752
53760
53764
53768
53769
53776
53779
53796
53802
53815
53825
53825
53829
53851
53852
53854
53854
53884
53889
53890
53895
53926
53926
53933
53939
53941
53950
53968
53984
53989
54005
54023
54036
54043
54047
54051
54058
54074
54074
54082
54098
54099
54102
54109
54115
54157
54164
54176
54182
54210
54217
54222
54230
54233
54235
54256
54262
54272
54316
54324
54330
54332
54335
54343
54345
54378
54383
54393
54415
54417
54421
54433
54453
54456
54461
54465
54466
54477
54480
54487
54521
54526
54527
54531
54544
54564
54566
54570
54583
54592
54616
54629
54642
54676
54689
54694
54699
54702
54709
54719
54757
54763
54764
54771
54772
54773
54776
54778
54791
54794
54813
54816
54827
54837
54858
54864
54878
54882
54892
54902
54905
54915
54949
54966
54966
54967
54971
54971
54973
55022
55025
55026
55034
55042
55076
55085
55087
55089
55121
55146
55161
55170
55237
55238
55241
55249
55251
55259
55318
55318
55342
55346
55373
55404
55419
55419
55421
55431
55469
55473
55474
55494
55496
55514
55515
55528
55537
55539
55541
55543
55552
55571
55575
55593
55604
55604
55606
55619
55621
55622
55624
55638
55639
55676
55681
55712
55735
55748
55748
55795
55804
55808
55810
55812
55820
55822
55829
55839
55854
55871
55872
55901
55907
55909
55917
55925
55930
55936
55941
55954
55962
55962
55967
55967
55981
55994
55994
56042
56043
56076
56093
56094
56101
56103
56109
56114
56122
56133
56143
56188
56209
56214
56215
56218
56231
56233
56247
56251
56253
56256
56258
56265
56276
56288
56289
56302
56305
56314
56322
56348
56362
56366
56370
56392
56409
56469
56475
56483
56500
56516
56520
56521
56536
56547
56550
56566
56570
56577
56587
56607
56611
56612
56612
56619
56619
56635
56647
56649
56650
56662
56677
56680
56694
56698
56701
56702
56716
56718
56720
56728
56731
56747
56750
56771
56780
56814
56814
56822
56822
56829
56841
56852
56875
56885
56889
56890
56901
56915
56918
56925
56941
56949
56962
56973
57001
57034
57040
57043
57056
57070
57075
57076
57077
57081
57083
57113
57121
57136
57141
57146
57174
57176
57178
57182
57186
57188
57196
57202
57216
57234
57243
57256
57268
57273
57285
57289
57332
57340
57341
57363
57392
57400
57413
57428
57428
57431
57440
57440
57442
57462
57470
57472
57476
57491
57501
57509
57511
57518
57520
57526
57526
57536
57548
57557
57577
57581
57589
57597
57609
57613
57622
57638
57642
57679
57681
57703
57705
57706
57717
57732
57742
57758
57772
57773
57774
57803
57835
57853
57857
57872
57873
57895
57898
57903
57926
57926
57928
57946
57956
57968
57991
58021
58037
58046
58050
58066
58067
58072
58094
58121
58123
58125
58144
58146
58159
58161
58165
58168
58175
58177
58216
58218
58219
58252
58256
58256
58262
58269
58271
58306
58333
58337
58343
58352
58354
58355
58356
58357
58357
58370
58382
58391
58396
58407
58410
58423
58438
58445
58449
58472
58474
58483
58483
58502
58505
58527
58538
58553
58556
58562
58566
58571
58580
58594
58601
58603
58609
58611
58614
58614
58624
58625
58635
58635
58647
58653
58657
58658
58663
58690
58696
58702
58707
58723
58726
58732
58735
58737
58744
58753
58754
58759
58766
58767
58769
58780
58781
58798
58812
58816
58819
58827
58833
58836
58837
58847
58853
58856
58857
58882
58890
58902
58913
58914
58920
58944
58968
58973
59051
59067
59084
59122
59138
59145
59149
59162
59171
59178
59220
59225
59235
59241
59282
59286
59286
59289
59294
59296
59299
59322
59328
59330
59337
59356
59382
59404
59414
59415
59434
59437
59441
59446
59451
59453
59453
59458
59469
59498
59500
59545
59549
59556
59558
59570
59579
59593
59608
59611
59611
59631
59635
59648
59659
59679
59681
59687
59739
59757
59769
59789
59810
59819
59830
59839
59841
59853
59855
59865
59885
59891
59892
59896
59910
59917
59945
59965
60011
60035
60050
60051
60054
60055
60058
60072
60079
60091
60100
60109
60126
60129
60130
60137
60146
60167
60198
60199
60206
60210
60234
60260
60261
60261
60263
60274
60276
60283
60289
60291
60301
60305
60319
60326
60328
60332
60337
60341
60342
60347
60358
60363
60365
60387
60389
60399
60412
60418
60425
60430
60449
60451
60466
60469
60475
60487
60493
60509
60510
60514
60516
60517
60521
60524
60531
60535
60540
60550
60578
60583
60588
60591
60610
60625
60632
60649
60651
60664
60686
60687
60696
60697
60710
60710
60712
60716
60726
60738
60738
60763
60783
60783
60786
60787
60790
60812
60816
60827
60848
60856
60875
60913
60915
60925
60929
60946
60947
60950
60958
60960
60977
60987
60994
60994
61005
61009
61019
61020
61038
61048
61052
61076
61078
61083
61115
61116
61118
61143
61155
61156
61182
61203
61225
61265
61273
61291
61291
61307
61309
61310
61336
61369
61383
61394
61401
61401
61403
61413
61418
61419
61422
61428
61428
61436
61438
61442
61450
61454
61455
61459
61474
61477
61479
61505
61508
61516
61537
61562
61573
61574
61580
61581
61584
61596
61599
61599
61609
61627
61630
61630
61637
61642
61651
61663
61681
61683
61706
61723
61754
61754
61780
61781
61786
61789
61798
61802
61807
61820
61823
61841
61898
61899
61901
61905
61918
61922
61945
61948
61971
61986
61990
61995
62006
62014
62020
62037
62045
62053
62061
62080
62081
62116
62124
62133
62156
62182
62182
62185
62198
62203
62237
62241
62242
62245
62260
62280
62293
62303
62305
62334
62355
62387
62401
62414
62447
62449
62451
62460
62465
62467
62472
62482
62485
62494
62498
62544
62549
62551
62560
62581
62583
62583
62590
62599
62629
62640
62641
62643
62645
62650
62661
62669
62671
62675
62695
62709
62721
62721
62730
62754
62756
62777
62789
62798
62800
62809
62831
62845
62861
62864
62873
62877
62896
62913
62917
62920
62922
62941
62972
62983
62986
63009
63012
63079
63081
63092
63105
63106
63123
63140
63146
63162
63189
63211
63222
63233
63289
63296
63313
63318
63323
63331
63367
63385
63398
63405
63421
63428
63432
63436
63448
63458
63468
63490
63492
63494
63516
63519
63519
63523
63532
63562
63577
63582
63592
63594
63599
63605
63613
63619
63642
63657
63658
63663
63692
63695
63701
63721
63732
63735
63744
63745
63776
63787
63804
63810
63811
63813
63841
63849
63856
63872
63887
63888
63890
63895
63913
63916
63921
63924
63934
63956
63957
63960
63962
63968
63992
63999
64002
64013
64020
64047
64048
64061
64092
64093
64106
64107
64111
64117
64128
64141
64150
64155
64157
64170
64172
64175
64178
64182
64190
64213
64229
64244
64253
64265
64273
64293
64296
64304
64312
64319
64332
64335
64345
64392
64392
64395
64395
64411
64415
64415
64417
64418
64428
64466
64470
64475
64487
64488
64509
64511
64534
64537
64544
64572
64572
64577
64585
64587
64594
64594
64602
64615
64622
64643
64645
64648
64665
64667
64668
64687
64687
64688
64708
64712
64738
64753
64777
64794
64795
64835
64843
64849
64878
64880
64882
64899
64914
64935
64937
64937
64942
64956
64970
65020
65025
65036
65040
65066
65068
65083
65092
65096
65107
65116
65121
65174
65174
65180
65186
65197
65198
65217
65218
65223
65231
65248
65249
65262
65264
65265
65288
65308
65317
65321
65325
65327
65355
65362
65362
65371
65372
65380
65386
65392
65399
65416
65425
65432
65434
65454
65475
65482
65499
65507
65512
65527
65536
65541
65548
65554
65556
65559
65581
65584
65625
65632
65633
65660
65660
65680
65705
65714
65715
65720
65746
65751
65753
65774
65777
65780
65786
65803
65811
65812
65816
65820
65825
65827
65828
65855
65864
65875
65890
65903
65910
65912
65924
65939
65940
65945
65950
65950
65989
65995
65999
66005
66078
66101
66114
66116
66120
66121
66145
66147
66149
66177
66178
66182
66203
66238
66244
66245
66248
66250
66258
66283
66288
66294
66318
66324
66343
66350
66354
66358
66375
66382
66387
66390
66402
66411
66445
66460
66466
66469
66481
66487
66487
66514
66516
66550
66558
66561
66563
66576
66588
66593
66594
66598
66608
66609
66613
66622
66644
66644
66664
66684
66691
66723
66727
66729
66751
66756
66761
66763
66769
66780
66780
66788
66796
66812
66814
66835
66835
66836
66854
66857
66862
66867
66877
66878
66891
66923
66936
66937
66937
66939
66941
66941
66946
66950
67002
67016
67038
67047
67055
67064
67069
67079
67080
67089
67090
67093
67096
67116
67126
67135
67149
67174
67183
67186
67220
67223
67225
67245
67253
67253
67256
67256
67262
67269
67285
67315
67337
67347
67363
67375
67382
67391
67396
67405
67423
67423
67427
67432
67454
67461
67461
67463
67476
67479
67482
67483
67484
67484
67488
67488
67492
67500
67506
67509
67531
67532
67541
67543
67545
67553
67559
67595
67595
67603
67605
67605
67609
67645
67647
67672
67678
67678
67680
67719
67721
67726
67728
67735
67767
67775
67782
67783
67793
67795
67795
67805
67816
67825
67830
67849
67866
67866
67880
67887
67891
67896
67899
67905
67906
67913
67922
67926
67949
67962
67985
67998
67999
68006
68038
68049
68050
68058
68065
68074
68076
68084
68093
68095
68126
68128
68132
68132
68142
68152
68160
68161
68164
68203
68264
68275
68282
68285
68290
68306
68330
68336
68338
68343
68351
68368
68373
68382
68384
68406
68435
68436
68455
68462
68463
68464
68473
68476
68485
68489
68500
68512
68528
68554
68560
68563
68587
68589
68597
68605
68621
68636
68652
68654
68675
68681
68700
68704
68705
68717
68719
68721
68729
68736
68745
68750
68751
68759
68761
68782
68787
68797
68800
68802
68805
68807
68807
68809
68811
68821
68828
68829
68834
68886
68893
68894
68902
68907
68919
68936
68947
68949
68950
68951
68954
68957
68962
68974
68989
69012
69014
69025
69036
69038
69044
69058
69060
69078
69089
69093
69094
69101
69111
69115
69118
69119
69126
69127
69131
69141
69146
69146
69149
69156
69163
69175
69177
69177
69184
69198
69212
69223
69236
69251
69258
69295
69303
69305
69305
69311
69322
69330
69331
69339
69341
69349
69349
69376
69387
69395
69401
69411
69411
69419
69428
69437
69442
69450
69459
69513
69521
69536
69539
69554
69564
69570
69575
69576
69579
69593
69595
69604
69611
69620
69627
69634
69659
69667
69668
69671
69672
69677
69694
69705
69714
69721
69732
69741
69743
69744
69748
69754
69769
69787
69787
69796
69801
69815
69818
69824
69847
69850
69856
69879
69885
69890
69898
69922
69930
69941
69955
69974
69975
69983
69992
69993
69998
70005
70009
70010
70072
70081
70084
70091
70096
70121
70126
70137
70144
70173
70177
70190
70210
70213
70219
70240
70250
70273
70277
70289
70321
70326
70346
70349
70362
70364
70383
70396
70420
70425
70443
70456
70463
70464
70464
70471
70489
70496
70503
70506
70507
70514
70516
70520
70537
70538
70554
70582
70599
70604
70608
70623
70646
70665
70669
70675
70676
70676
70676
70678
70684
70695
70696
70701
70704
70726
70734
70746
70754
70760
70769
70826
70827
70846
70851
70854
70860
70861
70873
70874
70875
70876
70881
70900
70921
70921
70933
70934
70953
70979
70980
70992
71008
71012
71038
71064
71072
71112
71124
71130
71140
71149
71168
71170
71177
71182
71184
71187
71204
71214
71217
71233
71240
71249
71268
71274
71277
71284
71294
71325
71335
71349
71351
71351
71362
71367
71380
71386
71396
71399
71414
71426
71428
71435
71436
71439
71470
71482
71485
71494
71500
71501
71501
71516
71517
71522
71530
71547
71600
71605
71608
71610
71611
71619
71622
71630
71648
71656
71662
71667
71695
71714
71724
71727
71736
71748
71748
71755
71756
71776
71780
71791
71794
71802
71806
71820
71822
71822
71825
71826
71831
71835
71842
71853
71854
71865
71867
71911
71916
71926
71949
71951
71986
71990
71991
71996
71997
72006
72017
72034
72044
72045
72048
72051
72104
72106
72127
72131
72141
72141
72150
72187
72197
72222
72232
72276
72277
72280
72283
72284
72295
72298
72315
72360
72366
72370
72382
72411
72418
72435
72440
72450
72453
72455
72468
72491
72497
72502
72528
72532
72536
72540
72541
72544
72546
72547
72553
72569
72574
72577
72593
72635
72636
72640
72650
72665
72673
72674
72695
72737
72751
72754
72774
72785
72803
72822
72832
72834
72858
72861
72870
72887
72892
72896
72929
72937
72946
72962
72985
72992
72996
72997
72998
73011
73011
73034
73040
73041
73047
73049
73055
73060
73070
73092
73095
73107
73117
73134
73136
73156
73161
73186
73188
73192
73211
73212
73227
73228
73256
73269
73302
73302
73306
73331
73336
73343
73347
73359
73371
73381
73381
73382
73408
73410
73411
73416
73427
73427
73429
73431
73447
73455
73475
73496
73499
73505
73537
73542
73545
73575
73576
73585
73589
73598
73607
73607
73639
73646
73651
73656
73663
73665
73668
73670
73692
73696
73698
73704
73725
73740
73744
73748
73753
73762
73778
73803
73804
73812
73816
73818
73831
73835
73847
73849
73857
73857
73859
73869
73870
73872
73882
73883
73887
73908
73910
73922
73928
73937
73939
73941
73949
73954
73955
73958
73995
74032
74042
74068
74069
74073
74078
74080
74081
74086
74107
74128
74142
74142
74174
74182
74184
74227
74228
74235
74251
74262
74268
74285
74288
74296
74312
74330
74337
74361
74370
74378
74386
74387
74388
74392
74396
74403
74410
74420
74421
74426
74440
74445
74454
74460
74469
74480
74496
74510
74527
74541
74546
74550
74551
74559
74567
74599
74602
74607
74615
74620
74621
74630
74633
74641
74659
74684
74708
74711
74740
74742
74745
74749
74813
74818
74836
74845
74847
74858
74873
74884
74908
74911
74917
74924
74926
74938
74964
74974
74974
74999
75012
75018
75066
75081
75090
75096
75100
75107
75108
75112
75113
75119
75149
75152
75161
75175
75186
75203
75209
75232
75245
75266
75274
75285
75313
75319
75358
75361
75363
75373
75379
75388
75418
75422
75431
75432
75438
75450
75450
75461
75483
75493
75494
75500
75511
75512
75519
75523
75529
75542
75550
75557
75574
75580
75584
75587
75604
75611
75613
75614
75622
75632
75661
75662
75665
75667
75667
75678
75694
75709
75712
75724
75757
75773
75798
75799
75808
75819
75825
75839
75843
75872
75881
75901
75914
75915
75924
75959
75976
75979
75980
76009
76012
76017
76019
76028
76040
76042
76054
76063
76069
76070
76070
76072
76073
76078
76081
76111
76114
76117
76128
76139
76149
76183
76185
76205
76221
76229
76230
76244
76247
76252
76255
76258
76274
76286
76289
76290
76295
76299
76304
76320
76342
76354
76374
76381
76381
76383
76383
76410
76417
76419
76422
76423
76435
76439
76454
76455
76466
76489
76507
76507
76513
76517
76523
76528
76538
76542
76550
76552
76561
76579
76579
76584
76585
76602
76602
76613
76616
76625
76626
76641
76663
76664
76665
76719
76720
76734
76762
76766
76769
76774
76786
76789
76793
76809
76814
76818
76851
76867
76903
76907
76917
76920
76956
76962
76965
76966
76972
76986
76994
77004
77025
77033
77036
77061
77062
77066
77091
77106
77119
77127
77131
77140
77152
77172
77179
77182
77201
77216
77217
77218
77234
77235
77246
77258
77271
77276
77288
77294
77307
77312
77317
77342
77359
77376
77393
77408
77450
77458
77458
77488
77493
77496
77520
77521
77537
77551
77576
77580
77617
77650
77650
77653
77688
77698
77727
77734
77746
77774
77777
77779
77792
77801
77805
77822
77825
77829
77840
77843
77844
77849
77863
77867
77868
77881
77884
77889
77899
77900
77905
77905
77926
77932
77936
77943
77964
77976
77982
77989
77996
78020
78025
78036
78048
78062
78062
78089
78102
78108
78122
78125
78137
78148
78180
78182
78188
78201
78214
78221
78223
78234
78239
78243
78244
78265
78265
78271
78289
78306
78312
78330
78338
78341
78341
78342
78363
78374
78395
78413
78420
78421
78422
78435
78445
78453
78470
78473
78474
78474
78490
78499
78501
78505
78506
78506
78521
78521
78527
78562
78566
78567
78571
78574
78578
78588
78601
78607
78607
78608
78629
78636
78637
78663
78665
78667
78697
78698
78698
78699
78709
78711
78711
78711
78718
78722
78727
78744
78752
78762
78766
78771
78800
78804
78816
78817
78820
78821
78826
78835
78836
78836
78839
78841
78844
78844
78855
78871
78877
78896
78905
78908
78910
78928
78929
78946
78948
78955
78972
79013
79033
79064
79074
79077
79079
79086
79120
79122
79143
79144
79168
79189
79206
79218
79220
79221
79226
79229
79235
79236
79247
79249
79250
79254
79254
79277
79281
79301
79303
79335
79361
79361
79378
79382
79388
79389
79410
79431
79435
79442
79455
79458
79463
79465
79466
79468
79496
79500
79522
79527
79528
79537
79546
79548
79582
79585
79587
79591
79598
79619
79621
79644
79646
79666
79677
79696
79708
79728
79734
79737
79738
79756
79758
79820
79825
79841
79873
79878
79883
79886
79889
79889
79895
79903
79904
79925
79957
79957
79968
79972
79979
79982
79985
80000
80011
80056
80067
80082
80095
80104
80108
80111
80146
80148
80154
80168
80174
80181
80200
80201
80250
80262
80278
80298
80304
80308
80320
80338
80340
80344
80345
80349
80350
80356
80359
80362
80383
80386
80404
80407
80413
80418
80420
80445
80450
80453
80454
80472
80480
80493
80522
80528
80544
80556
80565
80573
80576
80595
80607
80623
80631
80631
80636
80637
80644
80662
80676
80680
80701
80702
80711
80718
80722
80734
80734
80752
80758
80772
80775
80784
80789
80790
80798
80810
80823
80831
80840
80867
80890
80898
80902
80911
80916
80919
80936
80957
80973
80976
80978
80980
80991
80992
81009
81011
81022
81031
81034
81040
81063
81070
81071
81074
81090
81099
81112
81114
81125
81132
81135
81139
81145
81177
81182
81182
81190
81196
81206
81221
81230
81246
81246
81248
81253
81258
81263
81275
81302
81304
81344
81370
81385
81397
81399
81403
81405
81406
81410
81421
81471
81477
81485
81487
81517
81522
81558
81565
81565
81586
81592
81597
81598
81600
81631
81636
81645
81649
81657
81665
81667
81677
81687
81690
81691
81694
81709
81718
81725
81747
81757
81767
81771
81777
81780
81785
81794
81799
81844
81853
81869
81893
81898
81906
81907
81927
81929
81941
81961
81967
81972
81977
81977
81978
81981
81983
82000
82009
82009
82037
82037
82061
82065
82082
82084
82092
82099
82104
82111
82112
82125
82131
82145
82148
82161
82167
82174
82191
82196
82220
82220
82221
82226
82226
82226
82228
82240
82246
82252
82274
82284
82289
82295
82309
82313
82314
82315
82317
82318
82320
82331
82335
82339
82350
82352
82364
82369
82370
82380
82381
82433
82434
82438
82443
82447
82486
82492
82495
82501
82518
82524
82552
82565
82566
82568
82576
82594
82622
82625
82626
82647
82653
82656
82661
82668
82670
82679
82684
82686
82687
82690
82699
82704
82727
82728
82744
82744
82749
82766
82767
82767
82771
82786
82791
82807
82852
82853
82856
82891
82929
82939
82944
82958
82963
82968
82971
82981
82991
82992
83000
83001
83004
83021
83029
83031
83042
83064
83065
83073
83082
83083
83086
83092
83099
83126
83143
83145
83182
83183
83191
83195
83199
83209
83215
83221
83233
83244
83281
83289
83291
83308
83310
83312
83326
83338
83363
83377
83384
83394
83395
83401
83416
83427
83429
83441
83442
83445
83447
83453
83484
83500
83500
83505
83510
83511
83514
83519
83532
83562
83566
83570
83579
83584
83587
83593
83595
83614
83631
83641
83669
83671
83674
83681
83690
83692
83694
83700
83701
83709
83720
83735
83735
83738
83751
83786
83797
83804
83847
83863
83867
83893
83906
83921
83922
83924
83926
83936
83937
83957
83960
83963
83975
83985
83990
83994
84013
84014
84015
84016
84021
84042
84045
84046
84047
84053
84080
84096
84110
84114
84118
84124
84127
84134
84137
84151
84169
84176
84178
84179
84180
84183
84184
84203
84204
84214
84215
84215
84217
84223
84236
84241
84247
84261
84272
84273
84284
84288
84291
84293
84306
84313
84336
84360
84362
84365
84368
84374
84379
84388
84388
84412
84428
84430
84441
84443
84455
84458
84467
84469
84472
84478
84480
84490
84496
84510
84521
84530
84532
84551
84578
84587
84608
84620
84626
84639
84651
84656
84683
84687
84714
84748
84758
84763
84779
84794
84805
84806
84815
84821
84821
84825
84831
84834
84834
84834
84835
84842
84861
84864
84883
84905
84910
84940
84940
84943
84982
84986
84987
85019
85041
85042
85059
85081
85092
85098
85099
85107
85123
85125
85127
85138
85143
85168
85169
85183
85188
85200
85212
85231
85234
85236
85249
85253
85256
85258
85274
85288
85314
85318
85324
85341
85347
85356
85361
85371
85381
85398
85401
85403
85454
85460
85465
85466
85466
85486
85491
85505
85508
85517
85518
85605
85606
85620
85621
85624
85675
85696
85700
85702
85720
85724
85733
85746
85759
85765
85787
85795
85797
85803
85851
85852
85855
85890
85900
85901
85903
85914
85924
85929
85940
85964
85982
85998
86005
86011
86029
86048
86051
86055
86063
86070
86075
86076
86080
86084
86085
86095
86103
86110
86128
86131
86148
86152
86164
86184
86188
86192
86196
86213
86216
86228
86251
86251
86263
86264
86278
86285
86307
86322
86329
86348
86365
86396
86397
86398
86416
86424
86451
86492
86494
86541
86558
86563
86566
86613
86625
86627
86629
86629
86634
86658
86661
86680
86685
86689
86699
86711
86711
86714
86745
86746
86747
86749
86760
86767
86778
86784
86787
86805
86807
86842
86847
86861
86864
86864
86875
86875
86907
86908
86915
86985
87011
87029
87039
87048
87056
87056
87057
87059
87069
87087
87095
87103
87105
87109
87138
87141
87160
87164
87172
87174
87183
87196
87207
87230
87233
87244
87261
87265
87282
87285
87301
87306
87323
87329
87332
87343
87348
87366
87374
87381
87417
87433
87437
87458
87467
87474
87480
87540
87554
87572
87574
87575
87577
87594
87603
87604
87619
87626
87641
87654
87665
87669
87671
87688
87713
87731
87739
87754
87756
87767
87773
87787
87799
87808
87824
87849
87875
87885
87887
87892
87899
87909
87914
87924
87927
87934
87953
87958
87963
87964
87968
87979
87982
87985
87988
87993
88000
88005
88011
88019
88034
88041
88081
88089
88102
88108
88112
88115
88118
88130
88143
88164
88167
88211
88214
88246
88252
88255
88263
88268
88272
88322
88323
88324
88325
88327
88338
88352
88358
88362
88363
88376
88380
88385
88388
88398
88408
88421
88432
88435
88455
88461
88467
88467
88491
88498
88504
88507
88515
88537
88539
88540
88567
88579
88588
88594
88603
88610
88615
88619
88623
88643
88652
88653
88660
88671
88683
88707
88729
88735
88738
88738
88740
88743
88765
88771
88771
88773
88775
88796
88801
88803
88804
88807
88815
88815
88834
88836
88837
88861
88863
88867
88885
88887
88905
88912
88916
88919
88924
88925
88931
88932
88932
88935
88940
88942
88959
88969
88970
88975
88990
88998
89011
89031
89031
89054
89060
89063
89075
89086
89101
89102
89107
89145
89164
89186
89202
89220
89227
89233
89240
89253
89262
89262
89265
89282
89286
89297
89299
89300
89307
89311
89322
89329
89341
89354
89356
89359
89368
89377
89387
89422
89433
89440
89450
89460
89466
89467
89468
89503
89525
89535
89549
89565
89576
89584
89589
89604
89629
89633
89648
89657
89676
89678
89707
89708
89733
89742
89750
89759
89796
6938
48641
55772
24079
17596
20303
756
51368
64437
76935
89670
50845
83503
34250
87434
33301
55730
4203
30367
4352
33864
32643
18221
37927
95419
15652
88749
25403
9241
20338
44530
16179
85331
16655
56611
2927
36958
57367
70647
17747
34302
76670
68593
34158
10920
56027
83811
66650
60230
14178
87354
10446
46822
21928
48373
58593
37580
53475
83996
63174
73813
44879
79353
75497
61534
35964
78424
14844
93331
65424
32592
43986
42094
1185
94496
53014
57212
78307
36016
33794
8837
23370
44240
55659
61650
8965
14252
15583
62440
14601
78757
52606
59480
58110
28103
21014
94075
22879
35858
3758
88303
84802
64096
30397
85987
74944
83411
59551
53251
19427
93345
62089
59150
37585
34100
37152
62903
64705
52735
25343
79306
31492
77949
55138
5955
22404
92504
16382
45284
44714
20140
49939
29517
589
80337
15504
75533
80100
91408
45137
15880
84753
23578
91382
38691
74030
28534
1594
38735
81270
43289
34393
29114
37591
89531
35069
59995
82035
51451
21631
26750
87944
71571
56267
4885
68260
88123
96770
64712
79531
41907
80592
80637
81837
71974
19328
55868
16861
37274
10955
98131
96915
45349
43597
34506
34880
78667
10854
16916
46470
48837
60018
34414
36760
16285
39299
5020
20760
52422
69733
292
94329
66677
80929
92519
55004
16609
48387
71865
70235
59342
86348
83502
21043
29945
34361
55924
24964
45215
89192
71435
10404
65562
22201
47165
81847
77853
68537
18959
30275
38270
19251
40956
21300
16532
33475
76304
33141
98214
48169
19728
73909
34517
3231
94952
80814
37592
67228
5779
99159
56420
93566
9563
21982
15767
56728
20181
9972
25266
39141
40247
79888
74744
97556
17540
91277
31031
93844
40770
45598
42013
60499
19507
92882
80082
30811
73697
17674
98040
79476
33185
70812
73042
42748
9147
5161
15829
45680
15134
57447
84821
71733
53687
75918
69289
71228
67195
16673
65072
24317
78623
23438
1168
98130
16320
81250
45293
6369
15276
43333
85845
64813
30498
75239
7562
39645
96753
39743
85325
28239
97190
86499
99972
50877
62417
69262
38457
45964
2287
3530
70281
80910
43320
87802
95392
59640
85404
40685
82362
17033
371
68207
81846
30869
59799
89408
86866
72904
45503
88543
1143
42693
75042
1115
9923
53811
86729
48380
99775
5368
68262
86409
86278
11582
74211
81670
87575
75967
38708
69937
93000
55431
54496
74847
2652
30647
80607
89518
3551
26111
78061
4694
85156
69456
22162
95079
23267
8891
59812
39395
14260
28074
25804
16890
56009
16367
14913
43584
92334
53621
29873
1687
25404
84369
76534
28056
31369
73493
33926
34920
15956
11987
55967
1113
97795
78129
96192
21063
87020
56004
60458
17632
431
2614
34523
56440
35333
49436
24
27667
19409
46249
45706
44813
46970
38592
72869
78339
12086
6795
29612
28042
35134
85579
29155
49282
63708
41700
70345
67080
14056
47155
84713
14487
49769
35588
70927
1454
85024
87303
29121
4433
49904
91180
49246
96875
29772
38467
75214
41858
61614
21178
86253
13100
6757
15408
62382
86817
73460
49079
53898
87517
96234
54963
18356
62355
90551
5636
63809
75575
9291
9283
96360
59196
463
61958
56071
30235
425
47637
88446
78391
68816
74699
91491
91925
6459
53874
78743
79920
2953
32641
83789
15540
87604
2145
77895
78155
7781
58057
70082
33425
67340
66442
92621
84155
28400
48692
30742
45177
12681
19188
23568
97849
10239
31411
89775
16699
1637
68518
12971
4591
17511
13112
36483
5115
15257
30730
99622
39391
88787
86056
72816
72479
52498
81789
56634
97250
46833
87377
58779
59514
22917
98699
73716
33157
30110
63491
66208
31748
32009
95531
52691
49520
8643
89174
70987
40252
19904
86961
95995
25044
73017
85163
97523
41867
66952
54158
39117
13785
57887
97896
89652
97156
12947
63368
46665
43057
43211
12873
91157
75220
8404
60200
41092
33399
65726
28431
73652
85631
15392
69647
27027
4761
54811
24550
46628
38115
95060
85745
68253
69299
99993
57905
66456
12940
37625
13121
72349
80836
42347
79859
72408
67103
40059
29852
503
5786
58283
74155
7769
90027
60154
34796
94788
31317
59346
57768
85785
70759
59865
54038
40058
59858
28295
22866
89150
65920
35988
77851
63108
94687
57710
35516
61790
97770
65368
62293
3556
40003
52800
11325
46382
29307
62473
41170
76976
38171
98938
62761
8930
75155
16799
65341
35013
45094
88207
40515
27366
40547
34718
90474
35234
92429
25990
13377
6551
7710
75670
10107
47713
44823
37784
10447
74130
16609
51617
51106
54780
66907
30220
63711
42062
47019
45404
93427
92114
33611
50294
35832
90511
85013
26307
25745
77442
68649
39122
83993
76360
31145
10452
40425
92320
64588
50873
66450
81197
18842
33908
52329
2102
64128
16040
60516
27500
61444
70296
35966
11408
20590
71798
1919
5603
98105
44016
99397
83107
99491
99742
75819
46988
26546
16244
39308
7486
83469
22110
5035
18664
72370
57365
37118
52851
89757
97634
80351
67554
67930
16317
78962
88521
4467
97233
10476
18925
57601
26226
2032
57092
42320
77851
4080
68867
10447
59740
76353
10269
81850
81389
28933
70573
55106
66051
23424
44863
80037
3775
12417
47968
36444
91379
52841
40911
4964
79669
59836
62566
22247
78220
19658
64568
56071
40091
33435
66519
16183
26140
93140
14386
23881
22073
84959
78987
4476
8383
23851
865
28510
52620
48833
64954
60352
18026
22217
65316
14048
98406
27882
36295
76626
63893
863
32698
20336
50650
15569
52871
93143
25061
67257
17024
63486
52216
12364
67962
60599
52567
68827
89109
5187
34013
70415
65539
68391
92633
47208
98791
7391
91442
35087
84017
71687
52302
33067
92023
19305
64988
61247
12448
90049
28504
45824
53535
80721
74540
37849
57672
27107
23029
63134
32295
73394
33549
14186
41785
42534
61394
40577
49925
69189
92016
50295
40876
60670
83362
49252
96327
64703
10499
25127
71104
39003
87304
24640
19724
61844
78841
93749
88952
1870
56883
37599
75264
6784
68137
33402
49319
29532
90331
15596
98721
98699
65891
55949
59369
65606
5201
72049
46661
15700
97176
17765
71056
84480
42405
90780
62677
21247
881
51629
39469
57764
5580
14734
64549
73717
48136
30220
19601
54819
45816
34674
53518
28060
90624
29239
10018
95825
1288
56679
27878
14817
90796
98934
15649
49554
6066
78326
70801
6948
46307
26622
81064
51887
57708
45613
25605
22196
75833
61558
