0
3
5
7
19
25
63
67
68
73
74
85
85
88
92
94
119
124
126
136
147
154
192
209
218
218
226
244
255
255
257
267
275
275
279
281
284
284
292
303
315
325
339
346
347
358
391
395
410
410
410
411
423
423
456
460
460
464
474
497
501
506
523
530
548
551
564
569
573
574
576
581
592
593
601
602
602
606
607
607
609
611
621
628
633
642
642
649
659
669
671
672
675
675
690
690
706
718
727
730
739
743
785
793
800
805
810
819
822
830
833
845
850
859
860
864
866
872
889
890
894
897
910
911
913
913
915
918
920
930
932
957
960
963
971
973
977
987
990
993
996
1000
1002
1004
1008
1011
1011
1016
1024
1025
1027
1028
1036
1036
1037
1052
1055
1060
1073
1074
1103
1109
1111
1111
1122
1133
1138
1159
1161
1162
1164
1172
1178
1182
1205
1218
1218
1223
1223
1234
1236
1237
1237
1238
1246
1255
1268
1269
1285
1287
1292
1293
1297
1308
1311
1312
1318
1327
1331
1339
1346
1357
1365
1366
1372
1373
1387
1390
1391
1391
1392
1410
1421
1433
1441
1444
1445
1448
1469
1470
1484
1484
1500
1504
1508
1513
1515
1518
1520
1522
1524
1529
1544
1561
1562
1567
1568
1569
1575
1581
1586
1595
1602
1614
1614
1615
1620
1623
1627
1648
1665
1673
1675
1686
1690
1697
1698
1701
1703
1704
1711
1712
1716
1718
1719
1720
1733
1733
1734
1742
1750
1773
1785
1792
1797
1810
1820
1820
1823
1827
1850
1854
1871
1875
1878
1881
1887
1890
1893
1904
1911
1919
1938
1940
1940
1941
1941
1945
1949
1952
1960
1963
1971
1978
1979
1981
1983
1984
1988
1992
2004
2008
2010
2012
2017
2024
2029
2034
2039
2052
2054
2062
2068
2073
2077
2078
2079
2081
2085
2090
2091
2092
2093
2094
2109
2111
2112
2118
2123
2124
2148
2152
2153
2163
2169
2170
2176
2184
2185
2186
2189
2190
2190
2192
2197
2198
2206
2234
2238
2240
2243
2265
2270
2277
2282
2287
2287
2291
2318
2326
2339
2346
2351
2358
2364
2369
2370
2371
2373
2374
2374
2395
2414
2423
2426
2433
2442
2442
2444
2445
2451
2453
2454
2472
2484
2488
2501
2517
2522
2530
2531
2546
2554
2555
2555
2558
2558
2587
2603
2608
2610
2612
2623
2631
2641
2645
2654
2668
2681
2707
2709
2714
2714
2717
2728
2731
2738
2767
2772
2778
2786
2790
2797
2799
2801
2809
2810
2825
2825
2826
2828
2830
2831
2834
2836
2838
2841
2844
2847
2854
2855
2860
2862
2872
2875
2875
2876
2885
2885
2889
2893
2893
2896
2911
2918
2929
2947
2957
2965
2967
2969
2971
2972
2978
2992
3004
3016
3033
3034
3039
3044
3066
3066
3080
3087
3092
3101
3103
3139
3143
3161
3169
3170
3175
3176
3193
3208
3229
3237
3240
3251
3282
3283
3285
3288
3289
3290
3294
3302
3317
3318
3319
3337
3338
3342
3342
3359
3360
3364
3366
3372
3374
3400
3400
3403
3406
3408
3412
3422
3422
3432
3437
3447
3448
3453
3455
3458
3472
3473
3480
3495
3496
3508
3509
3511
3513
3514
3519
3523
3531
3539
3542
3543
3549
3551
3563
3572
3575
3577
3583
3592
3599
3614
3615
3634
3635
3641
3645
3672
3689
3690
3697
3702
3706
3718
3731
3739
3768
3774
3775
3790
3795
3804
3808
3811
3813
3813
3830
3842
3852
3861
3865
3872
3876
3886
3895
3908
3910
3912
3915
3922
3940
3955
3965
3982
3986
3993
3997
4008
4013
4017
4021
4023
4025
4042
4049
4064
4068
4071
4075
4090
4099
4130
4132
4135
4153
4155
4157
4161
4173
4175
4176
4193
4221
4228
4229
4239
4240
4242
4242
4249
4250
4255
4257
4262
4272
4277
4290
4323
4334
4337
4343
4347
4348
4350
4356
4356
4362
4375
4381
4388
4389
4391
4398
4401
4405
4408
4411
4425
4425
4437
4449
4453
4460
4469
4482
4485
4488
4491
4491
4497
4498
4508
4511
4518
4518
4519
4531
4533
4534
4545
4545
4552
4555
4556
4560
4569
4603
4608
4623
4630
4644
4651
4654
4655
4656
4658
4681
4685
4688
4698
4705
4707
4716
4720
4728
4732
4732
4746
4747
4748
4752
4764
4766
4766
4775
4799
4807
4808
4812
4814
4815
4816
4817
4828
4830
4831
4854
4865
4871
4875
4887
4895
4922
4925
4930
4931
4946
4953
4965
4967
4970
4973
4979
4991
4992
4996
4996
5000
5006
5013
5036
5055
5059
5065
5073
5075
5076
5081
5101
5103
5109
5110
5115
5129
5145
5146
5165
5168
5178
5178
5188
5201
5205
5213
5223
5229
5232
5278
5282
5283
5292
5294
5300
5309
5311
5314
5327
5328
5342
5347
5349
5356
5357
5359
5365
5376
5383
5386
5388
5395
5395
5402
5421
5421
5425
5438
5439
5454
5463
5472
5510
5513
5518
5528
5543
5543
5543
5555
5558
5565
5570
5573
5581
5583
5590
5593
5597
5598
5601
5625
5631
5639
5646
5653
5658
5667
5669
5672
5674
5674
5684
5685
5686
5688
5690
5693
5712
5720
5721
5731
5738
5740
5771
5773
5783
5784
5801
5812
5813
5819
5840
5852
5854
5858
5895
5895
5896
5908
5911
5919
5922
5923
5928
5941
5947
5961
5972
5974
6000
6010
6015
6017
6020
6030
6030
6040
6042
6043
6050
6058
6060
6062
6068
6078
6078
6079
6087
6091
6095
6098
6103
6107
6108
6118
6122
6132
6136
6144
6145
6147
6173
6190
6191
6194
6210
6211
6211
6217
6219
6233
6235
6247
6251
6251
6273
6280
6291
6293
6294
6303
6305
6318
6320
6321
6331
6334
6337
6338
6367
6369
6386
6389
6393
6404
6408
6410
6421
6453
6465
6479
6479
6481
6492
6500
6520
6524
6525
6532
6533
6545
6548
6550
6608
6617
6618
6628
6635
6643
6648
6651
6674
6680
6686
6688
6692
6703
6706
6712
6718
6718
6719
6729
6738
6740
6749
6753
6756
6757
6758
6773
6774
6777
6789
6792
6799
6802
6804
6805
6810
6812
6816
6834
6837
6839
6841
6844
6850
6872
6878
6880
6884
6889
6892
6895
6900
6901
6906
6908
6926
6929
6944
6962
6963
6964
6965
6977
6979
6992
6996
7006
7017
7020
7063
7070
7081
7084
7098
7123
7124
7126
7131
7132
7137
7140
7143
7147
7152
7156
7162
7168
7183
7183
7186
7193
7198
7199
7209
7214
7215
7216
7218
7219
7234
7238
7243
7245
7247
7252
7257
7270
7273
7289
7295
7298
7306
7317
7327
7329
7334
7345
7351
7367
7371
7377
7403
7404
7423
7423
7424
7425
7440
7452
7457
7462
7477
7498
7502
7503
7503
7508
7510
7518
7520
7521
7522
7523
7536
7544
7548
7550
7553
7555
7555
7558
7559
7571
7576
7578
7584
7584
7589
7595
7603
7612
7616
7618
7619
7622
7624
7625
7632
7636
7650
7652
7654
7663
7666
7671
7675
7677
7683
7686
7689
7705
7711
7740
7741
7756
7760
7771
7775
7776
7779
7786
7786
7801
7802
7805
7810
7816
7817
7819
7821
7823
7833
7835
7836
7850
7860
7886
7889
7890
7895
7899
7914
7937
7958
7959
7964
7974
7979
7985
7990
7993
8003
8017
8025
8031
8036
8037
8052
8065
8073
8087
8088
8088
8090
8091
8095
8096
8098
8105
8118
8119
8122
8129
8147
8150
8155
8157
8175
8181
8183
8185
8187
8188
8196
8210
8218
8219
8225
8257
8262
8272
8276
8278
8283
8285
8291
8294
8307
8311
8314
8317
8323
8324
8327
8328
8331
8334
8345
8349
8353
8363
8365
8368
8373
8379
8386
8389
8407
8414
8416
8420
8435
8442
8469
8469
8474
8482
8486
8493
8500
8526
8552
8560
8567
8576
8579
8583
8589
8590
8602
8605
8612
8622
8630
8645
8646
8654
8670
8674
8677
8687
8700
8700
8702
8704
8707
8716
8721
8725
8727
8733
8748
8749
8754
8772
8773
8773
8780
8798
8801
8807
8810
8812
8822
8837
8840
8843
8845
8847
8848
8859
8861
8865
8867
8900
8904
8917
8921
8921
8926
8938
8941
8942
8943
8946
8949
8958
8969
8972
8982
8982
8982
8992
9000
9009
9011
9014
9023
9026
9028
9049
9050
9053
9057
9060
9062
9066
9074
9075
9090
9097
9108
9109
9117
9143
9152
9184
9193
9210
9210
9221
9230
9232
9235
9237
9240
9240
9260
9261
9261
9265
9272
9272
9292
9293
9295
9297
9333
9334
9335
9339
9354
9363
9372
9388
9389
9403
9425
9427
9436
9445
9448
9463
9476
9485
9509
9510
9511
9515
9519
9523
9525
9527
9549
9552
9563
9575
9576
9581
9593
9603
9620
9624
9629
9633
9639
9655
9656
9671
9674
9674
9676
9687
9697
9702
9702
9709
9711
9717
9733
9734
9737
9750
9770
9772
9784
9792
9800
9807
9811
9820
9820
9825
9837
9839
9840
9841
9842
9844
9849
9865
9875
9875
9887
9889
9896
9898
9905
9906
9906
9911
9926
9942
9947
9964
9970
9971
9985
9997
10012
10017
10019
10019
10025
10026
10027
10028
10032
10046
10049
10049
10055
10057
10057
10061
10067
10094
10098
10100
10124
10124
10125
10141
10141
10144
10147
10148
10148
10152
10157
10158
10164
10169
10183
10184
10191
10195
10203
10205
10215
10240
10241
10243
10243
10245
10258
10261
10265
10272
10277
10283
10284
10286
10287
10317
10320
10328
10332
10339
10343
10345
10352
10357
10358
10365
10366
10366
10367
10368
10371
10372
10372
10375
10383
10401
10408
10410
10420
10422
10437
10440
10445
10448
10458
10462
10474
10478
10480
10480
10483
10503
10507
10535
10535
10536
10537
10545
10556
10557
10559
10569
10570
10576
10580
10594
10600
10608
10620
10623
10630
10643
10644
10647
10647
10649
10680
10681
10683
10686
10688
10691
10694
10698
10703
10710
10715
10717
10733
10742
10746
10748
10755
10760
10767
10773
10775
10792
10794
10798
10802
10802
10811
10813
10814
10818
10819
10820
10825
10827
10834
10850
10855
10880
10883
10887
10890
10891
10893
10894
10905
10909
10909
10910
10932
10933
10947
10950
10956
10967
10972
10977
10981
10984
10985
10991
10993
11003
11016
11017
11017
11020
11031
11034
11035
11039
11042
11064
11071
11076
11076
11077
11078
11083
11107
11107
11125
11128
11130
11142
11152
11162
11171
11173
11174
11176
11186
11199
11204
11209
11212
11216
11235
11238
11242
11242
11254
11265
11266
11293
11305
11308
11318
11320
11323
11327
11327
11329
11329
11332
11349
11351
11352
11359
11369
11376
11387
11387
11388
11394
11394
11397
11398
11399
11402
11416
11422
11428
11432
11436
11436
11437
11440
11443
11452
11453
11463
11467
11482
11495
11497
11513
11520
11542
11542
11548
11555
11572
11576
11581
11594
11596
11601
11615
11627
11632
11643
11650
11650
11651
11652
11656
11657
11662
11665
11667
11679
11687
11697
11705
11713
11725
11728
11729
11732
11740
11741
11748
11756
11757
11761
11776
11779
11788
11790
11794
11800
11803
11810
11814
11816
11817
11820
11844
11851
11851
11852
11861
11870
11878
11897
11898
11903
11909
11912
11928
11931
11933
11937
11947
11947
11947
11948
11965
11965
11968
11970
11975
11980
11980
11987
11996
12004
12006
12009
12013
12015
12037
12040
12042
12061
12064
12080
12083
12092
12100
12102
12106
12119
12120
12123
12125
12128
12146
12146
12165
12174
12178
12179
12180
12182
12233
12234
12238
12238
12244
12244
12246
12247
12257
12265
12267
12268
12275
12276
12281
12283
12288
12292
12309
12323
12324
12328
12332
12343
12344
12344
12346
12347
12366
12375
12383
12390
12409
12426
12428
12432
12432
12442
12457
12459
12470
12472
12482
12485
12491
12499
12500
12507
12511
12532
12538
12550
12559
12564
12565
12572
12581
12598
12603
12603
12611
12614
12619
12623
12624
12632
12650
12653
12662
12682
12687
12696
12700
12701
12709
12722
12727
12783
12788
12790
12802
12808
12811
12812
12813
12816
12818
12840
12841
12847
12853
12853
12860
12868
12880
12883
12884
12887
12891
12904
12909
12919
12923
12924
12952
12971
12972
12976
12979
12989
13000
13012
13019
13022
13023
13025
13043
13064
13065
13068
13072
13081
13088
13090
13105
13109
13115
13135
13135
13149
13153
13159
13166
13167
13176
13177
13181
13184
13190
13191
13198
13204
13216
13232
13235
13249
13255
13256
13265
13275
13276
13280
13288
13293
13295
13304
13309
13314
13324
13346
13359
13360
13363
13365
13372
13373
13376
13376
13379
13395
13396
13407
13413
13420
13422
13427
13434
13434
13437
13445
13452
13456
13472
13484
13486
13491
13502
13516
13518
13523
13544
13552
13560
13562
13568
13573
13583
13585
13590
13597
13602
13606
13616
13642
13642
13660
13667
13677
13679
13689
13692
13694
13695
13699
13702
13704
13710
13722
13724
13728
13735
13736
13736
13751
13756
13757
13757
13768
13771
13773
13774
13778
13778
13780
13781
13784
13799
13809
13813
13819
13819
13832
13833
13866
13868
13871
13875
13880
13881
13883
13883
13885
13887
13888
13893
13894
13939
13947
13947
13950
13950
13954
13962
13974
13976
13993
14014
14017
14031
14032
14039
14048
14048
14049
14053
14057
14059
14061
14068
14081
14091
14106
14106
14128
14133
14136
14136
14140
14143
14148
14149
14162
14163
14173
14182
14186
14190
14193
14200
14201
14208
14210
14215
14219
14237
14239
14241
14243
14252
14266
14301
14301
14306
14310
14312
14312
14322
14335
14343
14349
14356
14370
14388
14399
14414
14431
14438
14444
14451
14460
14469
14470
14470
14472
14479
14479
14484
14499
14516
14518
14536
14546
14546
14548
14549
14552
14563
14568
14573
14579
14580
14581
14589
14593
14601
14607
14618
14621
14622
14634
14651
14653
14666
14679
14681
14681
14683
14684
14691
14693
14703
14703
14707
14709
14714
14729
14737
14762
14764
14768
14773
14773
14806
14814
14817
14829
14838
14848
14858
14858
14862
14874
14877
14880
14886
14886
14898
14905
14915
14918
14925
14935
14941
14949
14952
14952
14957
14964
14966
14967
14975
15002
15006
15007
15007
15027
15029
15033
15041
15046
15047
15057
15061
15066
15072
15073
15075
15080
15085
15093
15097
15106
15108
15114
15116
15126
15127
15132
15137
15154
15157
15164
15167
15195
15201
15214
15232
15244
15252
15263
15268
15280
15288
15298
15300
15300
15304
15304
15306
15319
15325
15332
15339
15340
15343
15350
15381
15394
15398
15400
15413
15424
15442
15449
15454
15458
15461
15468
15488
15502
15505
15509
15517
15530
15532
15536
15537
15538
15540
15543
15548
15550
15552
15553
15553
15554
15554
15560
15566
15567
15574
15582
15589
15595
15605
15607
15611
15614
15615
15616
15629
15631
15638
15638
15642
15643
15647
15647
15654
15657
15658
15659
15665
15666
15674
15675
15684
15696
15701
15708
15708
15715
15721
15725
15729
15738
15744
15751
15759
15762
15763
15768
15768
15781
15782
15788
15789
15795
15802
15804
15805
15808
15812
15816
15823
15824
15835
15840
15845
15851
15874
15886
15889
15895
15909
15915
15922
15925
15925
15927
15942
15952
15957
15978
15982
16000
16009
16015
16020
16030
16046
16050
16051
16065
16071
16071
16074
16080
16103
16111
16124
16129
16137
16142
16149
16152
16154
16155
16157
16178
16185
16186
16201
16204
16224
16242
16243
16245
16245
16292
16296
16297
16300
16302
16309
16311
16312
16314
16327
16330
16334
16341
16343
16344
16347
16348
16352
16353
16355
16359
16370
16377
16382
16383
16390
16391
16400
16402
16406
16417
16421
16449
16451
16474
16476
16476
16495
16502
16503
16504
16506
16513
16518
16522
16527
16535
16537
16539
16540
16547
16556
16567
16568
16568
16573
16577
16582
16584
16584
16589
16596
16596
16600
16616
16621
16631
16633
16637
16640
16641
16646
16660
16670
16672
16694
16699
16704
16710
16715
16721
16735
16745
16752
16761
16763
16765
16766
16771
16777
16778
16779
16782
16784
16790
16790
16806
16812
16820
16827
16839
16848
16865
16866
16887
16888
16908
16908
16918
16926
16936
16939
16945
16945
16946
16948
16954
16957
16958
16964
16976
16984
16990
17004
17013
17022
17032
17036
17042
17054
17065
17076
17081
17082
17090
17106
17107
17111
17120
17121
17124
17135
17140
17141
17147
17150
17165
17179
17179
17191
17204
17217
17225
17229
17229
17240
17242
17248
17252
17255
17263
17277
17278
17301
17306
17306
17316
17316
17321
17329
17329
17334
17337
17342
17359
17369
17370
17379
17398
17405
17407
17427
17429
17433
17434
17440
17447
17453
17455
17472
17472
17477
17486
17496
17507
17510
17511
17528
17529
17530
17542
17545
17547
17561
17567
17574
17579
17583
17583
17585
17591
17592
17594
17597
17615
17637
17641
17654
17661
17676
17682
17688
17689
17698
17703
17703
17713
17719
17730
17732
17735
17739
17742
17752
17754
17766
17771
17777
17790
17797
17797
17810
17824
17828
17828
17829
17829
17830
17831
17832
17834
17844
17852
17882
17884
17896
17902
17905
17905
17908
17910
17910
17914
17921
17921
17926
17932
17941
17943
17944
17945
17956
17959
17966
17973
17975
17984
17985
17987
17988
18006
18008
18019
18022
18023
18030
18039
18048
18061
18067
18072
18074
18077
18089
18091
18100
18110
18120
18124
18128
18132
18135
18139
18143
18150
18155
18157
18165
18176
18182
18205
18210
18224
18233
18243
18263
18275
18282
18290
18298
18301
18303
18310
18346
18348
18353
18358
18359
18362
18365
18370
18377
18384
18393
18397
18397
18398
18404
18412
18415
18428
18436
18437
18443
18443
18446
18449
18450
18458
18459
18463
18473
18475
18481
18484
18487
18488
18493
18494
18505
18512
18515
18518
18518
18530
18532
18547
18554
18555
18556
18561
18569
18585
18611
18625
18646
18651
18655
18659
18666
18667
18670
18682
18685
18686
18687
18693
18701
18706
18707
18713
18735
18737
18753
18755
18765
18769
18772
18778
18785
18791
18793
18799
18799
18802
18813
18816
18829
18851
18852
18857
18868
18878
18879
18887
18902
18904
18915
18921
18926
18933
18933
18933
18934
18943
18972
18978
18984
18989
18991
18995
18995
19003
19012
19018
19039
19050
19051
19067
19068
19069
19073
19075
19082
19085
19101
19103
19115
19121
19125
19136
19143
19145
19146
19151
19163
19171
19173
19181
19192
19194
19194
19195
19223
19229
19244
19247
19278
19281
19289
19290
19298
19303
19314
19320
19324
19337
19340
19355
19360
19366
19367
19368
19379
19382
19384
19386
19402
19402
19405
19416
19418
19418
19420
19420
19423
19427
19430
19431
19432
19442
19447
19461
19462
19473
19491
19502
19502
19529
19530
19534
19549
19552
19554
19555
19559
19561
19564
19571
19585
19590
19591
19596
19615
19623
19649
19664
19670
19672
19680
19683
19698
19699
19707
19712
19715
19717
19718
19734
19744
19754
19763
19768
19779
19779
19779
19781
19782
19793
19809
19812
19824
19827
19829
19833
19836
19836
19840
19862
19876
19876
19880
19881
19907
19912
19921
19922
19923
19929
19932
19934
19936
19936
19938
19941
19943
19952
19961
19967
19976
20000
20013
20013
20026
20029
20030
20033
20034
20045
20046
20047
20047
20055
20063
20078
20078
20078
20079
20080
20080
20085
20087
20087
20088
20090
20091
20120
20124
20148
20160
20161
20172
20180
20190
20196
20205
20214
20215
20220
20221
20227
20233
20243
20265
20265
20276
20291
20298
20309
20325
20325
20342
20345
20373
20380
20403
20418
20425
20427
20432
20434
20444
20447
20455
20465
20472
20477
20483
20492
20497
20500
20501
20512
20512
20519
20523
20525
20531
20545
20546
20552
20552
20562
20568
20569
20570
20602
20609
20619
20622
20628
20630
20641
20642
20654
20663
20667
20685
20693
20700
20713
20716
20718
20721
20728
20730
20752
20761
20762
20762
20774
20789
20792
20800
20816
20822
20825
20830
20832
20835
20836
20840
20855
20858
20861
20861
20889
20894
20898
20910
20921
20927
20928
20938
20943
20943
20943
20960
20963
20975
20977
21000
21002
21015
21017
21020
21024
21039
21042
21046
21050
21057
21057
21060
21066
21073
21081
21081
21087
21089
21097
21103
21107
21110
21118
21144
21158
21165
21168
21176
21177
21190
21198
21200
21200
21203
21226
21228
21250
21260
21281
21292
21293
21308
21313
21315
21348
21356
21358
21364
21367
21368
21377
21377
21386
21393
21402
21405
21409
21413
21413
21414
21416
21424
21425
21438
21447
21469
21470
21475
21476
21477
21480
21491
21493
21499
21520
21523
21533
21547
21551
21551
21557
21562
21562
21565
21574
21575
21576
21582
21599
21603
21612
21616
21625
21639
21643
21646
21651
21660
21669
21672
21680
21686
21695
21697
21701
21712
21713
21719
21730
21733
21743
21745
21746
21748
21755
21758
21765
21771
21772
21779
21788
21789
21797
21824
21826
21831
21842
21861
21861
21875
21888
21890
21901
21905
21921
21946
21946
21958
21964
21971
21988
21992
21993
21994
22008
22009
22024
22033
22035
22040
22041
22056
22089
22097
22111
22119
22119
22130
22139
22139
22147
22148
22153
22154
22167
22171
22177
22197
22197
22200
22203
22215
22228
22232
22238
22240
22243
22243
22245
22247
22258
22259
22268
22296
22297
22300
22301
22309
22317
22327
22329
22334
22355
22361
22365
22373
22377
22380
22382
22429
22432
22436
22446
22457
22476
22480
22494
22501
22508
22516
22518
22529
22538
22545
22551
22556
22559
22571
22571
22572
22575
22577
22581
22594
22606
22611
22621
22631
22635
22652
22657
22661
22670
22690
22702
22705
22717
22730
22740
22744
22748
22749
22749
22751
22756
22762
22770
22773
22782
22785
22792
22793
22810
22815
22817
22818
22820
22822
22824
22829
22832
22838
22842
22849
22850
22863
22865
22865
22876
22884
22885
22889
22890
22893
22902
22903
22903
22909
22915
22949
22960
22963
22967
22979
22980
22986
22993
22996
23000
23006
23016
23024
23032
23035
23049
23052
23057
23062
23065
23066
23087
23087
23091
23092
23104
23108
23115
23119
23120
23121
23124
23136
23139
23156
23157
23158
23178
23182
23187
23189
23190
23190
23194
23195
23197
23197
23200
23200
23203
23209
23229
23242
23244
23256
23263
23276
23277
23278
23297
23302
23303
23309
23319
23336
23342
23349
23350
23356
23356
23356
23358
23363
23372
23373
23374
23375
23396
23399
23405
23408
23427
23431
23452
23452
23454
23467
23474
23475
23477
23483
23484
23488
23496
23498
23498
23500
23507
23509
23509
23530
23532
23534
23534
23539
23554
23556
23579
23604
23612
23614
23625
23626
23628
23644
23650
23652
23654
23660
23663
23666
23677
23680
23685
23686
23686
23708
23709
23719
23740
23747
23753
23759
23762
23765
23771
23775
23788
23803
23803
23804
23808
23808
23808
23813
23814
23819
23824
23856
23866
23869
23871
23873
23882
23887
23893
23894
23895
23898
23904
23912
23916
23920
23921
23922
23941
23942
23943
23951
23960
23964
23981
23985
23992
24001
24003
24010
24011
24014
24038
24042
24046
24052
24053
24054
24072
24081
24085
24091
24101
24104
24104
24113
24116
24132
24133
24137
24137
24142
24143
24146
24155
24157
24160
24162
24164
24168
24179
24187
24204
24204
24211
24216
24226
24231
24231
24237
24237
24239
24245
24245
24250
24255
24267
24268
24272
24274
24287
24290
24299
24301
24308
24320
24327
24333
24341
24341
24351
24355
24358
24362
24365
24387
24391
24393
24394
24401
24403
24403
24408
24416
24419
24421
24435
24436
24438
24451
24453
24482
24505
24520
24525
24530
24536
24538
24548
24551
24552
24554
24586
24592
24598
24606
24608
24610
24641
24644
24652
24676
24685
24689
24691
24699
24702
24705
24706
24724
24727
24737
24755
24769
24770
24770
24780
24781
24782
24783
24784
24785
24789
24793
24794
24820
24824
24830
24831
24831
24846
24848
24867
24867
24872
24874
24876
24884
24886
24890
24901
24907
24911
24936
24946
24955
24956
24958
24961
24965
24982
24991
24999
25009
25010
25012
25017
25026
25028
25056
25084
25091
25097
25098
25103
25119
25119
25129
25133
25133
25165
25170
25174
25188
25190
25191
25202
25205
25213
25215
25231
25241
25243
25249
25252
25283
25285
25300
25311
25318
25319
25321
25327
25341
25354
25354
25367
25374
25385
25392
25403
25420
25424
25432
25434
25437
25444
25456
25457
25460
25465
25469
25470
25484
25488
25495
25497
25503
25508
25526
25535
25536
25538
25540
25550
25556
25561
25566
25574
25583
25588
25590
25612
25624
25625
25629
25632
25633
25635
25645
25654
25661
25675
25685
25703
25727
25727
25732
25734
25741
25749
25749
25754
25755
25756
25773
25776
25782
25786
25791
25798
25802
25806
25818
25828
25839
25841
25842
25853
25865
25873
25889
25906
25908
25909
25912
25918
25935
25938
25972
25973
25973
25982
25991
25996
25998
25999
26003
26009
26010
26011
26020
26034
26045
26046
26094
26117
26120
26128
26145
26145
26146
26149
26152
26154
26158
26161
26166
26174
26181
26186
26193
26212
26235
26247
26257
26268
26284
26286
26287
26290
26297
26310
26313
26318
26321
26323
26357
26359
26363
26363
26365
26370
26372
26373
26374
26383
26401
26404
26406
26407
26408
26408
26408
26409
26412
26427
26431
26452
26469
26471
26471
26481
26483
26484
26489
26499
26503
26508
26511
26513
26513
26516
26517
26532
26536
26544
26545
26546
26552
26558
26559
26565
26568
26569
26572
26573
26575
26580
26595
26599
26607
26611
26620
26624
26636
26638
26643
26665
26667
26669
26680
26687
26687
26688
26691
26693
26697
26705
26711
26729
26732
26735
26761
26763
26768
26776
26777
26839
26865
26874
26875
26879
26884
26888
26888
26891
26892
26893
26894
26914
26917
26920
26968
26977
26985
26993
26995
26995
27009
27013
27023
27036
27041
27046
27054
27059
27069
27074
27089
27089
27091
27095
27098
27106
27108
27109
27123
27133
27141
27149
27150
27156
27156
27158
27158
27173
27175
27187
27191
27202
27206
27212
27213
27251
27254
27258
27259
27263
27263
27263
27268
27271
27274
27279
27281
27295
27305
27317
27325
27329
27331
27337
27346
27347
27352
27366
27374
27382
27384
27386
27387
27389
27390
27390
27402
27421
27425
27426
27427
27428
27439
27440
27440
27449
27471
27477
27481
27482
27485
27488
27501
27504
27509
27511
27512
27520
27520
27521
27524
27526
27529
27532
27534
27537
27550
27555
27561
27564
27567
27569
27573
27582
27600
27617
27628
27628
27629
27631
27634
27652
27668
27670
27681
27688
27694
27696
27699
27701
27701
27706
27707
27716
27719
27725
27732
27733
27741
27742
27751
27753
27754
27755
27758
27768
27769
27770
27778
27780
27790
27799
27801
27802
27811
27814
27827
27836
27850
27870
27873
27889
27898
27899
27926
27945
27955
27958
27974
27993
27994
27995
27998
27999
28003
28008
28024
28026
28028
28029
28044
28047
28050
28061
28067
28067
28080
28085
28089
28089
28093
28118
28121
28124
28125
28127
28133
28137
28138
28162
28165
28168
28174
28189
28191
28193
28219
28220
28252
28254
28260
28260
28270
28272
28273
28283
28283
28294
28301
28312
28312
28316
28351
28388
28389
28393
28397
28405
28413
28416
28416
28417
28419
28429
28430
28434
28442
28443
28444
28444
28449
28450
28453
28465
28468
28469
28469
28479
28492
28496
28516
28520
28536
28538
28593
28596
28598
28647
28649
28657
28669
28688
28690
28696
28706
28714
28739
28743
28752
28773
28785
28785
28786
28791
28799
28805
28812
28818
28825
28831
28836
28839
28850
28873
28875
28876
28886
28893
28897
28900
28902
28910
28920
28929
28931
28934
28938
28950
28953
28964
28964
28974
28975
28984
28986
28990
28996
29003
29010
29017
29019
29019
29023
29028
29029
29031
29038
29046
29048
29053
29059
29059
29063
29063
29066
29075
29076
29083
29083
29094
29095
29095
29104
29108
29124
29124
29129
29135
29147
29148
29159
29167
29168
29176
29179
29180
29184
29184
29188
29189
29191
29201
29224
29227
29229
29233
29243
29248
29248
29251
29256
29261
29262
29271
29280
29292
29296
29312
29322
29323
29325
29337
29338
29343
29344
29347
29350
29352
29354
29359
29361
29379
29385
29386
29396
29399
29404
29406
29412
29414
29416
29418
29418
29422
29424
29433
29439
29448
29452
29460
29462
29473
29507
29517
29520
29525
29536
29538
29545
29546
29558
29582
29589
29595
29597
29605
29608
29609
29610
29627
29635
29635
29641
29644
29649
29658
29659
29665
29669
29676
29692
29699
29700
29719
29739
29743
29745
29751
29754
29766
29775
29780
29785
29795
29809
29811
29836
29845
29852
29859
29862
29865
29867
29900
29901
29915
29915
29920
29925
29934
29941
29955
29968
29986
29986
29991
29994
29997
30000
30005
30007
30008
30008
30009
30013
30014
30023
30041
30047
30048
30057
30082
30082
30084
30100
30107
30107
30112
30115
30123
30140
30142
30151
30152
30158
30168
30168
30172
30174
30175
30179
30181
30182
30189
30191
30192
30198
30202
30203
30209
30248
30250
30307
30317
30329
30336
30344
30346
30356
30374
30377
30377
30381
30384
30386
30386
30389
30418
30423
30424
30431
30438
30447
30465
30468
30475
30480
30480
30490
30495
30499
30501
30503
30508
30509
30514
30526
30530
30536
30540
30552
30573
30574
30588
30591
30600
30603
30607
30607
30622
30631
30632
30640
30659
30659
30669
30669
30672
30678
30679
30689
30701
30702
30704
30705
30710
30714
30719
30730
30734
30745
30746
30746
30756
30759
30766
30776
30779
30787
30797
30800
30805
30810
30815
30819
30823
30824
30829
30830
30833
30834
30837
30849
30854
30855
30876
30883
30894
30899
30921
30922
30923
30924
30934
30940
30943
30953
30970
30973
30978
30979
30990
30994
31004
31007
31014
31019
31024
31028
31030
31040
31046
31051
31056
31064
31064
31066
31066
31068
31070
31072
31079
31084
31087
31098
31113
31115
31129
31130
31131
31134
31134
31135
31139
31145
31157
31159
31170
31174
31177
31184
31185
31191
31196
31202
31218
31226
31228
31231
31235
31260
31266
31276
31277
31279
31295
31298
31306
31334
31336
31345
31352
31359
31370
31380
31390
31406
31423
31435
31458
31463
31463
31483
31494
31505
31518
31522
31523
31527
31530
31536
31536
31563
31590
31591
31592
31592
31593
31600
31604
31624
31643
31643
31660
31669
31683
31685
31688
31692
31712
31721
31732
31753
31764
31775
31778
31783
31786
31817
31820
31827
31829
31829
31836
31867
31883
31885
31896
31915
31920
31923
31929
31931
31940
31941
31945
31948
31962
31964
31964
31965
31967
31968
31983
31983
31984
31993
31994
32009
32016
32019
32028
32032
32043
32047
32048
32054
32066
32068
32076
32090
32090
32112
32135
32150
32152
32152
32153
32165
32176
32193
32195
32222
32248
32248
32256
32264
32267
32268
32289
32309
32311
32324
32325
32326
32329
32332
32346
32348
32348
32349
32352
32352
32357
32364
32369
32381
32404
32405
32412
32417
32419
32440
32443
32449
32465
32485
32486
32491
32494
32503
32504
32513
32527
32531
32537
32551
32557
32576
32584
32594
32596
32610
32616
32619
32642
32658
32682
32684
32690
32691
32692
32703
32705
32727
32732
32735
32741
32742
32744
32760
32763
32765
32773
32785
32797
32800
32805
32810
32812
32834
32838
32841
32846
32846
32856
32865
32870
32873
32876
32891
32898
32900
32908
32913
32922
32936
32947
32955
32982
32984
32995
32996
33001
33003
33014
33019
33019
33020
33021
33021
33029
33032
33037
33038
33040
33049
33050
33067
33069
33073
33085
33094
33095
33108
33109
33116
33127
33163
33164
33188
33189
33194
33202
33209
33217
33235
33236
33241
33248
33266
33271
33275
33276
33276
33279
33280
33282
33282
33285
33319
33320
33330
33332
33338
33352
33363
33372
33377
33391
33394
33396
33397
33397
33398
33401
33412
33413
33426
33440
33445
33452
33457
33470
33476
33476
33477
33485
33486
33487
33489
33496
33497
33501
33504
33511
33518
33534
33538
33554
33556
33569
33591
33595
33609
33619
33620
33621
33622
33625
33625
33629
33630
33661
33664
33664
33671
33672
33673
33693
33696
33708
33733
33734
33744
33744
33745
33749
33751
33756
33759
33763
33772
33777
33784
33792
33794
33796
33801
33813
33815
33824
33825
33830
33839
33847
33854
33857
33859
33860
33863
33865
33866
33875
33896
33900
33903
33913
33914
33917
33919
33922
33923
33934
33950
33953
33957
33958
33965
33979
33990
33990
33995
34008
34008
34011
34019
34023
34025
34037
34038
34044
34061
34071
34076
34100
34102
34121
34142
34157
34159
34167
34173
34175
34181
34189
34192
34197
34203
34206
34213
34216
34233
34236
34236
34263
34274
34274
34285
34313
34313
34313
34319
34328
34328
34336
34339
34343
34345
34363
34379
34384
34391
34395
34405
34410
34419
34427
34429
34430
34439
34442
34445
34485
34494
34497
34501
34503
34511
34527
34527
34531
34535
34549
34557
34560
34565
34565
34585
34588
34588
34589
34596
34602
34604
34614
34616
34633
34636
34639
34640
34644
34648
34666
34666
34669
34672
34674
34674
34676
34677
34682
34683
34694
34698
34706
34740
34747
34750
34755
34760
34771
34773
34773
34773
34774
34774
34777
34791
34797
34797
34806
34808
34812
34816
34824
34824
34832
34832
34850
34855
34857
34858
34859
34868
34879
34889
34898
34903
34912
34914
34922
34938
34943
34946
34951
34955
34970
34972
34985
34995
34998
35001
35015
35018
35020
35029
35038
35040
35041
35050
35054
35055
35056
35058
35059
35062
35074
35074
35076
35081
35083
35090
35091
35091
35093
35094
35094
35099
35102
35108
35110
35128
35132
35148
35149
35158
35159
35167
35178
35180
35200
35202
35205
35211
35211
35220
35222
35228
35236
35248
35260
35265
35304
35310
35314
35318
35323
35325
35330
35333
35337
35339
35343
35354
35356
35361
35369
35370
35372
35377
35378
35381
35388
35398
35400
35435
35436
35441
35445
35459
35459
35460
35462
35463
35470
35470
35482
35484
35485
35490
35492
35492
35492
35495
35496
35498
35504
35505
35508
35510
35513
35513
35517
35517
35522
35528
35541
35546
35550
35557
35562
35578
35581
35581
35588
35589
35591
35597
35612
35613
35614
35615
35619
35619
35624
35654
35657
35657
35665
35685
35698
35703
35707
35715
35722
35724
35733
35734
35747
35753
35754
35762
35781
35824
35828
35844
35847
35853
35872
35881
35883
35885
35888
35890
35906
35916
35919
35942
35946
35949
35955
35958
35968
35976
35978
35979
35984
35986
35987
35987
35989
35990
35994
35995
36007
36010
36010
36012
36013
36015
36025
36031
36043
36050
36053
36069
36076
36082
36088
36092
36094
36105
36105
36107
36114
36118
36141
36142
36166
36172
36174
36174
36178
36180
36182
36183
36190
36202
36203
36207
36213
36213
36218
36219
36222
36224
36233
36236
36240
36240
36254
36261
36263
36264
36283
36286
36298
36302
36312
36320
36329
36331
36332
36333
36335
36338
36341
36350
36366
36378
36388
36396
36402
36409
36413
36428
36430
36435
36435
36442
36442
36448
36451
36456
36457
36465
36472
36477
36489
36493
36493
36498
36499
36506
36514
36515
36515
36517
36524
36525
36532
36537
36538
36557
36557
36558
36560
36577
36578
36578
36585
36591
36604
36606
36612
36613
36627
36645
36648
36648
36653
36653
36654
36664
36667
36677
36681
36683
36689
36710
36717
36722
36724
36741
36760
36761
36770
36777
36779
36781
36783
36786
36796
36810
36822
36826
36827
36831
36833
36834
36847
36855
36860
36868
36887
36899
36900
36903
36906
36910
36911
36914
36917
36940
36941
36942
36943
36947
36956
36957
36964
36967
36970
36972
36973
36979
36992
37002
37004
37013
37015
37023
37026
37031
37031
37052
37059
37061
37064
37075
37079
37094
37101
37103
37103
37104
37107
37109
37113
37119
37131
37136
37143
37147
37149
37154
37154
37158
37164
37169
37170
37184
37184
37189
37198
37203
37229
37236
37242
37246
37248
37248
37250
37254
37259
37272
37276
37276
37280
37280
37291
37305
37305
37305
37343
37358
37362
37367
37380
37389
37394
37398
37400
37407
37413
37426
37450
37453
37456
37483
37488
37499
37500
37504
37507
37510
37517
37520
37535
37538
37540
37547
37558
37559
37563
37564
37568
37569
37573
37579
37579
37588
37615
37619
37626
37627
37649
37659
37669
37674
37689
37693
37695
37703
37705
37707
37709
37710
37728
37746
37753
37772
37784
37792
37793
37796
37804
37805
37816
37817
37823
37827
37829
37848
37855
37865
37872
37880
37891
37898
37898
37900
37923
37926
37934
37938
37939
37946
37953
37960
37964
37975
37993
37999
38006
38009
38035
38062
38067
38068
38073
38076
38119
38123
38128
38129
38137
38138
38141
38147
38154
38154
38156
38166
38176
38183
38192
38205
38212
38222
38228
38232
38234
38236
38239
38241
38246
38246
38246
38249
38277
38282
38302
38311
38328
38332
38334
38335
38342
38347
38353
38355
38361
38364
38375
38383
38404
38411
38419
38433
38436
38444
38445
38448
38452
38452
38454
38454
38458
38473
38487
38490
38496
38501
38507
38523
38531
38532
38547
38549
38552
38557
38561
38571
38592
38600
38602
38609
38609
38610
38610
38611
38612
38617
38624
38630
38635
38638
38638
38639
38658
38663
38671
38682
38683
38688
38696
38702
38704
38717
38722
38727
38731
38732
38732
38738
38738
38741
38741
38745
38755
38757
38762
38779
38783
38793
38795
38797
38810
38818
38824
38833
38848
38857
38858
38862
38894
38894
38896
38916
38921
38930
38939
38945
38947
38949
38951
38952
38966
38978
38982
38985
38992
39002
39008
39008
39010
39011
39011
39025
39029
39039
39044
39047
39054
39077
39082
39099
39125
39136
39140
39146
39160
39163
39167
39167
39173
39174
39200
39202
39217
39218
39239
39247
39252
39265
39267
39269
39277
39283
39289
39289
39290
39294
39299
39299
39302
39308
39308
39322
39323
39343
39360
39365
39369
39375
39375
39381
39382
39385
39401
39414
39436
39438
39442
39449
39453
39461
39464
39477
39482
39485
39488
39494
39496
39497
39500
39507
39512
39517
39518
39520
39527
39530
39537
39550
39560
39563
39570
39573
39581
39594
39599
39599
39637
39662
39666
39679
39681
39686
39708
39709
39720
39738
39740
39743
39747
39748
39761
39765
39766
39778
39788
39794
39813
39815
39815
39839
39854
39855
39858
39878
39884
39885
39890
39901
39909
39916
39917
39935
39938
39939
39940
40003
40009
40020
40024
40034
40051
40055
40063
40063
40068
40068
40082
40084
40104
40111
40116
40121
40123
40130
40135
40142
40147
40148
40162
40165
40175
40201
40203
40206
40207
40225
40227
40236
40238
40239
40241
40252
40257
40258
40259
40284
40286
40288
40297
40313
40313
40314
40326
40326
40329
40336
40336
40350
40353
40354
40361
40365
40370
40380
40393
40395
40404
40415
40416
40421
40427
40437
40439
40443
40451
40456
40464
40470
40491
40499
40516
40523
40527
40535
40536
40544
40550
40553
40557
40561
40564
40571
40575
40577
40589
40593
40593
40593
40606
40611
40613
40619
40634
40636
40638
40642
40647
40649
40657
40660
40666
40684
40686
40694
40699
40699
40700
40701
40711
40718
40719
40724
40731
40739
40744
40746
40747
40757
40765
40778
40778
40788
40790
40800
40802
40825
40826
40831
40836
40841
40844
40846
40847
40850
40855
40857
40862
40864
40870
40878
40884
40884
40895
40908
40913
40919
40932
40937
40957
40963
40972
40974
40980
41009
41019
41020
41028
41040
41072
41072
41077
41081
41082
41087
41096
41105
41114
41116
41116
41116
41128
41134
41136
41142
41152
41154
41154
41159
41159
41161
41166
41175
41175
41176
41178
41187
41205
41211
41212
41219
41228
41230
41253
41256
41259
41272
41285
41290
41293
41300
41300
41304
41311
41312
41324
41333
41336
41337
41337
41344
41353
41357
41365
41365
41369
41382
41386
41391
41409
41410
41419
41433
41441
41448
41452
41478
41480
41490
41495
41501
41504
41507
41509
41510
41516
41539
41546
41550
41565
41568
41569
41576
41586
41587
41610
41610
41616
41622
41625
41630
41641
41645
41653
41668
41671
41677
41681
41683
41693
41704
41706
41709
41709
41718
41721
41726
41739
41746
41753
41758
41762
41765
41779
41792
41799
41801
41803
41821
41828
41844
41845
41853
41856
41870
41871
41878
41892
41896
41902
41904
41905
41909
41913
41919
41928
41928
41928
41929
41930
41949
41950
41954
41964
41968
42018
42021
42026
42030
42058
42064
42073
42104
42108
42119
42122
42138
42139
42154
42157
42162
42176
42193
42195
42204
42206
42214
42215
42225
42229
42232
42238
42264
42268
42278
42281
42284
42291
42294
42305
42305
42307
42311
42312
42314
42318
42322
42323
42325
42327
42333
42352
42357
42363
42367
42372
42383
42402
42422
42434
42435
42442
42447
42449
42452
42458
42461
42465
42465
42470
42478
42494
42495
42506
42507
42513
42518
42529
42531
42541
42543
42549
42552
42563
42565
42590
42595
42595
42598
42602
42602
42603
42605
42609
42610
42630
42631
42645
42646
42649
42654
42672
42683
42693
42701
42708
42740
42778
42804
42813
42822
42827
42831
42834
42835
42855
42857
42875
42879
42883
42890
42892
42893
42895
42896
42913
42916
42918
42923
42924
42924
42932
42938
42941
42941
42947
42969
42994
43009
43012
43018
43019
43022
43022
43023
43024
43026
43040
43055
43078
43086
43098
43133
43138
43146
43149
43149
43151
43158
43159
43165
43184
43188
43190
43194
43194
43197
43197
43198
43205
43209
43213
43217
43219
43219
43221
43231
43263
43293
43313
43320
43324
43332
43342
43357
43359
43361
43368
43370
43371
43375
43377
43385
43387
43388
43388
43394
43406
43420
43422
43422
43461
43462
43470
43472
43484
43484
43485
43490
43504
43534
43541
43543
43545
43548
43553
43559
43563
43587
43592
43597
43599
43599
43605
43606
43632
43633
43638
43653
43655
43658
43659
43684
43685
43710
43715
43716
43721
43723
43724
43736
43751
43757
43762
43764
43764
43765
43768
43776
43781
43785
43793
43800
43800
43812
43817
43818
43820
43822
43838
43841
43848
43860
43870
43875
43876
43892
43895
43898
43911
43914
43922
43926
43926
43927
43941
43942
43944
43953
43998
43999
44008
44011
44032
44039
44045
44045
44051
44051
44069
44070
44082
44097
44097
44125
44125
44126
44128
44128
44136
44142
44144
44147
44150
44155
44165
44171
44193
44198
44200
44205
44207
44221
44225
44239
44241
44253
44257
44276
44276
44283
44298
44326
44330
44342
44342
44342
44344
44356
44362
44370
44371
44372
44388
44388
44392
44393
44406
44436
44444
44449
44457
44467
44480
44484
44492
44502
44505
44507
44511
44516
44519
44527
44535
44541
44547
44550
44556
44562
44571
44577
44579
44591
44600
44610
44611
44612
44617
44623
44629
44638
44648
44649
44658
44660
44663
44673
44678
44681
44688
44709
44711
44714
44722
44743
44745
44752
44757
44787
44789
44794
44795
44802
44807
44826
44828
44829
44834
44839
44845
44849
44857
44860
44864
44869
44878
44889
44897
44907
44908
44914
44917
44931
44933
44946
44957
44962
44974
44976
44987
45000
45006
45011
45011
45016
45016
45027
45031
45034
45037
45040
45049
45059
45071
45077
45087
45088
45097
45099
45099
45102
45102
45113
45114
45116
45121
45128
45131
45140
45147
45156
45163
45176
45179
45200
45219
45225
45226
45238
45242
45247
45247
45262
45267
45270
45283
45297
45302
45309
45311
45314
45319
45325
45326
45336
45342
45350
45359
45361
45362
45363
45364
45366
45370
45373
45373
45373
45389
45394
45395
45406
45425
45429
45434
45435
45442
45457
45467
45469
45470
45484
45500
45504
45506
45508
45519
45522
45523
45525
45528
45533
45540
45545
45551
45557
45559
45562
45570
45575
45580
45581
45588
45588
45598
45603
45605
45614
45620
45628
45634
45643
45643
45657
45659
45707
45707
45708
45709
45714
45714
45715
45720
45724
45733
45748
45777
45788
45793
45794
45794
45802
45823
45825
45829
45835
45866
45872
45879
45907
45911
45918
45928
45929
45930
45934
45935
45939
45942
45945
45948
45950
45971
45974
45980
45980
45987
45999
46002
46005
46013
46014
46029
46032
46046
46046
46049
46055
46080
46082
46083
46085
46092
46102
46111
46114
46117
46122
46131
46139
46146
46150
46160
46171
46171
46172
46177
46191
46192
46200
46200
46209
46222
46225
46228
46236
46246
46249
46257
46260
46261
46261
46264
46270
46289
46291
46308
46311
46316
46325
46332
46346
46347
46363
46375
46381
46383
46384
46385
46405
46419
46423
46447
46465
46482
46502
46523
46548
46553
46570
46572
46574
46576
46589
46593
46596
46600
46602
46608
46614
46616
46625
46629
46632
46636
46643
46645
46645
46647
46648
46654
46656
46665
46666
46671
46675
46682
46685
46685
46689
46705
46708
46732
46742
46742
46743
46745
46745
46746
46748
46749
46753
46758
46759
46760
46779
46783
46793
46797
46813
46815
46817
46835
46835
46847
46848
46865
46870
46872
46878
46879
46882
46883
46892
46910
46915
46925
46927
46945
46965
46969
46977
46978
46983
46992
46995
46995
46999
47000
47020
47024
47033
47057
47060
47071
47074
47080
47105
47117
47118
47125
47133
47140
47152
47152
47164
47167
47174
47198
47209
47211
47224
47230
47233
47236
47238
47245
47246
47246
47248
47251
47254
47263
47269
47270
47282
47285
47287
47292
47300
47301
47310
47313
47330
47342
47363
47366
47373
47381
47387
47393
47394
47400
47400
47417
47423
47431
47434
47445
47448
47451
47464
47467
47469
47482
47484
47492
47497
47503
47510
47511
47520
47539
47539
47544
47558
47573
47577
47585
47593
47593
47593
47599
47600
47605
47605
47606
47609
47616
47619
47621
47629
47640
47645
47647
47650
47659
47686
47688
47688
47690
47699
47705
47705
47707
47715
47718
47722
47727
47733
47733
47734
47736
47741
47742
47751
47752
47763
47772
47772
47778
47786
47787
47790
47790
47794
47804
47805
47812
47816
47820
47826
47840
47844
47847
47851
47852
47853
47863
47865
47877
47882
47888
47895
47898
47899
47904
47918
47928
47930
47931
47937
47945
47950
47950
47954
47960
47965
47970
47983
47984
47989
47999
48001
48001
48002
48005
48006
48008
48016
48019
48025
48048
48053
48056
48065
48068
48073
48074
48077
48079
48081
48085
48090
48098
48107
48108
48110
48130
48136
48158
48166
48167
48173
48177
48187
48198
48208
48216
48230
48234
48236
48241
48253
48271
48272
48276
48276
48300
48306
48309
48310
48318
48318
48328
48342
48344
48349
48354
48355
48358
48368
48368
48389
48397
48402
48404
48409
48411
48412
48414
48414
48421
48423
48429
48433
48447
48454
48461
48473
48474
48475
48495
48499
48501
48503
48509
48512
48515
48557
48574
48583
48594
48602
48605
48609
48616
48618
48621
48622
48624
48626
48627
48629
48649
48656
48659
48665
48670
48671
48675
48681
48683
48687
48688
48708
48709
48716
48717
48738
48739
48751
48769
48770
48774
48775
48775
48778
48787
48791
48803
48808
48808
48814
48822
48823
48826
48828
48830
48834
48836
48840
48842
48878
48885
48922
48927
48930
48938
48947
48948
48948
48949
48957
48966
48969
48970
48974
48981
48991
48992
48993
48996
49002
49023
49030
49033
49035
49040
49040
49060
49085
49089
49090
49095
49106
49110
49117
49128
49138
49143
49163
49164
49164
49165
49173
49182
49186
49208
49209
49211
49211
49233
49237
49247
49251
49256
49262
49265
49286
49288
49292
49326
49328
49335
49344
49344
49346
49346
49353
49354
49370
49395
49398
49405
49407
49423
49428
49436
49437
49446
49451
49490
49492
49498
49501
49501
49501
49501
49505
49518
49522
49529
49537
49537
49540
49541
49551
49553
49555
49555
49558
49561
49562
49574
49576
49578
49580
49592
49602
49611
49631
49644
49680
49695
49705
49710
49711
49731
49742
49755
49769
49770
49774
49789
49795
49804
49805
49808
49814
49818
49823
49857
49859
49862
49863
49873
49878
49889
49895
49905
49910
49913
49914
49922
49924
49934
49953
49955
49959
49960
49964
49965
49966
49969
49980
49983
49987
49990
49992
50009
50015
50020
50023
50024
50033
50042
50043
50044
50047
50053
50059
50064
50068
50078
50085
50088
50093
50096
50097
50102
50112
50117
50117
50120
50123
50124
50134
50135
50136
50136
50141
50156
50171
50178
50194
50200
50214
50215
50235
50238
50239
50247
50247
50247
50250
50252
50255
50265
50276
50283
50286
50287
50289
50289
50297
50306
50309
50310
50321
50329
50329
50334
50336
50354
50355
50380
50380
50387
50396
50413
50414
50425
50433
50435
50439
50451
50467
50468
50469
50476
50476
50483
50484
50497
50500
50511
50512
50513
50534
50542
50555
50556
50558
50563
50567
50577
50581
50581
50586
50589
50599
50600
50602
50607
50609
50616
50622
50629
50638
50642
50650
50672
50706
50706
50706
50707
50709
50714
50724
50742
50747
50748
50755
50758
50785
50787
50790
50806
50810
50811
50816
50818
50822
50822
50830
50862
50865
50872
50876
50878
50878
50884
50886
50893
50894
50896
50912
50922
50924
50934
50939
50941
50941
50941
50942
50942
50950
50955
50957
50958
50961
50966
50972
50972
50974
50975
50979
50996
50999
51031
51033
51040
51040
51044
51048
51053
51053
51053
51054
51057
51070
51078
51090
51104
51109
51119
51133
51133
51145
51153
51157
51158
51168
51189
51192
51196
51197
51205
51210
51214
51221
51248
51254
51257
51260
51263
51265
51270
51274
51275
51286
51295
51311
51318
51321
51325
51326
51331
51342
51344
51348
51362
51363
51367
51370
51374
51381
51390
51399
51401
51406
51406
51411
51425
51432
51432
51443
51444
51451
51456
51456
51462
51463
51465
51480
51499
51505
51510
51511
51512
51535
51537
51549
51580
51590
51595
51607
51610
51612
51622
51623
51623
51636
51646
51648
51656
51659
51660
51672
51690
51696
51702
51702
51704
51705
51711
51720
51727
51732
51750
51769
51786
51794
51796
51800
51800
51801
51803
51817
51826
51827
51836
51841
51852
51853
51854
51882
51885
51893
51896
51898
51901
51913
51921
51926
51938
51938
51971
51979
51996
51998
52001
52002
52012
52017
52063
52077
52078
52086
52091
52092
52099
52106
52114
52122
52123
52123
52136
52139
52151
52154
52169
52175
52185
52186
52187
52211
52213
52214
52224
52225
52228
52228
52234
52256
52256
52264
52285
52298
52321
52321
52325
52337
52340
52346
52348
52349
52349
52352
52354
52358
52380
52380
52382
52383
52391
52396
52400
52402
52405
52413
52415
52419
52430
52431
52431
52431
52436
52443
52445
52450
52452
52458
52461
52463
52472
52476
52478
52479
52479
52484
52484
52487
52497
52501
52505
52518
52528
52551
52552
52563
52564
52572
52577
52578
52584
52587
52589
52593
52600
52616
52624
52626
52630
52640
52642
52644
52653
52667
52669
52673
52691
52695
52700
52701
52711
52715
52720
52722
52730
52731
52733
52733
52747
52752
52755
52763
52765
52772
52783
52805
52810
52813
52814
52816
52816
52821
52829
52835
52836
52848
52855
52861
52871
52886
52886
52888
52890
52896
52897
52903
52904
52931
52940
52945
52951
52976
52986
52991
52997
53010
53021
53021
53024
53033
53040
53047
53049
53050
53052
53053
53067
53072
53074
53075
53083
53085
53088
53095
53095
53105
53107
53109
53109
53117
53124
53129
53137
53139
53143
53143
53152
53152
53159
53171
53172
53191
53193
53194
53199
53202
53203
53214
53217
53228
53230
53236
53240
53256
53258
53264
53287
53296
53300
53302
53306
53306
53314
53332
53337
53339
53347
53349
53364
53369
53371
53372
53380
53390
53400
53402
53406
53417
53418
53419
53421
53441
53459
53468
53475
53479
53479
53482
53491
53515
53520
53547
53548
53555
53556
53558
53561
53570
53572
53586
53588
53602
53618
53624
53627
53631
53634
53636
53660
53664
53681
53685
53686
53691
53696
53702
53712
53715
53717
53729
53735
53737
53738
53740
53744
53746
53751
53754
53760
53766
53775
53777
53782
53785
53790
53794
53809
53810
53813
53819
53821
53821
53827
53827
53831
53839
53840
53841
53842
53844
53845
53871
53873
53878
53880
53892
53894
53897
53899
53911
53913
53929
53939
53940
53948
53950
53952
53960
53962
53973
53976
53976
53976
53981
53982
53985
54006
54010
54016
54016
54018
54019
54030
54038
54041
54042
54045
54046
54048
54060
54072
54085
54095
54106
54113
54113
54115
54126
54132
54139
54140
54140
54143
54143
54148
54149
54159
54163
54168
54184
54195
54202
54215
54224
54237
54238
54251
54252
54257
54260
54282
54285
54319
54322
54335
54343
54349
54353
54357
54360
54365
54368
54368
54371
54379
54385
54394
54396
54398
54408
54425
54429
54431
54432
54444
54448
54451
54451
54453
54460
54461
54472
54474
54479
54509
54518
54519
54529
54532
54535
54542
54542
54563
54574
54574
54575
54590
54594
54617
54631
54648
54649
54654
54665
54678
54688
54690
54693
54697
54699
54713
54723
54728
54729
54730
54731
54732
54733
54742
54757
54757
54779
54782
54805
54830
54850
54857
54858
54860
54871
54876
54884
54888
54905
54914
54934
54964
54969
54984
54985
54989
54996
55002
55004
55004
55007
55016
55029
55038
55058
55075
55077
55077
55098
55101
55102
55131
55137
55137
55138
55144
55144
55150
55150
55152
55156
55164
55168
55169
55175
55178
55187
55190
55200
55203
55206
55214
55223
55230
55246
55261
55264
55267
55267
55277
55279
55279
55280
55282
55283
55295
55298
55309
55313
55318
55322
55326
55333
55337
55340
55357
55360
55372
55392
55395
55395
55398
55404
55406
55413
55413
55423
55431
55440
55448
55460
55460
55466
55466
55468
55468
55470
55476
55477
55482
55492
55495
55497
55498
55500
55506
55514
55518
55521
55529
55534
55534
55541
55553
55555
55560
55561
55571
55573
55578
55579
55582
55591
55617
55622
55643
55648
55649
55651
55651
55666
55670
55680
55681
55690
55697
55704
55704
55709
55714
55764
55770
55778
55786
55786
55797
55807
55811
55825
55835
55846
55869
55869
55874
55879
55888
55890
55901
55903
55909
55914
55918
55919
55925
55926
55930
55939
55947
55961
55962
55966
55968
55970
55971
55972
55988
55994
55997
55998
56009
56023
56032
56043
56056
56074
56075
56075
56084
56106
56109
56125
56131
56162
56185
56208
56221
56224
56224
56231
56248
56253
56260
56263
56266
56272
56279
56282
56285
56296
56301
56305
56305
56309
56311
56315
56321
56327
56327
56329
56334
56342
56361
56362
56374
56378
56389
56393
56394
56396
56401
56408
56414
56440
56443
56444
56445
56446
56449
56450
56457
56461
56466
56473
56485
56519
56522
56530
56536
56546
56546
56549
56551
56572
56581
56583
56584
56603
56607
56608
56620
56627
56629
56632
56633
56634
56637
56638
56650
56657
56663
56667
56672
56673
56676
56685
56688
56695
56698
56707
56710
56716
56721
56722
56738
56744
56752
56770
56780
56781
56787
56802
56808
56812
56816
56835
56836
56840
56844
56845
56855
56863
56875
56879
56900
56901
56906
56911
56918
56921
56924
56931
56932
56967
56972
56975
56979
57003
57010
57022
57036
57039
57042
57043
57054
57083
57095
57100
57103
57106
57132
57138
57144
57156
57159
57170
57174
57176
57178
57188
57192
57234
57236
57242
57243
57251
57267
57267
57268
57269
57269
57300
57314
57337
57341
57349
57349
57353
57358
57358
57363
57365
57371
57372
57374
57375
57386
57391
57424
57434
57435
57453
57458
57461
57471
57474
57480
57484
57485
57487
57489
57499
57502
57509
57528
57536
57549
57556
57556
57560
57571
57581
57588
57594
57610
57613
57616
57617
57621
57622
57625
57629
57638
57649
57662
57663
57664
57672
57676
57683
57685
57693
57697
57700
57716
57718
57719
57724
57781
57786
57787
57795
57800
57800
57803
57807
57813
57817
57817
57818
57818
57819
57820
57829
57838
57841
57856
57865
57876
57890
57891
57898
57910
57916
57916
57923
57929
57941
57942
57945
57955
57973
57988
57991
57991
58001
58004
58024
58029
58031
58033
58038
58038
58038
58040
58041
58049
58060
58090
58090
58092
58101
58105
58111
58116
58117
58120
58125
58129
58131
58145
58147
58149
58152
58164
58164
58165
58189
58195
58197
58215
58222
58227
58227
58239
58246
58253
58258
58266
58271
58273
58275
58284
58286
58292
58298
58309
58309
58324
58327
58336
58338
58339
58346
58346
58353
58363
58363
58366
58375
58381
58384
58389
58389
58395
58395
58399
58406
58410
58430
58434
58448
58453
58464
58475
58479
58481
58486
58491
58496
58508
58516
58520
58528
58537
58544
58548
58557
58558
58569
58584
58585
58588
58599
58605
58609
58614
58624
58629
58636
58653
58655
58660
58666
58669
58679
58681
58684
58690
58714
58719
58730
58733
58759
58767
58769
58783
58804
58809
58812
58815
58819
58820
58831
58845
58859
58861
58863
58869
58871
58879
58886
58903
58913
58933
58939
58951
58957
58958
58970
58971
58979
58980
59003
59005
59005
59007
59012
59027
59049
59056
59059
59059
59061
59072
59072
59090
59095
59111
59113
59115
59117
59137
59141
59144
59149
59149
59174
59180
59181
59181
59184
59189
59192
59193
59203
59205
59210
59213
59219
59224
59232
59234
59249
59268
59271
59272
59276
59286
59294
59313
59323
59326
59327
59336
59339
59339
59349
59350
59358
59363
59368
59369
59380
59381
59384
59384
59391
59391
59401
59412
59415
59417
59427
59428
59436
59444
59448
59449
59458
59477
59478
59494
59498
59506
59508
59509
59521
59523
59527
59548
59550
59561
59561
59571
59571
59576
59586
59588
59593
59603
59619
59624
59625
59627
59628
59633
59639
59656
59657
59678
59685
59685
59692
59692
59697
59707
59708
59715
59720
59729
59737
59744
59753
59761
59765
59766
59768
59769
59776
59785
59786
59793
59793
59793
59795
59796
59808
59811
59821
59862
59880
59884
59890
59891
59901
59902
59911
59919
59920
59926
59936
59941
59946
59953
59955
59974
59975
59976
59985
59988
59993
60008
60027
60031
60032
60062
60067
60069
60075
60075
60079
60097
60101
60121
60130
60133
60137
60150
60159
60176
60189
60196
60199
60202
60216
60219
60222
60225
60225
60229
60230
60232
60240
60251
60252
60258
60260
60275
60285
60292
60293
60304
60322
60324
60329
60331
60340
60340
60346
60349
60349
60361
60376
60377
60378
60389
60413
60426
60429
60431
60434
60442
60450
60450
60452
60467
60472
60473
60493
60498
60499
60512
60518
60519
60529
60534
60534
60537
60543
60552
60557
60561
60565
60581
60583
60592
60596
60608
60610
60612
60618
60624
60633
60642
60665
60681
60691
60693
60728
60741
60742
60754
60761
60763
60771
60782
60785
60790
60798
60799
60818
60845
60849
60856
60864
60881
60897
60900
60904
60905
60908
60909
60916
60920
60929
60931
60932
60945
60951
60956
60958
60959
60961
60962
60965
60978
60982
60987
60990
61001
61035
61036
61046
61046
61048
61059
61059
61063
61070
61076
61077
61081
61089
61090
61091
61100
61101
61122
61123
61124
61127
61137
61157
61161
61163
61184
61184
61189
61193
61200
61205
61205
61205
61236
61248
61261
61271
61278
61279
61307
61307
61310
61315
61317
61326
61368
61375
61376
61376
61377
61380
61380
61383
61387
61397
61418
61433
61434
61440
61443
61458
61469
61470
61470
61477
61478
61479
61488
61489
61490
61497
61500
61511
61517
61520
61536
61543
61546
61551
61552
61567
61582
61588
61591
61601
61607
61609
61630
61636
61637
61654
61660
61662
61670
61679
61680
61682
61709
61720
61722
61729
61734
61737
61744
61752
61761
61782
61786
61802
61814
61830
61833
61834
61851
61853
61869
61871
61882
61884
61897
61900
61917
61920
61929
61932
61936
61940
61942
61946
61947
61951
61985
61989
61990
62004
62004
62012
62019
62036
62040
62042
62051
62052
62057
62062
62066
62068
62070
62080
62092
62118
62127
62129
62132
62137
62143
62157
62158
62165
62169
62173
62186
62187
62187
62195
62208
62211
62218
62219
62231
62233
62259
62265
62266
62273
62279
62286
62288
62289
62291
62307
62313
62313
62314
62325
62345
62346
62358
62367
62369
62374
62379
62402
62415
62421
62423
62431
62436
62438
62440
62440
62442
62447
62449
62452
62453
62458
62462
62464
62469
62483
62485
62489
62511
62511
62514
62524
62530
62570
62574
62575
62604
62604
62611
62613
62622
62635
62636
62637
62642
62649
62664
62668
62671
62678
62687
62695
62707
62709
62711
62719
62738
62739
62759
62771
62771
62776
62795
62798
62813
62834
62838
62840
62850
62860
62865
62866
62875
62885
62887
62896
62896
62912
62927
62928
62930
62933
62944
62948
62966
62976
62995
63005
63008
63013
63014
63016
63030
63036
63038
63042
63049
63057
63058
63064
63072
63076
63080
63096
63099
63099
63101
63106
63120
63124
63125
63126
63134
63141
63154
63163
63164
63176
63178
63189
63201
63208
63209
63225
63225
63240
63247
63247
63252
63267
63280
63281
63282
63287
63291
63295
63301
63316
63327
63330
63334
63346
63353
63359
63359
63359
63361
63366
63367
63370
63376
63383
63391
63401
63407
63407
63408
63409
63414
63421
63436
63453
63456
63478
63482
63488
63503
63510
63518
63524
63524
63532
63541
63542
63548
63567
63568
63573
63582
63584
63586
63593
63596
63597
63610
63613
63614
63617
63629
63632
63637
63638
63640
63646
63650
63656
63665
63679
63690
63691
63694
63698
63700
63713
63717
63720
63726
63730
63734
63746
63766
63767
63782
63841
63852
63856
63857
63866
63869
63870
63875
63877
63881
63882
63888
63892
63905
63919
63928
63928
63944
63953
63971
63988
63991
63993
63998
64005
64007
64008
64013
64016
64023
64026
64037
64039
64042
64047
64051
64051
64055
64057
64071
64071
64074
64080
64103
64105
64112
64115
64123
64123
64129
64130
64142
64144
64148
64153
64154
64165
64165
64170
64172
64189
64200
64200
64205
64206
64207
64208
64208
64220
64223
64228
64234
64236
64245
64258
64260
64261
64264
64267
64273
64279
64281
64283
64286
64289
64291
64303
64308
64319
64322
64324
64326
64328
64333
64340
64340
64342
64345
64346
64346
64347
64366
64366
64383
64394
64401
64404
64406
64408
64410
64419
64424
64437
64454
64465
64470
64472
64476
64484
64486
64487
64489
64492
64493
64521
64530
64537
64538
64548
64551
64552
64556
64571
64576
64577
64579
64591
64598
64613
64615
64617
64622
64632
64635
64642
64655
64658
64669
64670
64679
64681
64697
64702
64722
64726
64763
64765
64767
64772
64772
64783
64783
64786
64795
64798
64801
64814
64820
64833
64834
64845
64845
64847
64851
64863
64878
64883
64887
64904
64921
64921
64941
64947
64962
64964
64985
64985
64997
65002
65024
65050
65059
65063
65076
65082
65090
65093
65095
65105
65113
65122
65131
65136
65151
65177
65180
65185
65193
65195
65201
65210
65214
65216
65217
65230
65235
65235
65236
65242
65247
65250
65261
65263
65266
65267
65268
65272
65281
65284
65286
65297
65307
65315
65343
65351
65354
65356
65364
65368
65375
65383
65385
65396
65396
65404
65405
65405
65412
65413
65416
65416
65427
65429
65431
65434
65435
65439
65440
65440
65448
65449
65451
65461
65467
65492
65493
65494
65507
65510
65516
65516
65523
65532
65536
65541
65550
65558
65561
65561
65571
65572
65575
65585
65585
65591
65610
65612
65626
65630
65631
65643
65648
65669
65671
65673
65676
65677
65685
65688
65695
65706
65712
65728
65739
65749
65773
65776
65779
65779
65784
65784
65799
65799
65804
65819
65826
65849
65850
65863
65875
65878
65878
65878
65879
65886
65912
65922
65931
65931
65933
65933
65940
65960
65966
65980
65981
65982
66004
66007
66011
66013
66018
66021
66043
66043
66054
66057
66060
66060
66064
66075
66076
66083
66087
66099
66102
66105
66106
66108
66113
66137
66142
66147
66148
66151
66152
66157
66159
66161
66163
66169
66180
66183
66187
66198
66198
66222
66245
66252
66257
66261
66269
66304
66308
66310
66315
66326
66332
66333
66336
66343
66354
66360
66362
66362
66364
66371
66374
66380
66384
66409
66410
66412
66415
66419
66422
66454
66470
66477
66480
66485
66491
66498
66519
66519
66527
66534
66561
66573
66578
66579
66581
66611
66613
66617
66620
66641
66653
66655
66659
66659
66664
66674
66689
66691
66698
66711
66714
66723
66723
66725
66748
66750
66757
66761
66762
66765
66766
66767
66773
66779
66781
66783
66785
66791
66793
66801
66807
66808
66809
66821
66839
66842
66847
66861
66863
66867
66870
66873
66877
66882
66883
66884
66892
66892
66897
66897
66897
66903
66908
66920
66927
66949
66977
66982
66983
66986
66989
66990
67010
67015
67017
67028
67032
67036
67036
67048
67055
67055
67059
67060
67063
67070
67095
67096
67099
67110
67119
67120
67132
67136
67146
67164
67165
67166
67188
67197
67211
67212
67216
67221
67222
67229
67240
67241
67251
67252
67270
67280
67282
67283
67285
67287
67292
67304
67305
67317
67321
67331
67334
67336
67348
67352
67358
67366
67366
67384
67401
67404
67406
67412
67416
67418
67419
67426
67436
67447
67450
67455
67455
67465
67467
67467
67475
67484
67488
67494
67494
67499
67503
67504
67510
67525
67540
67540
67574
67579
67591
67597
67605
67611
67612
67613
67623
67639
67639
67640
67647
67663
67664
67674
67678
67690
67691
67692
67696
67702
67705
67706
67724
67761
67779
67782
67796
67805
67808
67811
67816
67819
67829
67834
67840
67841
67858
67863
67872
67877
67882
67883
67883
67899
67901
67909
67912
67913
67916
67921
67925
67933
67950
67958
67958
67961
67963
67982
67988
67989
67995
68009
68016
68026
68031
68039
68052
68059
68062
68074
68078
68088
68089
68097
68109
68110
68114
68123
68137
68143
68144
68144
68147
68153
68161
68169
68170
68189
68204
68209
68218
68220
68224
68241
68242
68269
68276
68278
68285
68296
68297
68299
68302
68305
68307
68317
68327
68336
68340
68344
68350
68355
68362
68367
68371
68395
68399
68416
68417
68420
68436
68437
68461
68472
68478
68485
68490
68490
68491
68531
68532
68534
68541
68541
68542
68548
68550
68554
68555
68558
68571
68572
68579
68597
68618
68624
68626
68629
68631
68633
68645
68653
68654
68660
68667
68668
68669
68672
68676
68678
68680
68683
68700
68703
68710
68730
68745
68762
68771
68778
68780
68788
68803
68804
68808
68818
68819
68824
68834
68838
68854
68855
68858
68861
68866
68871
68878
68880
68882
68884
68898
68901
68909
68923
68931
68937
68937
68944
68966
68968
68972
68976
68977
68986
68989
68994
68998
68999
69013
69014
69022
69030
69044
69048
69054
69057
69079
69098
69101
69101
69117
69120
69129
69135
69138
69140
69149
69151
69153
69156
69157
69158
69173
69182
69190
69201
69203
69208
69212
69223
69225
69231
69234
69242
69245
69248
69251
69253
69258
69259
69263
69266
69271
69285
69296
69299
69319
69337
69340
69342
69343
69346
69349
69367
69378
69396
69408
69413
69419
69426
69432
69436
69445
69445
69498
69511
69517
69519
69521
69523
69526
69532
69534
69536
69540
69542
69546
69549
69611
69622
69632
69639
69649
69650
69668
69669
69676
69684
69687
69695
69698
69699
69701
69704
69712
69712
69714
69726
69748
69748
69750
69766
69766
69769
69772
69774
69787
69798
69799
69809
69817
69819
69820
69828
69834
69838
69838
69848
69850
69870
69874
69877
69880
69887
69889
69893
69919
69922
69929
69951
69975
69976
69981
69982
69985
69988
69988
69988
69994
69995
69999
70001
70006
70019
70022
70052
70057
70063
70089
70091
70096
70109
70123
70134
70136
70141
70141
70144
70148
70150
70152
70172
70174
70180
70187
70194
70207
70212
70230
70240
70245
70251
70261
70265
70271
70273
70282
70290
70300
70309
70326
70328
70329
70340
70348
70353
70364
70368
70372
70377
70379
70387
70396
70407
70422
70443
70444
70470
70486
70493
70509
70510
70511
70520
70536
70544
70545
70548
70548
70550
70555
70564
70570
70573
70581
70602
70607
70608
70609
70642
70644
70649
70653
70657
70657
70658
70660
70661
70670
70691
70702
70702
70704
70714
70727
70735
70736
70748
70750
70765
70774
70775
70777
70797
70798
70799
70802
70817
70819
70827
70828
70834
70840
70841
70853
70861
70863
70865
70868
70872
70872
70876
70877
70889
70892
70900
70902
70909
70911
70926
70933
70935
70945
70953
70959
70960
70963
70969
70976
70989
70997
70999
71003
71014
71021
71021
71039
71046
71046
71052
71055
71057
71060
71062
71064
71070
71074
71089
71101
71106
71107
71123
71135
71137
71140
71141
71143
71145
71146
71150
71159
71161
71170
71172
71181
71200
71210
71214
71215
71217
71246
71247
71254
71254
71256
71267
71277
71277
71281
71281
71289
71300
71306
71312
71321
71326
71334
71341
71352
71356
71370
71371
71373
71390
71404
71404
71407
71412
71417
71425
71434
71434
71436
71438
71442
71450
71479
71488
71488
71497
71506
71526
71526
71526
71530
71551
71551
71556
71563
71568
71570
71586
71594
71608
71619
71619
71625
71632
71651
71657
71661
71662
71671
71674
71684
71694
71719
71720
71728
71742
71750
71762
71763
71765
71769
71777
71778
71778
71787
71795
71797
71806
71807
71808
71823
71824
71825
71830
71831
71837
71851
71852
71863
71873
71876
71877
71879
71880
71882
71889
71889
71890
71907
71910
71915
71922
71923
71939
71942
71953
71957
71967
71972
71976
71978
71979
71981
71991
72001
72006
72024
72027
72040
72052
72053
72057
72064
72069
72078
72091
72092
72093
72097
72098
72121
72123
72143
72147
72147
72151
72181
72186
72212
72223
72224
72240
72241
72241
72241
72242
72248
72249
72255
72256
72257
72260
72261
72265
72278
72278
72285
72292
72296
72302
72305
72314
72320
72322
72323
72325
72326
72329
72333
72342
72344
72344
72356
72359
72359
72368
72368
72368
72370
72380
72391
72394
72417
72437
72437
72438
72460
72471
72478
72478
72482
72507
72518
72520
72522
72526
72527
72530
72539
72541
72547
72551
72555
72559
72561
72565
72566
72579
72598
72599
72604
72610
72615
72619
72619
72630
72634
72634
72637
72638
72665
72667
72678
72681
72687
72691
72693
72694
72701
72702
72706
72711
72718
72718
72722
72722
72722
72724
72726
72729
72730
72735
72745
72747
72753
72760
72772
72772
72774
72776
72792
72798
72810
72829
72855
72858
72859
72866
72875
72884
72892
72893
72896
72903
72903
72922
72925
72926
72932
72936
72938
72946
72952
72958
72970
72984
72984
72985
72988
72988
72994
73016
73017
73025
73026
73034
73035
73035
73038
73041
73047
73049
73053
73062
73076
73076
73080
73109
73125
73128
73135
73140
73146
73148
73150
73161
73161
73175
73180
73188
73196
73199
73202
73202
73217
73224
73229
73235
73239
73242
73244
73248
73251
73272
73280
73296
73305
73313
73314
73315
73319
73321
73335
73353
73355
73357
73361
73374
73374
73376
73380
73385
73386
73387
73399
73405
73424
73429
73438
73440
73447
73471
73478
73480
73493
73503
73504
73511
73516
73517
73533
73546
73551
73568
73571
73576
73579
73580
73605
73616
73627
73635
73641
73653
73653
73655
73691
73693
73711
73727
73733
73738
73742
73744
73745
73752
73753
73763
73766
73773
73775
73778
73779
73780
73786
73793
73793
73800
73829
73839
73846
73846
73862
73869
73872
73878
73878
73888
73899
73907
73909
73909
73913
73940
73947
73954
73956
73960
73963
73963
73965
73975
73976
73988
73998
74004
74009
74041
74043
74054
74060
74064
74072
74075
74078
74082
74086
74090
74095
74098
74099
74104
74115
74136
74140
74143
74155
74159
74160
74161
74180
74183
74186
74197
74197
74198
74199
74212
74226
74244
74255
74258
74261
74274
74281
74286
74302
74310
74331
74331
74342
74347
74352
74368
74389
74392
74409
74419
74422
74424
74424
74432
74433
74438
74438
74448
74450
74459
74463
74481
74486
74491
74497
74500
74504
74511
74524
74524
74528
74533
74552
74558
74566
74584
74589
74590
74590
74593
74606
74614
74622
74628
74630
74639
74639
74646
74647
74652
74652
74654
74671
74693
74704
74716
74718
74724
74731
74737
74738
74743
74745
74748
74753
74772
74779
74779
74788
74788
74809
74817
74819
74822
74823
74829
74833
74834
74837
74846
74847
74853
74854
74863
74870
74870
74875
74876
74882
74886
74891
74893
74896
74910
74932
74938
74943
74952
74953
74960
74964
74965
74981
74988
74996
75002
75007
75009
75010
75014
75018
75023
75034
75035
75037
75046
75053
75055
75080
75083
75086
75091
75098
75100
75108
75113
75121
75125
75126
75126
75128
75131
75138
75141
75143
75147
75150
75153
75156
75161
75164
75168
75168
75171
75173
75174
75174
75178
75188
75190
75195
75206
75217
75217
75217
75218
75222
75228
75231
75242
75244
75258
75259
75267
75270
75273
75275
75275
75276
75276
75276
75279
75280
75288
75293
75319
75322
75323
75332
75332
75338
75340
75347
75347
75348
75349
75351
75353
75357
75361
75373
75381
75392
75413
75414
75419
75419
75423
75423
75430
75437
75450
75451
75460
75461
75473
75476
75480
75489
75491
75496
75496
75499
75506
75506
75508
75508
75529
75537
75555
75557
75576
75585
75588
75589
75600
75604
75608
75611
75613
75618
75631
75634
75640
75646
75648
75658
75660
75667
75680
75685
75685
75714
75715
75730
75736
75750
75754
75763
75765
75766
75775
75778
75783
75784
75794
75795
75798
75818
75847
75848
75849
75859
75860
75861
75882
75887
75899
75911
75912
75926
75927
75932
75939
75946
75951
75972
75977
75995
76000
76011
76014
76016
76025
76041
76047
76073
76074
76079
76095
76100
76104
76112
76116
76116
76119
76120
76122
76125
76129
76133
76136
76136
76174
76179
76179
76194
76205
76208
76214
76220
76220
76224
76234
76234
76238
76257
76270
76309
76315
76328
76344
76353
76355
76357
76360
76360
76367
76374
76385
76387
76402
76404
76407
76410
76422
76427
76428
76431
76441
76456
76457
76467
76478
76480
76488
76494
76499
76504
76504
76510
76519
76525
76533
76538
76548
76561
76563
76566
76569
76577
76579
76586
76587
76595
76601
76608
76608
76622
76623
76627
76636
76643
76647
76649
76652
76656
76661
76663
76670
76673
76676
76691
76706
76707
76712
76719
76721
76736
76740
76749
76751
76761
76766
76771
76781
76782
76785
76786
76789
76804
76809
76833
76846
76866
76889
76892
76901
76902
76908
76909
76918
76927
76927
76939
76954
76957
76959
76970
76973
76975
76984
76991
76992
76993
76993
76997
76998
77000
77001
77002
77004
77010
77022
77025
77030
77036
77051
77052
77054
77056
77071
77076
77095
77101
77104
77108
77112
77118
77120
77123
77125
77127
77133
77139
77150
77173
77175
77176
77178
77183
77192
77201
77212
77240
77244
77244
77255
77256
77278
77286
77315
77321
77326
77337
77339
77350
77361
77367
77369
77372
77375
77376
77376
77387
77403
77413
77416
77419
77440
77449
77457
77483
77490
77493
77501
77522
77530
77537
77547
77550
77559
77568
77574
77576
77577
77590
77592
77599
77601
77602
77606
77624
77638
77641
77641
77642
77655
77667
77669
77683
77686
77690
77700
77706
77706
77711
77721
77722
77736
77749
77760
77762
77772
77782
77785
77815
77821
77823
77829
77830
77834
77843
77850
77856
77867
77876
77887
77900
77902
77907
77910
77932
77940
77946
77952
77956
77964
77975
77995
77998
78001
78002
78014
78017
78018
78030
78031
78041
78047
78047
78049
78049
78053
78056
78065
78095
78100
78118
78136
78150
78169
78182
78191
78198
78202
78212
78214
78218
78220
78231
78234
78238
78240
78240
78245
78250
78265
78271
78271
78272
78272
78279
78295
78298
78303
78313
78323
78327
78331
78336
78337
78340
78343
78351
78360
78380
78386
78393
78395
78397
78397
78411
78415
78427
78440
78462
78482
78485
78497
78499
78505
78521
78529
78530
78532
78534
78537
78546
78551
78561
78572
78578
78584
78594
78603
78618
78623
78645
78676
78682
78692
78719
78722
78739
78749
78749
78754
78769
78789
78789
78794
78798
78800
78802
78815
78816
78816
78818
78820
78820
78834
78854
78861
78869
78869
78870
78872
78876
78890
78892
78896
78899
78903
78909
78909
78919
78924
78932
78935
78943
78944
78945
78950
78958
78960
78966
78977
78980
78990
78999
79000
79013
79038
79046
79047
79051
79057
79067
79079
79100
79101
79105
79107
79111
79115
79125
79144
79155
79161
79169
79174
79197
79201
79211
79215
79229
79244
79272
79272
79283
79293
79304
79317
79334
79358
79381
79385
79390
79397
79399
79401
79417
79419
79422
79425
79441
79443
79447
79448
79452
79464
79473
79475
79478
79479
79480
79491
79507
79509
79512
79518
79523
79551
79558
79559
79566
79570
79573
79575
79578
79590
79609
79612
79621
79633
79644
79649
79652
79655
79660
79669
79677
79679
79680
79682
79682
79686
79693
79715
79733
79740
79757
79757
79760
79766
79771
79777
79786
79788
79789
79797
79802
79803
79806
79826
79833
79843
79861
79866
79878
79894
79900
79913
79927
79930
79933
79937
79945
79946
79947
79952
79953
79957
79960
79976
79977
79983
79991
79994
80005
80007
80010
80011
80019
80026
80027
80043
80058
80059
80061
80066
80091
80100
80102
80113
80123
80154
80156
80159
80164
80173
80184
80207
80225
80227
80236
80236
80243
80248
80264
80264
80268
80270
80270
80272
80272
80277
80282
80289
80300
80305
80305
80313
80314
80316
80338
80367
80374
80375
80378
80396
80397
80403
80409
80428
80430
80439
80442
80444
80452
80453
80464
80479
80495
80497
80502
80508
80514
80518
80527
80530
80531
80532
80541
80549
80563
80565
80569
80581
80583
80603
80605
80607
80612
80613
80629
80635
80636
80638
80639
80643
80644
80646
80654
80656
80660
80669
80682
80683
80691
80700
80707
80708
80710
80717
80732
80732
80737
80738
80748
80750
80765
80777
80779
80781
80785
80791
80794
80810
80834
80837
80843
80847
80847
80855
80873
80876
80878
80880
80897
80904
80904
80912
80913
80913
80913
80915
80933
80937
80939
80945
80959
80962
80965
80966
80970
80990
81012
81036
81038
81067
81076
81078
81082
81095
81098
81104
81106
81108
81115
81132
81134
81139
81142
81151
81165
81166
81168
81183
81187
81205
81209
81218
81221
81241
81244
81271
81280
81283
81283
81289
81307
81308
81317
81319
81326
81330
81333
81351
81360
81364
81372
81377
81384
81393
81406
81406
81407
81412
81426
81432
81435
81449
81456
81465
81465
81467
81498
81501
81503
81505
81508
81510
81515
81533
81539
81547
81554
81562
81563
81569
81577
81614
81617
81634
81637
81651
81672
81673
81673
81679
81680
81684
81689
81691
81691
81698
81699
81704
81710
81712
81721
81733
81733
81744
81748
81754
81774
81774
81774
81780
81787
81793
81815
81823
81829
81831
81833
81850
81851
81871
81875
81878
81882
81885
81911
81913
81914
81919
81921
81924
81928
81936
81946
81952
81953
81961
81977
81986
81987
81988
81992
81998
82017
82020
82023
82027
82030
82031
82031
82034
82038
82039
82050
82065
82089
82098
82098
82103
82103
82111
82113
82118
82120
82124
82126
82138
82138
82142
82143
82145
82157
82170
82181
82206
82227
82232
82237
82282
82285
82286
82287
82303
82316
82318
82319
82353
82364
82365
82371
82371
82375
82382
82414
82415
82420
82428
82441
82446
82452
82453
82453
82457
82458
82465
82468
82486
82488
82489
82490
82496
82502
82512
82517
82526
82530
82533
82540
82549
82550
82563
82565
82568
82569
82575
82580
82588
82594
82594
82599
82600
82609
82611
82616
82629
82643
82648
82657
82674
82677
82677
82685
82687
82692
82709
82711
82714
82714
82748
82752
82755
82756
82763
82765
82770
82774
82782
82785
82791
82793
82795
82800
82803
82811
82818
82822
82826
82840
82845
82847
82855
82860
82865
82878
82896
82901
82909
82915
82916
82951
82954
82965
82972
82977
82979
82981
82984
82986
82987
82991
82996
83029
83032
83033
83036
83051
83053
83054
83061
83100
83124
83131
83133
83136
83137
83138
83139
83154
83160
83165
83170
83173
83174
83182
83184
83217
83233
83236
83245
83253
83266
83267
83270
83291
83291
83301
83302
83317
83319
83322
83333
83338
83342
83360
83365
83367
83388
83393
83396
83399
83402
83403
83403
83408
83427
83447
83448
83458
83478
83482
83486
83507
83510
83511
83518
83518
83521
83537
83542
83549
83558
83559
83563
83574
83577
83584
83585
83598
83627
83630
83630
83638
83645
83645
83660
83664
83669
83682
83683
83691
83693
83697
83705
83712
83713
83722
83729
83732
83739
83755
83765
83768
83787
83801
83804
83805
83822
83823
83824
83830
83831
83834
83836
83856
83862
83862
83866
83881
83884
83891
83898
83900
83926
83939
83941
83943
83949
83950
83954
83957
83958
83960
83961
83969
83982
83991
83998
84013
84020
84033
84034
84045
84047
84048
84051
84060
84060
84079
84080
84085
84092
84100
84101
84101
84105
84109
84110
84116
84126
84131
84140
84144
84148
84155
84156
84161
84161
84163
84183
84191
84196
84199
84205
84210
84221
84225
84234
84244
84284
84288
84303
84305
84306
84327
84341
84343
84350
84350
84351
84367
84372
84375
84380
84386
84389
84394
84401
84411
84422
84423
84424
84429
84434
84438
84441
84460
84476
84478
84484
84501
84509
84518
84526
84543
84544
84552
84580
84599
84616
84625
84643
84646
84654
84671
84681
84705
84724
84732
84733
84747
84748
84748
84749
84751
84753
84760
84775
84779
84780
84785
84792
84798
84798
84802
84804
84808
84810
84817
84828
84832
84837
84843
84847
84864
84865
84866
84899
84912
84925
84933
84948
84962
84963
84967
84972
84977
85000
85012
85017
85027
85039
85041
85095
85096
85107
85118
85135
85143
85148
85149
85149
85156
85161
85161
85162
85166
85168
85177
85177
85188
85189
85190
85219
85227
85246
85250
85256
85259
85264
85266
85282
85282
85286
85288
85290
85290
85302
85309
85316
85316
85317
85328
85339
85348
85352
85363
85371
85372
85377
85378
85380
85384
85389
85393
85394
85395
85397
85399
85405
85407
85411
85419
85421
85438
85443
85444
85446
85472
85478
85490
85507
85509
85514
85518
85525
85528
85530
85547
85562
85566
85576
85586
85592
85610
85614
85625
85627
85627
85638
85647
85651
85653
85656
85659
85660
85680
85684
85700
85703
85708
85710
85725
85728
85734
85734
85735
85738
85749
85756
85761
85773
85786
85788
85790
85797
85806
85822
85833
85838
85849
85850
85855
85856
85859
85862
85865
85893
85895
85904
85907
85915
85919
85926
85927
85934
85943
85951
85955
85956
85964
85966
85973
85983
85983
85986
85995
85998
86028
86032
86034
86037
86045
86061
86067
86072
86081
86082
86082
86090
86109
86111
86113
86114
86116
86126
86153
86160
86163
86171
86186
86187
86197
86198
86200
86200
86200
86201
86206
86227
86233
86240
86242
86242
86247
86248
86254
86255
86262
86265
86266
86266
86271
86288
86296
86297
86306
86310
86314
86335
86335
86340
86340
86348
86349
86354
86355
86360
86360
86371
86393
86406
86413
86413
86416
86421
86421
86423
86425
86426
86430
86430
86431
86431
86432
86434
86440
86443
86448
86459
86461
86462
86469
86495
86502
86505
86506
86513
86513
86527
86529
86530
86555
86577
86582
86585
86605
86608
86611
86613
86614
86617
86633
86640
86644
86655
86662
86669
86670
86698
86701
86706
86722
86725
86741
86763
86786
86790
86808
86816
86819
86825
86827
86832
86842
86850
86872
86890
86893
86894
86904
86908
86910
86914
86914
86915
86923
86927
86930
86931
86934
86940
86942
86948
86952
86961
86977
86977
86985
86988
86990
87008
87019
87024
87047
87057
87058
87064
87068
87072
87073
87078
87078
87079
87097
87098
87099
87103
87104
87105
87109
87109
87118
87123
87128
87131
87155
87158
87160
87176
87177
87178
87183
87188
87188
87189
87201
87211
87227
87232
87240
87242
87253
87257
87259
87261
87273
87286
87295
87303
87304
87304
87327
87349
87349
87352
87376
87391
87404
87410
87419
87419
87426
87436
87439
87445
87446
87452
87456
87484
87505
87506
87507
87507
87510
87510
87512
87512
87531
87537
87546
87558
87561
87571
87572
87574
87576
87579
87581
87583
87589
87590
87606
87610
87613
87618
87627
87637
87644
87648
87665
87670
87673
87678
87679
87681
87690
87691
87697
87699
87718
87723
87731
87734
87736
87738
87740
87749
87761
87774
87782
87785
87805
87809
87809
87810
87810
87813
87826
87834
87835
87844
87846
87856
87856
87866
87893
87900
87906
87920
87926
87934
87940
87944
87946
87973
87982
87982
87996
87997
88000
88007
88010
88014
88019
88042
88043
88056
88058
88060
88060
88061
88061
88068
88071
88080
88094
88106
88107
88111
88111
88117
88120
88121
88134
88142
88142
88142
88151
88152
88157
88177
88202
88212
88214
88217
88230
88232
88239
88240
88247
88248
88252
88272
88289
88299
88305
88308
88309
88310
88313
88331
88333
88335
88347
88361
88365
88374
88377
88381
88385
88394
88409
88414
88435
88440
88454
88455
88468
88468
88473
88486
88487
88490
88512
88512
88515
88516
88517
88524
88526
88535
88568
88571
88581
88585
88586
88586
88590
88591
88599
88601
88603
88606
88611
88631
88639
88646
88652
88658
88671
88694
88694
88694
88698
88703
88706
88708
88716
88722
88723
88727
88738
88741
88742
88742
88750
88773
88780
88780
88782
88788
88799
88822
88823
88825
88825
88831
88842
88849
88856
88872
88880
88883
88887
88899
88900
88902
88905
88907
88909
88911
88917
88926
88932
88937
88952
88959
88973
88975
88981
88984
88988
89002
89008
89018
89018
89024
89032
89032
89033
89038
89039
89050
89051
89055
89055
89058
89059
89059
89067
89073
89091
89093
89104
89105
89106
89111
89112
89127
89127
89131
89146
89147
89147
89153
89161
89161
89173
89176
89181
89208
89213
89219
89222
89228
89231
89258
89258
89265
89266
89272
89275
89279
89280
89280
89284
89285
89298
89301
89303
89304
89313
89320
89338
89345
89348
89349
89349
89357
89357
89359
89360
89366
89377
89379
89381
89391
89395
89397
89403
89404
89408
89409
89419
89425
89428
89429
89433
89470
89471
89472
89487
89496
89500
89502
89508
89529
89533
89535
89543
89545
89550
89571
89581
89582
89585
89586
89589
89591
89600
89602
89620
89624
89625
89628
89632
89634
89638
89642
89644
89650
89678
89683
89684
89685
89692
89693
89697
89698
89698
89701
89702
89712
89720
89727
89737
89746
89754
89755
89762
89763
89765
89788
89796
89801
89811
89812
89813
89825
89849
89851
89852
89852
89857
89859
89860
89865
89867
89868
89874
89875
89878
89883
89890
89894
89905
89907
89908
89927
89934
89940
89944
89950
89951
89958
89958
89965
89966
89970
89973
89975
89980
89987
89987
89990
89994
89997
89998
90000
90004
90009
90034
90048
90051
90063
90066
90068
90074
90077
90078
90087
90101
90108
90109
90109
90125
90131
90142
90146
90147
90163
90165
90165
90166
90610
43631
33339
68535
74564
44171
46794
67743
89828
21750
17753
30643
51577
37869
87331
17809
15470
84095
63789
8270
521
57682
96059
77121
40474
71512
91676
25797
42726
27651
17754
49688
71283
51093
18224
62199
11616
81370
29942
1444
3121
47695
32088
71050
85564
35771
5211
17387
19866
69000
25657
36739
43035
38069
30212
83509
9581
21888
25658
68659
65892
59764
18348
37175
10858
52924
99374
22474
34294
45668
23919
53767
93363
72359
24817
78927
8130
46381
96314
44348
15381
21972
81088
58416
76393
11300
58277
85974
49541
287
54634
31785
60052
89334
85312
70910
58610
1038
9736
9256
46706
50007
63024
40069
22366
4193
18996
46848
50574
31663
91197
82308
69987
72285
40724
46380
99937
15354
32354
65830
15641
3340
97615
92045
9026
82927
79307
83988
83965
89044
93245
47023
55403
56269
87092
94122
76814
22441
40970
27389
54104
32167
9697
24091
20804
66773
86823
37094
98479
35529
2924
14121
55222
16892
6166
64248
16171
1826
64589
137
90870
57834
47160
62625
30455
50605
56747
7269
73046
97718
51010
43502
46237
77059
83945
83394
60185
70768
20488
58664
22649
39764
89137
77871
56656
11656
58472
72828
13482
23061
89317
4352
80895
52829
66977
11350
19786
40077
34971
9184
54147
85982
52686
384
63041
52983
130
39578
40103
36970
98243
62753
76735
87380
40624
49743
99036
99096
38923
12518
22157
44592
33222
19404
97422
16552
47106
33560
56629
82078
42745
10776
68060
95431
27512
47453
64767
27643
87032
4870
80965
1627
67623
57700
89007
8248
23796
88044
23696
79071
16914
62206
23664
50137
97962
37438
83041
45069
70998
39670
27147
13743
66798
11559
25527
94310
75364
6646
38305
62396
11516
35623
80375
79140
93323
69383
3740
33471
73779
43788
12543
7045
22346
52559
57182
20309
89997
56575
65378
77347
96245
92525
91091
79395
20436
32970
73706
95800
39616
28363
74549
51132
63986
54924
46624
73662
24307
66716
23485
14438
26857
52380
21484
49203
4939
95018
69512
94936
51594
34890
72284
47839
43767
79727
27235
64203
29049
17293
60004
68665
62008
34553
36149
42347
89477
99126
32361
30137
82194
55846
44575
9051
8227
66059
58255
29518
77430
27767
24455
29024
79010
13091
93215
22777
9170
36802
86981
38219
70447
46985
23236
32456
97890
75737
91155
87367
91215
23516
17504
73410
95714
78432
82461
20293
60843
57068
49812
38273
1188
90619
67297
80198
3710
60513
19327
29232
97315
6308
67451
84115
69645
7039
16571
67535
82776
24078
71255
73992
47594
5111
63754
43308
83543
62567
79954
60739
19636
29766
99012
37176
20385
82662
17374
40447
43175
36701
69679
56842
59362
37130
40957
29007
44169
73880
12895
43297
97958
502
17289
61904
5613
81043
21565
5509
59963
1519
66248
79599
31285
81612
16775
51670
64274
50501
92117
23801
3554
78148
96996
62916
15278
54305
8276
75799
28186
37523
19096
42496
38025
52738
4401
59990
50133
42318
65499
10096
43837
48099
6047
91474
29712
39174
43144
10338
89675
51613
34140
9582
29761
31136
72498
61391
85441
97126
53542
29979
34649
88990
72476
89026
41728
93229
49017
8214
51899
30868
18310
95736
78968
40710
87210
25032
79884
46706
35370
85912
14671
69510
95494
60784
16998
84344
38527
2440
81471
92069
48771
32472
81059
21247
21499
39140
30828
70516
47354
82727
1384
82016
94815
96704
22726
98377
21736
18963
45083
73459
4875
76106
59321
369
53242
76320
84713
91769
95112
82536
190
43883
15009
81250
81483
52860
20390
12311
23376
84096
11391
41112
66112
6206
54169
5191
4584
75905
24154
66019
65716
29029
58478
25038
45750
11720
17710
46815
19842
12822
29352
20032
73057
60713
1282
54540
13573
38024
83204
36949
22120
94595
94413
4585
17153
48582
9776
38089
40840
50282
20461
6556
79311
78939
47946
41413
90659
65656
88228
10501
78478
33932
46886
67888
94645
48168
22428
8218
86193
5632
61519
24665
16579
72285
29250
50085
20867
55378
88174
78059
5660
8635
968
1323
3926
48914
42736
10938
14571
47317
21439
9401
81249
68325
77289
92247
32846
16070
465
35391
21702
78337
76408
54634
50622
5659
4719
87841
77389
92893
82253
83050
17881
83221
84373
21807
32135
43462
32745
63058
90779
70537
88812
88380
55214
82453
80627
4412
98523
97445
39803
36578
75782
16212
91212
42756
38223
12283
30597
31964
5176
12850
15014
39409
96071
15740
77569
44559
75554
10314
23969
82685
97203
12781
71065
52418
95235
68045
73182
10110
65490
12986
46688
41272
45550
54252
84028
125
66535
30977
32089
88064
60180
63456
27473
56251
95548
5042
17162
87454
31709
41132
70139
28912
70265
57556
97682
65500
25601
70865
75611
91091
203
38651
32363
45753
92904
32743
62230
59439
63721
10671
47503
40253
74127
74977
96504
86027
96371
30019
73481
28080
71151
59972
73345
41416
17529
71027
23269
43130
41892
15232
50574
42095
53883
99289
4200
46787
48385
66430
6227
28458
77102
70082
68711
67581
61411
65215
69961
57783
11586
59794
2215
99089
19767
75560
56858
53648
46588
96479
13130
4832
11711
63704
46928
65594
62994
51128
28734
11379
33911
51313
39837
27365
21395
8548
94946
82807
90115
81259
56942
18054
41054
59157
17143
60821
34718
90353
14469
97658
86832
27599
2490
98543
7656
49418
80490
70650
16899
9224
98381
67162
60537
54570
94527
98284
79470
5825
97443
85937
87085
54385
3991
28139
13543
37487
5312
64613
27840
36133
62271
14673
63732
64761
29568
71388
14180
10058
58390
47431
19282
73123
14593
96171
44045
25472
10808
23515
31297
8251
25805
34734
62637
29796
62873
92532
83635
84537
57145
11476
20670
19416
42501
755
84177
72069
72143
14709
82128
46886
78492
17762
36361
93085
30286
80407
34909
41094
20274
66207
65697
46079
941
28334
92228
80167
20866
75863
81056
78011
3691
1727
13779
46192
2482
97957
34614
90977
29018
33094
54215
7511
50856
90577
16948
97494
70984
51858
54940
91258
34417
20638
53690
51710
48972
45918
48229
86191
21781
29286
64202
25473
31013
94334
88017
49847
8643
22631
40824
37661
55725
95040
61524
22934
1969
94825
20428
72953
63035
75369
80563
13804
96007
50605
65514
61331
96523
13744
47522
18305
59382
28077
60130
6747
22411
64499
56594
31054
3483
97418
85067
59208
8810
46592
98494
10779
57769
35275
84
20804
26996
97000
34608
39355
47605
16474
686
44129
46570
64561
78786
5952
8990
55268
12699
31401
19767
69293
78807
23250
83064
80226
98811
8226
43170
97305
35358
939
48932
51794
38095
75928
48794
72703
31635
12752
89178
48674
73233
52100
13235
68371
58053
22225
23639
87104
69978
59758
72750
65137
83009
72166
45363
98172
80392
88534
11829
32102
5825
60762
83897
43921
53042
49043
32976
84678
61795
38506
33352
51380
90607
62939
19751
48660
1516
43390
52116
71494
3149
24866
52983
2510
97032
98346
682
93777
3232
12511
25879
25410
89625
9776
69331
42668
58820
2307
43698
36967
40814
77050
88348
31421
56341
8099
96433
57857
67842
48549
29351
87343
89768
98686
6205
86800
13384
6887
80577
32969
35750
6457
58379
41728
16233
27710
84396
91405
46369
28094
28373
3535
21496
16721
51308
77837
24820
47741
35694
9014
12643
81397
96357
2411
96435
2562
89211
9819
25801
86141
42788
77904
92598
1167
19632
25183
45229
20380
16589
91599
64826
61314
95134
86322
78035
46443
80511
19207
10536
32557
28222
23179
30306
40931
41942
26741
59846
47506
36560
1999
33647
79349
79903
42597
96868
99535
67780
42098
19915
721
50049
84741
62035
45183
87415
56422
7978
84278
75630
18515
16835
20204
58046
47141
61135
16341
73882
37333
63847
26795
39333
13846
6144
19236
56443
19364
35124
40575
61462
71391
57649
11511
72485
19684
73047
59900
76107
97377
44179
68089
32244
77366
88293
90291
24508
65780
22984
98390
3114
86831
25185
42447
17029
47681
78035
73472
67046
13159
14047
44860
84551
88048
72724
57036
7733
62123
33288
192
59500
77467
84633
91745
54834
89278
98388
95694
55058
21372
10436
74524
24555
51974
16971
41584
16007
11359
15056
99405
24518
45455
44266
9069
33504
33342
82457
57589
95465
15746
74133
71317
9565
75118
63062
80751
64396
61450
76445
35806
99174
3234
10331
23729
55208
43654
81665
71215
55013
13073
70621
79532
58529
31239
4953
8385
80933
3763
82326
76398
19509
72811
47715
45426
47929
27130
26178
28677
4932
18975
64483
4107
22209
74814
44188
77417
18469
25854
64985
89834
38927
51958
69366
13808
83197
90672
38545
64130
94435
37223
56880
30296
10034
20947
75722
74315
64429
1900
2992
69362
20876
67476
89821
59437
58642
50361
36855
93463
76215
18192
83298
31495
70150
69016
61655
69699
59688
201
50181
54123
53776
7061
84419
80163
44360
76494
54478
25142
78394
73823
94504
15622
57651
677
75060
16293
51038
28267
26109
43606
46459
9407
75101
16609
78423
36756
86308
38112
53309
36489
8587
7086
59902
9359
3601
20614
85853
58079
45756
80599
48254
56612
96222
22257
73641
87634
54903
24680
15901
81012
68286
62360
90419
59739
95321
68842
12847
97981
23306
66157
50822
48246
89595
27076
57605
93196
64042
59810
67627
26151
40409
32234
82763
52983
54491
56405
40617
9394
97437
56518
90406
82075
35230
97177
41814
46903
82372
54661
44884
5678
37170
12058
70276
43117
39134
44233
52665
3177
4043
20293
29328
60805
68879
28443
13788
23370
1200
54406
49117
98637
10924
55875
97064
62507
53053
38878
9410
35425
9892
54295
57455
47062
66353
27732
90180
21840
71965
42845
