0
2
12
21
22
27
49
53
60
76
106
115
117
143
144
146
147
153
161
181
182
183
184
205
234
237
252
254
259
264
287
299
329
348
361
362
363
377
378
388
393
424
435
438
439
440
448
453
456
463
467
468
470
471
478
486
497
518
527
535
546
551
568
572
582
612
626
643
648
655
657
667
684
706
711
721
740
742
758
789
792
795
813
829
854
867
869
886
900
907
909
912
928
931
932
933
947
957
968
972
994
997
1013
1029
1034
1040
1040
1046
1055
1058
1085
1100
1129
1129
1156
1170
1172
1203
1205
1216
1243
1247
1262
1285
1292
1300
1307
1311
1322
1333
1334
1338
1340
1351
1364
1366
1369
1369
1372
1408
1413
1414
1421
1442
1449
1450
1464
1475
1483
1484
1488
1496
1520
1543
1544
1546
1549
1552
1553
1572
1581
1582
1610
1612
1616
1623
1624
1625
1636
1639
1671
1678
1688
1689
1714
1724
1734
1743
1749
1751
1754
1758
1768
1784
1791
1804
1823
1834
1838
1842
1853
1861
1865
1870
1882
1885
1891
1891
1895
1895
1899
1902
1919
1945
1956
1963
1982
1987
1992
1994
2007
2012
2031
2037
2047
2066
2079
2094
2101
2111
2125
2142
2149
2153
2156
2161
2163
2187
2189
2230
2240
2244
2247
2252
2257
2270
2273
2304
2308
2309
2332
2333
2338
2350
2350
2356
2372
2374
2388
2390
2390
2393
2393
2407
2428
2431
2433
2435
2438
2451
2467
2474
2474
2489
2495
2505
2527
2560
2586
2610
2626
2636
2641
2661
2665
2680
2681
2697
2705
2706
2709
2734
2736
2743
2743
2770
2783
2790
2801
2805
2817
2827
2841
2847
2852
2853
2861
2885
2888
2889
2894
2899
2929
2933
2934
2938
2948
2955
2961
2962
2984
2985
2985
2990
3002
3025
3032
3056
3075
3080
3086
3093
3101
3101
3115
3118
3119
3130
3132
3133
3141
3143
3144
3149
3159
3177
3188
3201
3221
3224
3244
3245
3261
3264
3272
3277
3280
3298
3308
3312
3314
3317
3320
3328
3407
3410
3416
3425
3435
3438
3440
3449
3468
3473
3476
3478
3479
3520
3524
3526
3533
3538
3543
3546
3548
3557
3570
3572
3596
3599
3600
3639
3646
3647
3655
3658
3666
3669
3696
3697
3698
3701
3715
3726
3741
3758
3764
3766
3769
3773
3773
3776
3796
3797
3798
3803
3803
3805
3824
3833
3836
3837
3838
3842
3842
3873
3916
3916
3939
3963
3965
3968
3969
3974
3974
3982
4007
4024
4036
4037
4064
4067
4077
4079
4091
4107
4108
4108
4132
4142
4144
4152
4159
4177
4180
4183
4191
4198
4227
4246
4253
4262
4269
4278
4289
4306
4322
4326
4338
4356
4357
4377
4393
4411
4413
4419
4425
4439
4453
4458
4461
4466
4469
4477
4486
4487
4494
4500
4521
4534
4538
4544
4576
4588
4591
4602
4606
4627
4632
4658
4674
4692
4695
4729
4738
4739
4750
4755
4765
4771
4773
4789
4790
4796
4809
4837
4839
4869
4872
4872
4874
4874
4900
4920
4926
4934
4939
4947
4964
4989
4997
5000
5001
5022
5049
5053
5054
5057
5058
5062
5066
5080
5084
5086
5095
5101
5103
5104
5137
5138
5141
5180
5195
5200
5214
5220
5240
5244
5259
5267
5268
5273
5281
5300
5308
5315
5348
5351
5351
5397
5409
5411
5413
5431
5449
5461
5474
5479
5488
5493
5514
5523
5525
5534
5539
5543
5546
5548
5550
5551
5556
5570
5575
5600
5603
5610
5612
5620
5649
5671
5681
5682
5692
5710
5738
5766
5769
5771
5787
5791
5797
5798
5803
5812
5829
5843
5851
5862
5863
5872
5884
5884
5887
5896
5912
5913
5915
5931
5939
5955
5962
5977
5992
5994
6010
6015
6032
6040
6052
6053
6058
6059
6066
6081
6095
6100
6143
6144
6156
6158
6159
6170
6171
6171
6171
6179
6194
6200
6201
6215
6219
6228
6238
6256
6257
6259
6262
6292
6304
6314
6324
6349
6360
6371
6378
6403
6435
6452
6463
6490
6500
6509
6516
6533
6547
6556
6565
6577
6585
6615
6629
6661
6665
6712
6715
6721
6745
6749
6762
6766
6774
6777
6783
6788
6794
6803
6803
6835
6842
6846
6859
6860
6869
6892
6895
6898
6898
6899
6905
6929
6931
6959
6962
6967
6971
6971
7006
7030
7044
7060
7063
7064
7078
7082
7119
7128
7133
7137
7140
7148
7174
7177
7183
7185
7186
7186
7187
7187
7188
7202
7225
7229
7234
7236
7243
7253
7339
7343
7346
7363
7373
7376
7381
7383
7385
7386
7391
7392
7392
7415
7416
7425
7431
7439
7442
7450
7451
7451
7470
7474
7479
7498
7500
7510
7537
7567
7576
7577
7582
7586
7596
7605
7609
7633
7645
7646
7652
7676
7694
7695
7700
7727
7739
7748
7762
7816
7830
7842
7851
7860
7864
7872
7875
7885
7889
7938
7941
7956
7959
7964
7970
7970
7973
7996
7997
8005
8007
8008
8049
8057
8058
8129
8142
8157
8159
8180
8182
8188
8200
8209
8211
8224
8226
8241
8244
8255
8261
8270
8272
8287
8314
8314
8316
8327
8328
8329
8356
8359
8362
8365
8366
8379
8380
8387
8388
8404
8413
8416
8433
8437
8442
8443
8466
8467
8468
8470
8474
8478
8479
8481
8486
8492
8502
8538
8551
8555
8561
8564
8566
8572
8598
8619
8625
8627
8628
8640
8644
8644
8645
8656
8659
8669
8699
8714
8717
8720
8724
8736
8740
8741
8759
8766
8777
8782
8799
8801
8810
8843
8874
8875
8881
8885
8888
8895
8912
8925
8938
8938
8943
8944
8964
8970
8971
8976
8982
9002
9005
9006
9020
9027
9027
9041
9051
9051
9066
9094
9106
9112
9113
9125
9140
9150
9153
9154
9155
9171
9175
9179
9192
9193
9197
9206
9212
9218
9234
9240
9242
9260
9264
9268
9277
9287
9292
9293
9298
9302
9318
9366
9366
9369
9386
9391
9399
9411
9412
9421
9437
9439
9468
9473
9478
9482
9482
9489
9532
9538
9544
9551
9559
9595
9601
9626
9633
9644
9648
9662
9664
9665
9675
9690
9696
9704
9723
9734
9766
9785
9789
9789
9794
9795
9797
9799
9803
9807
9813
9817
9818
9823
9827
9838
9841
9856
9868
9887
9893
9908
9910
9951
9975
9976
9978
9984
10004
10014
10014
10043
10049
10087
10093
10096
10106
10110
10123
10153
10169
10185
10196
10204
10210
10211
10230
10231
10233
10241
10252
10252
10253
10260
10272
10288
10294
10309
10310
10332
10332
10337
10347
10353
10358
10363
10365
10368
10389
10410
10416
10421
10424
10432
10439
10454
10458
10470
10482
10482
10485
10515
10543
10548
10560
10572
10596
10615
10630
10651
10676
10695
10714
10714
10717
10723
10738
10744
10762
10774
10774
10788
10793
10811
10812
10833
10849
10852
10893
10909
10910
10912
10939
10940
10943
10951
10956
10958
10964
10966
10983
11028
11043
11055
11062
11065
11065
11072
11082
11083
11102
11110
11113
11119
11124
11125
11148
11168
11170
11177
11178
11186
11189
11197
11206
11208
11239
11246
11260
11262
11266
11278
11281
11284
11302
11307
11335
11340
11355
11361
11364
11369
11385
11387
11387
11395
11396
11399
11401
11406
11411
11427
11437
11459
11473
11506
11511
11515
11523
11530
11558
11563
11565
11571
11574
11577
11578
11583
11592
11600
11603
11636
11636
11640
11642
11646
11665
11665
11666
11682
11686
11698
11701
11715
11722
11735
11749
11751
11758
11764
11773
11783
11812
11829
11835
11836
11846
11871
11875
11893
11907
11909
11915
11923
11939
11954
11956
11975
11983
11985
11990
12006
12008
12015
12034
12079
12084
12093
12094
12105
12110
12110
12116
12126
12135
12142
12165
12183
12183
12193
12228
12239
12247
12283
12290
12291
12309
12336
12346
12362
12372
12393
12404
12420
12424
12429
12435
12440
12467
12479
12481
12493
12497
12505
12506
12506
12516
12519
12521
12537
12542
12562
12587
12594
12599
12608
12623
12632
12641
12649
12652
12669
12684
12715
12717
12721
12722
12727
12728
12739
12764
12791
12799
12811
12816
12829
12831
12854
12859
12869
12870
12904
12906
12910
12915
12936
12958
12961
12967
12984
12986
12988
12992
13013
13027
13031
13031
13046
13051
13052
13055
13060
13085
13087
13094
13094
13099
13100
13122
13130
13141
13158
13161
13180
13182
13188
13189
13196
13203
13219
13232
13234
13241
13243
13279
13281
13322
13332
13334
13336
13369
13380
13389
13405
13406
13416
13454
13457
13463
13463
13464
13469
13487
13490
13490
13491
13493
13493
13494
13497
13512
13540
13565
13567
13568
13601
13607
13613
13622
13624
13626
13636
13638
13645
13652
13660
13663
13677
13678
13691
13708
13738
13747
13749
13750
13768
13770
13770
13774
13775
13776
13789
13795
13806
13838
13856
13887
13889
13891
13898
13911
13922
13924
13944
13957
13968
13975
13988
14001
14001
14043
14051
14052
14062
14065
14084
14085
14100
14106
14113
14120
14128
14130
14137
14143
14151
14172
14177
14190
14195
14208
14238
14240
14241
14251
14256
14280
14280
14283
14299
14303
14305
14329
14337
14339
14344
14373
14387
14393
14394
14420
14431
14436
14442
14457
14474
14506
14506
14509
14521
14525
14543
14548
14549
14552
14567
14595
14614
14618
14622
14622
14642
14646
14653
14654
14670
14680
14683
14696
14708
14740
14751
14762
14762
14773
14786
14793
14824
14833
14836
14843
14860
14863
14863
14865
14866
14867
14871
14880
14881
14886
14887
14890
14901
14905
14915
14919
14941
14948
14956
14958
14978
14983
14984
14996
15012
15022
15029
15032
15038
15040
15045
15047
15051
15053
15060
15065
15092
15092
15101
15102
15107
15107
15136
15141
15144
15147
15148
15158
15173
15173
15178
15196
15213
15226
15235
15239
15244
15258
15261
15270
15282
15290
15365
15392
15396
15417
15418
15425
15426
15431
15439
15439
15448
15450
15454
15465
15476
15487
15489
15498
15502
15527
15530
15545
15550
15565
15565
15568
15583
15592
15602
15609
15618
15621
15621
15622
15634
15640
15641
15651
15673
15685
15686
15690
15701
15701
15719
15724
15741
15743
15752
15752
15764
15776
15817
15837
15842
15865
15875
15882
15892
15900
15917
15920
15958
15982
15994
16004
16007
16017
16019
16037
16052
16053
16061
16063
16079
16090
16095
16112
16120
16129
16147
16151
16151
16179
16192
16192
16198
16205
16209
16220
16231
16233
16234
16236
16274
16282
16296
16308
16332
16335
16345
16352
16393
16399
16421
16442
16455
16464
16472
16474
16479
16484
16485
16502
16509
16529
16545
16557
16570
16574
16577
16581
16582
16585
16586
16591
16602
16603
16606
16611
16628
16636
16637
16640
16684
16722
16723
16726
16733
16739
16740
16749
16752
16765
16775
16788
16804
16809
16813
16836
16838
16863
16868
16873
16874
16885
16900
16942
16995
17004
17015
17026
17041
17043
17045
17046
17047
17051
17077
17082
17093
17102
17121
17123
17140
17142
17143
17159
17162
17165
17167
17170
17180
17223
17228
17254
17256
17270
17287
17296
17308
17313
17317
17329
17334
17346
17356
17356
17359
17374
17383
17405
17415
17442
17445
17467
17482
17483
17487
17491
17500
17518
17520
17526
17533
17540
17545
17545
17560
17578
17585
17587
17594
17610
17613
17618
17627
17627
17643
17648
17675
17681
17683
17683
17702
17704
17713
17721
17725
17730
17757
17780
17802
17812
17824
17827
17833
17845
17850
17857
17859
17868
17873
17880
17894
17917
17920
17923
17928
17937
17957
17961
17994
18000
18000
18010
18019
18028
18039
18046
18047
18076
18080
18089
18091
18097
18104
18110
18114
18116
18128
18149
18159
18186
18195
18212
18216
18223
18231
18249
18273
18298
18325
18329
18331
18340
18354
18355
18356
18362
18369
18386
18400
18406
18414
18437
18492
18498
18516
18534
18540
18549
18551
18561
18565
18566
18576
18600
18601
18605
18609
18615
18618
18631
18633
18642
18644
18647
18647
18652
18667
18672
18678
18681
18699
18701
18710
18727
18756
18757
18770
18782
18788
18789
18818
18822
18839
18853
18858
18860
18907
18929
18936
18964
18976
18998
19009
19036
19043
19061
19064
19068
19079
19092
19102
19112
19133
19141
19149
19160
19166
19169
19176
19184
19185
19186
19187
19212
19226
19254
19265
19267
19273
19276
19282
19295
19301
19309
19325
19326
19336
19339
19369
19380
19399
19434
19438
19444
19449
19455
19464
19465
19493
19500
19500
19523
19523
19532
19534
19560
19586
19631
19636
19659
19668
19678
19678
19714
19716
19718
19724
19732
19750
19760
19767
19776
19784
19807
19830
19875
19883
19901
19905
19911
19923
19929
19956
19977
19980
19985
19999
20013
20026
20045
20054
20074
20082
20096
20097
20101
20128
20156
20157
20163
20164
20212
20221
20228
20232
20242
20244
20252
20259
20274
20305
20312
20312
20318
20322
20336
20377
20393
20407
20428
20451
20462
20466
20474
20485
20504
20513
20531
20536
20540
20546
20550
20552
20565
20580
20580
20587
20596
20608
20614
20615
20627
20651
20675
20718
20738
20745
20752
20764
20780
20784
20795
20806
20816
20816
20831
20835
20868
20871
20883
20885
20889
20936
20952
20955
20966
20967
20971
21013
21014
21015
21016
21018
21029
21046
21054
21070
21074
21090
21097
21102
21104
21114
21115
21128
21141
21141
21143
21157
21166
21172
21174
21181
21204
21206
21216
21245
21263
21285
21299
21300
21301
21312
21332
21334
21335
21336
21338
21338
21359
21370
21380
21394
21406
21419
21442
21444
21454
21461
21522
21534
21535
21550
21558
21559
21564
21596
21606
21623
21627
21635
21668
21671
21672
21678
21700
21707
21713
21730
21736
21741
21742
21769
21771
21790
21798
21815
21820
21826
21837
21851
21858
21862
21866
21867
21869
21881
21896
21905
21960
21967
21975
21977
21979
21980
21999
22003
22011
22021
22022
22049
22060
22098
22102
22104
22145
22151
22165
22195
22205
22212
22233
22244
22256
22257
22258
22268
22274
22291
22292
22294
22304
22312
22313
22323
22328
22340
22350
22361
22381
22395
22402
22403
22409
22413
22424
22426
22430
22432
22433
22433
22437
22447
22452
22457
22474
22488
22489
22489
22497
22499
22555
22561
22569
22586
22586
22606
22607
22608
22628
22633
22658
22677
22699
22700
22701
22709
22714
22716
22721
22740
22740
22746
22748
22769
22775
22788
22790
22791
22794
22798
22801
22804
22809
22810
22812
22815
22815
22834
22855
22865
22891
22892
22914
22916
22929
22936
22940
22950
22962
22975
22992
23012
23014
23023
23027
23035
23056
23058
23066
23066
23067
23074
23095
23096
23118
23141
23169
23195
23219
23244
23253
23281
23282
23289
23303
23311
23319
23321
23322
23348
23369
23379
23419
23431
23438
23438
23447
23456
23458
23461
23462
23466
23480
23484
23502
23506
23519
23533
23539
23551
23562
23578
23583
23604
23607
23622
23625
23666
23681
23704
23712
23717
23723
23739
23740
23741
23745
23784
23790
23794
23798
23811
23816
23819
23822
23826
23839
23840
23871
23875
23882
23896
23897
23898
23901
23907
23912
23920
23921
23924
23953
23957
23975
24003
24011
24021
24027
24030
24045
24045
24057
24069
24069
24074
24076
24098
24116
24123
24131
24136
24138
24143
24148
24170
24171
24173
24219
24220
24238
24281
24281
24284
24294
24295
24319
24335
24340
24340
24355
24363
24400
24408
24410
24412
24426
24429
24432
24476
24476
24478
24479
24484
24487
24494
24506
24509
24523
24524
24525
24526
24530
24531
24537
24564
24568
24569
24612
24616
24655
24669
24680
24701
24712
24717
24718
24718
24729
24734
24769
24798
24806
24807
24810
24816
24832
24845
24851
24859
24876
24877
24880
24891
24908
24909
24918
24944
24945
24946
24947
24951
24957
24960
24970
24972
24974
24977
24980
24984
24984
24992
24997
25009
25021
25022
25047
25057
25064
25064
25092
25093
25109
25116
25118
25121
25126
25160
25167
25168
25188
25200
25211
25219
25221
25228
25235
25238
25243
25246
25275
25279
25306
25308
25322
25351
25356
25385
25387
25428
25431
25439
25443
25454
25461
25472
25514
25522
25593
25595
25601
25606
25623
25624
25629
25631
25643
25656
25658
25670
25672
25673
25681
25684
25692
25701
25715
25737
25738
25754
25769
25778
25780
25797
25816
25817
25822
25830
25834
25834
25835
25835
25838
25853
25861
25885
25887
25891
25905
25907
25932
25933
25934
25935
25946
25954
25954
25970
25975
25976
25989
25992
25994
25995
26013
26061
26065
26092
26101
26113
26117
26122
26133
26133
26170
26175
26259
26269
26271
26308
26319
26324
26333
26343
26345
26352
26358
26359
26364
26369
26375
26376
26397
26399
26412
26413
26418
26423
26430
26432
26443
26457
26457
26459
26463
26475
26481
26481
26483
26486
26510
26515
26515
26568
26575
26588
26625
26625
26638
26640
26640
26647
26647
26664
26669
26684
26704
26706
26707
26723
26723
26733
26761
26770
26804
26810
26812
26822
26827
26829
26834
26837
26849
26861
26873
26902
26904
26927
26941
26965
26972
26978
26987
26993
27022
27042
27044
27072
27072
27074
19627
16474
17901
1775
4203
17843
15640
4385
26094
22413
12476
16563
11107
16958
5180
7430
22348
5766
8651
10839
15195
12723
12462
7764
149
8481
14438
19953
16726
17537
3617
6354
10363
21518
14481
14566
15713
122
25303
11808
28887
7779
4723
9994
1089
16255
23776
23438
22021
8780
10629
13569
21503
23091
21333
28004
7924
12123
17958
24651
6012
27927
7357
16375
19445
21838
7294
11511
21960
2597
23319
27199
10377
4394
13546
17818
20650
7322
11256
19023
16102
21885
2592
13957
21329
23926
18314
29253
12401
12624
256
18414
10551
7613
4789
29996
29452
12083
17859
27764
14681
11178
1316
1410
15573
14862
19228
12575
28536
6837
1598
20991
5074
4191
4948
26403
4469
29614
2009
16870
12238
8617
11636
22789
16231
16426
29138
22035
4861
16997
26151
25894
4528
27467
27304
26453
12329
16533
9028
17218
29722
16978
8209
4796
21169
19509
7552
1990
19124
9561
25213
1362
18178
6849
504
10761
29627
5994
2796
4489
22991
5300
6735
3871
2767
4040
324
21449
26925
15704
8667
26647
2683
16876
1443
23852
6385
8995
2195
1861
24908
27408
9576
19439
10609
10080
200
16589
16074
9349
27430
15417
14649
4165
19289
17416
8205
25965
15217
5130
11670
23884
1777
14353
10760
9573
14557
23498
18568
16752
25359
13477
20512
4935
9268
1122
21367
9468
17711
13793
25169
15141
5563
16170
19306
24852
9939
3864
27169
25156
8994
8839
19041
17124
23192
6153
26697
7750
29651
15265
854
1363
5094
21367
12650
14362
28841
4018
183
22904
17811
1704
14397
23374
17875
10055
24578
27814
13919
21748
22970
29266
6939
18363
16390
132
24517
13087
14234
520
4704
21440
1883
16151
12807
14534
6865
18000
24904
7048
10904
19067
8753
1653
18794
2980
11709
13372
794
25628
11472
116
1246
24764
18480
17636
24896
19349
7075
15482
