0
9
12
13
36
51
53
58
59
62
74
76
89
93
95
100
102
108
110
115
115
119
122
124
138
143
147
150
151
153
153
162
183
194
200
204
207
217
220
223
228
237
263
264
270
287
302
307
311
312
319
322
334
336
338
341
341
343
346
353
354
355
355
361
368
390
391
395
396
400
419
434
434
449
455
484
488
494
495
512
512
512
513
515
529
535
545
560
560
569
574
583
587
588
596
597
604
613
623
624
626
627
633
639
647
651
655
658
660
663
664
680
693
694
703
705
719
719
725
736
738
745
745
761
764
776
779
784
786
789
793
795
815
816
826
831
833
836
837
841
848
848
850
852
852
853
854
857
860
875
881
907
921
922
942
943
943
951
954
961
963
966
969
970
979
979
986
993
996
1000
1006
1006
1011
1012
1020
1020
1024
1026
1036
1040
1051
1060
1060
1065
1066
1084
1084
1084
1093
1105
1109
1115
1119
1124
1132
1138
1140
1145
1148
1151
1152
1153
1155
1156
1159
1172
1187
1195
1200
1200
1204
1217
1218
1218
1234
1235
1235
1239
1240
1244
1255
1262
1278
1290
1292
1300
1317
1328
1328
1336
1337
1344
1345
1349
1354
1359
1359
1365
1365
1369
1372
1383
1392
1393
1412
1413
1423
1447
1461
1472
1473
1481
1489
1490
1491
1493
1506
1507
1510
1513
1532
1538
1539
1539
1541
1543
1544
1545
1550
1553
1559
1563
1565
1570
1580
1590
1598
1600
1622
1624
1627
1648
1662
1664
1670
1670
1675
1690
1699
1702
1706
1715
1720
1726
1731
1737
1742
1742
1743
1748
1753
1759
1762
1765
1765
1778
1781
1784
1792
1794
1803
1819
1834
1844
1846
1851
1852
1853
1860
1871
1882
1887
1891
1901
1902
1903
1918
1926
1930
1932
1933
1934
1973
1981
1991
1993
2002
2023
2054
2059
2062
2064
2069
2070
2089
2093
2094
2097
2104
2109
2112
2115
2120
2126
2144
2157
2158
2175
2180
2184
2187
2191
2197
2201
2226
2227
2231
2245
2247
2251
2256
2277
2284
2293
2304
2318
2328
2328
2356
2360
2362
2371
2379
2384
2390
2391
2391
2399
2423
2424
2439
2446
2449
2464
2487
2488
2493
2496
2515
2517
2528
2529
2530
2536
2539
2553
2557
2579
2581
2590
2592
2607
2616
2619
2641
2645
2654
2655
2656
2663
2664
2666
2671
2687
2694
2698
2702
2704
2707
2710
2712
2721
2723
2736
2739
2743
2754
2756
2757
2762
2765
2766
2767
2769
2770
2778
2781
2786
2791
2799
2808
2818
2834
2834
2835
2862
2869
2873
2876
2878
2885
2891
2893
2894
2895
2895
2912
2915
2916
2938
2941
2942
2944
2947
2948
2952
2964
2965
2967
2970
2977
2978
2986
2990
2991
2998
3022
3030
3032
3044
3057
3058
3067
3072
3093
3093
3096
3103
3104
3108
3113
3120
3125
3125
3126
3134
3137
3146
3148
3161
3172
3174
3175
3189
3190
3198
3200
3203
3210
3219
3222
3230
3232
3240
3241
3269
3277
3278
3283
3290
3290
3290
3304
3315
3330
3335
3343
3356
3357
3368
3368
3379
3388
3394
3414
3430
3436
3447
3452
3460
3465
3474
3475
3489
3499
3504
3512
3534
3549
3562
3562
3569
3572
3604
3605
3606
3607
3618
3623
3634
3638
3639
3641
3659
3664
3679
3687
3693
3697
3710
3710
3722
3732
3735
3736
3744
3761
3768
3780
3783
3791
3792
3795
3800
3814
3818
3831
3841
3844
3847
3849
3862
3873
3878
3879
3881
3884
3891
3895
3913
3930
3934
3938
3942
3946
3947
3947
3951
3952
3953
3962
3973
3981
3990
4002
4011
4012
4014
4015
4024
4033
4040
4041
4056
4064
4065
4071
4074
4076
4076
4080
4083
4087
4093
4114
4120
4131
4135
4137
4138
4151
4153
4155
4155
4175
4181
4183
4185
4193
4194
4194
4196
4196
4199
4206
4215
4217
4223
4248
4255
4270
4271
4282
4292
4293
4299
4299
4303
4307
4308
4311
4317
4321
4324
4326
4330
4332
4333
4334
4336
4336
4337
4338
4340
4349
4351
4353
4353
4365
4365
4368
4372
4379
4380
4381
4393
4396
4405
4415
4420
4421
4430
4449
4465
4465
4466
4467
4472
4474
4483
4484
4500
4513
4515
4516
4519
4527
4537
4544
4544
4549
4549
4570
4577
4577
4582
4587
4587
4595
4607
4621
4628
4629
4638
4642
4643
4658
4658
4660
4661
4666
4668
4675
4682
4682
4696
4716
4719
4722
4723
4724
4724
4725
4735
4743
4743
4744
4751
4769
4771
4774
4776
4780
4783
4789
4803
4808
4808
4817
4824
4844
4847
4848
4850
4858
4860
4875
4886
4896
4903
4906
4908
4915
4923
4926
4930
4940
4941
4941
4942
4947
4953
4957
4971
4974
4978
4980
4981
4991
5005
5005
5021
5023
5025
5027
5038
5039
5053
5057
5061
5068
5069
5080
5087
5103
5113
5124
5125
5133
5134
5134
5144
5147
5152
5158
5163
5163
5165
5170
5173
5176
5176
5179
5181
5199
5200
5209
5220
5223
5232
5240
5243
5244
5248
5251
5279
5279
5281
5294
5295
5298
5304
5305
5307
5310
5313
5313
5317
5324
5328
5330
5333
5338
5344
5355
5359
5363
5378
5378
5384
5385
5386
5391
5394
5403
5427
5431
5435
5457
5463
5473
5480
5482
5484
5500
5505
5509
5512
5531
5532
5533
5536
5536
5542
5543
5556
5557
5573
5583
5586
5599
5601
5605
5609
5610
5610
5617
5622
5635
5642
5647
5650
5651
5652
5657
5662
5662
5664
5668
5669
5672
5676
5679
5680
5681
5685
5688
5695
5699
5700
5706
5709
5722
5725
5728
5729
5732
5736
5741
5745
5745
5754
5757
5757
5759
5763
5766
5770
5770
5776
5783
5784
5785
5793
5794
5800
5803
5804
5810
5815
5835
5839
5839
5856
5869
5879
5892
5893
5894
5906
5921
5926
5926
5927
5929
5934
5940
5943
5947
5955
5956
5961
5973
5983
5987
5989
5994
5997
5997
5997
6003
6004
6026
6030
6030
6033
6040
6043
6047
6062
6067
6074
6080
6085
6087
6095
6095
6116
6132
6146
6164
6180
6183
6184
6193
6209
6221
6226
6228
6232
6233
6234
6237
6237
6250
6251
6252
6252
6258
6263
6266
6272
6274
6274
6279
6284
6286
6286
6294
6302
6311
6317
6317
6319
6328
6329
6332
6337
6346
6346
6365
6365
6366
6369
6373
6373
6381
6381
6405
6410
6413
6418
6419
6424
6425
6429
6432
6439
6470
6471
6475
6483
6483
6485
6485
6486
6496
6499
6499
6518
6521
6534
6534
6538
6542
6543
6543
6544
6554
6560
6561
6570
6584
6587
6587
6591
6593
6601
6603
6618
6624
6635
6637
6640
6646
6647
6651
6652
6656
6659
6661
6662
6668
6673
6681
6684
6707
6711
6719
6723
6725
6730
6761
6765
6766
6767
6777
6781
6794
6798
6801
6805
6813
6814
6829
6831
6831
6834
6836
6840
6844
6849
6850
6856
6866
6880
6881
6882
6897
6900
6901
6902
6912
6922
6923
6924
6930
6930
6930
6931
6934
6936
6937
6946
6956
6972
6972
6988
6993
7035
7037
7043
7044
7045
7048
7050
7061
7063
7070
7076
7077
7077
7081
7085
7090
7093
7101
7103
7104
7121
7132
7139
7146
7165
7171
7172
7174
7176
7179
7199
7202
7205
7205
7207
7212
7214
7219
7226
7228
7233
7236
7236
7271
7278
7288
7293
7308
7308
7310
7312
7318
7324
7325
7326
7330
7336
7343
7344
7347
7352
7354
7358
7369
7369
7380
7404
7404
7409
7414
7416
7419
7420
7427
7427
7437
7444
7447
7458
7459
7471
7490
7494
7494
7495
7497
7505
7528
7539
7542
7549
7551
7555
7561
7566
7570
7571
7584
7585
7588
7593
7607
7608
7631
7638
7639
7644
7645
7659
7661
7661
7669
7680
7682
7684
7687
7689
7697
7716
7721
7746
7749
7753
7766
7776
7779
7788
7792
7796
7811
7814
7820
7834
7835
7836
7846
7849
7851
7853
7858
7864
7866
7866
7867
7871
7884
7886
7887
7890
7896
7898
7904
7919
7926
7926
7932
7943
7945
7951
7957
7959
7970
7976
7976
7980
7983
7988
8005
8006
8007
8008
8011
8013
8018
8025
8028
8030
8049
8062
8063
8067
8073
8075
8092
8100
8105
8120
8123
8124
8129
8130
8130
8146
8149
8155
8158
8166
8179
8183
8221
8227
8229
8233
8234
8256
8258
8275
8283
8283
8289
8301
8302
8330
8337
8356
8361
8377
8382
8411
8411
8414
8416
8421
8441
8458
8465
8466
8467
8469
8474
8478
8493
8499
8509
8528
8536
8541
8546
8572
8578
8584
8585
8588
8602
8607
8618
8634
8638
8638
8639
8655
8655
8662
8685
8686
8687
8694
8709
8714
8714
8720
8721
8722
8724
8728
8734
8737
8740
8744
8747
8750
8756
8756
8757
8764
8767
8781
8785
8791
8800
8804
8810
8817
8819
8819
8822
8824
8837
8840
8841
8841
8853
8854
8855
8858
8877
8883
8897
8907
8909
8930
8931
8936
8940
8950
8958
8961
8961
8961
8986
8992
8993
9002
9010
9014
9020
9025
9027
9027
9048
9057
9062
9081
9089
9090
9092
9093
9098
9099
9103
9118
9121
9125
9133
9139
9146
9148
9152
9168
9172
9172
9181
9182
9183
9191
9196
9198
9203
9228
9246
9249
9262
9264
9272
9280
9283
9290
9291
9292
9300
9303
9307
9311
9315
9316
9320
9322
9327
9335
9353
9358
9360
9366
9373
9378
9382
9383
9387
9393
9396
9405
9408
9424
9428
9444
9453
9460
9462
9465
9474
9481
9486
9489
9497
9498
9522
9523
9533
9552
9553
9555
9558
9565
9577
9583
9587
9588
9592
9594
9607
9609
9610
9614
9622
9625
9625
9639
9639
9644
9645
9647
9661
9668
9670
9674
9682
9691
9694
9702
9704
9716
9720
9727
9728
9736
9753
9763
9767
9781
9782
9783
9788
9801
9811
9818
9820
9827
9833
9834
9834
9834
9838
9843
9843
9860
9871
9877
9879
9882
9886
9909
9910
9922
9927
9936
9938
9942
9944
9946
9947
9947
9951
9952
9953
9964
9980
10000
10004
10005
10012
10012
10022
10024
10025
10026
10035
10037
10045
10053
10054
10066
10070
10076
10082
10087
10088
10106
10106
10110
10111
10111
10112
10120
10122
10124
10135
10138
10143
10158
10163
10184
10184
10190
10191
10199
10199
10202
10207
10208
10224
10235
10236
10247
10249
10257
10259
10263
10270
10280
10281
10295
10301
10301
10320
10322
10327
10329
10329
10351
10352
10352
10356
10367
10369
10378
10395
10397
10401
10403
10409
10414
10416
10421
10423
10423
10430
10437
10439
10440
10440
10458
10458
10463
10463
10474
10479
10491
10498
10499
10507
10507
10507
10520
10522
10526
10538
10540
10542
10546
10552
10556
10558
10562
10565
10568
10571
10577
10584
10586
10586
10587
10588
10589
10591
10592
10602
10611
10616
10622
10625
10626
10628
10644
10648
10679
10680
10687
10688
10697
10703
10706
10713
10717
10727
10757
10763
10763
10767
10793
10796
10797
10803
10807
10810
10828
10834
10834
10834
10846
10848
10853
10856
10862
10876
10886
10898
10900
10900
10903
10911
10915
10917
10925
10941
10956
10973
10975
10978
10978
10995
10996
11001
11006
11013
11024
11028
11050
11056
11066
11079
11084
11087
11088
11096
11105
11107
11112
11116
11117
11133
11144
11147
11156
11161
11162
11166
11167
11172
11186
11199
11202
11202
11212
11212
11216
11216
11217
11222
11224
11228
11229
11229
11235
11238
11238
11260
11260
11282
11288
11300
11306
11307
11318
11326
11326
11330
11334
11336
11339
11346
11347
11347
11354
11358
11358
11359
11367
11377
11383
11385
11390
11391
11392
11395
11401
11402
11406
11407
11422
11423
11442
11450
11453
11476
11476
11501
11506
11506
11507
11513
11514
11518
11525
11528
11529
11530
11558
11559
11561
11565
11568
11574
11575
11583
11589
11595
11598
11604
11623
11641
11645
11652
11660
11665
11669
11679
11685
11690
11697
11707
11718
11723
11738
11740
11742
11747
11748
11752
11755
11763
11789
11801
11816
11819
11830
11835
11844
11847
11855
11859
11879
11881
11885
11894
11897
11899
11900
11905
11906
11907
11911
11922
11929
11932
11933
11936
11938
11944
11944
11948
11952
11962
11975
11978
11984
11985
11986
11990
11993
11994
12014
12017
12018
12018
12020
12030
12031
12031
12032
12040
12043
12044
12045
12054
12055
12081
12085
12087
12087
12090
12099
12103
12123
12124
12126
12129
12132
12137
12143
12144
12145
12147
12156
12159
12160
12162
12164
12168
12170
12188
12193
12196
12202
12211
12212
12223
12229
12233
12237
12252
12253
12255
12255
12256
12260
12263
12266
12267
12271
12272
12273
12274
12310
12311
12323
12323
12329
12330
12336
12354
12365
12369
12371
12375
12386
12402
12407
12411
12412
12419
12422
12432
12439
12446
12447
12448
12455
12457
12458
12458
12465
12472
12482
12489
12494
12495
12497
12504
12518
12519
12521
12542
12547
12552
12553
12560
12561
12563
12565
12577
12581
12583
12588
12589
12594
12602
12603
12613
12614
12616
12622
12626
12627
12632
12646
12648
12650
12650
12652
12655
12664
12665
12671
12680
12687
12693
12700
12706
12719
12727
12731
12737
12747
12754
12762
12764
12775
12779
12779
12780
12780
12788
12802
12806
12809
12812
12813
12815
12815
12818
12823
12824
12830
12830
12834
12838
12840
12842
12850
12858
12869
12872
12872
12892
12908
12913
12923
12929
12929
12936
12952
12954
12954
12956
12969
12979
13011
13014
13021
13022
13047
13047
13048
13063
13068
13073
13074
13075
13077
13092
13095
13101
13111
13112
13113
13118
13132
13138
13142
13154
13164
13165
13166
13168
13169
13175
13188
13210
13232
13238
13243
13255
13257
13257
13257
13258
13261
13262
13262
13263
13267
13269
13278
13285
13289
13307
13314
13324
13325
13331
13333
13335
13346
13352
13353
13355
13365
13367
13372
13372
13375
13379
13380
13384
13384
13391
13397
13398
13399
13416
13420
13431
13436
13436
13438
13450
13455
13472
13474
13475
13475
13487
13493
13498
13502
13504
13506
13515
13530
13539
13542
13557
13563
13568
13574
13578
13584
13585
13599
13603
13608
13619
13622
13630
13631
13640
13649
13655
13660
13662
13676
13677
13684
13687
13691
13692
13699
13710
13710
13712
13718
13719
13722
13728
13737
13740
13745
13747
13756
13759
13765
13765
13772
13773
13774
13776
13782
13791
13800
13802
13807
13810
13816
13823
13827
13832
13833
13844
13844
13845
13845
13848
13853
13856
13865
13874
13875
13875
13876
13886
13889
13895
13900
13903
13907
13920
13924
13932
13933
13934
13941
13948
13953
13967
13973
13974
13979
13981
13987
13997
14001
14008
14016
14026
14036
14044
14050
14060
14068
14075
14077
14077
14082
14089
14093
14099
14106
14125
14140
14143
14145
14154
14165
14167
14171
14172
14172
14173
14177
14200
14211
14211
14236
14237
14250
14286
14294
14314
14343
14346
14348
14352
14364
14369
14376
14387
14389
14389
14392
14402
14405
14415
14415
14420
14428
14428
14429
14430
14433
14433
14436
14449
14449
14452
14457
14464
14466
14470
14482
14488
14490
14494
14499
14507
14517
14525
14525
14535
14547
14548
14582
14584
14597
14600
14602
14606
14611
14611
14613
14618
14624
14639
14641
14663
14669
14682
14689
14690
14690
14694
14699
14699
14708
14708
14718
14731
14746
14753
14756
14759
14765
14768
14775
14779
14788
14793
14794
14799
14803
14820
14824
14841
14842
14845
14850
14861
14872
14876
14881
14882
14882
14884
14887
14888
14903
14908
14908
14914
14915
14915
14931
14931
14934
14945
14951
14953
14961
14963
14964
14972
14986
14987
14995
15004
15021
15024
15026
15026
15033
15034
15037
15042
15048
15050
15051
15052
15057
15063
15065
15079
15080
15081
15083
15087
15091
15102
15121
15126
15132
15134
15142
15144
15144
15150
15156
15157
15163
15166
15166
15176
15180
15188
15191
15196
15204
15210
15213
15244
15250
15254
15269
15274
15276
15299
15305
15325
15328
15332
15336
15345
15347
15359
15359
15361
15369
15371
15384
15390
15392
15394
15403
15409
15433
15444
15448
15448
15453
15458
15479
15492
15493
15496
15503
15513
15518
15525
15526
15529
15533
15533
15533
15545
15553
15554
15571
15571
15580
15605
15607
15609
15609
15612
15613
15626
15644
15646
15652
15654
15657
15660
15664
15666
15684
15688
15690
15697
15698
15699
15700
15706
15719
15723
15725
15737
15738
15740
15740
15752
15757
15762
15767
15771
15775
15778
15778
15790
15803
15810
15820
15825
15830
15841
15844
15845
15846
15849
15853
15857
15864
15872
15873
15873
15879
15880
15886
15897
15903
15909
15912
15917
15923
15924
15933
15941
15945
15956
15956
15959
15982
15983
15987
15990
15994
15995
16004
16007
16019
16019
16019
16023
16041
16041
16048
16051
16054
16057
16065
16065
16066
16068
16073
16077
16087
16090
16107
16129
16134
16138
16140
16141
16145
16154
16157
16168
16169
16181
16191
16191
16208
16224
16226
16230
16232
16242
16248
16249
16249
16270
16270
16275
16289
16299
16304
16306
16307
16308
16310
16319
16328
16333
16334
16337
16343
16344
16347
16349
16355
16358
16363
16368
16375
16378
16387
16415
16420
16430
16441
16442
16444
16458
16458
16461
16461
16461
16466
16477
16477
16481
16511
16516
16518
16524
16526
16533
16545
16551
16553
16554
16571
16584
16584
16587
16588
16590
16592
16603
16604
16607
16609
16609
16619
16621
16625
16629
16634
16641
16648
16650
16655
16655
16660
16660
16664
16670
16674
16676
16680
16690
16697
16702
16703
16711
16712
16716
16726
16734
16738
16752
16756
16760
16769
16773
16774
16778
16785
16786
16788
16814
16815
16816
16822
16836
16839
16842
16850
16853
16858
16861
16885
16889
16909
16911
16912
16913
16920
16928
16939
16941
16946
16946
16946
16950
16952
16955
16957
16966
16968
16975
16983
16999
17001
17004
17005
17006
17007
17010
17020
17027
17033
17041
17052
17054
17055
17061
17074
17076
17080
17087
17093
17099
17118
17120
17123
17127
17127
17130
17137
17140
17151
17152
17154
17162
17169
17170
17183
17184
17187
17189
17197
17198
17203
17207
17222
17222
17255
17256
17260
17261
17262
17266
17272
17272
17277
17281
17281
17281
17287
17290
17294
17295
17295
17305
17309
17318
17331
17338
17347
17360
17363
17365
17369
17369
17371
17372
17372
17372
17375
17375
17392
17394
17395
17395
17399
17403
17408
17414
17425
17434
17435
17452
17485
17489
17492
17492
17493
17496
17496
17500
17500
17508
17508
17520
17531
17537
17554
17566
17569
17575
17580
17584
17587
17589
17597
17600
17607
17613
17613
17620
17630
17643
17643
17651
17652
17654
17659
17665
17670
17676
17678
17684
17703
17715
17717
17720
17724
17733
17734
17736
17737
17740
17749
17754
17759
17776
17777
17781
17790
17794
17797
17799
17801
17806
17818
17818
17832
17860
17862
17862
17865
17879
17884
17884
17890
17897
17900
17903
17904
17909
17911
17912
17913
17918
17923
17925
17952
17954
17959
17962
17965
17965
17966
17968
17978
17982
17987
17988
18016
18017
18018
18021
18022
18024
18028
18040
18043
18055
18055
18064
18065
18073
18083
18083
18088
18104
18104
18109
18113
18119
18125
18135
18137
18162
18166
18172
18173
18176
18178
18178
18178
18192
18193
18199
18199
18203
18204
18205
18212
18223
18235
18243
18248
18265
18290
18296
18305
18305
18308
18312
18314
18317
18321
18324
18324
18324
18329
18330
18333
18336
18340
18359
18360
18364
18366
18372
18405
18408
18423
18423
18430
18439
18439
18442
18445
18461
18464
18466
18468
18471
18473
18475
18477
18477
18478
18486
18500
18506
18510
18518
18520
18523
18524
18534
18537
18556
18558
18561
18567
18569
18573
18592
18608
18618
18619
18628
18634
18640
18642
18657
18664
18666
18687
18697
18697
18698
18699
18718
18727
18733
18743
18750
18759
18777
18778
18780
18797
18801
18803
18805
18806
18829
18830
18831
18839
18849
18851
18851
18856
18859
18862
18866
18873
18885
18895
18899
18907
18910
18913
18929
18933
18959
18962
18969
18971
18978
18980
18983
18990
18993
19004
19006
19025
19036
19042
19046
19058
19059
19061
19063
19068
19075
19077
19082
19083
19084
19085
19087
19089
19096
19098
19107
19109
19127
19131
19141
19149
19154
19164
19165
19180
19191
19195
19201
19205
19209
19224
19231
19234
19235
19269
19270
19270
19274
19275
19276
19294
19295
19302
19306
19320
19324
19330
19346
19354
19358
19359
19365
19367
19370
19371
19374
19386
19395
19400
19409
19409
19417
19421
19435
19435
19438
19441
19445
19455
19463
19466
19487
19492
19494
19498
19502
19509
19514
19520
19529
19534
19536
19548
19559
19567
19571
19571
19577
19594
19609
19623
19624
19630
19639
19642
19654
19656
19658
19662
19665
19665
19668
19670
19677
19677
19692
19692
19714
19723
19726
19733
19736
19767
19782
19783
19785
19786
19789
19797
19799
19801
19803
19805
19807
19810
19817
19817
19826
19831
19849
19850
19859
19868
19869
19889
19892
19893
19911
19911
19912
19915
19921
19922
19930
19947
19952
19954
19971
19973
19974
19980
19990
19992
20006
20008
20014
20016
20020
20022
20024
20024
20032
20056
20062
20069
20074
20075
20090
20093
20093
20094
20094
20098
20100
20101
20110
20117
20124
20128
20139
20144
20152
20164
20166
20173
20185
20187
20205
20209
20221
20229
20237
20242
20244
20249
20250
20269
20273
20274
20304
20309
20312
20317
20319
20330
20335
20338
20346
20348
20360
20362
20364
20384
20389
20403
20404
20405
20408
20409
20413
20419
20426
20428
20429
20440
20442
20450
20451
20454
20458
20470
20481
20482
20487
20490
20496
20500
20500
20508
20511
20532
20535
20546
20547
20553
20555
20560
20566
20587
20604
20604
20605
20605
20611
20618
20619
20622
20624
20624
20638
20645
20651
20659
20660
20667
20668
20694
20714
20719
20726
20728
20729
20730
20770
20773
20775
20798
20803
20807
20825
20829
20847
20851
20853
20859
20869
20883
20883
20889
20895
20898
20902
20905
20910
20913
20921
20933
20945
20949
20970
20978
20982
20983
20988
20998
21000
21001
21005
21017
21041
21045
21046
21048
21055
21056
21073
21087
21096
21101
21104
21105
21113
21123
21132
21140
21141
21151
21155
21162
21179
21180
21189
21190
21200
21203
21220
21226
21235
21256
21256
21259
21261
21280
21281
21283
21300
21301
21340
21347
21348
21348
21350
21357
21367
21371
21372
21383
21410
21419
21422
21428
21430
21450
21452
21467
21479
21490
21509
21514
21519
21519
21520
21525
21528
21547
21549
21550
21550
21555
21564
21567
21575
21582
21582
21586
21587
21588
21589
21597
21612
21619
21626
21626
21643
21649
21650
21656
21676
21683
21696
21707
21719
21724
21728
21737
21741
21745
21751
21766
21772
21778
21781
21784
21785
21789
21789
21796
21797
21803
21814
21828
21835
21846
21849
21863
21867
21877
21880
21881
21888
21888
21902
21913
21914
21915
21929
21930
21942
21943
21946
21950
21966
21977
21978
21983
21988
21993
21998
22001
22009
22009
22017
22018
22030
22033
22044
22053
22061
22067
22072
22088
22094
22113
22119
22122
22134
22136
22142
22144
22148
22158
22166
22191
22195
22202
22217
22226
22228
22230
22231
22232
22233
22243
22271
22275
22276
22298
22300
22308
22312
22324
22329
22331
22348
22349
22349
22358
22360
22363
22364
22367
22373
22392
22397
22404
22407
22409
22410
22411
22414
22416
22427
22430
22453
22460
22469
22478
22478
22484
22493
22497
22503
22509
22510
22518
22519
22522
22531
22538
22538
22543
22544
22549
22556
22564
22565
22574
22584
22585
22587
22588
22595
22596
22607
22607
22610
22612
22622
22630
22638
22640
22645
22645
22648
22649
22652
22665
22674
22678
22683
22689
22690
22707
22712
22712
22713
22714
22716
22720
22721
22735
22740
22742
22744
22755
22768
22771
22777
22790
22799
22800
22802
22808
22812
22817
22820
22828
22841
22857
22864
22866
22869
22880
22889
22893
22900
22905
22913
22917
22922
22922
22924
22927
22934
22935
22948
22954
22955
22960
22962
22965
22965
22972
22977
23009
23024
23028
23032
23047
23048
23057
23067
23079
23079
23083
23086
23090
23092
23097
23100
23105
23113
23117
23125
23134
23159
23167
23171
23196
23201
23217
23222
23229
23229
23230
23236
23249
23265
23267
23269
23275
23299
23311
23317
23326
23329
23355
23365
23367
23380
23392
23398
23407
23409
23410
23412
23434
23458
23464
23465
23466
23468
23481
23494
23501
23502
23503
23507
23508
23516
23519
23534
23534
23548
23551
23553
23554
23559
23560
23567
23572
23573
23574
23578
23595
23597
23613
23620
23621
23637
23649
23651
23654
23660
23662
23665
23674
23675
23678
23682
23684
23697
23698
23703
23704
23705
23711
23712
23722
23725
23727
23735
23742
23760
23771
23771
23774
23775
23775
23779
23790
23791
23796
23796
23797
23806
23814
23815
23816
23822
23829
23840
23840
23841
23850
23865
23867
23868
23874
23875
23884
23893
23893
23895
23898
23900
23904
23907
23910
23914
23917
23920
23920
23930
23933
23934
23939
23948
23955
23960
23969
23970
23979
23987
24001
24005
24010
24016
24024
24025
24035
24037
24039
24042
24062
24067
24067
24072
24072
24073
24074
24084
24087
24095
24098
24098
24116
24116
24122
24124
24127
24138
24138
24143
24150
24150
24158
24159
24159
24160
24161
24162
24166
24179
24190
24195
24207
24216
24224
24224
24224
24237
24237
24238
24243
24245
24251
24252
24254
24262
24273
24288
24289
24297
24300
24313
24317
24318
24325
24337
24353
24354
24364
24379
24382
24386
24386
24387
24395
24395
24401
24409
24417
24419
24423
24437
24475
24489
24496
24500
24508
24519
24533
24537
24538
24541
24546
24548
24551
24557
24560
24571
24579
24584
24587
24593
24598
24607
24609
24612
24617
24620
24622
24624
24635
24644
24655
24660
24663
24670
24673
24677
24679
24681
24681
24684
24692
24692
24694
24697
24698
24698
24704
24710
24713
24718
24719
24721
24721
24739
24760
24765
24768
24789
24794
24797
24808
24812
24817
24819
24823
24834
24842
24848
24852
24854
24857
24860
24864
24865
24886
24901
24908
24913
24914
24917
24922
24923
24928
24937
24941
24947
24958
24965
24974
24977
24979
24979
24986
24990
24999
25021
25028
25032
25040
25055
25056
25064
25065
25079
25088
25089
25110
25129
25131
25134
25146
25148
25152
25167
25172
25176
25181
25190
25191
25212
25217
25219
25223
25223
25224
25226
25227
25227
25228
25232
25238
25240
25245
25246
25250
25250
25252
25252
25268
25279
25284
25287
25291
25309
25311
25313
25344
25346
25347
25352
25367
25370
25375
25376
25378
25396
25407
25425
25430
25434
25437
25443
25453
25457
25457
25458
25470
25479
25479
25484
25486
25491
25503
25508
25509
25519
25523
25529
25534
25537
25537
25539
25543
25553
25554
25557
25561
25562
25562
25568
25604
25607
25617
25629
25643
25647
25655
25665
25677
25690
25691
25694
25698
25702
25705
25711
25714
25722
25725
25736
25737
25758
25761
25766
25776
25790
25791
25794
25804
25804
25806
25807
25813
25821
25827
25830
25838
25842
25847
25849
25855
25877
25884
25887
25895
25897
25901
25901
25905
25906
25933
25935
25939
25949
25952
25956
25958
25964
25967
25972
25975
25976
25990
25992
25995
26001
26009
26010
26010
26010
26012
26013
26015
26020
26037
26058
26059
26061
26075
26078
26083
26083
26089
26093
26100
26104
26111
26113
26119
26129
26155
26157
26175
26180
26189
26195
26197
26197
26202
26214
26217
26223
26227
26228
26228
26229
26230
26234
26242
26243
26249
26259
26262
26265
26265
26288
26290
26296
26296
26303
26303
26316
26322
26323
26326
26339
26340
26344
26349
26349
26355
26356
26368
26378
26386
26395
26397
26408
26411
26415
26420
26421
26422
26431
26432
26437
26446
26449
26453
26460
26465
26468
26475
26480
26499
26507
26515
26518
26519
26526
26545
26550
26563
26572
26577
26580
26584
26585
26586
26591
26595
26595
26595
26596
26607
26608
26616
26618
26624
26636
26645
26648
26652
26655
26661
26662
26670
26674
26695
26717
26719
26722
26723
26732
26733
26737
26739
26740
26741
26743
26752
26758
26765
26783
26801
26810
26818
26826
26827
26827
26845
26857
26862
26871
26877
26882
26891
26902
26905
26922
26924
26926
26927
26940
26943
26945
26947
26948
26954
26957
26966
19254
910
23486
26076
1935
3633
24711
25235
5678
13399
19332
1125
7196
16140
14303
25092
19072
28440
3616
25906
20018
14439
11328
20205
3615
22602
14764
10945
11679
22426
26093
7286
23336
19580
3362
1623
29565
4425
26858
11595
17824
22543
19072
1373
8683
3376
2817
4107
8168
12785
6365
28186
27224
17693
18392
7191
16647
9508
18136
28327
1934
14230
5613
1622
10162
8975
3245
16079
13400
6455
27675
7577
28998
23099
15302
14033
2827
18119
18140
10996
905
857
15534
28129
18550
10278
11673
11550
19786
29809
9877
28072
20391
21842
29694
553
817
2939
16633
20569
9395
20660
4498
8393
13759
26152
22427
16587
14272
16919
27583
21529
17777
19469
26010
12679
29748
7683
24229
25886
7493
10458
23959
27884
2300
23653
4790
9469
2945
27775
6391
18692
18435
17241
3437
2194
13394
2216
25133
4018
19136
29068
25547
13265
18538
27909
2296
24638
5593
2878
20524
19438
13336
14483
17322
21989
14489
28464
1458
17434
26239
14201
6126
14674
1443
15915
23221
14837
18132
24706
25207
7268
23775
20754
26885
18665
25015
29181
13303
608
2059
3827
20046
21748
18311
13721
13737
2800
12185
21547
26586
8425
5749
9064
29451
7192
24979
29024
28381
13111
23731
23588
26731
23858
20694
29968
12523
15709
29150
25826
22670
7561
6005
12716
5661
668
2789
19398
3468
14975
10946
6406
29752
23047
21822
5555
239
16802
4580
4972
6265
4663
4912
9349
28521
1958
9317
11044
24019
14819
13222
16689
28733
19227
5758
4394
19896
8547
23793
29716
29874
11091
12475
5978
4138
4297
11534
10729
27451
16114
22053
3717
27129
26965
13066
25650
5275
28735
13046
29294
13555
2620
15984
12288
21847
28094
16682
18095
12993
16827
24164
12868
4270
12991
18846
14760
17288
380
25489
21092
22846
23894
24809
19975
27211
14227
21977
2486
12962
5023
1781
2869
7643
24117
15157
5843
22211
8192
290
5204
25019
806
24424
5642
13797
13271
20402
7438
20003
22244
28530
19202
16138
29691
15529
13350
20270
7507
15836
3232
18882
23969
6102
2878
18086
27611
15073
16649
5803
21715
28206
7175
28874
22630
12817
19023
12253
3219
2813
2257
25463
1343
27811
17954
7386
13340
1304
27656
27199
23492
7241
22434
17462
19695
1664
5548
17306
23089
28550
29462
14804
26756
6637
13678
19386
19454
9054
1640
22673
11867
10249
24489
19563
14412
12443
26949
27752
20099
958
1304
13591
14551
90
7405
4246
1754
19306
27904
24843
17856
27366
15999
14612
4003
6030
10350
29809
15084
18342
28835
26951
4943
23324
22866
19355
12119
19816
23460
2218
27126
24764
22161
11677
24854
29567
22275
2960
18873
20179
4155
6729
23898
20154
27693
27901
2536
14395
4063
23972
2738
2898
27276
7681
26222
20142
27037
14693
16310
20497
16911
13436
21613
9072
1465
22819
14991
23740
25779
3864
13920
6286
16945
7818
26440
20990
12071
5329
5386
16134
29301
8124
25384
26577
22157
27958
16720
25546
12651
3030
22395
5914
22819
14008
21339
24284
13179
6330
18025
15310
16547
8297
21596
3492
22467
24389
24483
10890
29718
29869
3377
