0
3
6
6
10
13
18
22
24
25
26
36
42
48
55
58
68
75
77
81
82
92
102
103
113
116
116
135
143
145
147
154
165
165
170
171
177
179
179
183
190
193
196
198
198
200
201
208
212
213
219
226
227
227
256
257
257
268
272
275
281
288
299
308
314
315
319
322
323
327
341
342
342
344
350
352
353
360
369
372
373
373
378
380
381
385
388
392
404
407
407
414
414
416
420
421
436
439
445
452
454
459
461
465
467
473
473
485
491
491
498
501
501
505
508
509
510
516
521
525
534
537
543
545
546
547
549
558
559
564
567
568
570
572
582
584
592
597
599
599
604
611
611
614
616
620
621
622
623
624
624
624
631
637
639
648
653
655
657
661
668
675
676
676
678
683
694
700
703
707
707
713
721
730
733
738
743
744
746
749
750
755
761
763
765
771
774
775
782
785
786
795
796
800
801
804
808
815
816
818
820
821
825
832
835
837
848
851
861
862
866
867
877
878
879
879
889
894
897
900
908
908
914
918
922
925
933
933
943
957
974
984
985
989
996
999
1009
1013
1017
1028
1032
1038
1040
1041
1044
1049
1057
1060
1071
1075
1076
1076
1080
1089
1090
1092
1105
1109
1109
1111
1111
1112
1117
1117
1118
1122
1124
1126
1127
1127
1134
1135
1140
1150
1167
1174
1176
1187
1192
1196
1205
1209
1215
1222
1226
1228
1229
1229
1230
1236
1269
1273
1273
1277
1281
1282
1283
1285
1291
1292
1293
1295
1303
1303
1305
1317
1321
1322
1323
1328
1331
1333
1336
1340
1341
1342
1345
1351
1352
1355
1362
1364
1366
1373
1387
1392
1400
1403
1404
1407
1413
1415
1418
1432
1433
1444
1449
1452
1457
1463
1463
1468
1476
1478
1482
1492
1501
1507
1508
1515
1525
1535
1537
1537
1540
1545
1557
1565
1567
1567
1569
1579
1583
1590
1591
1598
1602
1609
1610
1610
1618
1634
1641
1652
1654
1658
1665
1674
1675
1675
1684
1700
1703
1705
1708
1715
1722
1727
1729
1729
1732
1733
1736
1742
1748
1748
1752
1754
1757
1758
1763
1765
1771
1781
1787
1788
1788
1789
1811
1817
1817
1817
1823
1832
1832
1833
1838
1840
1845
1851
1853
1859
1871
1879
1884
1886
1889
1892
1897
1914
1915
1920
1922
1924
1926
1929
1929
1930
1932
1932
1947
1947
1954
1955
1956
1957
1961
1961
1972
1974
1981
1984
1985
1988
1993
1998
1999
2001
2004
2005
2016
2024
2025
2030
2032
2037
2047
2054
2059
2064
2072
2076
2078
2090
2090
2114
2119
2128
2128
2130
2131
2134
2138
2146
2160
2162
2164
2170
2174
2176
2181
2183
2187
2193
2194
2202
2210
2213
2213
2215
2225
2230
2232
2236
2246
2252
2259
2266
2276
2279
2280
2291
2297
2309
2314
2321
2322
2326
2326
2333
2340
2344
2346
2350
2355
2355
2363
2366
2366
2367
2375
2383
2389
2390
2390
2392
2396
2397
2406
2412
2414
2422
2426
2430
2445
2452
2456
2469
2471
2474
2482
2485
2497
2500
2502
2504
2510
2521
2529
2531
2531
2533
2533
2536
2549
2559
2562
2579
2589
2594
2612
2613
2615
2620
2629
2630
2637
2638
2642
2644
2647
2649
2657
2658
2662
2669
2678
2683
2684
2685
2685
2689
2696
2698
2709
2712
2712
2717
2718
2722
2723
2724
2724
2725
2726
2727
2738
2738
2738
2748
2759
2761
2762
2762
2768
2775
2776
2790
2807
2809
2815
2815
2816
2817
2824
2831
2864
2864
2871
2872
2886
2887
2890
2896
2912
2913
2914
2915
2915
2921
2935
2936
2940
2942
2943
2950
2953
2957
2957
2958
2959
2959
2964
2967
2970
2970
2974
2975
2980
2982
2982
2989
2993
2996
2998
3007
3011
3014
3014
3016
3017
3018
3022
3025
3027
3030
3040
3040
3041
3044
3044
3049
3050
3056
3059
3060
3063
3065
3070
3071
3072
3081
3084
3088
3089
3090
3093
3094
3098
3098
3103
3105
3115
3125
3131
3131
3147
3147
3162
3165
3178
3182
3183
3185
3188
3190
3197
3207
3211
3215
3217
3217
3223
3223
3229
3238
3244
3252
3253
3262
3264
3267
3275
3282
3310
3316
3317
3317
3320
3321
3327
3327
3328
3328
3350
3355
3356
3359
3361
3365
3366
3369
3373
3380
3392
3394
3397
3415
3418
3422
3434
3437
3444
3451
3451
3481
3504
3507
3509
3517
3521
3523
3527
3529
3533
3553
3557
3563
3565
3574
3575
3578
3580
3599
3600
3604
3606
3608
3608
3608
3613
3615
3617
3620
3625
3627
3629
3633
3640
3641
3642
3646
3648
3649
3652
3653
3655
3657
3659
3674
3677
3686
3686
3687
3689
3692
3693
3693
3695
3702
3707
3714
3722
3733
3737
3741
3758
3761
3768
3772
3777
3778
3778
3779
3810
3823
3823
3825
3825
3828
3830
3833
3853
3856
3860
3873
3877
3878
3894
3899
3900
3914
3926
3939
3942
3943
3944
3954
3955
3955
3958
3959
3960
3960
3968
3968
3976
3976
3977
3981
3984
3986
3990
4000
4002
4008
4009
4010
4010
4011
4016
4019
4031
4036
4037
4043
4051
4051
4053
4053
4056
4056
4062
4062
4066
4080
4080
4088
4089
4089
4092
4108
4121
4121
4122
4138
4138
4141
4142
4142
4143
4146
4154
4163
4164
4169
4173
4174
4175
4179
4194
4198
4199
4208
4212
4213
4218
4219
4220
4222
4225
4227
4228
4250
4258
4261
4266
4269
4269
4270
4276
4277
4282
4282
4287
4295
4301
4305
4307
4310
4310
4311
4313
4318
4319
4325
4326
4338
4341
4348
4355
4363
4363
4365
4371
4387
4388
4400
4401
4402
4402
4403
4409
4411
4414
4424
4426
4430
4431
4433
4443
4447
4448
4449
4454
4454
4455
4459
4459
4464
4467
4468
4472
4473
4479
4482
4482
4485
4515
4517
4522
4524
4530
4531
4537
4540
4547
4554
4562
4566
4569
4571
4572
4577
4580
4581
4581
4584
4585
4586
4586
4590
4599
4601
4605
4607
4607
4608
4609
4610
4615
4617
4618
4619
4624
4643
4645
4647
4649
4649
4650
4650
4652
4655
4657
4660
4668
4669
4672
4672
4674
4677
4681
4709
4716
4717
4721
4721
4723
4725
4728
4729
4736
4736
4737
4740
4743
4754
4763
4774
4777
4781
4790
4791
4795
4795
4799
4799
4804
4806
4809
4809
4816
4822
4823
4824
4828
4830
4832
4832
4832
4833
4834
4836
4837
4839
4841
4861
4868
4869
4872
4874
4879
4879
4882
4885
4894
4899
4901
4904
4905
4905
4919
4920
4922
4923
4929
4931
4933
4933
4937
4937
4941
4943
4950
4958
4959
4961
4963
4973
4977
4978
4979
4986
4987
4994
5000
5002
5006
5012
5023
5025
5028
5031
5034
5041
5043
5048
5066
5068
5069
5070
5071
5075
5077
5086
5088
5094
5095
5095
5097
5101
5102
5106
5112
5115
5122
5126
5127
5131
5136
5155
5159
5163
5165
5177
5180
5188
5199
5200
5205
5210
5212
5215
5216
5217
5218
5218
5219
5224
5228
5229
5232
5235
5235
5237
5239
5240
5245
5255
5257
5257
5259
5262
5268
5272
5274
5278
5278
5284
5289
5290
5298
5299
5300
5301
5303
5307
5309
5317
5319
5320
5326
5332
5333
5335
5337
5350
5350
5352
5353
5353
5355
5367
5369
5372
5374
5382
5385
5386
5386
5388
5389
5396
5396
5396
5404
5409
5412
5415
5420
5421
5422
5428
5428
5429
5443
5446
5448
5449
5461
5466
5468
5473
5474
5477
5483
5499
5500
5504
5506
5507
5513
5529
5536
5540
5549
5552
5554
5558
5558
5559
5565
5565
5566
5582
5582
5585
5589
5594
5598
5607
5614
5615
5622
5627
5632
5645
5648
5652
5653
5654
5655
5661
5667
5674
5684
5687
5695
5698
5703
5710
5716
5724
5732
5732
5732
5737
5751
5755
5759
5761
5764
5767
5785
5786
5790
5792
5793
5804
5805
5808
5818
5824
5836
5841
5842
5844
5845
5845
5848
5850
5854
5855
5856
5859
5864
5867
5884
5886
5887
5887
5888
5892
5893
5896
5905
5905
5910
5917
5918
5923
5926
5927
5932
5936
5937
5947
5949
5951
5959
5963
5969
5972
5974
5975
5977
5981
5985
5988
5991
5993
6000
6000
6004
6005
6011
6039
6042
6050
6060
6067
6071
6074
6080
6089
6101
6104
6107
6107
6111
6123
6127
6129
6133
6134
6143
6143
6144
6147
6162
6168
6169
6170
6172
6179
6182
6185
6191
6194
6205
6210
6211
6215
6215
6220
6220
6222
6233
6242
6246
6252
6253
6253
6254
6263
6264
6264
6269
6271
6275
6276
6280
6282
6282
6287
6291
6293
6295
6297
6299
6305
6306
6308
6311
6317
6320
6326
6334
6340
6341
6347
6348
6355
6361
6364
6373
6378
6389
6398
6399
6402
6413
6416
6425
6425
6427
6436
6437
6438
6439
6444
6461
6462
6468
6471
6478
6479
6481
6486
6487
6487
6490
6502
6511
6517
6517
6521
6529
6533
6537
6539
6539
6545
6551
6554
6559
6563
6569
6572
6575
6578
6579
6587
6590
6590
6596
6604
6605
6622
6634
6641
6642
6644
6649
6656
6660
6670
6673
6673
6678
6684
6688
6691
6692
6693
6694
6696
6698
6701
6712
6714
6715
6721
6760
6765
6775
6782
6782
6789
6798
6801
6801
6808
6809
6809
6810
6817
6821
6829
6836
6840
6844
6847
6853
6858
6859
6872
6882
6882
6889
6890
6890
6900
6902
6922
6922
6928
6942
6954
6957
6957
6960
6962
6980
6989
7007
7012
7012
7015
7030
7031
7041
7044
7045
7047
7050
7057
7060
7070
7072
7077
7084
7087
7088
7097
7103
7103
7103
7104
7105
7108
7116
7123
7129
7132
7132
7137
7138
7139
7157
7158
7162
7162
7164
7165
7166
7174
7177
7182
7199
7205
7212
7213
7219
7221
7228
7236
7237
7237
7252
7255
7257
7266
7271
7271
7273
7273
7273
7280
7288
7289
7291
7291
7292
7305
7306
7308
7311
7328
7329
7331
7332
7334
7346
7349
7350
7353
7355
7358
7362
7364
7374
7374
7374
7376
7376
7383
7387
7388
7394
7395
7395
7405
7406
7407
7411
7412
7412
7413
7414
7418
7420
7429
7431
7436
7438
7449
7451
7453
7456
7456
7458
7460
7460
7461
7467
7467
7468
7473
7476
7476
7477
7480
7481
7483
7488
7489
7490
7490
7490
7499
7504
7508
7511
7512
7520
7522
7526
7532
7551
7554
7563
7568
7569
7580
7590
7593
7604
7607
7612
7614
7616
7632
7634
7653
7664
7665
7674
7676
7679
7681
7681
7688
7709
7711
7712
7731
7735
7741
7743
7747
7747
7748
7758
7774
7777
7778
7797
7803
7805
7809
7811
7816
7820
7831
7833
7834
7838
7841
7841
7842
7843
7846
7854
7855
7855
7856
7867
7867
7873
7873
7876
7881
7885
7888
7893
7894
7895
7895
7899
7918
7921
7921
7922
7935
7937
7949
7950
7963
7969
7970
7986
7992
7998
7999
8001
8003
8004
8010
8021
8028
8028
8034
8046
8050
8056
8057
8064
8075
8075
8077
8083
8084
8087
8089
8092
8093
8093
8094
8094
8097
8126
8126
8131
8132
8134
8141
8144
8150
8156
8159
8159
8169
8171
8176
8177
8181
8185
8187
8189
8190
8207
8214
8214
8214
8223
8227
8229
8232
8232
8232
8236
8237
8240
8254
8256
8261
8265
8265
8274
8287
8287
8296
8299
8304
8305
8309
8323
8324
8324
8326
8338
8341
8348
8358
8359
8360
8364
8367
8369
8371
8385
8399
8405
8407
8408
8408
8414
8420
8435
8450
8452
8454
8456
8458
8460
8465
8485
8488
8492
8506
8521
8535
8538
8549
8553
8557
8558
8572
8573
8574
8583
8585
8588
8589
8592
8603
8605
8606
8611
8617
8620
8621
8621
8624
8629
8633
8634
8634
8636
8639
8647
8647
8655
8656
8661
8661
8663
8666
8671
8679
8679
8689
8703
8704
8705
8720
8724
8725
8728
8731
8733
8734
8739
8744
8747
8752
8757
8764
8769
8770
8773
8775
8781
8782
8784
8793
8795
8799
8799
8801
8808
8812
8814
8821
8825
8826
8831
8832
8838
8842
8853
8860
8865
8871
8884
8895
8895
8899
8900
8902
8903
8915
8916
8921
8924
8927
8940
8942
8947
8950
8953
8957
8960
8963
8964
8972
8984
8990
8991
8993
8994
9000
9002
9007
9007
9007
9014
9017
9020
9021
9035
9035
9053
9059
9074
9075
9081
9089
9091
9095
9102
9106
9107
9109
9110
9111
9115
9117
9117
9122
9122
9134
9139
9140
9141
9141
9152
9158
9163
9165
9174
9181
9187
9194
9195
9196
9209
9210
9213
9220
9220
9223
9223
9229
9230
9236
9240
9242
9242
9250
9252
9270
9274
9278
9280
9281
9284
9284
9285
9291
9294
9297
9299
9302
9303
9304
9305
9314
9317
9322
9332
9332
9340
9341
9342
9343
9347
9350
9354
9360
9362
9374
9381
9404
9412
9419
9428
9429
9432
9440
9447
9447
9450
9455
9461
9461
9462
9464
9465
9467
9470
9493
9501
9505
9514
9521
9526
9528
9528
9531
9531
9532
9538
9543
9556
9559
9575
9576
9576
9578
9584
9585
9592
9608
9615
9617
9617
9626
9632
9636
9636
9637
9645
9646
9649
9665
9667
9673
9674
9679
9680
9682
9689
9690
9693
9695
9696
9697
9701
9702
9704
9708
9714
9718
9721
9728
9733
9737
9748
9757
9757
9759
9760
9763
9769
9770
9784
9794
9796
9797
9798
9799
9801
9808
9810
9811
9818
9825
9827
9828
9831
9833
9835
9835
9837
9837
9842
9843
9845
9852
9852
9855
9858
9859
9866
9872
9875
9878
9879
9881
9884
9887
9898
9904
9909
9910
9911
9911
9914
9915
9916
9922
9929
9936
9939
9945
9947
9955
9958
9958
9971
9971
9983
9984
9986
9986
9989
9990
9991
9992
9993
9995
9997
10007
10015
10018
10019
10021
10023
10024
10031
10036
10041
10045
10045
10051
10051
10052
10056
10057
10061
10061
10062
10064
10077
10083
10083
10095
10096
10099
10106
10107
10107
10108
10110
10114
10127
10131
10137
10150
10152
10154
10154
10161
10163
10164
10167
10176
10182
10183
10184
10189
10189
10190
10193
10197
10198
10206
10206
10210
10213
10218
10220
10225
10232
10232
10233
10235
10244
10244
10246
10270
10272
10272
10275
10276
10277
10284
10288
10290
10292
10293
10300
10306
10314
10314
10322
10324
10326
10331
10335
10341
10343
10346
10348
10353
10354
10359
10360
10369
10373
10374
10377
10385
10388
10390
10390
10394
10401
10402
10406
10425
10430
10432
10436
10436
10441
10446
10449
10453
10457
10461
10466
10468
10471
10487
10487
10488
10490
10491
10494
10497
10497
10498
10503
10508
10517
10525
10535
10540
10542
10547
10547
10553
10556
10557
10559
10564
10568
10569
10569
10570
10570
10576
10593
10604
10612
10613
10625
10627
10635
10636
10641
10647
10648
10651
10655
10658
10658
10662
10663
10663
10666
10667
10681
10685
10687
10688
10695
10696
10700
10711
10714
10716
10716
10718
10721
10724
10734
10734
10744
10747
10749
10751
10752
10758
10768
10769
10772
10778
10787
10789
10791
10791
10793
10798
10809
10810
10811
10814
10815
10819
10822
10832
10838
10839
10845
10848
10849
10861
10865
10866
10878
10887
10889
10891
10894
10897
10900
10904
10905
10909
10912
10914
10923
10923
10926
10930
10933
10943
10943
10946
10950
10959
10961
10961
10962
10963
10963
10971
10981
10984
10986
10996
11005
11009
11010
11015
11016
11021
11039
11041
11041
11042
11045
11049
11051
11058
11062
11064
11068
11068
11069
11069
11072
11079
11079
11085
11091
11101
11103
11107
11108
11110
11111
11111
11112
11114
11124
11125
11128
11131
11133
11140
11145
11146
11151
11152
11156
11156
11161
11162
11169
11180
11189
11200
11203
11206
11213
11213
11217
11219
11225
11226
11227
11229
11235
11239
11244
11253
11261
11264
11266
11270
11274
11279
11284
11286
11291
11292
11294
11305
11308
11308
11324
11328
11344
11351
11353
11358
11360
11360
11371
11374
11376
11384
11388
11399
11403
11403
11404
11415
11416
11418
11419
11430
11436
11437
11439
11447
11448
11456
11456
11457
11457
11460
11461
11462
11470
11470
11477
11487
11487
11492
11498
11500
11501
11502
11505
11506
11508
11521
11523
11524
11533
11535
11545
11553
11564
11567
11580
11588
11591
11597
11604
11611
11612
11616
11621
11624
11624
11626
11631
11635
11643
11651
11652
11653
11657
11662
11664
11664
11669
11671
11673
11677
11677
11679
11682
11688
11694
11695
11695
11700
11701
11702
11705
11711
11712
11718
11725
11732
11740
11744
11746
11746
11747
11749
11752
11753
11755
11765
11765
11767
11767
11769
11771
11778
11779
11780
11783
11784
11786
11786
11788
11803
11805
11809
11812
11812
11812
11815
11824
11825
11826
11827
11827
11839
11844
11845
11848
11851
11854
11857
11867
11868
11870
11870
11874
11878
11880
11888
11888
11889
11891
11891
11892
11896
11898
11900
11912
11912
11913
11914
11919
11924
11926
11930
11931
11945
11956
11957
11961
11968
11974
11979
11983
11993
11999
12000
12003
12016
12018
12023
12025
12037
12044
12056
12057
12057
12058
12066
12073
12076
12086
12087
12089
12089
12096
12097
12099
12100
12106
12108
12120
12122
12127
12128
12137
12137
12139
12139
12140
12144
12148
12149
12152
12154
12158
12165
12185
12188
12189
12190
12192
12193
12197
12198
12201
12210
12213
12230
12234
12237
12244
12248
12249
12254
12256
12260
12267
12268
12269
12270
12272
12274
12284
12285
12288
12296
12298
12300
12303
12305
12306
12313
12314
12318
12320
12321
12325
12327
12327
12335
12343
12350
12354
12357
12360
12361
12375
12376
12388
12388
12403
12403
12407
12409
12419
12422
12430
12433
12435
12437
12440
12447
12448
12458
12462
12465
12467
12468
12471
12476
12476
12481
12486
12490
12498
12504
12505
12506
12509
12525
12530
12535
12537
12543
12550
12566
12567
12570
12570
12575
12575
12581
12586
12588
12590
12592
12593
12600
12602
12602
12603
12609
12609
12615
12622
12627
12628
12628
12636
12636
12636
12638
12642
12647
12653
12654
12655
12657
12659
12660
12662
12669
12675
12676
12679
12683
12690
12692
12703
12704
12710
12714
12715
12715
12716
12716
12718
12721
12723
12742
12742
12746
12753
12760
12762
12767
12771
12775
12781
12781
12783
12791
12802
12803
12809
12810
12810
12815
12816
12823
12827
12830
12835
12838
12843
12844
12845
12861
12863
12865
12869
12870
12876
12876
12877
12884
12885
12888
12891
12895
12901
12902
12905
12917
12919
12925
12935
12943
12947
12948
12953
12968
12971
12972
12978
12981
12982
12983
12995
13000
13002
13008
13008
13009
13009
13012
13019
13020
13028
13049
13051
13051
13051
13056
13063
13073
13077
13078
13080
13084
13086
13091
13092
13101
13102
13107
13108
13109
13110
13114
13120
13128
13132
13132
13134
13135
13137
13141
13142
13150
13151
13154
13155
13162
13167
13168
13169
13173
13175
13181
13184
13197
13204
13208
13209
13211
13215
13215
13217
13227
13228
13228
13228
13233
13237
13238
13241
13242
13243
13243
13246
13251
13252
13263
13265
13267
13272
13275
13279
13280
13288
13288
13289
13290
13291
13300
13303
13304
13322
13327
13328
13330
13333
13336
13345
13349
13366
13370
13373
13387
13400
13401
13404
13407
13412
13415
13415
13418
13418
13420
13428
13429
13439
13442
13444
13447
13449
13450
13454
13459
13461
13466
13467
13482
13494
13496
13498
13504
13504
13507
13512
13522
13524
13545
13558
13565
13581
13583
13590
13600
13602
13602
13606
13610
13613
13618
13619
13621
13622
13635
13635
13636
13645
13651
13665
13672
13672
13675
13677
13688
13694
13700
13709
13711
13716
13723
13725
13725
13728
13732
13742
13752
13754
13760
13762
13768
13770
13773
13780
13783
13792
13797
13801
13807
13810
13812
13821
13825
13825
13830
13836
13837
13852
13854
13854
13856
13864
13865
13866
13872
13873
13873
13879
13884
13884
13886
13892
13899
13899
13902
13905
13917
13930
13937
13947
13950
13963
13963
13970
13983
13989
13990
13991
13995
14003
14003
14009
14010
14012
14018
14022
14024
14037
14046
14048
14051
14054
14056
14067
14069
14075
14076
14077
14080
14086
14089
14089
14092
14093
14093
14095
14108
14112
14113
14113
14118
14121
14121
14122
14127
14129
14131
14140
14142
14146
14146
14149
14152
14160
14161
14167
14168
14174
14175
14175
14182
14184
14194
14204
14206
14212
14216
14221
14221
14223
14227
14234
14236
14242
14257
14259
14264
14265
14269
14275
14296
14302
14313
14315
14319
14322
14323
14331
14335
14335
14343
14343
14344
14346
14349
14356
14366
14368
14375
14376
14408
14410
14413
14413
14413
14420
14428
14433
14434
14441
14444
14446
14447
14449
14450
14466
14466
14469
14469
14473
14486
14487
14488
14494
14504
14506
14509
14514
14519
14520
14523
14537
14540
14541
14549
14551
14559
14561
14562
14563
14564
14567
14570
14577
14581
14581
14584
14585
14585
14586
14589
14589
14594
14606
14609
14612
14617
14623
14624
14626
14636
14637
14637
14643
14644
14650
14650
14653
14661
14661
14665
14669
14672
14677
14677
14678
14682
14684
14690
14692
14696
14702
14712
14715
14722
14724
14728
14735
14736
14738
14738
14740
14748
14753
14759
14763
14766
14773
14780
14792
14796
14803
14817
14819
14826
14835
14839
14841
14853
14860
14862
14868
14868
14869
14872
14873
14874
14881
14888
14889
14891
14892
14894
14904
14909
14910
14912
14919
14921
14927
14928
14933
14939
14940
14952
14959
14965
14966
14966
14968
14971
14976
14986
14986
14993
15004
15007
15031
15034
15043
15056
15066
15071
15075
15081
15082
15082
15089
15091
15098
15107
15107
15127
15139
15156
15159
15165
15169
15171
15173
15175
15178
15178
15183
15184
15190
15195
15196
15200
15203
15209
15213
15224
15234
15241
15243
15248
15250
15250
15261
15262
15263
15275
15277
15287
15288
15289
15294
15294
15299
15302
15308
15311
15314
15316
15318
15319
15331
15347
15348
15364
15365
15366
15367
15370
15371
15375
15383
15385
15397
15410
15421
15430
15435
15446
15446
15451
15463
15463
15468
15469
15473
15476
15478
15484
15484
15485
15485
15490
15490
15499
15506
15507
15519
15522
15522
15524
15535
15535
15535
15536
15536
15547
15549
15554
15554
15557
15574
15574
15575
15576
15578
15582
15584
15586
15597
15599
15600
15600
15604
15609
15612
15613
15613
15614
15615
15617
15620
15624
15632
15635
15640
15646
15652
15663
15663
15675
15677
15677
15681
15683
15688
15692
15695
15699
15704
15709
15710
15711
15714
15716
15717
15724
15731
15739
15740
15740
15741
15743
15746
15752
15753
15756
15761
15762
15765
15768
15779
15789
15795
15797
15799
15800
15811
15812
15814
15816
15817
15818
15826
15842
15845
15848
15851
15852
15857
15860
15863
15864
15885
15886
15891
15900
15910
15911
15915
15922
15928
15930
15932
15934
15939
15948
15948
15955
15956
15958
15959
15961
15963
15967
15976
15980
15984
15989
15995
16000
16000
16002
16002
16003
16008
16011
16014
16029
16038
16044
16049
16050
16054
16059
16063
16064
16065
16073
16088
16092
16099
16101
16105
16112
16113
16114
16117
16119
16123
16133
16139
16139
16143
16150
16150
16153
16155
16160
16164
16170
16188
16199
16210
16216
16218
16222
16224
16230
16231
16247
16254
16254
16260
16265
16266
16275
16284
16284
16284
16292
16293
16299
16301
16305
16306
16315
16318
16319
16322
16324
16327
16337
16338
16338
16340
16343
16344
16348
16350
16356
16365
16369
16371
16376
16377
16380
16388
16388
16396
16399
16402
16413
16413
16421
16430
16441
16444
16448
16454
16458
16458
16460
16461
16470
16471
16472
16477
16484
16499
16504
16506
16513
16514
16520
16521
16525
16527
16528
16529
16534
16534
16540
16545
16546
16553
16560
16561
16561
16562
16572
16577
16577
16578
16588
16593
16603
16605
16606
16610
16611
16615
16617
16618
16621
16622
16626
16632
16637
16639
16642
16647
16647
16648
16650
16652
16652
16654
16658
16658
16663
16665
16676
16678
16687
16695
16696
16699
16709
16711
16711
16721
16725
16750
16750
16750
16755
16761
16765
16766
16769
16776
16788
16791
16793
16797
16801
16802
16807
16816
16824
16829
16833
16833
16835
16838
16838
16838
16844
16847
16857
16858
16862
16866
16870
16871
16888
16894
16900
16903
16904
16906
16906
16907
16912
16914
16917
16922
16926
16929
16931
16932
16933
16936
16940
16944
16953
16955
16958
16961
16962
16968
16972
16973
16975
16982
16986
16991
16992
16992
16993
16994
17005
17011
17012
17013
17014
17015
17020
17029
17032
17034
17038
17044
17052
17054
17062
17062
17062
17064
17072
17074
17082
17082
17085
17086
17086
17089
17095
17097
17099
17109
17110
17112
17116
17116
17120
17121
17130
17135
17136
17139
17145
17154
17156
17157
17159
17166
17168
17171
17173
17178
17180
17187
17193
17197
17198
17200
17203
17204
17204
17205
17210
17213
17215
17217
17218
17220
17220
17222
17222
17222
17224
17225
17228
17230
17233
17238
17251
17254
17263
17264
17271
17272
17282
17284
17288
17296
17300
17302
17317
17328
17333
17337
17350
17353
17354
17362
17363
17368
17376
17390
17404
17404
17408
17412
17415
17426
17428
17434
17439
17447
17451
17451
17451
17457
17458
17478
17483
17485
17485
17485
17495
17505
17514
17534
17535
17540
17547
17548
17560
17562
17567
17572
17574
17576
17578
17579
17581
17589
17595
17598
17607
17612
17615
17621
17623
17636
17638
17638
17644
17662
17668
17669
17673
17680
17692
17696
17699
17702
17702
17703
17703
17716
17716
17718
17718
17722
17722
17725
17726
17730
17732
17737
17738
17739
17745
17755
17757
17764
17765
17768
17770
17771
17771
17772
17783
17793
17809
17810
17815
17825
17825
17853
17861
17862
17866
17871
17871
17874
17882
17884
17887
17890
17890
17895
17895
17896
17896
17902
17908
17910
17914
17915
17921
17923
17924
17930
17934
17935
17946
17946
17946
17949
17955
17958
17958
17961
17965
17967
17969
17969
17978
17980
17984
17991
17992
17994
18003
18008
18008
18019
18024
18032
18033
18035
18037
18038
18043
18046
18049
18052
18055
18066
18067
18070
18076
18081
18085
18090
18093
18097
18098
18099
18100
18102
18103
18115
18120
18138
18138
18143
18153
18153
18159
18164
18164
18168
18173
18175
18175
18175
18178
18179
18186
18193
18200
18204
18204
18212
18215
18218
18234
18236
18238
18241
18244
18245
18246
18249
18255
18257
18258
18259
18260
18261
18267
18271
18271
18280
18288
18290
18293
18297
18297
18301
18301
18305
18308
18314
18322
18337
18341
18343
18357
18357
18368
18369
18370
18374
18376
18376
18384
18388
18396
18399
18401
18403
18404
18406
18407
18412
18412
18417
18418
18419
18425
18425
18425
18445
18446
18451
18455
18455
18465
18474
18477
18483
18485
18491
18496
18497
18508
18509
18512
18513
18517
18517
18519
18519
18524
18526
18530
18544
18556
18558
18568
18568
18570
18571
18572
18574
18580
18582
18586
18587
18593
18594
18609
18626
18632
18632
18641
18644
18645
18652
18655
18660
18666
18669
18677
18678
18680
18682
18685
18686
18689
18690
18690
18707
18710
18713
18726
18727
18729
18730
18731
18735
18744
18746
18751
18764
18764
18765
18770
18771
18773
18787
18788
18792
18814
18817
18820
18820
18826
18829
18830
18833
18835
18836
18840
18842
18854
18856
18860
18863
18881
18889
18896
18901
18905
18908
18909
18922
18923
18929
18942
18944
18949
18957
18961
18964
18974
18976
18978
18982
18984
18990
18994
18998
19004
19008
19013
19018
19019
19023
19024
19025
19025
19026
19027
19030
19034
19040
19041
19047
19047
19051
19051
19057
19059
19060
19061
19063
19075
19081
19089
19089
19091
19098
19099
19100
19109
19110
19110
19120
19129
19132
19139
19142
19148
19155
19156
19160
19166
19166
19168
19171
19173
19189
19190
19192
19196
19198
19200
19208
19210
19210
19211
19211
19212
19213
19216
19234
19234
19238
19239
19240
19241
19245
19257
19257
19259
19261
19262
19293
19299
19301
19305
19309
19311
19313
19314
19326
19331
19332
19336
19340
19343
19348
19349
19349
19350
19360
19376
19377
19380
19382
19387
19388
19391
19392
19395
19397
19399
19400
19402
19405
19417
19421
19431
19436
19442
19449
19455
19456
19457
19457
19458
19458
19464
19464
19466
19467
19468
19470
19471
19476
19476
19477
19489
19490
19490
19497
19499
19500
19503
19512
19513
19520
19520
19522
19534
19538
19538
19539
19544
19552
19556
19556
19557
19578
19581
19583
19585
19596
19608
19622
19623
19632
19632
19648
19648
19651
19652
19671
19673
19680
19681
19689
19690
19693
19694
19696
19703
19711
19714
19718
19724
19727
19728
19730
19736
19736
19744
19745
19750
19751
19751
19753
19755
19763
19763
19763
19765
19772
19782
19787
19788
19789
19790
19791
19795
19795
19809
19810
19819
19821
19823
19826
19832
19843
19844
19847
19852
19853
19856
19857
19859
19859
19860
19861
19868
19875
19875
19879
19880
19882
19886
19896
19902
19906
19910
19911
19913
19914
19915
19915
19915
19916
19923
19934
19934
19941
19945
19954
19959
19961
19962
19967
19971
19974
19983
19986
19994
19994
19995
19995
20000
20001
20002
20004
20004
20005
20008
20010
20014
20014
20016
20019
20021
20030
20033
20042
20044
20045
20050
20051
20052
20071
20079
20080
20083
20088
20095
20105
20116
20117
20118
20119
20121
20122
20123
20123
20128
20133
20140
20141
20143
20162
20166
20169
20169
20173
20177
20178
20181
20200
20209
20215
20217
20219
20221
20232
20248
20253
20254
20257
20263
20265
20266
20270
20272
20273
20274
20275
20275
20275
20280
20284
20293
20294
20301
20309
20320
20326
20327
20328
20333
20333
20341
20348
20354
20356
20359
20359
20373
20377
20378
20379
20383
20387
20388
20407
20410
20412
20426
20432
20436
20436
20439
20441
20443
20447
20451
20461
20471
20480
20486
20498
20502
20508
20508
20509
20518
20519
20519
20526
20530
20532
20533
20534
20541
20545
20550
20564
20564
20570
20582
20592
20595
20601
20606
20615
20618
20619
20620
20623
20628
20632
20635
20642
20644
20646
20650
20663
20664
20668
20668
20669
20669
20670
20672
20680
20684
20693
20714
20718
20724
20726
20727
20730
20753
20768
20773
20780
20784
20785
20787
20789
20790
20793
20794
20799
20803
20811
20811
20812
20818
20822
20822
20824
20830
20832
20841
20841
20842
20843
20845
20847
20849
20850
20873
20876
20888
20903
20909
20912
20912
20915
20917
20921
20927
20931
20941
20941
20942
20947
20952
20952
20962
20962
20964
20967
20970
20971
20973
20976
20987
20993
20993
20996
21007
21013
21023
21026
21033
21037
21046
21049
21052
21052
21058
21060
21061
21063
21064
21064
21065
21065
21068
21069
21070
21077
21079
21085
21088
21094
21098
21100
21102
21111
21114
21116
21126
21128
21130
21131
21141
21141
21148
21162
21162
21162
21166
21167
21169
21172
21172
21178
21180
21182
21185
21190
21196
21197
21200
21201
21205
21214
21215
21218
21227
21234
21240
21243
21244
21251
21260
21260
21263
21276
21284
21289
21297
21303
21308
21308
21312
21325
21326
21328
21334
21334
21337
21346
21349
21360
21367
21371
21394
21398
21399
21399
21412
21416
21417
21418
21420
21420
21431
21443
21443
21447
21448
21454
21462
21475
21489
21490
21490
21491
21503
21504
21509
21510
21513
21515
21515
21516
21518
21525
21527
21527
21529
21530
21532
21538
21551
21563
21585
21587
21591
21593
21593
21599
21601
21604
21606
21613
21613
21614
21630
21632
21641
21645
21652
21653
21661
21661
21676
21685
21703
21710
21712
21714
21737
21739
21746
21750
21752
21755
21758
21759
21761
21765
21771
21784
21786
21786
21792
21793
21808
21811
21816
21820
21821
21827
21837
21841
21842
21847
21855
21857
21867
21870
21873
21877
21882
21883
21884
21886
21890
21890
21901
21907
21910
21911
21924
21928
21932
21932
21934
21940
21946
21950
21952
21953
21956
21958
21962
21965
21967
21972
21973
21984
21985
21997
22001
22001
22016
22017
22018
22022
22025
22025
22028
22030
22033
22044
22048
22054
22060
22063
22066
22077
22081
22082
22084
22088
22090
22092
22097
22103
22108
22110
22110
22112
22112
22113
22115
22118
22128
22132
22132
22136
22150
22153
22155
22157
22161
22162
22163
22170
22172
22179
22182
22194
22196
22200
22200
22205
22212
22214
22216
22219
22220
22220
22223
22225
22234
22246
22247
22249
22256
22258
22263
22273
22273
22275
22278
22281
22282
22284
22294
22295
22295
22295
22297
22304
22307
22324
22324
22328
22329
22329
22332
22336
22340
22340
22348
22348
22354
22355
22357
22357
22358
22363
22363
22368
22378
22388
22396
22406
22410
22410
22414
22424
22424
22425
22425
22426
22427
22431
22433
22434
22445
22458
22460
22465
22474
22474
22477
22478
22479
22481
22494
22495
22497
22499
22504
22513
22514
22514
22519
22520
22524
22525
22527
22527
22535
22536
22546
22558
22563
22567
22572
22579
22579
22584
22584
22585
22590
22591
22594
22607
22613
22616
22617
22623
22623
22625
22627
22634
22639
22639
22644
22651
22661
22672
22678
22679
22683
22687
22688
22690
22693
22693
22698
22699
22710
22714
22715
22720
22722
22735
22735
22736
22748
22753
22755
22763
22764
22768
22776
22779
22781
22787
22793
22795
22799
22804
22811
22812
22813
22814
22821
22824
22826
22829
22829
22830
22837
22842
22850
22859
22860
22862
22865
22867
22877
22878
22884
22886
22895
22895
22897
22897
22898
22901
22904
22906
22907
22911
22911
22919
22919
22919
22930
22930
22934
22939
22939
22943
22953
22955
22959
22964
22978
22978
22982
22986
22987
22991
22993
22994
22998
23005
23026
23027
23028
23031
23041
23044
23050
23053
23053
23054
23060
23061
23065
23072
23073
23073
23080
23087
23088
23094
23095
23099
23099
23099
23110
23120
23123
23125
23129
23134
23135
23138
23144
23150
23152
23153
23156
23159
23159
23161
23164
23166
23176
23179
23182
23184
23185
23189
23191
23203
23204
23205
23212
23213
23218
23220
23224
23231
23235
23247
23247
23253
23263
23270
23270
23271
23277
23282
23283
23294
23303
23304
23306
23315
23317
23318
23337
23340
23352
23356
23357
23363
23363
23376
23382
23386
23392
23395
23397
23400
23402
23402
23403
23407
23416
23420
23424
23427
23432
23432
23434
23435
23439
23454
23456
23457
23458
23459
23477
23480
23481
23484
23496
23506
23506
23516
23519
23522
23523
23528
23540
23541
23543
23555
23558
23562
23562
23565
23579
23580
23583
23584
23586
23595
23596
23597
23601
23605
23608
23610
23612
23617
23623
23633
23638
23640
23648
23649
23650
23662
23667
23668
23673
23675
23680
23685
23685
23685
23690
23695
23697
23707
23718
23721
23723
23728
23730
23742
23747
23757
23759
23761
23761
23766
23768
23768
23769
23772
23774
23785
23789
23792
23794
23797
23812
23817
23818
23820
23828
23837
23842
23846
23846
23847
23854
23861
23872
23875
23889
23895
23904
23904
23907
23908
23918
23924
23925
23927
23930
23940
23942
23951
23963
23992
23994
23995
23996
23996
24003
24003
24009
24012
24015
24019
24021
24024
24034
24041
24050
24053
24060
24076
24077
24077
24078
24085
24087
24091
24093
24093
24094
24096
24104
24104
24106
24107
24111
24112
24124
24130
24133
24136
24137
24138
24139
24142
24148
24148
24155
24157
24160
24161
24163
24169
24173
24179
24180
24181
24184
24186
24186
24187
24188
24189
24190
24191
24194
24196
24200
24209
24216
24217
24221
24223
24227
24230
24232
24235
24238
24243
24246
24247
24248
24251
24253
24253
24257
24261
24271
24272
24272
24274
24275
24276
24277
24279
24279
24282
24287
24287
24294
24295
24298
24302
24302
24305
24310
24318
24320
24321
24322
24324
24333
24335
24336
24343
24348
24349
24351
24352
24352
24353
24354
24367
24372
24372
24374
24381
24383
24384
24385
24397
24402
24402
24406
24408
24408
24410
24414
24415
24415
24427
24431
24433
24435
24441
24445
24450
24452
24453
24456
24460
24461
24465
24470
24471
24476
24478
24483
24484
24484
24487
24497
24505
24508
24512
24512
24513
24516
24519
24528
24533
24539
24543
24545
24548
24554
24554
24560
24560
24565
24566
24567
24567
24571
24575
24588
24597
24598
24598
24601
24607
24608
24614
24615
24620
24621
24649
24663
24663
24675
24676
24679
24681
24693
24699
24700
24704
24704
24709
24711
24722
24724
24728
24737
24756
24759
24760
24762
24765
24766
24770
24774
24775
24775
24777
24778
24780
24781
24784
24785
24786
24790
24791
24792
24802
24806
24815
24819
24827
24831
24833
24833
24836
24844
24846
24848
24853
24856
24858
24858
24866
24868
24876
24876
24878
24885
24892
24894
24895
24898
24905
24912
24927
24929
24932
24932
24941
24944
24944
24945
24951
24951
24952
24952
24965
24967
24971
24972
24972
24977
24981
24993
24999
25001
25016
25027
25031
25038
25039
25040
25042
25057
25061
25062
25068
25070
25072
25077
25078
25078
25079
25080
25082
25092
25101
25111
25112
25128
25128
25129
25130
25137
25139
25144
25158
25160
25165
25175
25175
25176
25178
25183
25185
25194
25197
25201
25202
25205
25210
25216
25221
25228
25228
25234
25241
25243
25244
25247
25250
25253
25258
25260
25261
25268
25269
25273
25276
25289
25297
25304
25307
25318
25322
25326
25334
25334
25336
25339
25343
25343
25348
25350
25358
25359
25364
25367
25368
25371
25378
25381
25392
25394
25404
25404
25405
25406
25411
25414
25423
25426
25427
25429
25434
25435
25435
25438
25439
25442
25444
25446
25446
25451
25455
25467
25474
25477
25478
25479
25482
25492
25501
25504
25507
25509
25510
25516
25525
25532
25535
25543
25545
25546
25547
25549
25559
25559
25570
25572
25574
25576
25582
25588
25593
25593
25596
25611
25624
25627
25628
25628
25630
25631
25634
25635
25643
25645
25645
25646
25661
25673
25683
25690
25691
25694
25706
25710
25712
25714
25715
25720
25724
25726
25727
25727
25732
25732
25733
25749
25751
25752
25754
25755
25763
25772
25772
25776
25801
25804
25809
25820
25828
25829
25832
25834
25839
25846
25863
25876
25879
25883
25886
25886
25888
25889
25894
25895
25896
25901
25905
25908
25910
25911
25918
25919
25932
25933
25937
25943
25951
25952
25959
25963
25970
25973
25973
25974
25984
25986
25987
25989
25999
25999
26001
26002
26009
26015
26016
26023
26024
26024
26030
26037
26042
26059
26065
26066
26072
26073
26073
26082
26085
26087
26088
26089
26092
26094
26095
26097
26102
26107
26113
26116
26118
26122
26122
26124
26132
26138
26143
26143
26143
26144
26148
26148
26148
26150
26151
26153
26158
26167
26169
26175
26180
26183
26202
26203
26211
26214
26218
26220
26228
26241
26253
26255
26259
26269
26274
26274
26275
26279
26281
26284
26299
26301
26309
26310
26311
26312
26317
26320
26335
26337
26339
26348
26349
26349
26352
26355
26364
26365
26370
26379
26380
26382
26384
26396
26396
26398
26401
26403
26411
26416
26418
26423
26426
26430
26431
26445
26447
26448
26453
26454
26461
26467
26469
26469
26477
26481
26485
26497
26504
26505
26512
26527
26530
26531
26534
26538
26553
26555
26556
26560
26560
26565
26567
26569
26580
26583
26584
26589
26590
26590
26591
26591
26597
26599
26601
26605
26613
26631
26638
26643
26650
26673
26673
26676
26678
26680
26689
26690
26695
26703
26706
26716
26716
26722
26730
26730
26733
26735
26739
26748
26754
26756
26761
26763
26768
26782
26783
26792
26796
26805
26811
26811
26818
26818
26822
26826
26829
26833
26834
26840
26844
26853
26855
26859
26863
26872
26875
26876
26880
26881
26898
26900
9002
5487
22896
27723
17344
142
25791
19441
13491
19391
18153
9074
7710
4497
14171
17582
7207
4328
29624
426
22723
24772
6010
8095
20900
22620
1031
28842
22467
21711
10283
7821
3550
3179
5544
20894
9674
1335
16688
23165
27079
11193
8592
4789
22042
29115
22371
29249
9795
28347
29675
2519
23119
12037
16966
14020
11009
17998
12862
9828
9709
29497
17649
19611
9029
23194
16857
18703
24529
3545
18220
27960
14738
26812
2749
6780
2279
1473
6029
12075
29820
12056
14594
22940
446
1560
13312
11455
25910
26174
21284
11971
2023
8933
1582
11052
2127
18440
6107
3009
21985
24328
969
13076
27492
10071
19856
29772
17896
2238
18199
17716
20646
2793
17008
21092
10705
320
2548
12968
2846
184
24939
4870
9117
26522
22274
17597
14962
28382
26958
13299
29062
4279
26375
2906
20702
16232
9030
8598
24822
27229
26315
15468
6374
13323
12913
17080
19996
21813
6400
22842
21997
1339
4064
7466
27861
2691
25063
19175
7425
28373
2475
6487
2653
5202
9393
23355
21434
24776
1954
22608
22005
4621
8077
28380
17944
20990
21812
14292
12803
28212
13487
11152
29551
17551
18618
27413
20242
20034
22940
4019
18407
25415
10506
27412
618
26252
20768
28404
21028
29074
21013
13033
3695
5442
11413
27991
2784
9577
12284
21939
7789
25771
3091
7341
19674
28061
11106
16269
18095
4046
20288
12855
29462
7147
10267
6432
3399
7387
11188
779
6461
2201
20164
16508
13995
7930
20852
23131
17507
3136
15070
25297
5259
24513
2638
1285
22575
20096
17554
17022
24142
14195
29877
29956
21342
16497
6388
1093
23884
23929
8224
6698
26130
28388
29558
16478
6318
20410
9609
23826
29898
24680
25475
5157
25545
4465
12795
24472
24561
6701
11495
18703
20896
17724
18660
18590
4221
1400
26035
4458
25329
4259
17508
27812
9000
17066
20642
15318
7477
251
15496
13727
1283
10971
25237
3181
21788
8032
27653
16349
14733
9148
11405
11982
3225
6417
572
13798
7817
2960
18256
9499
7219
12116
13663
16219
5535
4305
7890
19364
10908
29738
3091
18544
17062
28328
21725
8850
6360
19378
25200
27446
4879
6605
9428
8104
19374
16352
21902
27191
19312
16511
13042
2884
4979
26705
25455
10514
7362
9697
29878
24623
9436
2970
13167
26498
1298
11244
11700
14011
6974
6900
11457
11853
19857
20885
26309
9231
13589
24564
12775
2902
17427
2169
12138
22406
5227
7593
9273
12589
23643
9151
13564
3079
18473
26731
5929
26124
14327
17629
10135
21302
882
21592
9507
27091
18829
5817
12675
2418
6733
25450
11672
24160
3971
23810
22918
9198
7756
2191
28140
7751
17695
11704
10830
6168
14788
16759
8644
29115
10740
18779
26769
11622
16723
6277
8714
11904
12094
27741
14323
25179
29543
2347
25691
3514
2510
18609
12713
16618
27153
10853
24369
14848
28909
5199
27368
13697
28310
6013
19165
15402
1144
15934
27025
17868
22211
12091
29772
10657
9832
20447
5836
15727
29147
1527
19241
1657
26489
1954
24627
23642
19159
18996
14842
18069
547
18562
8118
5209
24575
27283
20611
2072
13218
23988
26292
11781
6079
26064
22439
22263
22864
4627
7990
28363
12507
3584
20
8996
5538
24647
2638
1050
19995
23832
25471
20542
12394
3589
25751
13322
7225
16362
15394
26795
16703
11686
8576
29134
14102
7367
21398
13318
18347
5740
11681
854
15676
18053
9850
27567
19052
18840
28617
9047
19024
24088
29589
1418
4029
1692
21092
17606
24407
12838
14401
11110
876
29330
10244
14979
13049
7994
4649
1396
20087
22683
2250
5763
10736
18452
3330
29789
7292
1947
15188
2668
2387
21130
4087
12769
22822
1531
375
23581
14370
14777
4691
15246
20459
21288
6577
3508
29282
11227
4905
19369
3910
13507
25133
20998
1960
4815
27139
15604
13115
12328
18273
15502
9810
28712
28271
8984
243
4999
2566
20965
26128
13609
6212
16587
4897
19141
20095
4180
6720
1352
29901
10630
14860
1386
7981
23172
6202
5120
15128
19317
23800
3401
11171
3610
8465
15795
12595
15061
20794
21513
6026
16922
5122
18590
3509
16372
14084
29956
20552
20804
1309
26805
7787
22521
28192
15768
15693
4394
27240
821
63
21041
10575
11234
1003
25392
27029
19950
10453
24175
11463
22832
11097
22938
17774
20958
9310
1858
20915
6214
22663
28576
9371
450
21097
7563
22570
13142
18309
19810
