0
7
35
35
49
49
51
65
71
80
82
85
88
96
103
119
130
161
165
221
232
239
240
243
279
310
313
314
315
316
323
361
362
374
375
397
418
421
434
436
438
446
450
459
469
471
485
487
490
494
501
508
532
550
591
613
625
638
676
692
727
733
743
762
765
795
800
809
842
849
860
871
876
881
896
951
952
979
987
998
1006
1017
1028
1046
1050
1055
1072
1082
1084
1088
1088
1095
1096
1108
1110
1154
1159
1181
1186
1192
1193
1194
1197
1213
1237
1238
1240
1242
1247
1251
1261
1283
1288
1296
1320
1336
1364
1366
1381
1390
1399
1420
1424
1427
1429
1437
1441
1448
1461
1481
1481
1488
1503
1530
1539
1547
1564
1586
1592
1600
1603
1656
1659
1660
1669
1682
1690
1699
1702
1707
1735
1737
1759
1781
1787
1790
1806
1810
1811
1811
1817
1832
1839
1842
1861
1874
1877
1882
1887
1897
1914
1925
1931
1936
1955
1961
1965
1975
1980
1986
2003
2045
2063
2069
2082
2083
2084
2086
2092
2096
2099
2118
2124
2138
2151
2186
2223
2231
2272
2282
2296
2314
2315
2327
2337
2340
2346
2397
2405
2407
2417
2421
2431
2433
2438
2444
2450
2450
2450
2452
2452
2475
2484
2495
2506
2506
2512
2512
2518
2526
2534
2535
2542
2543
2544
2552
2554
2569
2570
2578
2581
2582
2583
2596
2619
2624
2666
2686
2687
2691
2691
2695
2713
2728
2729
2748
2749
2758
2794
2799
2827
2832
2833
2880
2890
2892
2896
2898
2900
2907
2912
2932
2933
2948
2951
2954
2955
2963
2964
2977
2977
2984
2989
2990
3032
3037
3062
3089
3093
3106
3113
3134
3144
3148
3155
3158
3186
3197
3199
3201
3211
3213
3222
3227
3234
3237
3240
3247
3268
3270
3270
3310
3321
3336
3340
3349
3352
3358
3363
3394
3404
3460
3467
3472
3477
3483
3484
3517
3517
3519
3531
3533
3535
3539
3548
3551
3560
3574
3576
3583
3594
3598
3598
3608
3614
3633
3639
3653
3703
3723
3723
3730
3745
3755
3760
3782
3785
3822
3824
3856
3859
3865
3866
3869
3871
3879
3887
3888
3892
3903
3903
3905
3919
3922
3937
3941
3943
3944
3946
3951
3956
3971
3975
3999
4006
4022
4033
4038
4048
4054
4055
4062
4062
4067
4080
4084
4114
4117
4121
4129
4129
4131
4133
4137
4142
4148
4173
4174
4188
4190
4202
4211
4227
4228
4229
4230
4257
4260
4281
4282
4287
4293
4294
4308
4311
4315
4329
4331
4336
4359
4367
4378
4398
4400
4415
4434
4458
4463
4468
4470
4473
4480
4482
4484
4488
4489
4491
4492
4500
4503
4504
4524
4536
4542
4561
4570
4572
4621
4622
4626
4630
4636
4645
4654
4691
4697
4697
4707
4710
4711
4714
4715
4715
4718
4721
4730
4735
4743
4747
4756
4759
4791
4793
4795
4799
4800
4807
4809
4810
4825
4826
4828
4835
4842
4845
4846
4849
4857
4870
4872
4879
4880
4921
4928
4930
4943
4945
4949
4971
4974
4977
4992
4997
5003
5015
5031
5042
5065
5073
5082
5090
5096
5113
5114
5115
5117
5129
5140
5146
5147
5149
5157
5163
5171
5213
5227
5236
5247
5252
5257
5266
5296
5300
5304
5306
5312
5322
5325
5327
5366
5371
5375
5377
5378
5388
5417
5419
5427
5447
5458
5478
5480
5483
5489
5516
5523
5524
5531
5535
5549
5576
5585
5594
5617
5619
5624
5626
5638
5640
5648
5650
5689
5705
5709
5711
5718
5720
5721
5745
5749
5763
5780
5803
5815
5823
5823
5828
5845
5851
5861
5869
5913
5954
5956
5974
5991
6004
6005
6017
6032
6047
6051
6056
6062
6077
6080
6092
6104
6104
6115
6123
6125
6128
6137
6137
6165
6169
6171
6186
6208
6216
6217
6218
6232
6235
6255
6256
6262
6273
6292
6293
6295
6326
6336
6341
6343
6345
6348
6349
6352
6362
6364
6365
6368
6397
6397
6398
6419
6428
6445
6451
6472
6485
6494
6519
6531
6533
6537
6549
6570
6579
6584
6594
6596
6610
6611
6614
6624
6628
6647
6651
6655
6663
6669
6677
6692
6708
6715
6751
6759
6760
6766
6775
6776
6811
6812
6825
6828
6830
6832
6838
6851
6857
6871
6878
6882
6885
6893
6911
6913
6945
6974
7014
7029
7032
7040
7049
7058
7070
7075
7122
7122
7123
7128
7129
7141
7143
7179
7183
7192
7203
7212
7222
7235
7237
7258
7259
7278
7283
7294
7315
7319
7331
7348
7352
7355
7365
7378
7394
7399
7408
7413
7414
7419
7421
7426
7442
7455
7455
7457
7460
7465
7468
7506
7508
7510
7514
7538
7551
7564
7567
7573
7576
7612
7613
7615
7620
7626
7635
7636
7638
7640
7642
7644
7647
7650
7652
7654
7655
7665
7669
7718
7719
7724
7733
7745
7749
7749
7753
7757
7759
7801
7815
7825
7842
7845
7848
7870
7883
7910
7912
7927
7934
7947
7959
7971
7987
7993
8006
8012
8018
8023
8023
8026
8044
8055
8063
8095
8104
8121
8124
8129
8140
8141
8145
8148
8163
8168
8190
8193
8201
8211
8227
8228
8230
8232
8252
8259
8265
8273
8276
8277
8284
8309
8317
8342
8362
8372
8383
8426
8429
8438
8448
8457
8460
8499
8518
8521
8556
8565
8572
8577
8590
8598
8612
8632
8638
8642
8672
8687
8687
8695
8698
8711
8714
8716
8721
8730
8733
8767
8781
8809
8818
8822
8833
8853
8860
8861
8867
8869
8873
8879
8895
8907
8935
8955
8978
8983
8991
8993
8993
9001
9002
9005
9007
9011
9022
9031
9043
9046
9050
9057
9073
9077
9096
9097
9100
9101
9104
9116
9118
9139
9155
9168
9186
9190
9211
9227
9233
9237
9244
9280
9281
9283
9287
9300
9306
9306
9322
9347
9364
9371
9387
9395
9402
9402
9409
9411
9416
9425
9428
9436
9437
9447
9447
9455
9463
9496
9509
9514
9521
9526
9528
9534
9557
9569
9572
9577
9584
9598
9598
9605
9609
9620
9650
9659
9679
9686
9691
9694
9696
9696
9714
9726
9734
9736
9740
9746
9773
9776
9779
9784
9786
9796
9807
9809
9841
9852
9866
9867
9868
9880
9899
9900
9906
9910
9913
9914
9929
9970
9976
9977
9979
9984
10018
10023
10037
10039
10045
10046
10047
10053
10060
10073
10081
10114
10120
10132
10133
10136
10140
10142
10153
10160
10184
10185
10192
10210
10213
10215
10215
10221
10232
10235
10241
10255
10259
10281
10286
10292
10306
10319
10319
10338
10340
10351
10356
10368
10392
10410
10414
10449
10455
10459
10460
10463
10473
10496
10528
10535
10551
10555
10568
10586
10590
10635
10653
10661
10665
10674
10678
10694
10698
10705
10706
10721
10735
10736
10744
10749
10755
10765
10767
10770
10771
10786
10787
10792
10794
10805
10808
10859
10860
10867
10875
10880
10902
10919
10935
10935
10964
10981
10981
10983
11013
11036
11038
11044
11046
11051
11059
11089
11090
11093
11103
11133
11148
11152
11179
11180
11203
11207
11208
11211
11219
11221
11232
11240
11247
11270
11276
11289
11294
11302
11334
11342
11347
11351
11360
11375
11377
11378
11380
11407
11417
11425
11430
11430
11434
11441
11449
11455
11456
11462
11471
11476
11484
11488
11493
11498
11498
11521
11524
11525
11531
11538
11549
11568
11581
11590
11605
11608
11621
11622
11632
11633
11645
11649
11665
11670
11684
11686
11697
11708
11729
11737
11742
11755
11757
11761
11768
11784
11785
11786
11842
11868
11870
11872
11877
11879
11881
11892
11894
11897
11897
11907
11935
11936
11938
11951
11954
11987
11990
12008
12015
12016
12017
12032
12050
12058
12080
12082
12082
12098
12108
12109
12136
12137
12139
12160
12168
12181
12184
12204
12211
12229
12238
12245
12253
12271
12272
12293
12294
12294
12299
12315
12337
12351
12360
12369
12394
12406
12418
12442
12445
12463
12464
12467
12475
12483
12486
12509
12516
12522
12523
12531
12535
12549
12550
12559
12577
12582
12595
12611
12614
12624
12626
12629
12652
12655
12662
12670
12676
12701
12702
12703
12704
12705
12728
12745
12754
12772
12781
12794
12821
12823
12839
12856
12856
12859
12883
12904
12955
12961
12961
12986
12987
13022
13026
13057
13062
13074
13075
13084
13085
13091
13113
13116
13131
13133
13139
13144
13145
13151
13157
13158
13186
13190
13200
13201
13203
13209
13211
13212
13216
13237
13248
13249
13263
13264
13273
13275
13277
13281
13282
13295
13297
13299
13307
13319
13364
13367
13367
13368
13373
13373
13401
13407
13415
13428
13436
13457
13463
13484
13524
13535
13556
13559
13586
13595
13598
13611
13614
13622
13637
13647
13649
13666
13669
13679
13681
13700
13709
13719
13720
13731
13731
13731
13747
13751
13797
13802
13804
13823
13825
13834
13842
13884
13888
13903
13920
13921
13941
13949
13952
13962
13963
13986
13993
13997
14007
14011
14020
14025
14027
14030
14051
14059
14067
14084
14090
14091
14093
14108
14119
14122
14128
14132
14134
14138
14142
14157
14166
14167
14168
14175
14178
14181
14196
14203
14210
14214
14230
14241
14244
14245
14245
14275
14284
14286
14288
14315
14320
14337
14341
14363
14373
14408
14416
14421
14436
14439
14440
14456
14484
14506
14508
14513
14526
14558
14577
14581
14581
14590
14594
14605
14614
14619
14626
14656
14675
14684
14688
14705
14709
14726
14729
14759
14760
14773
14797
14804
14827
14842
14875
14878
14894
14933
14934
14942
14948
14962
14975
14990
14991
15001
15010
15037
15043
15044
15045
15047
15051
15058
15075
15081
15082
15088
15095
15113
15115
15117
15122
15125
15127
15135
15136
15155
15165
15178
15188
15191
15212
15222
15251
15256
15281
15283
15288
15297
15297
15302
15315
15316
15328
15329
15335
15351
15360
15398
15405
15435
15444
15450
15452
15464
15470
15471
15489
15492
15516
15517
15517
15524
15526
15529
15534
15536
15539
15545
15546
15603
15603
15618
15624
15634
15635
15636
15641
15649
15657
15681
15697
15703
15709
15714
15733
15748
15773
15804
15810
15820
15836
15838
15852
15869
15873
15876
15888
15895
15897
15940
15953
15966
15990
16001
16013
16019
16025
16036
16040
16096
16112
16113
16114
16116
16135
16152
16153
16157
16167
16183
16187
16210
16222
16224
16226
16229
16251
16252
16252
16259
16270
16271
16288
16332
16336
16342
16354
16380
16385
16390
16391
16436
16438
16447
16453
16463
16464
16464
16467
16487
16490
16493
16494
16496
16506
16528
16530
16540
16541
16551
16559
16576
16577
16588
16605
16612
16639
16644
16648
16654
16675
16699
16714
16749
16750
16771
16776
16780
16782
16794
16801
16815
16824
16825
16867
16876
16904
16910
16910
16912
16920
16928
16947
16949
16970
16971
16980
16986
16999
17017
17019
17022
17023
17028
17038
17041
17055
17079
17108
17121
17134
17141
17144
17148
17160
17176
17182
17182
17242
17262
17273
17283
17289
17290
17313
17318
17318
17337
17364
17370
17385
17387
17395
17396
17448
17454
17472
17475
17479
17483
17484
17503
17511
17512
17524
17528
17535
17540
17542
17556
17557
17559
17564
17593
17598
17602
17611
17613
17629
17629
17633
17650
17662
17663
17665
17671
17676
17694
17694
17709
17710
17722
17730
17731
17752
17778
17779
17807
17810
17812
17827
17827
17844
17847
17858
17862
17875
17879
17931
17941
17966
17972
17978
17988
18000
18006
18047
18064
18070
18097
18103
18118
18134
18142
18144
18146
18146
18147
18158
18168
18168
18169
18172
18180
18193
18200
18230
18235
18238
18243
18249
18261
18262
18268
18275
18275
18288
18302
18321
18327
18331
18344
18363
18368
18375
18382
18387
18403
18403
18423
18426
18435
18438
18458
18474
18479
18481
18481
18484
18485
18489
18492
18518
18521
18522
18529
18530
18551
18570
18578
18582
18597
18613
18616
18623
18626
18639
18646
18651
18673
18681
18688
18697
18717
18732
18737
18759
18797
18814
18818
18828
18831
18832
18835
18843
18861
18863
18921
18922
18923
18927
18935
18962
18963
18965
18978
18985
18991
18991
18992
19002
19010
19011
19033
19033
19043
19043
19045
19067
19074
19074
19080
19081
19083
19131
19136
19141
19149
19165
19174
19178
19187
19187
19191
19205
19221
19222
19246
19248
19254
19263
19298
19307
19323
19350
19356
19361
19364
19365
19367
19381
19386
19389
19391
19407
19408
19416
19429
19434
19440
19448
19455
19477
19478
19483
19488
19497
19508
19513
19514
19514
19516
19516
19537
19560
19563
19575
19598
19606
19606
19615
19631
19633
19633
19641
19650
19662
19669
19679
19680
19680
19694
19694
19709
19709
19712
19720
19727
19728
19729
19731
19733
19743
19748
19801
19804
19810
19820
19833
19847
19856
19857
19871
19927
19932
19934
19936
19937
19938
19951
19955
19964
19975
19992
19998
20027
20037
20044
20054
20055
20059
20068
20070
20076
20079
20084
20093
20096
20104
20121
20137
20139
20148
20150
20151
20184
20190
20224
20226
20227
20272
20297
20344
20347
20359
20365
20402
20413
20414
20417
20448
20470
20474
20482
20485
20503
20508
20520
20520
20525
20535
20573
20575
20582
20592
20597
20616
20621
20621
20626
20645
20660
20665
20673
20680
20693
20702
20707
20715
20722
20722
20724
20733
20736
20737
20740
20775
20775
20779
20779
20782
20790
20822
20822
20824
20828
20855
20861
20864
20865
20880
20888
20893
20901
20908
20910
20929
20942
20994
20994
20998
21000
21007
21010
21061
21064
21068
21073
21097
21101
21147
21162
21162
21166
21170
21171
21181
21212
21218
21220
21222
21227
21238
21251
21272
21273
21286
21288
21299
21310
21334
21336
21340
21359
21369
21375
21379
21381
21381
21387
21402
21426
21432
21437
21450
21454
21465
21467
21469
21475
21485
21492
21515
21524
21530
21537
21538
21539
21541
21568
21592
21593
21594
21621
21622
21624
21641
21641
21659
21682
21686
21688
21690
21703
21722
21727
21727
21729
21732
21742
21749
21771
21785
21808
21809
21815
21821
21832
21837
21862
21866
21888
21902
21908
21908
21910
21912
21926
21930
21933
21939
21943
21947
21955
21960
21973
21975
21976
21976
21980
21980
21993
22017
22027
22040
22062
22072
22087
22090
22103
22105
22106
22125
22150
22167
22172
22172
22185
22200
22206
22215
22220
22224
22229
22234
22254
22262
22295
22303
22307
22309
22331
22333
22350
22351
22360
22376
22398
22413
22415
22420
22447
22470
22484
22485
22512
22522
22523
22546
22587
22613
22625
22636
22645
22681
22695
22706
22707
22713
22714
22716
22716
22728
22729
22729
22729
22751
22763
22770
22785
22791
22803
22814
22814
22826
22842
22844
22868
22886
22888
22891
22898
22920
22945
22951
22959
22963
22977
22985
22990
22992
22994
22998
23018
23025
23027
23044
23057
23058
23061
23078
23102
23116
23120
23129
23149
23207
23214
23239
23249
23262
23265
23269
23276
23279
23291
23305
23314
23319
23320
23328
23341
23348
23350
23354
23366
23371
23374
23398
23417
23438
23457
23462
23483
23510
23515
23533
23542
23544
23552
23555
23558
23593
23621
23635
23642
23644
23651
23654
23661
23668
23675
23678
23682
23718
23723
23724
23745
23754
23778
23786
23792
23802
23808
23810
23815
23830
23838
23854
23865
23908
23916
23922
23922
23929
23947
23953
23963
23973
23973
23975
23981
23992
23996
24011
24016
24022
24028
24071
24076
24078
24078
24110
24163
24176
24213
24213
24230
24239
24249
24263
24272
24281
24282
24291
24297
24298
24306
24313
24315
24316
24382
24387
24397
24431
24436
24437
24439
24446
24454
24460
24462
24490
24511
24511
24521
24529
24548
24562
24571
24581
24586
24589
24590
24593
24609
24621
24622
24625
24628
24631
24645
24660
24675
24677
24682
24691
24698
24704
24706
24710
24752
24763
24765
24766
24776
24779
24789
24795
24816
24821
24830
24835
24849
24860
24861
24864
24867
24869
24877
24908
24923
24927
24938
24945
24970
24980
24981
25018
25028
25033
25041
25042
25042
25049
25056
25057
25066
25070
25082
25102
25127
25131
25137
25142
25144
25144
25149
25152
25168
25188
25195
25204
25207
25210
25213
25228
25249
25260
25268
25270
25293
25306
25329
25353
25358
25368
25385
25387
25394
25404
25404
25422
25443
25454
25455
25468
25475
25475
25480
25484
25498
25507
25521
25522
25540
25547
25558
25570
25570
25573
25576
25623
25630
25639
25647
25657
25657
25714
25725
25732
25768
25790
25797
25802
25811
25821
25822
25831
25838
25845
25858
25870
25871
25885
25887
25907
25909
25913
25913
25915
25916
25918
25919
25924
25950
25970
25971
25978
25993
25996
26084
26084
26113
26136
26139
26154
26199
26202
26217
26219
26231
26232
26237
26241
26265
26273
26278
26283
26303
26304
26316
26325
26329
26346
26383
26390
26413
26444
26464
26471
26479
26494
26496
26497
26498
26513
26521
26543
26547
26552
26563
26580
26587
26592
26608
26608
26614
26624
26630
26636
26651
26672
26674
26676
26682
26695
26705
26717
26728
26728
26730
26736
26747
26754
26762
26768
26770
26771
26780
26782
26857
26862
26862
26880
26892
26904
26904
26957
26964
26965
26973
26979
26983
27012
27019
27035
27044
27058
27066
27089
27093
27101
27130
27140
27170
27180
27185
27194
27206
27211
27225
27226
27235
27240
27252
27257
27258
27271
27298
27317
27328
27339
27358
27362
27385
27409
27412
27412
27421
27429
27442
27469
27497
27508
27518
27544
27550
27560
27563
27567
27569
27575
27576
27582
27584
27584
27629
27645
27665
27666
27673
27676
27684
27708
27717
27755
27760
27761
27763
27765
27767
27772
27773
27789
27791
27823
27823
27828
27855
27858
27875
27886
27899
27911
27929
27941
27951
27953
27954
27967
27973
28003
28017
28022
28024
28041
28045
28050
28063
28066
28074
28076
28088
28089
28093
28111
28119
28125
28133
28137
28139
28144
28149
28151
28155
28155
28158
28162
28174
28197
28211
28215
28219
28219
28220
28222
28223
28227
28248
28261
28272
28273
28275
28277
28280
28288
28288
28290
28295
28302
28323
28335
28339
28342
28354
28357
28362
28370
28372
28388
28388
28389
28397
28398
28416
28421
28421
28434
28439
28457
28472
28487
28529
28534
28539
28544
28550
28560
28569
28589
28600
28612
28614
28623
28653
28669
28676
28711
28755
28768
28788
28799
28817
28837
28837
28838
28850
28854
28858
28872
28890
28891
28980
28994
29000
29012
29017
29019
29028
29052
29055
29065
29072
29075
29077
29080
29086
29093
29108
29126
29142
29146
29150
29163
29163
29169
29181
29181
29203
29213
29227
29230
29235
29240
29251
29271
29303
29333
29334
29343
29371
29374
29375
29376
29377
29383
29396
29397
29400
29412
29416
29451
29456
29457
29468
29485
29485
29489
29489
29500
29514
29518
29522
29522
29539
29542
29548
29554
29554
29556
29558
29578
29587
29593
29614
29620
29633
29658
29664
29670
29676
29692
29695
29706
29717
29726
29728
29736
29740
29747
29747
29798
29804
29806
29820
29820
29823
29828
29831
29836
29837
29862
29862
29864
29900
29904
29912
29913
29933
29948
29948
29960
29970
29985
29990
29998
30008
30023
30079
30091
30091
30094
30117
30123
30123
30126
30140
30146
30158
30160
30169
30175
30177
30183
30187
30238
30268
30287
30317
30318
30319
30324
30332
30332
30345
30353
30353
30379
30387
30394
30420
30420
30446
30448
30457
30458
30471
30475
30476
30482
30513
30516
30552
30556
30557
30567
30567
30567
30578
30578
30586
30588
30592
30604
30606
30609
30615
30620
30626
30627
30630
30648
30666
30677
30700
30701
30707
30743
30743
30749
30785
30811
30816
30826
30833
30833
30836
30844
30845
30847
30847
30847
30847
30856
30875
30883
30892
30893
30894
30897
30913
30914
30928
30937
30941
30958
30975
30981
30989
31023
31031
31036
31068
31088
31089
31098
31102
31111
31115
31115
31128
31136
31145
31153
31160
31168
31171
31185
31201
31206
31225
31230
31236
31239
31245
31259
31266
31330
31336
31348
31353
31361
31364
31383
31400
31401
31403
31421
31424
31424
31424
31450
31457
31469
31474
31481
31487
31489
31495
31502
31526
31557
31568
31584
31597
31600
31601
31603
31605
31652
31672
31679
31683
31692
31698
31704
31716
31718
31721
31731
31737
31741
31743
31746
31748
31751
31760
31762
31764
31765
31770
31773
31779
31781
31782
31805
31805
31807
31809
31810
31814
31817
31822
31823
31831
31834
31860
31862
31884
31895
31900
31928
31928
31941
31965
31979
31989
32004
32006
32031
32036
32037
32041
32069
32075
32080
32084
32087
32128
32131
32132
32134
32136
32143
32159
32160
32193
32193
32209
32210
32216
32217
32225
32239
32250
32261
32267
32267
32273
32279
32288
32292
32294
32312
32319
32321
32330
32380
32386
32415
32425
32429
32432
32433
32439
32441
32447
32460
32463
32493
32506
32512
32513
32519
32533
32543
32549
32557
32559
32570
32576
32579
32584
32592
32594
32599
32604
32615
32617
32641
32645
32649
32655
32674
32698
32699
32709
32717
32722
32723
32724
32725
32738
32742
32743
32751
32757
32763
32769
32788
32800
32817
32820
32852
32864
32869
32875
32877
32881
32889
32893
32896
32896
32897
32902
32924
32925
32927
32933
32938
32944
32989
32998
33003
33004
33019
33020
33032
33036
33044
33047
33048
33057
33070
33080
33091
33092
33100
33113
33125
33145
33158
33203
33206
33258
33262
33268
33270
33277
33301
33304
33306
33327
33364
33370
33370
33381
33386
33404
33412
33417
33424
33424
33439
33466
33482
33496
33496
33534
33544
33549
33554
33570
33574
33581
33586
33596
33603
33608
33638
33641
33647
33649
33650
33655
33659
33660
33668
33683
33706
33721
33732
33768
33771
33780
33782
33796
33809
33812
33816
33822
33840
33853
33871
33878
33881
33886
33892
33907
33911
33914
33935
33951
33983
33996
34005
34011
34017
34022
34028
34028
34039
34057
34069
34084
34085
34091
34112
34117
34135
34144
34150
34152
34160
34202
34208
34228
34243
34255
34258
34287
34299
34300
34301
34307
34329
34332
34332
34353
34355
34357
34367
34416
34419
34435
34436
34450
34458
34499
34500
34508
34508
34511
34519
34550
34556
34573
34586
34600
34605
34644
34644
34645
34646
34657
34660
34663
34675
34692
34693
34694
34716
34745
34755
34777
34787
34788
34797
34817
34820
34820
34832
34841
34853
34855
34874
34880
34906
34913
34914
34935
34938
34941
34943
34948
34952
34954
34959
34982
34984
35012
35017
35020
35049
35054
35061
35069
35077
35079
35082
35097
35119
35127
35164
35167
35186
35222
35240
35250
35254
35266
35286
35290
35296
35297
35297
35304
35310
35316
35330
35339
35343
35349
35376
35399
35428
35430
35441
35447
35449
35462
35474
35500
35507
35523
35536
35544
35545
35562
35570
35604
35606
35617
35622
35627
35637
35648
35648
35658
35663
35671
35672
35684
35686
35694
35698
35701
35753
35764
35768
35783
35787
35789
35799
35802
35805
35808
35823
35831
35844
35858
35862
35862
35865
35880
35883
35889
35900
35901
35905
35908
35944
35948
35950
35968
35988
35998
36000
36004
36021
36022
36037
36038
36058
36061
36098
36100
36123
36128
36133
36164
36168
36186
36202
36213
36215
36225
36238
36245
36265
36274
36277
36278
36285
36287
36289
36296
36307
36320
36324
36338
36340
36341
36342
36349
36355
36370
36390
36408
36413
36414
36415
36423
36428
36439
36455
36476
36494
36498
36503
36509
36516
36520
36542
36552
36566
36571
36575
36595
36597
36622
36626
36633
36639
36640
36645
36658
36690
36718
36720
36723
36731
36754
36762
36775
36789
36800
36820
36827
36839
36841
36856
36865
36888
36911
36929
36929
36935
36941
36951
36982
36983
36988
36989
37018
37028
37041
37042
37056
37089
37091
37093
37094
37095
37106
37108
37127
37127
37139
37142
37150
37152
37164
37170
37192
37201
37212
37216
37229
37258
37265
37266
37266
37267
37273
37294
37300
37305
37317
37321
37327
37338
37359
37360
37362
37379
37395
37404
37418
37423
37426
37427
37448
37454
37456
37459
37469
37469
37474
37485
37493
37493
37506
37508
37535
37549
37552
37553
37570
37572
37574
37593
37610
37640
37644
37644
37650
37667
37671
37676
37696
37709
37713
37721
37728
37742
37744
37754
37756
37764
37766
37775
37798
37799
37801
37819
37839
37845
37863
37882
37905
37920
37925
37937
37939
37943
37945
37957
37963
37971
37972
37980
37985
37985
38006
38011
38042
38047
38048
38048
38062
38064
38080
38088
38090
38094
38107
38116
38123
38149
38151
38164
38184
38184
38212
38212
38215
38222
38236
38246
38266
38271
38278
38285
38299
38312
38322
38323
38323
38338
38342
38344
38345
38347
38355
38356
38373
38379
38382
38396
38407
38418
38430
38437
38470
38481
38490
38513
38516
38528
38532
38536
38546
38553
38556
38572
38573
38578
38580
38585
38587
38598
38599
38602
38649
38670
38685
38689
38692
38694
38714
38726
38731
38735
38773
38790
38794
38808
38814
38851
38853
38897
38899
38907
38907
38937
38944
38947
38965
38968
38976
38983
38994
38995
39024
39027
39039
39044
39047
39052
39054
39060
39063
39077
39081
39081
39083
39086
39105
39109
39111
39112
39124
39126
39129
39133
39163
39181
39182
39182
39196
39214
39235
39236
39244
39246
39246
39247
39265
39269
39274
39274
39280
39283
39290
39297
39307
39322
39323
39329
39330
39337
39340
39374
39378
39378
39382
39391
39403
39408
39409
39442
39454
39456
39465
39466
39486
39487
39489
39490
39502
39508
39511
39512
39527
39528
39530
39531
39538
39557
39559
39562
39579
39588
39591
39594
39608
39612
39623
39631
39645
39648
39653
39667
39670
39707
39712
39717
39730
39733
39734
39736
39742
39758
39759
39766
39811
39817
39821
39830
39837
39842
39863
39865
39869
39911
39935
39938
39942
39951
39972
39988
39989
40005
40033
40035
40056
40059
40065
40065
40070
40072
40072
40096
40102
40107
40125
40133
40147
40152
40162
40178
40189
40204
40225
40235
40254
40262
40268
40271
40277
40291
40296
40299
40317
40318
40343
40357
40363
40364
40365
40395
40404
40424
40460
40465
40469
40471
40489
40511
40517
40522
40532
40534
40539
40606
40607
40615
40637
40650
40657
40678
40696
40704
40721
40728
40739
40741
40742
40745
40759
40773
40787
40796
40805
40813
40821
40830
40840
40840
40862
40865
40873
40890
40898
40911
40919
40921
40923
40935
40969
40970
40971
40982
40988
40991
40998
41006
41017
41026
41044
41058
41061
41061
41075
41079
41127
41130
41133
41137
41149
41157
41170
41182
41190
41205
41228
41233
41238
41240
41254
41259
41277
41287
41287
41289
41325
41327
41329
41332
41343
41344
41360
41360
41371
41377
41383
41387
41391
41394
41397
41406
41420
41427
41448
41455
41457
41463
41464
41468
41469
41483
41485
41502
41510
41515
41533
41541
41546
41556
41559
41571
41582
41595
41609
41621
41637
41641
41656
41659
41676
41686
41689
41690
41699
41704
41708
41710
41716
41719
41736
41739
41746
41755
41757
41784
41789
41802
41821
41827
41840
41847
41889
41898
41904
41908
41953
41961
41981
41995
42022
42061
42063
42084
42090
42123
42128
42144
42153
42173
42178
42188
42200
42226
42262
42282
42312
42329
42342
42358
42361
42373
42380
42382
42391
42391
42415
42421
42445
42452
42460
42474
42484
42507
42509
42521
42521
42536
42538
42544
42549
42551
42566
42568
42572
42577
42583
42597
42609
42619
42621
42626
42639
42651
42660
42665
42683
42686
42691
42703
42705
42716
42718
42720
42730
42732
42742
42749
42757
42776
42798
42804
42809
42814
42818
42831
42846
42866
42875
42881
42889
42889
42902
42919
42931
42944
42970
42986
42994
43022
43025
43033
43034
43049
43069
43071
43072
43088
43097
43102
43111
43112
43114
43125
43150
43153
43153
43155
43176
43184
43195
43205
43207
43228
43229
43238
43241
43245
43252
43254
43254
43280
43281
43294
43303
43307
43315
43319
43320
43329
43338
43347
43368
43382
43400
43411
43425
43431
43453
43470
43471
43472
43480
43490
43505
43515
43521
43530
43536
43544
43546
43548
43625
43627
43655
43675
43682
43684
43697
43704
43705
43709
43721
43721
43731
43737
43740
43746
43758
43762
43769
43773
43777
43778
43781
43787
43794
43815
43847
43857
43859
43864
43874
43882
43883
43893
43898
43913
43925
43928
43930
43936
43959
43974
43987
43996
44017
44022
44034
44035
44039
44052
44062
44068
44080
44088
44094
44105
44106
44109
44119
44124
44173
44174
44181
44220
44231
44250
44264
44277
44277
44277
44287
44288
44288
44298
44302
44303
44310
44334
44353
44360
44362
44372
44379
44380
44401
44402
44406
44428
44433
44435
44445
44446
44467
44474
44474
44474
44510
44517
44522
44527
44547
44550
44552
44558
44566
44571
44578
44579
44588
44602
44607
44613
44619
44622
44640
44651
44658
44659
44665
44669
44673
44675
44700
44707
44736
44749
44769
44771
44777
44800
44802
44803
44836
44846
44849
44860
44864
44868
44872
44872
44872
44883
44892
44896
44896
44907
44919
44936
44939
44940
44951
44961
44979
44991
45003
45005
45008
45016
45020
45047
45053
45061
45063
45066
45067
45069
45078
45079
45092
45119
45121
45132
45153
45157
45166
45170
45185
45189
45194
45206
45215
45216
45222
45224
45235
45236
45237
45276
45298
45301
45301
45302
45312
45321
45325
45327
45332
45332
45342
45367
45383
45391
45408
45411
45412
45417
45448
45453
45455
45464
45482
45486
45498
45503
45511
45513
45516
45517
45527
45528
45539
45542
45545
45549
45561
45567
45579
45587
45595
45607
45620
45623
45641
45646
45656
45663
45666
45670
45705
45714
45714
45745
45762
45765
45779
45794
45801
45807
45813
45821
45821
45823
45825
45842
45856
45859
45865
45871
45898
45899
45902
45910
45912
45918
45924
45953
45969
45970
45979
45979
45986
46000
46002
46010
46035
46042
46044
46044
46050
46057
46058
46067
46067
46082
46086
46087
46114
46118
46120
46124
46135
46188
46206
46212
46246
46248
46255
46260
46284
46302
46304
46337
46347
46353
46369
46373
46380
46381
46398
46406
46426
46432
46434
46436
46449
46461
46473
46486
46514
46534
46557
46568
46579
46585
46588
46593
46602
46613
46628
46640
46659
46660
46670
46701
46706
46714
46753
46764
46769
46769
46784
46801
46803
46811
46812
46813
46816
46825
46842
46847
46848
46851
46852
46869
46876
46897
46916
46933
46936
46944
46953
46962
46978
47002
47017
47040
47052
47055
47059
47107
47121
47138
47143
47160
47163
47165
47172
47194
47199
47201
47216
47229
47230
47239
47250
47254
47264
47271
47294
47308
47314
47316
47335
47339
47347
47354
47371
47374
47384
47388
47427
47429
47451
47497
47504
47514
47521
47524
47527
47543
47548
47561
47578
47586
47591
47598
47611
47613
47649
47660
47674
47679
47688
47689
47694
47699
47709
47711
47716
47722
47725
47749
47764
47792
47794
47799
47803
47803
47804
47822
47825
47832
47833
47835
47845
47867
47881
47894
47925
47926
47928
47931
47931
47940
47946
47954
47958
47971
47973
47976
47981
48000
48008
48013
48027
48045
48047
48048
48069
48088
48092
48095
48100
48110
48116
48117
48117
48136
48138
48144
48145
48152
48159
48181
48195
48198
48209
48213
48221
48232
48235
48246
48248
48251
48263
48302
48306
48331
48338
48339
48349
48358
48370
48387
48392
48406
48415
48440
48443
48444
48445
48450
48459
48506
48513
48523
48527
48534
48534
48543
48545
48563
48572
48589
48614
48619
48657
48661
48675
48689
48692
48697
48697
48707
48716
48733
48742
48751
48763
48769
48770
48776
48785
48804
48808
48814
48828
48833
48833
48842
48844
48880
48906
48912
48918
48923
48925
48925
48934
48937
48943
48944
48946
48953
48954
48972
48979
48980
48991
48995
48997
49010
49043
49051
49063
49081
49092
49100
49170
49184
49191
49195
49215
49221
49224
49228
49247
49274
49275
49279
49292
49296
49320
49320
49339
49393
49398
49403
49407
49407
49410
49420
49426
49430
49443
49453
49470
49483
49497
49526
49531
49533
49542
49542
49575
49577
49581
49591
49593
49599
49629
49637
49638
49644
49691
49697
49714
49746
49747
49748
49756
49774
49790
49799
49805
49807
49808
49820
49822
49824
49826
49868
49869
49886
49896
49902
49910
49921
49931
49941
49944
49961
49962
49967
49967
49976
49982
49984
49986
50007
50014
50015
50023
50038
50086
50091
50110
50113
50133
50155
50161
50162
50192
50204
50227
50276
50287
50290
50291
50292
50296
50305
50306
50315
50331
50346
50348
50358
50394
50409
50413
50413
50446
50455
50461
50464
50469
50479
50480
50480
50483
50544
50551
50571
50589
50589
50596
50608
50610
50618
50626
50632
50656
50659
50662
50676
50678
50680
50684
50691
50699
50711
50722
50729
50732
50737
50777
50803
50803
50803
50807
50811
50823
50823
50844
50848
50855
50856
50863
50875
50877
50905
50910
50913
50933
50938
50939
50954
50973
50984
50993
50994
51002
51009
51024
51027
51038
51040
51051
51071
51084
51087
51087
51104
51117
51133
51159
51162
51163
51177
51190
51215
51217
51224
51230
51239
51242
51250
51259
51273
51276
51296
51302
51308
51313
51336
51336
51353
51379
51382
51383
51387
51392
51392
51402
51402
51415
51416
51457
51459
51472
51486
51487
51492
51499
51507
51524
51528
51534
51542
51543
51551
51555
51567
51596
51602
51602
51609
51651
51663
51665
51674
51675
51677
51679
51686
51687
51688
51690
51692
51700
51703
51731
51744
51753
51757
51771
51783
51827
51831
51841
51842
51851
51856
51857
51918
51921
51926
51933
51942
51952
51956
51957
51969
51971
51973
51994
52000
52000
52006
52016
52024
52032
52032
52046
52066
52067
52086
52092
52145
52149
52153
52164
52170
52193
52237
52245
52273
52274
52279
52286
52306
52311
52326
52330
52331
52337
52337
52340
52353
52354
52356
52380
52386
52396
52402
52416
52430
52433
52455
52465
52473
52474
52488
52494
52506
52525
52531
52599
52600
52601
52610
52610
52620
52643
52649
52651
52653
52663
52678
52681
52708
52709
52719
52719
52724
52724
52743
52761
52762
52764
52764
52776
52777
52778
52792
52803
52810
52813
52814
52831
52833
52836
52836
52845
52851
52856
52858
52862
52882
52889
52907
52913
52923
52950
52951
52968
52974
52985
53017
53020
53021
53045
53048
53056
53063
53088
53089
53089
53093
53101
53101
53121
53123
53138
53155
53163
53189
53209
53245
53256
53291
53293
53301
53303
53313
53319
53325
53335
53337
53351
53357
53373
53386
53390
53393
53405
53411
53435
53441
53460
53461
53469
53474
53483
53486
53504
53510
53513
53539
53542
53547
53564
53572
53577
53590
53597
53603
53606
53608
53615
53627
53639
53640
53652
53672
53679
53684
53710
53747
53749
53753
53757
53770
53775
53779
53780
53781
53782
53808
53809
53823
53824
53836
53847
53849
53879
53888
53897
53903
53907
53917
53931
53953
53979
53983
54002
54003
54009
54012
54023
54024
54047
54047
54048
54060
54072
54080
54090
54096
54097
54100
54111
54112
54128
54136
54137
54138
54141
54142
54147
54153
54163
54178
54264
54295
54296
54297
54345
54352
54357
54380
54393
54400
54418
54449
54470
54489
54489
54491
54493
54495
54516
54538
54544
54546
54568
54589
54597
54602
54608
54621
54628
54629
54663
54665
54687
54691
54700
54712
54714
54746
54747
54753
54758
54763
54772
54789
54799
54807
54812
54824
54828
54879
54881
54893
54897
54910
54921
54949
54949
54966
54970
54985
54989
54994
54994
54996
55010
55013
55027
55029
55049
55052
55068
55070
55073
55077
55079
55081
55087
55104
55113
55124
55125
55135
55142
55173
55214
55244
55255
55270
55276
55294
55359
55382
55384
55386
55397
55403
55410
55413
55427
55432
55436
55437
55440
55458
55464
55465
55469
55474
55476
55536
55542
55543
55563
55578
55606
55612
55616
55632
55654
55658
55671
55687
55692
55701
55707
55714
55716
55724
55727
55737
55740
55744
55754
55775
55784
55802
55809
55821
55831
55840
55852
55852
55854
55857
55860
55865
55875
55889
55890
55904
55907
55928
55936
55944
55951
55960
55973
55988
55990
55997
56000
56004
56029
56036
56045
56052
56055
56058
56060
56066
56067
56072
56111
56114
56133
56149
56163
56168
56174
56176
56178
56185
56199
56212
56232
56285
56295
56304
56308
56309
56324
56345
56350
56378
56378
56379
56420
56444
56446
56448
56450
56469
56485
56490
56503
56504
56519
56525
56529
56530
56531
56533
56538
56542
56546
56549
56549
56581
56592
56595
56596
56608
56608
56611
56611
56613
56639
56646
56659
56665
56680
56701
56721
56730
56736
56741
56752
56753
56759
56772
56779
56799
56810
56812
56815
56818
56837
56845
56847
56856
56875
56894
56903
56923
56940
56940
56961
56973
57004
57008
57013
57015
57021
57023
57033
57042
57044
57047
57048
57061
57075
57085
57121
57122
57134
57141
57143
57154
57160
57164
57167
57176
57182
57188
57209
57213
57236
57245
57253
57263
57294
57296
57309
57358
57361
57371
57389
57393
57410
57417
57425
57436
57440
57467
57470
57471
57479
57481
57483
57483
57487
57507
57520
57528
57569
57570
57570
57574
57593
57594
57610
57611
57613
57621
57632
57641
57647
57648
57653
57666
57687
57696
57699
57705
57721
57729
57737
57750
57752
57770
57791
57791
57804
57804
57819
57826
57836
57837
57868
57876
57885
57902
57906
57923
57936
57943
57959
57964
57983
57991
57998
58003
58004
58008
58008
58014
58015
58023
58029
58038
58039
58046
58051
58064
58088
58090
58116
58143
58152
58161
58182
58204
58210
58234
58235
58283
58293
58298
58317
58324
58342
58345
58358
58361
58380
58414
58428
58432
58438
58442
58456
58457
58478
58488
58520
58523
58525
58529
58529
58537
58556
58558
58586
58612
58614
58614
58615
58640
58670
58673
58680
58691
58722
58735
58750
58763
58771
58778
58790
58822
58838
58843
58858
58858
58870
58873
58878
58889
58899
58905
58905
58907
58925
58933
58947
58954
58975
58976
58983
58983
59020
59028
59029
59058
59062
59085
59118
59132
59161
59173
59175
59175
59185
59188
59190
59193
59215
59229
59241
59257
59277
59288
59311
59316
59319
59324
59325
59337
59346
59348
59350
59381
59385
59388
59405
59409
59414
59428
59431
59433
59436
59448
59453
59463
59520
59521
59525
59532
59546
59552
59556
59576
59588
59596
59605
59616
59623
59624
59627
59634
59638
59656
59686
59687
59688
59693
59698
59699
59701
59714
59726
59747
59749
59754
59778
59817
59819
59822
59835
59861
59868
59870
59873
59880
59888
59898
59907
59950
59960
59960
59969
59985
59988
59998
59998
59998
60004
60005
60024
60041
60057
60058
60063
60081
60082
60086
60095
60105
60109
60116
60132
60146
60158
60182
60226
60227
60228
60230
60233
60234
60235
60240
60248
60265
60300
60306
60310
60317
60328
60341
60342
60347
60358
60371
60373
60376
60406
60450
60453
60459
60460
60461
60476
60492
60521
60529
60538
60544
60545
60572
60573
60582
60587
60588
60589
60620
60625
60627
60641
60644
60645
60653
60660
60663
60678
60681
60699
60701
60706
60709
60715
60726
60734
60744
60745
60751
60769
60786
60792
60810
60832
60848
60850
60869
60876
60881
60882
60882
60919
60921
60929
60944
60944
60945
60959
60970
60990
60998
61023
61024
61038
61053
61070
61074
61082
61086
61102
61116
61125
61127
61129
61144
61147
61152
61161
61178
61181
61189
61199
61209
61216
61217
61223
61245
61252
61254
61254
61256
61268
61273
61283
61284
61284
61291
61313
61314
61323
61324
61330
61333
61357
61376
61381
61394
61403
61410
61422
61428
61442
61443
61448
61455
61460
61474
61479
61490
61491
61530
61534
61539
61544
61557
61566
61572
61579
61587
61604
61609
61610
61612
61614
61621
61646
61657
61665
61676
61681
61686
61687
61696
61702
61714
61743
61744
61788
61789
61792
61803
61804
61806
61823
61824
61835
61845
61846
61850
61880
61881
61887
61889
61899
61917
61942
61944
61944
61966
61978
61980
61983
61984
61986
61987
61987
62022
62033
62036
62038
62039
62055
62060
62062
62067
62074
62078
62092
62092
62101
62109
62116
62122
62136
62155
62162
62173
62174
62177
62187
62208
62212
62234
62236
62250
62254
62260
62263
62264
62280
62283
62286
62290
62294
62301
62307
62318
62325
62339
62342
62352
62368
62378
62396
62434
62438
62449
62485
62489
62511
62530
62541
62541
62553
62567
62571
62575
62593
62600
62601
62628
62629
62630
62640
62662
62670
62674
62676
62683
62687
62697
62744
62751
62751
62766
62774
62781
62784
62800
62811
62819
62835
62841
62851
62874
62879
62885
62898
62907
62915
62950
62952
62954
62956
62963
62984
62997
63020
63024
63026
63029
63032
63057
63060
63061
63074
63076
63092
63101
63111
63116
63133
63138
63139
63146
63149
63155
63166
63175
63183
63188
63200
63237
63242
63246
63250
63253
63256
63256
63265
63266
63267
63272
63294
63303
63306
63307
63312
63334
63350
63353
63360
63365
63367
63387
63392
63395
63397
63403
63420
63421
63425
63431
63441
63467
63470
63486
63492
63515
63517
63527
63528
63528
63534
63536
63537
63541
63547
63552
63552
63571
63575
63578
63600
63608
63614
63632
63640
63651
63654
63657
63671
63702
63721
63728
63730
63734
63735
63736
63741
63752
63753
63765
63779
63786
63800
63804
63811
63824
63835
63835
63849
63851
63854
63855
63861
63865
63883
63888
63895
63913
63919
63920
63925
63933
63933
63941
63948
63952
63961
63965
64030
64052
64075
64079
64088
64098
64123
64155
64157
64158
64158
64182
64187
64195
64211
64213
64220
64245
64275
64287
64318
64321
64330
64354
64374
64399
64421
64423
64425
64426
64436
64441
64446
64461
64465
64466
64472
64479
64500
64510
64512
64537
64547
64557
64559
64603
64607
64607
64611
64611
64612
64617
64624
64624
64629
64630
64639
64650
64658
64663
64663
64685
64686
64693
64715
64737
64790
64791
64811
64821
64821
64822
64833
64842
64862
64869
64884
64895
64907
64925
64933
64940
64948
64952
64952
64954
64960
64965
64972
64974
64986
65007
65017
65019
65022
65031
65037
65042
65046
65063
65086
65096
65105
65114
65120
65125
65132
65146
65147
65165
65165
65203
65205
65205
65209
65265
65276
65301
65312
65316
65362
65371
65386
65404
65415
65428
65429
65432
65443
65451
65454
65458
65459
65459
65463
65478
65490
65501
65502
65523
65523
65560
65569
65589
65603
65604
65608
65609
65617
65620
65620
65622
65628
65647
65669
65674
65681
65687
65699
65733
65739
65751
65753
65786
65793
65806
65814
65817
65823
65827
65829
65851
65853
65866
65872
65893
65901
65929
65939
65953
65961
65963
65965
65969
65975
65976
66000
66030
66055
66069
66078
66095
66099
66102
66116
66152
66170
66181
66182
66190
66198
66213
66235
66249
66250
66255
66256
66257
66267
66285
66298
66299
66334
66338
66369
66377
66387
66399
66402
66405
66408
66421
66428
66431
66431
66438
66440
66450
66453
66481
66519
66530
66538
66539
66541
66546
66567
66572
66583
66592
66615
66627
66635
66642
66645
66651
66654
66656
66673
66687
66693
66698
66700
66711
66737
66741
66748
66764
66768
66813
66833
66882
66886
66894
66895
66911
66920
66924
66935
66937
66941
66951
66965
66970
66995
67002
67020
67029
67041
67053
67055
67056
67079
67089
67106
67107
67149
67163
67170
67174
67176
67179
67188
67193
67198
67211
67220
67251
67268
67300
67304
67308
67309
67319
67323
67326
67333
67342
67343
67349
67359
67364
67365
67368
67377
67409
67421
67435
67437
67447
67469
67479
67496
67498
67521
67527
67528
67537
67544
67552
67566
67587
67593
67594
67595
67603
67606
67633
67636
67642
67643
67660
67661
67662
67662
67663
67665
67668
67700
67707
67713
67717
67720
67720
67756
67756
67762
67762
67766
67770
67770
67779
67781
67784
67785
67788
67802
67806
67807
67807
67812
67834
67866
67869
67876
67877
67880
67883
67895
67907
67935
67950
67954
67966
67967
67968
67972
67975
67986
67987
67987
67993
68003
68021
68026
68030
68037
68039
68046
68078
68093
68110
68131
68139
68155
68157
68157
68171
68177
68182
68194
68212
68249
68269
68273
68293
68313
68314
68317
68323
68327
68332
68333
68336
68340
68359
68376
68386
68414
68419
68421
68422
68423
68443
68450
68472
68476
68490
68508
68509
68513
68522
68524
68541
68544
68555
68561
68580
68604
68607
68609
68631
68633
68642
68651
68682
68682
68684
68692
68718
68720
68738
68745
68760
68770
68788
68791
68801
68810
68813
68834
68862
68867
68868
68870
68883
68906
68915
68917
68922
68934
68936
68941
68944
68951
68955
68960
68969
68980
68993
69006
69008
69010
69015
69019
69029
69032
69043
69043
69043
69045
69047
69048
69064
69069
69070
69084
69112
69128
69129
69144
69156
69158
69161
69187
69199
69205
69214
69226
69241
69252
69264
69267
69276
69281
69289
69297
69299
69315
69318
69318
69327
69359
69365
69368
69402
69407
69430
69467
69493
69503
69505
69505
69516
69520
69530
69539
69540
69541
69554
69562
69568
69570
69576
69580
69593
69623
69626
69629
69639
69664
69673
69689
69690
69699
69706
69719
69721
69725
69729
69730
69735
69746
69753
69755
69758
69777
69803
69827
69829
69843
69849
69872
69881
69895
69897
69919
69919
69931
69937
69941
69948
69953
69958
69959
69966
69976
70003
70035
70039
70042
70057
70079
70080
70085
70096
70102
70109
70137
70145
70146
70158
70160
70177
70184
70187
70218
70236
70238
70241
70241
70250
70261
70263
70268
70277
70288
70289
70293
70297
70304
70319
70323
70327
70334
70336
70342
70345
70346
70348
70348
70374
70393
70393
70413
70419
70419
70423
70456
70476
70492
70495
70497
70502
70525
70525
70527
70531
70532
70534
70536
70537
70546
70550
70579
70604
70613
70616
70620
70631
70651
70660
70675
70679
70680
70684
70703
70705
70710
70731
70748
70749
70757
70774
70780
70783
70786
70794
70801
70805
70806
70828
70839
70844
70870
70885
70889
70910
70915
70925
70959
70960
70962
70967
70981
70994
71001
71013
71023
71028
71041
71083
71086
71091
71097
71107
71128
71145
71153
71155
71156
71179
71185
71223
71241
71244
71259
71263
71276
71282
71284
71297
71310
71335
71360
71379
71388
71391
71393
71397
71398
71403
71411
71411
71414
71431
71437
71439
71452
71457
71464
71467
71477
71493
71507
71515
71525
71540
71552
71568
71573
71575
71588
71596
71609
71611
71612
71616
71616
71641
71669
71670
71695
71700
71702
71716
71736
71754
71764
71778
71788
71790
71804
71810
71842
71873
71897
71898
71906
71908
71909
71917
71929
71940
71941
71951
71989
72007
72013
72014
72021
72023
72028
72031
72041
72046
72049
72054
72066
72106
72106
72129
72131
72146
72148
72156
72156
72179
72180
72182
72186
72193
72193
72219
72227
72231
72232
72241
72274
72289
72313
72318
72356
72366
72375
72383
72413
72415
72421
72440
72446
72461
72472
72506
72510
72536
72569
72581
72584
72642
72647
72694
72698
72704
72705
72722
72741
72762
72767
72775
72777
72788
72806
72806
72844
72858
72862
72873
72900
72912
72913
72917
72941
72950
72959
72979
72996
73002
73010
73018
73033
73068
73074
73094
73095
73096
73100
73111
73114
73119
73121
73121
73124
73131
73144
73152
73153
73158
73160
73167
73178
73184
73192
73213
73217
73218
73220
73230
73246
73247
73253
73298
73310
73341
73342
73345
73355
73357
73368
73374
73388
73393
73398
73411
73412
73413
73415
73440
73458
73472
73539
73541
73566
73567
73571
73578
73592
73595
73607
73614
73615
73646
73652
73659
73670
73678
73685
73694
73700
73702
73716
73728
73740
73744
73749
73758
73760
73766
73827
73872
73883
73890
73901
73919
73926
73944
73953
73955
73963
73967
73982
73988
73996
73996
74005
74033
74052
74074
74093
74094
74113
74118
74131
74131
74147
74148
74149
74158
74160
74163
74171
74175
74175
74199
74214
74230
74248
74253
74275
74285
74287
74288
74290
74297
74326
74338
74339
74346
74346
74355
74361
74362
74367
74379
74393
74400
74430
74444
74448
74448
74449
74451
74464
74472
74474
74476
74479
74481
74482
74496
74502
74504
74505
74521
74522
74528
74529
74549
74555
74555
74561
74579
74587
74618
74628
74639
74662
74664
74675
74676
74687
74690
74692
74697
74699
74716
74735
74737
74740
74741
74746
74749
74767
74773
74778
74782
74795
74820
74828
74835
74839
74854
74883
74892
74912
74947
74954
74958
74961
74963
74970
74996
75002
75021
75046
75055
75088
75090
75103
75107
75107
75121
75141
75162
75164
75169
75181
75183
75231
75255
75285
75294
75304
75320
75321
75328
75379
75384
75385
75391
75399
75414
75415
75416
75417
75418
75422
75426
75434
75451
75480
75487
75494
75498
75508
75511
75512
75514
75518
75522
75535
75539
75544
75555
75561
75572
75583
75592
75592
75618
75632
75633
75662
75671
75683
75686
75687
75705
75707
75709
75722
75734
75759
75788
75807
75823
75848
75850
75872
75901
75922
75939
75949
75955
75955
75963
75965
75970
75995
76016
76020
76031
76032
76039
76048
76049
76071
76079
76088
76094
76101
76103
76104
76139
76140
76144
76160
76161
76176
76177
76211
76215
76241
76243
76252
76256
76261
76271
76281
76283
76296
76312
76343
76357
76361
76372
76386
76390
76400
76400
76400
76413
76428
76431
76433
76448
76462
76464
76540
76554
76587
76592
76598
76615
76633
76644
76658
76663
76670
76674
76694
76716
76736
76737
76755
76757
76758
76775
76781
76783
76803
76837
76841
76844
76860
76862
76875
76879
76892
76919
76945
76955
76960
76966
76981
76983
76987
76989
77009
77012
77014
77035
77038
77039
77039
77068
77075
77094
77095
77101
77122
77138
77143
77144
77145
77154
77167
77168
77171
77177
77178
77186
77188
77192
77213
77218
77233
77243
77248
77252
77259
77262
77276
77276
77279
77291
77298
77300
77344
77348
77354
77356
77360
77370
77389
77390
77399
77402
77403
77452
77456
77496
77521
77524
77537
77544
77569
77586
77598
77606
77608
77617
77618
77621
77622
77631
77634
77646
77647
77674
77682
77684
77690
77692
77696
77702
77703
77710
77730
77731
77747
77751
77751
77759
77766
77773
77804
77807
77856
77858
77864
77873
77874
77887
77894
77935
77936
77945
77950
77956
77962
78001
78006
78012
78019
78034
78041
78041
78044
78045
78049
78055
78070
78072
78072
78076
78103
78127
78145
78154
78184
78200
78201
78202
78208
78215
78215
78230
78232
78247
78254
78266
78296
78299
78302
78314
78326
78327
78329
78334
78348
78371
78372
78375
78399
78401
78404
78434
78436
78437
78444
78481
78484
78492
78517
78532
78566
78569
78583
78584
78591
78605
78609
78610
78630
78636
78646
78659
78659
78660
78668
78671
78672
78683
78684
78706
78708
78714
78715
78717
78718
78741
78747
78751
78756
78758
78801
78805
78813
78834
78841
78856
78857
78898
78915
78919
78940
78946
78978
79005
79013
79023
79038
79057
79068
79069
79070
79076
79104
79113
79119
79132
79135
79152
79153
79156
79179
79227
79242
79262
79280
79287
79289
79294
79294
79305
79344
79353
79368
79369
79408
79431
79459
79467
79482
79499
79502
79547
79559
79572
79581
79582
79604
79611
79643
79655
79660
79665
79668
79684
79688
79693
79699
79710
79714
79720
79725
79732
79742
79755
79763
79808
79812
79822
79840
79840
79840
79843
79861
79876
79886
79891
79899
79899
79908
79926
79948
79950
79978
80000
80007
80009
80011
80011
80012
80034
80035
80043
80064
80073
80074
80081
80102
80107
80111
80115
80124
80126
80129
80141
80163
80166
80180
80190
80203
80214
80218
80219
80226
80240
80241
80247
80247
80262
80262
80264
80267
80267
80268
80273
80283
80313
80316
80322
80326
80327
80341
80342
80356
80359
80359
80369
80389
80406
80415
80456
80462
80462
80475
80477
80500
80513
80516
80520
80535
80547
80565
80566
80590
80601
80603
80608
80619
80623
80632
80697
80699
80713
80715
80718
80726
80736
80745
80753
80777
80777
80780
80780
80789
80810
80810
80811
80811
80823
80834
80839
80843
80844
80850
80859
80871
80896
80898
80902
80923
80928
80946
80948
80970
80978
80982
80990
80997
80999
81014
81039
81039
81043
81048
81062
81069
81072
81095
81095
81116
81121
81124
81130
81140
81145
81157
81193
81197
81208
81229
81231
81249
81254
81261
81262
81296
81302
81333
81339
81345
81360
81361
81367
81404
81416
81420
81446
81447
81481
81502
81512
81527
81533
81533
81562
81569
81569
81570
81576
81577
81586
81587
81594
81624
81645
81647
81665
81665
81668
81670
81674
81681
81683
81712
81714
81716
81725
81732
81734
81760
81768
81781
81803
81813
81814
81817
81847
81865
81880
81884
81913
81917
81925
81939
81945
81955
81958
81959
81973
81973
81982
81987
81989
81995
82002
82028
82035
82036
82040
82041
82067
82087
82090
82090
82099
82121
82138
82149
82166
82170
82182
82195
82197
82201
82207
82211
82219
82234
82234
82243
82252
82265
82291
82315
82339
82344
82349
82354
82380
82382
82384
82391
82394
82418
82421
82433
82446
82450
82451
82459
82474
82489
82495
82495
82498
82508
82508
82518
82524
82535
82537
82538
82545
82551
82567
82578
82578
82584
82589
82593
82618
82638
82642
82654
82656
82683
82690
82690
82698
82717
82721
82723
82746
82758
82760
82773
82809
82821
82825
82829
82837
82837
82846
82847
82850
82883
82890
82927
82948
83001
83011
83019
83020
83020
83021
83036
83045
83048
83050
83077
83093
83095
83106
83126
83127
83130
83138
83142
83169
83174
83183
83197
83206
83206
83207
83218
83223
83266
83289
83316
83323
83328
83331
83337
83346
83348
83364
83370
83399
83421
83422
83440
83441
83465
83465
83469
83469
83471
83474
83485
83493
83497
83499
83512
83525
83531
83558
83562
83562
83568
83570
83571
83577
83579
83595
83597
83640
83640
83678
83683
83683
83688
83688
83700
83710
83718
83718
83718
83733
83738
83747
83780
83783
83793
83804
83809
83824
83833
83841
83853
83863
83867
83870
83871
83878
83884
83887
83887
83903
83919
83923
83939
83953
83972
83980
83994
84007
84019
84022
84032
84037
84044
84052
84074
84132
84158
84188
84198
84209
84218
84222
84222
84227
84239
84244
84270
84271
84277
84277
84278
84291
84297
84304
84306
84311
84312
84321
84326
84337
84342
84363
84375
84392
84394
84394
84395
84421
84424
84437
84459
84464
84473
84484
84499
84508
84512
84521
84531
84534
84540
84544
84544
84551
84552
84567
84567
84588
84598
84607
84616
84622
84623
84635
84636
84639
84646
84646
84649
84651
84657
84669
84679
84690
84692
84698
84769
84769
84817
84849
84878
84879
84891
84898
84908
84914
84915
84917
84918
84924
84938
84939
84949
84952
84956
84963
84972
84972
85023
85034
85098
85104
85105
85112
85114
85117
85121
85142
85156
85160
85169
85169
85174
85181
85182
85192
85198
85201
85221
85231
85235
85238
85251
85257
85258
85275
85275
85278
85281
85296
85305
85338
85346
85397
85398
85414
85419
85419
85440
85443
85449
85456
85460
85477
85494
85505
85551
85574
85578
85581
85589
85594
85605
85614
85632
85650
85653
85656
85660
85663
85676
85688
85688
85703
85704
85704
85716
85721
85728
85742
85744
85747
85751
85756
85757
85767
85772
85773
85775
85785
85794
85799
85802
85805
85817
85818
85833
85837
85838
85842
85851
85858
85884
85889
85891
85902
85905
85916
85922
85942
85962
85984
86023
86054
86063
86075
86075
86076
86088
86101
86102
86111
86124
86129
86149
86179
86198
86215
86221
86261
86269
86270
86273
86284
86288
86291
86297
86300
86305
86307
86313
86320
86331
86337
86337
86357
86406
86411
86415
86440
86457
86467
86472
86476
86489
86493
86496
86500
86524
86526
86530
86535
86544
86544
86567
86598
86617
86641
86654
86656
86679
86711
86723
86733
86739
86758
86803
86804
86814
86817
86828
86856
86868
86883
86885
86886
86900
86905
86918
86923
86927
86957
86963
86964
86979
86980
87009
87018
87035
87039
87039
87040
87047
87048
87051
87070
87105
87107
87115
87116
87123
87218
87230
87240
87264
87284
87296
87299
87311
87315
87318
87321
87324
87324
87326
87339
87351
87356
87365
87368
87388
87395
87403
87406
87407
87411
87442
87448
87450
87456
87463
87468
87470
87492
87502
87503
87513
87516
87525
87530
87540
87542
87599
87610
87611
87616
87626
87639
87642
87651
87653
87658
87659
87664
87671
87685
87698
87721
87729
87761
87769
87773
87777
87784
87798
87818
87818
87820
87836
87852
87860
87862
87879
87885
87886
87886
87903
87933
87934
87946
87952
87953
87957
87985
87995
87998
88000
88030
88035
88047
88051
88059
88061
88068
88075
88078
88079
88107
88113
88121
88123
88129
88139
88148
88168
88176
88176
88181
88191
88208
88212
88213
88215
88218
88219
88235
88238
88280
88282
88310
88311
88319
88325
88332
88334
88336
88340
88340
88342
88355
88370
88373
88374
88384
88391
88434
88438
88447
88470
88476
88488
88498
88503
88515
88516
88527
88531
88531
88539
88540
88547
88554
88586
88589
88597
88603
88604
88623
88629
88654
88668
88692
88694
88707
88724
88730
88735
88735
88773
88777
88778
88796
88803
88814
88816
88817
88849
88879
88882
88904
88924
88925
88939
88943
88962
88975
88982
88997
89000
89016
89044
89049
89049
89050
89070
89077
89080
89080
89094
89099
89100
89114
89115
89116
89164
89202
89203
89209
89229
89232
89232
89250
89260
89267
89293
89295
89309
89316
89342
89348
89361
89386
89395
89399
89418
89419
89423
89429
89450
89479
89497
89497
89499
89520
89522
89525
89559
89577
89578
89589
89593
89621
89629
89630
89637
89640
89650
89657
89667
89674
89684
89691
89692
89696
89716
89723
89731
89744
89750
89768
89775
89776
89777
89780
89780
89786
89787
89787
89806
89813
89828
89836
89839
89844
89853
89860
89875
89884
89885
77015
38002
96233
30533
82414
86857
59773
8784
99034
77413
65463
26912
92230
56259
42198
24232
22165
48265
2558
92966
71565
65218
35941
52629
17105
93649
14595
59062
15846
90428
20621
92861
44782
16854
39747
43548
20063
99520
52332
19097
93285
17795
62362
1868
90407
4560
26100
12572
69177
28658
21891
40742
93876
74184
9724
27334
67833
24319
86396
31
31099
23369
92893
75882
56575
48992
19430
76638
64864
88115
95736
58149
5910
74450
60017
12669
79010
86117
41594
64540
31128
79837
21634
25004
70373
31358
68690
38206
55677
71439
38238
3129
94808
47483
79011
51384
96475
14793
44374
61339
2908
56462
35840
25171
30912
95858
54192
26275
81975
12138
90815
13103
8327
12449
54460
78700
43808
23150
33259
15837
94589
87849
18966
5750
51684
14329
57134
64511
45475
1508
42202
64735
74323
78042
6258
5235
73900
76803
31510
72228
88941
38677
1683
13621
51127
72495
8673
11287
95646
41932
43476
6587
46133
62443
12337
97817
93124
85823
62328
38599
3684
4530
19687
78007
98925
25945
99594
72825
2748
31105
61405
8042
86134
63089
38015
37261
35584
46688
64900
47582
88621
8377
70522
51106
70820
99211
48924
80296
1387
27604
35248
5071
48487
54935
99430
47412
80880
15376
36589
99981
62833
14347
24375
48968
93788
62390
86229
29372
9078
51130
93307
14051
75859
80181
65158
63031
79392
30434
43327
80779
74390
78575
2202
22877
33510
1632
86641
30743
33361
39583
30724
96194
70282
71451
45162
64070
33841
31392
9794
42919
98874
3101
73323
91085
83282
38481
54116
79027
85267
97443
59806
59657
76019
62009
98887
9529
79993
1880
56624
13354
57815
3700
9549
28097
75151
54711
92167
8992
2455
1962
68264
17681
21415
41587
8766
21050
96420
62882
77
81687
76678
76235
57696
52697
54596
56583
78578
34590
74816
51555
64296
32631
55255
90197
60729
30407
61261
69248
55751
80068
71210
40367
97750
8978
98306
22868
30028
94726
2103
46457
92765
78781
22692
66814
47830
77289
39749
42760
28231
14565
94315
92527
47197
49571
99077
24278
96330
60338
93526
68433
40406
64737
8801
54508
90067
23459
77377
20095
34538
95832
82904
27303
90965
5596
10469
38795
99237
50219
97907
27468
64784
92223
36348
28333
58146
51777
52611
54476
12115
46138
22909
52521
27227
48062
23382
17294
71522
17111
53741
6060
12943
36645
49715
20260
58593
60185
75407
74183
26756
73314
1651
91540
65537
54351
36226
23683
6128
88837
94511
34595
51327
33773
3469
94906
98187
26851
28552
69709
43962
98645
92121
73257
51642
58189
93517
10236
34726
68924
771
61482
58590
18774
69374
24128
73126
5600
64163
95606
10790
75027
30202
78469
8800
33671
73376
6987
76874
18280
93049
20836
16926
1522
10445
68568
59711
3962
95156
10789
89238
95927
88623
47828
14702
57998
88308
4180
79950
68824
16138
7092
43851
46340
85562
69003
96363
75290
75990
89589
93570
85391
10425
26848
86914
37222
11769
62977
41184
23277
73767
46774
35557
78742
94603
66611
53092
99263
70791
33043
68087
3281
56487
11938
49622
58401
97293
62337
33691
73284
51927
43614
75027
78704
86814
61941
15927
98583
41271
73463
38213
31390
20238
73770
10132
31193
40381
63225
30456
27524
12620
14896
30805
69107
43186
96779
27509
40480
75469
77552
30116
27396
37518
5143
22452
24333
83437
54731
39268
24708
28195
77481
56098
64785
67603
82582
95978
7984
45807
42786
51860
58427
57682
82666
43887
869
95797
87748
41349
71266
65300
71465
15014
2819
92960
53819
43504
76397
8550
99124
1105
53097
76606
73555
17882
44209
56138
30212
68546
18297
72999
20406
93077
47033
19424
36964
64254
31574
24712
5603
2840
6364
93420
34207
25535
86381
88026
85391
79130
96576
84516
96588
49674
61122
70143
83908
21683
42633
14121
6581
77283
3472
43340
70360
66857
79116
7324
31112
10690
48388
53067
13531
71104
46488
47738
96640
49221
52116
82031
44703
48692
66547
41291
14718
44021
27787
98627
82057
86772
29100
88638
64055
48924
31978
34415
15781
11095
58091
46893
38137
22831
99961
51668
93936
62801
15758
6928
28374
67874
5311
73077
32919
88211
30721
63989
32232
58508
62616
30641
61632
8068
19280
25688
73344
67610
76455
89126
95057
34547
52371
33195
73730
68684
1215
67666
47837
33326
90946
92563
1200
96258
65641
50471
84469
12714
14461
33053
71222
93429
63695
32854
1498
99327
74894
91194
83289
51350
80320
94699
2249
49044
27894
75979
34080
45461
59998
81918
78787
50944
74481
96340
47202
56474
46811
48023
69188
61272
81077
56762
71054
61124
5969
88904
76803
80863
80098
60092
48565
76771
54791
50814
25815
99037
43146
59895
44499
3144
58165
23286
54088
48999
19626
17643
5473
66438
65666
91014
44062
63095
47776
15116
24219
53745
4020
1022
50961
471
77467
99526
77242
32258
66693
3057
47648
9839
79304
92147
12983
53822
15433
83423
2821
51412
1066
24646
34202
83085
15660
78264
46180
79789
9733
70400
33534
30105
87774
847
30576
81593
16726
7818
13852
83419
27227
77852
9610
22884
69999
38945
93058
1784
22368
95879
53196
39787
36877
87398
22872
52538
82015
85404
32327
91748
72156
82213
38205
59931
83061
68782
41524
16139
92952
71728
99558
20180
49580
25520
59416
35931
64465
52474
37716
86833
64705
90912
42972
1582
78311
82196
70472
76678
67601
19151
68426
39757
1365
6631
99688
778
91765
57565
16917
84718
45645
32827
21250
11578
58347
80666
47509
22812
49492
85225
25997
14197
92490
85322
32131
87153
67518
2604
63831
35119
21755
48609
74877
39472
71592
90917
56602
63358
64834
89871
48076
10480
22698
85678
38410
97397
66344
2271
36561
15836
3849
78911
46385
96339
64233
78516
99844
31751
81120
63675
83223
19228
28636
74452
58700
228
65369
31655
63586
30204
21526
28014
57036
60577
13692
11798
57974
96388
14069
10888
28576
17918
89799
74961
30609
70384
69830
30453
18487
67302
94128
1710
86530
22764
76162
61583
39345
57884
93238
2931
4440
31116
47298
61476
91693
77342
73274
66020
90083
3695
76908
18659
21614
83059
9973
52223
53443
79803
82677
71930
63457
93157
89993
49988
32274
82507
11571
71619
40391
21161
90902
44831
52277
38200
22659
60323
31895
12285
26343
21978
15981
3251
40637
53947
2662
66962
6170
56105
63117
5199
44387
26575
14709
34380
92915
46983
16888
20838
34954
