0
4
12
16
23
39
55
61
62
64
65
68
71
77
81
88
99
116
126
126
126
126
128
169
171
175
183
231
234
249
264
266
271
278
282
302
308
314
318
319
326
333
339
349
357
377
398
399
425
430
484
494
507
510
527
529
546
546
548
551
563
565
568
570
589
590
593
616
630
632
647
659
666
674
676
705
709
709
719
738
748
749
751
766
790
791
795
804
816
820
824
825
875
888
893
895
897
898
914
921
929
938
963
965
969
978
990
999
1008
1026
1028
1030
1041
1044
1044
1056
1058
1070
1071
1090
1107
1139
1144
1148
1153
1161
1161
1176
1200
1201
1201
1202
1223
1228
1246
1256
1270
1274
1275
1284
1289
1304
1312
1333
1339
1342
1381
1402
1411
1423
1426
1439
1445
1454
1455
1461
1465
1481
1482
1485
1494
1497
1499
1508
1532
1547
1549
1550
1550
1556
1558
1578
1604
1615
1616
1637
1641
1648
1683
1685
1690
1699
1708
1712
1716
1723
1759
1777
1792
1802
1803
1807
1808
1815
1828
1837
1845
1875
1898
1922
1922
1932
1937
1945
1961
1968
1975
1983
1986
2038
2058
2060
2062
2083
2084
2093
2094
2100
2115
2121
2125
2126
2132
2139
2139
2147
2158
2160
2165
2184
2188
2200
2207
2211
2217
2219
2228
2234
2249
2258
2262
2269
2272
2275
2290
2298
2310
2312
2355
2394
2402
2444
2452
2458
2462
2463
2481
2483
2488
2496
2498
2547
2548
2560
2560
2577
2578
2602
2602
2627
2628
2646
2646
2680
2681
2687
2699
2702
2703
2722
2738
2824
2843
2848
2851
2858
2863
2880
2887
2914
2976
2976
2991
2993
2995
3000
3018
3027
3041
3051
3055
3065
3070
3084
3085
3095
3099
3107
3111
3116
3138
3159
3161
3218
3221
3231
3231
3232
3238
3239
3300
3308
3314
3316
3324
3329
3344
3377
3379
3381
3387
3395
3401
3405
3406
3408
3415
3416
3417
3458
3491
3507
3509
3511
3518
3548
3548
3558
3559
3562
3562
3573
3578
3581
3586
3600
3603
3611
3624
3625
3644
3654
3664
3677
3681
3686
3686
3696
3705
3707
3713
3715
3720
3721
3738
3742
3750
3752
3756
3758
3772
3775
3783
3795
3804
3814
3833
3842
3858
3864
3869
3882
3884
3894
3902
3912
3914
3939
3939
3943
3944
3970
3973
3977
3979
3982
3992
3995
4006
4009
4026
4039
4056
4067
4078
4091
4092
4116
4130
4132
4139
4146
4163
4165
4173
4213
4214
4243
4261
4262
4264
4302
4306
4323
4324
4327
4328
4329
4332
4338
4355
4366
4386
4389
4389
4411
4413
4414
4420
4429
4437
4446
4469
4480
4486
4514
4517
4519
4523
4571
4614
4614
4639
4678
4684
4686
4692
4709
4723
4733
4746
4760
4763
4780
4814
4815
4822
4828
4837
4844
4853
4856
4886
4890
4906
4910
4912
4928
4936
4937
4940
4943
4953
4979
5011
5012
5028
5029
5030
5066
5069
5071
5079
5081
5083
5089
5093
5100
5115
5115
5126
5131
5136
5136
5140
5155
5171
5184
5197
5254
5256
5271
5283
5285
5297
5303
5320
5330
5330
5338
5350
5355
5359
5372
5383
5394
5462
5463
5481
5499
5501
5516
5533
5539
5544
5547
5573
5582
5597
5613
5613
5625
5632
5632
5654
5662
5675
5678
5678
5679
5684
5684
5695
5708
5716
5720
5733
5747
5748
5757
5757
5777
5791
5818
5822
5824
5828
5839
5841
5847
5849
5850
5896
5898
5900
5939
5965
5966
5982
5983
5996
6013
6014
6021
6034
6049
6053
6059
6066
6079
6095
6098
6116
6117
6121
6137
6139
6144
6151
6168
6203
6205
6219
6251
6255
6258
6259
6262
6279
6281
6283
6290
6296
6319
6361
6363
6375
6400
6400
6407
6427
6442
6449
6473
6476
6482
6491
6509
6522
6530
6544
6550
6554
6564
6572
6572
6575
6578
6597
6600
6606
6608
6609
6615
6615
6616
6620
6636
6648
6653
6656
6663
6675
6678
6711
6714
6719
6720
6725
6730
6736
6744
6750
6756
6763
6764
6766
6768
6768
6774
6780
6815
6818
6833
6858
6858
6867
6871
6891
6897
6907
6907
6908
6921
6954
6964
6981
6996
7012
7019
7026
7038
7050
7055
7068
7070
7075
7077
7080
7084
7102
7103
7109
7133
7159
7162
7164
7183
7208
7233
7257
7258
7262
7292
7303
7313
7324
7344
7351
7376
7378
7391
7402
7414
7439
7443
7448
7454
7460
7464
7475
7502
7507
7514
7533
7545
7554
7560
7565
7576
7578
7588
7590
7594
7597
7626
7659
7661
7674
7676
7680
7683
7687
7694
7723
7736
7739
7752
7765
7767
7782
7783
7788
7804
7813
7824
7834
7836
7842
7874
7892
7927
7929
7933
7939
7953
7959
7961
7964
7964
7968
7975
7984
8001
8008
8017
8020
8024
8024
8026
8038
8055
8060
8066
8078
8080
8084
8086
8100
8102
8107
8109
8110
8117
8121
8134
8140
8151
8156
8168
8183
8186
8202
8205
8231
8246
8252
8270
8271
8285
8298
8304
8316
8328
8354
8358
8363
8384
8386
8390
8396
8406
8420
8420
8430
8431
8440
8480
8483
8484
8489
8506
8508
8522
8528
8528
8536
8576
8579
8596
8619
8626
8631
8653
8670
8690
8718
8734
8736
8740
8752
8756
8765
8770
8779
8787
8789
8820
8823
8845
8866
8866
8897
8902
8927
8937
8965
8988
9000
9011
9014
9014
9020
9022
9038
9048
9079
9080
9086
9096
9097
9139
9154
9157
9195
9202
9202
9224
9253
9266
9274
9275
9283
9304
9305
9313
9329
9346
9367
9377
9378
9380
9391
9419
9437
9451
9453
9456
9477
9477
9493
9515
9522
9535
9547
9569
9574
9676
9676
9703
9706
9707
9709
9723
9732
9749
9757
9760
9761
9766
9778
9785
9786
9789
9791
9812
9824
9855
9857
9865
9871
9880
9896
9922
9943
9961
9994
9995
10037
10039
10040
10041
10052
10060
10073
10085
10087
10093
10100
10105
10126
10128
10129
10136
10136
10144
10144
10155
10158
10176
10210
10212
10215
10216
10243
10254
10256
10259
10273
10282
10312
10321
10323
10332
10332
10345
10350
10354
10359
10376
10378
10423
10426
10432
10444
10445
10455
10458
10504
10515
10521
10524
10566
10571
10581
10600
10610
10616
10617
10617
10618
10628
10630
10648
10653
10668
10672
10675
10720
10794
10810
10810
10813
10829
10831
10832
10833
10842
10861
10863
10891
10906
10907
10915
10918
10919
10928
10941
10946
10957
10957
10962
10967
10967
10974
10976
10982
10999
11002
11005
11019
11020
11022
11042
11042
11056
11063
11066
11067
11069
11069
11072
11072
11083
11086
11090
11093
11106
11147
11162
11165
11175
11180
11182
11216
11237
11242
11245
11267
11294
11299
11314
11323
11341
11353
11364
11374
11377
11392
11399
11401
11415
11426
11428
11436
11442
11442
11469
11470
11472
11475
11479
11482
11519
11522
11529
11542
11545
11554
11561
11563
11565
11584
11589
11591
11597
11621
11627
11631
11635
11641
11646
11649
11663
11665
11673
11692
11717
11729
11746
11746
11753
11759
11764
11767
11776
11781
11783
11793
11802
11804
11806
11812
11824
11825
11840
11845
11848
11859
11868
11875
11878
11881
11902
11903
11917
11919
11922
11927
11941
11944
11973
11975
11978
11980
11985
11992
12025
12029
12036
12037
12053
12062
12070
12124
12128
12130
12147
12167
12173
12185
12186
12192
12236
12243
12243
12244
12248
12250
12251
12262
12278
12293
12295
12301
12314
12321
12328
12359
12361
12381
12386
12387
12418
12423
12445
12453
12457
12459
12466
12470
12478
12488
12505
12505
12525
12529
12536
12542
12556
12566
12570
12571
12583
12593
12600
12609
12616
12633
12638
12639
12644
12647
12696
12709
12718
12759
12763
12765
12765
12777
12778
12781
12787
12796
12800
12827
12837
12839
12847
12856
12867
12872
12881
12886
12896
12902
12916
12920
12923
12925
12926
12942
12945
12949
12954
12957
12972
12980
13004
13012
13022
13034
13047
13061
13061
13070
13090
13090
13094
13104
13139
13139
13141
13145
13176
13183
13204
13220
13220
13229
13247
13282
13293
13314
13335
13336
13337
13337
13348
13365
13366
13369
13388
13415
13419
13425
13429
13456
13473
13491
13491
13496
13529
13533
13535
13572
13590
13590
13594
13595
13597
13600
13610
13620
13620
13620
13626
13629
13645
13649
13654
13667
13668
13669
13680
13680
13691
13710
13712
13718
13739
13771
13773
13776
13791
13793
13809
13841
13846
13862
13863
13865
13879
13897
13910
13918
13918
13920
13929
13936
13945
13948
13962
13967
13969
13995
14029
14036
14046
14048
14049
14050
14055
14056
14058
14058
14067
14072
14074
14078
14080
14081
14087
14097
14100
14103
14144
14154
14158
14159
14161
14173
14181
14183
14187
14198
14199
14214
14233
14234
14254
14259
14299
14309
14320
14325
14327
14370
14372
14385
14390
14400
14414
14417
14418
14422
14424
14426
14435
14437
14442
14454
14454
14460
14462
14469
14470
14473
14494
14532
14540
14541
14569
14579
14585
14602
14614
14620
14642
14666
14668
14679
14682
14688
14706
14717
14744
14745
14748
14749
14750
14750
14754
14759
14771
14774
14777
14786
14788
14789
14799
14819
14819
14820
14821
14827
14830
14835
14857
14875
14882
14887
14928
14944
14950
14963
14979
14980
14985
14986
15006
15017
15053
15060
15067
15070
15074
15077
15086
15091
15096
15104
15106
15176
15177
15186
15194
15198
15204
15206
15209
15222
15224
15227
15234
15274
15290
15310
15325
15327
15361
15371
15379
15397
15406
15406
15408
15411
15413
15429
15440
15449
15453
15455
15457
15472
15490
15499
15516
15580
15598
15601
15614
15651
15659
15663
15665
15683
15693
15695
15712
15712
15719
15722
15730
15741
15748
15784
15795
15799
15810
15824
15825
15838
15842
15849
15856
15857
15858
15867
15869
15870
15870
15870
15873
15890
15894
15927
15938
15958
15960
15961
15966
15968
15975
15992
16003
16039
16065
16068
16087
16088
16091
16098
16123
16128
16131
16147
16150
16164
16168
16174
16190
16192
16194
16204
16211
16237
16242
16249
16256
16275
16282
16284
16292
16301
16303
16317
16322
16324
16360
16377
16408
16421
16438
16458
16471
16476
16479
16497
16507
16538
16540
16543
16553
16570
16570
16572
16594
16609
16629
16644
16666
16666
16676
16676
16680
16686
16690
16693
16694
16699
16703
16704
16709
16724
16731
16731
16749
16752
16761
16771
16806
16814
16815
16817
16827
16845
16852
16884
16887
16910
16925
16927
16932
16946
16948
16949
16953
16970
16974
16995
17039
17044
17048
17077
17114
17121
17122
17136
17140
17144
17172
17180
17181
17182
17185
17215
17216
17253
17257
17264
17274
17276
17279
17292
17299
17299
17340
17354
17373
17379
17393
17397
17406
17417
17418
17420
17455
17459
17461
17468
17482
17487
17496
17498
17502
17505
17511
17533
17533
17533
17533
17546
17553
17554
17568
17572
17581
17593
17593
17613
17638
17646
17689
17715
17721
17721
17740
17742
17749
17750
17752
17753
17782
17787
17794
17795
17795
17816
17832
17833
17852
17858
17863
17866
17872
17875
17892
17896
17923
17924
17929
17932
17966
17984
17990
18005
18006
18007
18024
18035
18042
18048
18082
18084
18087
18102
18104
18127
18131
18163
18168
18169
18172
18182
18188
18189
18208
18235
18247
18250
18254
18271
18313
18313
18321
18337
18341
18347
18357
18371
18386
18387
18399
18399
18413
18428
18430
18435
18436
18450
18457
18483
18494
18517
18531
18548
18552
18558
18578
18608
18609
18610
18619
18621
18621
18621
18643
18649
18649
18649
18664
18667
18671
18693
18704
18712
18724
18733
18735
18740
18745
18763
18777
18781
18794
18801
18817
18834
18839
18839
18841
18844
18855
18867
18873
18880
18882
18882
18897
18909
18921
18945
18946
18947
18969
18970
18978
18978
19025
19031
19039
19041
19056
19078
19111
19114
19120
19176
19189
19191
19192
19202
19202
19204
19223
19223
19226
19229
19242
19276
19281
19283
19297
19298
19311
19323
19347
19349
19353
19370
19376
19378
19402
19419
19436
19448
19461
19473
19492
19494
19495
19511
19520
19530
19541
19545
19545
19567
19569
19575
19598
19603
19603
19612
19650
19656
19671
19672
19674
19680
19706
19719
19725
19725
19727
19729
19732
19736
19738
19740
19740
19743
19745
19747
19759
19770
19794
19854
19859
19889
19898
19904
19908
19909
19914
19915
19920
19931
19933
19941
19966
19971
19975
19979
19980
19995
19997
19999
20003
20009
20012
20014
20029
20033
20048
20052
20053
20059
20085
20093
20094
20097
20098
20102
20122
20126
20140
20148
20160
20160
20180
20192
20202
20206
20211
20217
20246
20247
20249
20252
20261
20269
20271
20274
20289
20294
20298
20302
20311
20315
20321
20334
20335
20335
20350
20359
20368
20375
20392
20395
20396
20405
20408
20409
20451
20455
20475
20485
20497
20509
20519
20526
20529
20543
20571
20581
20582
20587
20598
20600
20601
20642
20658
20664
20665
20688
20693
20693
20706
20714
20721
20757
20773
20809
20814
20822
20827
20837
20841
20863
20866
20877
20880
20895
20899
20904
20915
20917
20929
20941
20967
20980
20994
21011
21013
21015
21029
21048
21050
21056
21068
21071
21086
21094
21100
21121
21130
21147
21151
21153
21168
21173
21191
21192
21201
21203
21222
21226
21237
21241
21243
21260
21267
21282
21288
21296
21301
21317
21331
21335
21359
21371
21386
21407
21416
21419
21427
21428
21452
21463
21476
21477
21491
21500
21502
21515
21516
21524
21564
21573
21579
21590
21590
21591
21592
21599
21602
21608
21612
21622
21644
21689
21701
21701
21703
21706
21710
21715
21720
21722
21727
21753
21755
21757
21771
21775
21804
21809
21824
21835
21861
21865
21867
21878
21884
21888
21898
21907
21916
21924
21932
21943
21952
21956
21976
21981
21982
21985
22000
22004
22006
22007
22015
22048
22062
22070
22097
22113
22129
22151
22166
22169
22179
22188
22200
22208
22210
22226
22226
22240
22274
22285
22292
22305
22347
22352
22369
22371
22373
22385
22394
22399
22400
22404
22408
22441
22442
22463
22473
22476
22480
22500
22505
22511
22514
22544
22561
22590
22597
22598
22612
22614
22621
22629
22629
22654
22669
22674
22689
22692
22721
22725
22749
22757
22759
22775
22778
22784
22793
22794
22803
22815
22821
22824
22825
22831
22834
22851
22861
22864
22870
22895
22912
22922
22923
22939
22952
22964
22968
22968
22969
22999
23004
23006
23008
23013
23013
23022
23057
23065
23090
23091
23094
23116
23131
23135
23137
23154
23188
23188
23207
23213
23221
23228
23231
23241
23244
23262
23263
23275
23289
23290
23311
23370
23388
23393
23398
23401
23403
23426
23434
23458
23480
23481
23484
23495
23497
23518
23523
23525
23527
23536
23550
23562
23563
23570
23585
23590
23598
23616
23617
23624
23628
23648
23671
23686
23704
23707
23739
23744
23747
23749
23755
23772
23780
23781
23784
23793
23806
23816
23822
23840
23842
23855
23862
23867
23880
23880
23884
23894
23900
23905
23910
23911
23940
23941
23978
23979
23980
23985
23987
24008
24010
24014
24016
24037
24038
24041
24052
24055
24065
24101
24118
24122
24124
24127
24138
24154
24169
24172
24192
24194
24199
24203
24233
24243
24247
24252
24282
24288
24314
24316
24329
24342
24369
24380
24382
24390
24395
24416
24431
24432
24435
24440
24449
24452
24467
24481
24493
24500
24525
24528
24530
24533
24536
24555
24563
24569
24610
24611
24618
24630
24631
24634
24648
24654
24655
24662
24674
24678
24696
24709
24712
24722
24727
24742
24750
24778
24784
24785
24812
24816
24822
24825
24826
24827
24854
24866
24871
24874
24896
24928
24946
24954
24957
24978
24991
25001
25004
25008
25014
25016
25026
25026
25028
25030
25037
25049
25085
25091
25109
25109
25112
25134
25137
25153
25162
25174
25179
25189
25194
25206
25211
25220
25232
25237
25239
25242
25249
25253
25255
25267
25279
25279
25294
25301
25349
25351
25355
25356
25361
25365
25371
25374
25381
25396
25417
25432
25440
25455
25464
25469
25469
25472
25477
25479
25483
25490
25512
25513
25534
25560
25566
25571
25579
25587
25592
25595
25618
25641
25669
25682
25703
25708
25724
25725
25727
25728
25734
25736
25772
25777
25796
25804
25822
25838
25841
25850
25853
25893
25894
25905
25909
25911
25911
25912
25918
25921
25924
25929
25948
25960
25967
25976
25986
25992
26014
26031
26036
26067
26071
26073
26073
26079
26088
26094
26103
26109
26111
26118
26127
26133
26142
26156
26156
26161
26164
26168
26172
26174
26175
26181
26183
26188
26194
26197
26198
26208
26209
26230
26249
26293
26295
26300
26316
26327
26339
26344
26350
26362
26370
26371
26387
26388
26388
26389
26411
26416
26480
26487
26494
26496
26499
26523
26538
26542
26558
26599
26602
26623
26631
26639
26641
26654
26658
26672
26688
26715
26721
26727
26734
26755
26757
26772
26781
26784
26785
26813
26839
26839
26847
26855
26857
26860
26866
26870
26897
26911
26912
26917
26918
26933
26938
26941
26945
26975
26989
13932
25890
6303
17394
22599
15828
6825
24530
17927
26417
12959
29445
3479
939
13214
8072
3653
17253
19840
16504
26324
4745
10349
10240
25807
244
19852
24539
25470
21307
2967
9403
23549
9270
3149
22500
1450
9974
23382
19378
12743
6341
25175
16223
13632
14741
647
17286
1995
20487
10142
28319
1584
20491
8559
27392
27088
4763
28283
22558
2422
1250
8313
25971
16873
11462
24823
18323
21436
18205
14053
4180
899
9229
26755
14531
23970
27402
8169
25965
24241
18311
637
25825
15155
15548
29569
12243
20312
4204
11153
22734
5455
19467
25058
22328
929
19881
10651
28718
14439
24705
9250
15338
10286
12357
29869
4256
16111
14391
6574
16704
2702
7211
12529
17857
22759
18451
6452
19423
22655
17606
18510
4462
13425
13568
3142
20706
9801
20146
25776
592
21203
5026
15930
1489
23735
22152
12097
9846
6543
18671
26550
15597
2234
15432
3455
1346
10235
16259
20769
9242
10217
9279
13705
23642
29199
16847
14349
15353
6993
10125
15945
28196
21504
1876
6037
15239
380
18135
1438
13275
6806
4340
28872
15393
26124
8679
16739
6359
24939
7508
15602
5156
23140
5659
5151
28691
28858
19500
14044
5852
5977
6342
10400
3833
8218
16438
25425
14950
10925
26863
28225
17731
7555
27097
9476
3680
12129
26215
16391
7068
10076
1993
18576
9568
14004
23727
8259
12863
19579
28656
25067
1909
4998
5467
5742
19568
28257
7519
10870
9182
4382
9095
3266
18290
12544
12742
21970
24673
15310
8361
8093
1738
16707
3022
11306
711
3101
25917
13574
22681
925
14993
942
12275
26813
13036
1843
25070
20556
12713
10605
1290
28160
13871
19580
17057
2965
17902
18082
24627
26264
2528
26365
19323
5550
14023
20034
8651
16293
9961
7684
23570
24954
14978
5846
21767
28015
14041
23190
18571
26755
3795
26213
1267
24018
15794
18324
3335
