0
3
12
12
18
25
25
26
27
35
36
42
46
48
51
52
56
57
65
69
74
75
76
78
79
85
94
95
100
102
106
109
109
114
115
115
119
119
125
126
131
138
144
161
172
177
177
179
188
191
194
195
200
211
213
217
221
238
241
249
249
250
255
255
256
260
263
263
264
266
268
269
281
288
294
304
307
309
312
321
324
326
330
333
334
335
339
349
350
357
363
366
378
387
389
397
401
403
403
404
413
424
427
428
439
447
457
462
466
474
484
486
488
489
491
491
496
498
501
501
502
511
511
524
536
538
541
548
560
580
591
594
596
596
596
603
608
613
616
622
623
625
636
643
643
653
656
665
672
675
684
686
689
691
692
704
706
712
715
717
720
724
724
724
729
735
738
740
742
743
743
744
748
750
753
760
766
768
769
774
777
784
792
799
801
804
805
808
812
815
824
825
826
834
839
840
845
849
850
851
860
863
868
870
871
875
879
881
885
885
887
888
890
892
892
893
899
902
904
907
915
918
924
929
930
935
935
939
943
950
955
956
957
960
962
965
966
966
967
979
997
1001
1001
1005
1007
1008
1010
1011
1011
1012
1013
1015
1023
1035
1039
1044
1044
1045
1067
1070
1074
1080
1082
1085
1085
1088
1091
1092
1096
1107
1110
1119
1121
1127
1128
1128
1136
1137
1142
1157
1163
1166
1168
1178
1183
1184
1189
1200
1202
1208
1213
1226
1239
1239
1241
1254
1260
1261
1261
1264
1267
1268
1275
1278
1279
1279
1286
1289
1291
1292
1298
1306
1306
1331
1335
1350
1350
1353
1362
1366
1366
1373
1391
1403
1407
1408
1421
1429
1432
1436
1437
1445
1446
1450
1450
1451
1459
1467
1471
1475
1479
1485
1486
1487
1490
1493
1495
1497
1498
1501
1502
1504
1504
1508
1512
1522
1522
1525
1539
1540
1542
1547
1565
1567
1568
1574
1576
1583
1588
1592
1593
1595
1596
1606
1610
1614
1614
1617
1618
1622
1628
1636
1638
1639
1650
1655
1657
1658
1658
1659
1668
1672
1681
1686
1699
1701
1709
1711
1712
1715
1718
1718
1720
1720
1724
1725
1732
1735
1737
1737
1742
1747
1749
1754
1758
1762
1769
1779
1782
1782
1793
1794
1795
1797
1797
1808
1810
1818
1820
1833
1834
1836
1838
1853
1859
1863
1866
1870
1871
1871
1880
1880
1882
1885
1887
1892
1894
1898
1900
1900
1901
1915
1916
1919
1924
1926
1929
1933
1935
1939
1944
1953
1956
1961
1962
1962
1964
1967
1971
1983
1985
1985
1987
1993
1996
1997
2004
2006
2013
2014
2025
2031
2031
2034
2035
2041
2047
2056
2065
2071
2079
2081
2086
2088
2088
2089
2093
2094
2095
2096
2097
2103
2113
2119
2133
2133
2144
2150
2156
2162
2162
2168
2169
2173
2175
2177
2183
2191
2203
2204
2206
2207
2210
2212
2212
2224
2225
2231
2239
2245
2246
2248
2263
2263
2263
2271
2274
2275
2282
2291
2295
2298
2300
2307
2313
2314
2314
2320
2321
2328
2329
2331
2340
2344
2345
2350
2351
2353
2358
2364
2365
2366
2367
2383
2383
2385
2386
2389
2389
2390
2394
2394
2404
2404
2410
2410
2416
2429
2430
2436
2439
2443
2450
2452
2455
2461
2465
2467
2469
2470
2472
2473
2476
2480
2484
2487
2499
2505
2505
2509
2510
2511
2511
2519
2523
2527
2538
2539
2554
2564
2566
2567
2567
2583
2586
2589
2597
2606
2616
2621
2632
2633
2639
2640
2647
2648
2648
2652
2653
2655
2657
2657
2659
2660
2664
2669
2675
2679
2683
2684
2684
2686
2686
2695
2700
2701
2706
2718
2723
2730
2734
2735
2747
2751
2755
2758
2771
2772
2775
2783
2785
2785
2787
2794
2797
2799
2800
2801
2810
2815
2821
2822
2822
2826
2828
2834
2836
2849
2853
2855
2858
2859
2863
2869
2873
2877
2877
2878
2878
2884
2887
2888
2890
2891
2896
2901
2902
2908
2908
2910
2913
2916
2917
2921
2922
2924
2926
2929
2943
2948
2948
2965
2965
2969
2974
2978
2984
2985
2990
2995
2996
2997
2999
3005
3013
3014
3023
3023
3023
3034
3037
3038
3040
3060
3060
3076
3091
3091
3094
3094
3095
3098
3099
3105
3106
3108
3119
3123
3123
3124
3133
3134
3135
3137
3139
3140
3143
3145
3145
3147
3161
3166
3172
3176
3176
3177
3179
3194
3199
3205
3206
3206
3211
3230
3235
3248
3251
3263
3265
3272
3272
3274
3276
3277
3279
3280
3285
3291
3293
3304
3304
3305
3305
3309
3311
3321
3321
3322
3323
3331
3332
3333
3338
3351
3370
3371
3371
3371
3383
3388
3398
3402
3417
3420
3424
3424
3431
3443
3451
3456
3471
3471
3473
3482
3484
3485
3488
3493
3500
3500
3507
3509
3517
3518
3518
3522
3527
3530
3545
3546
3548
3550
3554
3558
3562
3565
3569
3571
3574
3578
3586
3596
3599
3600
3602
3603
3609
3610
3616
3621
3634
3641
3644
3645
3649
3649
3650
3650
3655
3656
3657
3665
3668
3673
3675
3675
3677
3678
3681
3683
3684
3688
3690
3697
3703
3707
3710
3718
3725
3726
3740
3743
3745
3758
3764
3768
3771
3772
3774
3778
3778
3783
3783
3786
3787
3791
3799
3802
3810
3814
3831
3837
3839
3841
3854
3856
3862
3867
3870
3873
3882
3889
3890
3891
3892
3903
3907
3929
3929
3933
3937
3940
3941
3946
3954
3962
3972
3983
3990
3991
3993
3998
4011
4014
4024
4025
4028
4029
4043
4045
4048
4048
4052
4069
4073
4079
4080
4088
4109
4109
4113
4114
4123
4126
4129
4130
4133
4137
4148
4149
4152
4152
4157
4165
4168
4171
4174
4186
4192
4194
4196
4203
4205
4212
4224
4246
4247
4249
4250
4256
4262
4262
4267
4273
4274
4274
4282
4283
4292
4295
4299
4304
4305
4306
4306
4309
4311
4321
4322
4330
4332
4351
4361
4368
4369
4372
4379
4382
4389
4389
4393
4397
4399
4430
4430
4435
4437
4440
4452
4455
4456
4457
4459
4460
4462
4468
4472
4478
4480
4483
4486
4500
4501
4505
4508
4511
4515
4525
4533
4546
4552
4554
4556
4557
4558
4562
4563
4570
4570
4571
4573
4573
4581
4584
4585
4586
4591
4594
4600
4604
4607
4609
4612
4617
4617
4618
4631
4645
4645
4652
4652
4655
4655
4657
4660
4673
4677
4682
4683
4687
4692
4696
4697
4703
4708
4709
4718
4720
4724
4730
4732
4733
4743
4743
4745
4749
4751
4752
4759
4764
4767
4779
4784
4789
4792
4792
4794
4805
4806
4806
4807
4807
4810
4812
4812
4819
4822
4823
4826
4827
4837
4856
4859
4861
4869
4872
4881
4882
4884
4884
4887
4888
4889
4899
4905
4912
4913
4919
4919
4919
4924
4924
4940
4941
4943
4943
4944
4946
4946
4952
4964
4965
4974
4983
4990
4996
4996
4997
5003
5006
5014
5017
5018
5026
5032
5035
5035
5051
5057
5060
5060
5062
5067
5069
5075
5087
5093
5099
5118
5120
5124
5125
5130
5147
5150
5155
5163
5176
5177
5179
5180
5181
5183
5185
5191
5195
5196
5198
5208
5209
5213
5215
5221
5233
5237
5240
5251
5260
5263
5268
5269
5270
5273
5277
5287
5292
5295
5300
5304
5304
5305
5316
5318
5319
5323
5324
5327
5330
5331
5332
5335
5338
5345
5346
5356
5369
5373
5378
5379
5390
5396
5399
5404
5404
5422
5429
5433
5434
5435
5440
5441
5446
5461
5465
5468
5469
5473
5475
5477
5481
5487
5488
5492
5496
5499
5502
5509
5529
5532
5540
5541
5541
5554
5555
5558
5563
5565
5567
5569
5569
5583
5584
5585
5588
5591
5592
5597
5599
5617
5618
5627
5632
5639
5641
5644
5650
5658
5659
5663
5669
5673
5673
5686
5699
5701
5702
5705
5708
5710
5711
5711
5712
5713
5716
5718
5722
5723
5731
5736
5737
5738
5740
5755
5756
5765
5769
5773
5775
5784
5785
5793
5798
5803
5809
5818
5818
5826
5831
5840
5844
5855
5855
5865
5870
5888
5899
5903
5904
5907
5916
5925
5927
5929
5932
5944
5948
5951
5956
5963
5965
5968
5986
5988
5999
6005
6006
6011
6016
6019
6021
6038
6054
6064
6065
6069
6074
6078
6088
6097
6099
6102
6112
6115
6116
6122
6125
6126
6129
6129
6131
6137
6138
6142
6142
6145
6155
6162
6163
6172
6174
6175
6175
6179
6183
6191
6193
6198
6201
6204
6205
6208
6211
6212
6213
6225
6225
6225
6228
6237
6267
6273
6278
6280
6280
6281
6284
6290
6297
6297
6311
6326
6327
6331
6334
6340
6342
6343
6344
6348
6348
6355
6356
6357
6360
6361
6368
6377
6381
6392
6394
6415
6416
6423
6425
6443
6448
6455
6464
6468
6468
6470
6475
6492
6494
6495
6498
6501
6507
6508
6509
6511
6516
6516
6520
6533
6535
6543
6543
6547
6551
6557
6560
6570
6574
6580
6582
6582
6602
6604
6606
6609
6614
6635
6656
6656
6661
6663
6667
6668
6669
6682
6714
6719
6719
6731
6733
6743
6746
6749
6749
6753
6753
6760
6762
6762
6763
6771
6775
6776
6781
6797
6802
6807
6819
6821
6823
6827
6832
6833
6838
6845
6854
6858
6861
6862
6868
6876
6890
6892
6896
6896
6898
6898
6901
6902
6906
6908
6909
6913
6915
6916
6917
6932
6934
6950
6952
6959
6959
6960
6971
6981
6984
6985
6986
6987
6994
7002
7012
7014
7015
7016
7024
7028
7028
7039
7042
7048
7052
7057
7059
7067
7070
7075
7077
7078
7094
7095
7097
7099
7111
7112
7114
7122
7135
7138
7148
7161
7161
7167
7169
7174
7177
7181
7181
7187
7188
7188
7195
7196
7205
7206
7209
7209
7214
7216
7218
7227
7228
7228
7231
7238
7244
7254
7254
7260
7270
7272
7274
7275
7280
7287
7292
7301
7307
7310
7320
7320
7327
7335
7338
7339
7341
7350
7355
7356
7370
7370
7381
7388
7390
7398
7404
7416
7421
7422
7425
7426
7427
7429
7429
7429
7433
7433
7434
7437
7441
7442
7445
7447
7450
7454
7455
7461
7462
7463
7463
7466
7470
7471
7482
7491
7493
7509
7511
7512
7514
7517
7519
7520
7525
7528
7532
7532
7546
7551
7552
7554
7555
7557
7560
7561
7567
7571
7572
7575
7576
7577
7585
7585
7592
7598
7601
7606
7606
7614
7620
7642
7643
7646
7657
7664
7664
7677
7678
7679
7683
7684
7699
7700
7705
7711
7714
7715
7727
7736
7745
7746
7752
7756
7759
7767
7769
7771
7776
7780
7780
7785
7790
7802
7803
7807
7816
7819
7826
7827
7831
7832
7833
7835
7839
7840
7852
7858
7860
7862
7862
7865
7869
7869
7877
7883
7883
7890
7896
7897
7905
7910
7918
7931
7932
7934
7939
7948
7948
7952
7956
7956
7962
7973
7975
7975
7975
7978
7979
7980
7981
7983
7989
7992
7995
7996
7998
8000
8013
8018
8037
8043
8045
8045
8047
8048
8050
8055
8056
8058
8061
8064
8070
8072
8075
8075
8078
8087
8092
8117
8131
8135
8140
8140
8140
8142
8145
8153
8157
8160
8160
8161
8161
8167
8168
8169
8185
8186
8189
8191
8193
8195
8197
8200
8202
8206
8211
8217
8225
8228
8235
8239
8242
8246
8255
8257
8257
8258
8273
8275
8278
8283
8284
8284
8289
8292
8301
8304
8313
8320
8321
8324
8330
8350
8351
8356
8357
8360
8368
8368
8371
8374
8377
8382
8382
8390
8391
8397
8400
8405
8408
8412
8415
8415
8422
8428
8429
8431
8436
8438
8450
8458
8460
8470
8470
8477
8480
8486
8491
8491
8493
8496
8500
8501
8505
8508
8509
8513
8514
8516
8521
8523
8524
8528
8533
8536
8536
8547
8547
8554
8558
8558
8559
8566
8567
8578
8590
8592
8604
8606
8611
8611
8611
8613
8617
8626
8630
8636
8638
8638
8638
8641
8642
8647
8648
8650
8655
8659
8661
8663
8666
8666
8669
8669
8675
8677
8677
8680
8682
8702
8703
8709
8715
8722
8725
8726
8735
8738
8748
8753
8765
8767
8770
8770
8773
8792
8794
8795
8797
8799
8799
8803
8814
8821
8821
8823
8825
8834
8835
8836
8838
8844
8844
8845
8850
8851
8852
8860
8861
8862
8871
8879
8886
8890
8895
8901
8905
8910
8911
8911
8920
8928
8936
8948
8948
8957
8963
8969
8973
8976
8976
8988
8990
8991
8991
8993
9000
9002
9008
9008
9010
9011
9018
9021
9027
9029
9033
9035
9047
9047
9053
9064
9066
9067
9072
9074
9082
9085
9088
9088
9104
9104
9105
9120
9122
9124
9125
9135
9139
9141
9154
9158
9163
9164
9168
9177
9182
9183
9192
9195
9196
9199
9200
9201
9209
9222
9229
9238
9239
9242
9243
9245
9246
9247
9250
9251
9252
9253
9257
9258
9261
9261
9264
9265
9272
9274
9277
9288
9301
9301
9304
9306
9308
9317
9329
9329
9335
9337
9337
9346
9347
9348
9350
9353
9356
9358
9368
9369
9371
9372
9378
9392
9395
9405
9410
9412
9415
9417
9423
9426
9427
9436
9437
9438
9446
9448
9448
9458
9460
9461
9463
9464
9466
9474
9477
9483
9485
9489
9495
9498
9499
9501
9505
9512
9518
9524
9538
9540
9541
9541
9545
9545
9552
9556
9556
9557
9564
9570
9573
9576
9578
9581
9582
9583
9584
9586
9586
9586
9591
9593
9594
9597
9611
9611
9612
9616
9625
9625
9635
9637
9644
9644
9646
9651
9656
9657
9664
9666
9680
9682
9685
9692
9693
9698
9698
9698
9701
9713
9725
9734
9741
9744
9745
9747
9748
9751
9753
9754
9760
9763
9767
9767
9776
9779
9790
9809
9817
9828
9840
9847
9847
9848
9849
9850
9851
9861
9861
9865
9866
9867
9876
9877
9888
9888
9892
9897
9897
9899
9919
9919
9928
9929
9930
9937
9938
9944
9947
9949
9962
9970
9971
9972
9974
9976
9981
9981
9982
9985
9989
9995
10000
10003
10005
10009
10012
10018
10027
10027
10033
10041
10050
10053
10055
10056
10057
10064
10064
10065
10070
10075
10076
10080
10080
10082
10084
10088
10091
10101
10106
10107
10113
10113
10115
10117
10121
10122
10130
10134
10143
10146
10150
10157
10157
10162
10162
10166
10170
10172
10173
10177
10187
10187
10188
10197
10198
10204
10209
10210
10226
10228
10242
10245
10246
10246
10250
10257
10260
10266
10269
10273
10274
10277
10286
10288
10289
10292
10296
10298
10300
10306
10315
10315
10317
10319
10321
10342
10354
10355
10359
10371
10372
10373
10381
10384
10389
10391
10392
10396
10401
10410
10410
10416
10425
10430
10431
10433
10442
10446
10447
10456
10458
10462
10467
10480
10481
10493
10494
10497
10498
10504
10510
10520
10525
10530
10530
10537
10537
10540
10546
10553
10557
10558
10559
10566
10566
10574
10575
10576
10577
10579
10587
10590
10598
10602
10613
10615
10617
10617
10621
10629
10644
10651
10657
10660
10661
10662
10672
10673
10677
10677
10678
10679
10679
10682
10687
10689
10690
10693
10693
10694
10694
10696
10704
10705
10711
10722
10734
10743
10747
10748
10750
10751
10752
10753
10755
10758
10776
10784
10789
10800
10803
10810
10838
10840
10842
10842
10850
10856
10857
10858
10858
10863
10865
10867
10872
10872
10875
10884
10885
10887
10894
10901
10904
10907
10908
10910
10914
10918
10926
10932
10936
10941
10944
10951
10954
10954
10956
10957
10959
10963
10965
10978
10993
10996
11001
11006
11019
11028
11036
11042
11042
11044
11045
11055
11063
11064
11085
11086
11089
11107
11109
11109
11110
11111
11111
11113
11125
11125
11126
11126
11128
11133
11134
11135
11143
11145
11149
11149
11151
11151
11155
11158
11160
11169
11173
11173
11175
11185
11190
11192
11196
11197
11197
11205
11214
11216
11222
11229
11231
11231
11235
11237
11238
11239
11239
11240
11245
11257
11260
11261
11267
11269
11273
11274
11277
11278
11283
11286
11288
11288
11290
11294
11302
11302
11303
11305
11306
11312
11328
11337
11349
11350
11356
11359
11362
11362
11363
11374
11389
11394
11399
11402
11407
11410
11414
11418
11428
11429
11431
11431
11432
11435
11437
11439
11440
11450
11463
11477
11486
11491
11494
11498
11499
11505
11506
11508
11515
11522
11526
11543
11545
11552
11556
11560
11568
11569
11571
11573
11592
11592
11595
11597
11599
11603
11604
11605
11607
11611
11612
11616
11617
11628
11636
11640
11641
11643
11653
11654
11657
11658
11659
11660
11664
11666
11675
11678
11681
11682
11689
11690
11693
11697
11700
11710
11715
11716
11716
11718
11721
11722
11729
11732
11741
11744
11745
11777
11779
11780
11792
11793
11797
11806
11822
11830
11832
11842
11842
11842
11849
11850
11852
11865
11869
11869
11870
11874
11875
11875
11887
11889
11892
11892
11898
11902
11903
11909
11918
11920
11920
11928
11931
11934
11938
11940
11941
11946
11948
11948
11955
11964
11969
11973
11975
11975
11976
11976
11980
11981
11984
11984
11985
11993
11994
11995
11996
12008
12015
12017
12019
12019
12020
12026
12029
12032
12046
12051
12057
12058
12059
12067
12068
12071
12080
12083
12085
12085
12086
12092
12095
12117
12121
12136
12144
12146
12147
12153
12157
12160
12162
12163
12169
12170
12171
12175
12184
12185
12196
12200
12208
12210
12213
12218
12225
12229
12236
12239
12241
12255
12257
12261
12264
12271
12278
12279
12279
12283
12296
12304
12309
12314
12317
12328
12332
12350
12351
12355
12359
12365
12373
12374
12390
12391
12403
12410
12411
12413
12413
12432
12437
12441
12443
12444
12447
12448
12450
12453
12454
12460
12468
12469
12472
12475
12477
12486
12487
12492
12493
12494
12507
12508
12509
12510
12510
12514
12526
12544
12547
12548
12548
12550
12552
12553
12562
12563
12566
12566
12573
12578
12579
12581
12583
12592
12594
12594
12597
12601
12604
12612
12617
12622
12630
12637
12643
12643
12647
12661
12661
12666
12667
12668
12668
12674
12675
12678
12687
12687
12688
12697
12700
12709
12711
12711
12715
12716
12716
12718
12725
12746
12748
12752
12754
12755
12757
12759
12767
12771
12772
12773
12774
12777
12780
12781
12782
12783
12785
12794
12795
12805
12816
12819
12825
12832
12832
12837
12842
12846
12854
12856
12867
12874
12889
12892
12894
12894
12902
12904
12908
12909
12909
12911
12919
12922
12925
12933
12942
12944
12950
12956
12958
12960
12963
12965
12967
12972
12972
12975
12977
12981
12985
12992
12993
12997
13001
13004
13006
13007
13012
13016
13017
13019
13022
13025
13025
13027
13032
13036
13039
13040
13043
13050
13051
13057
13062
13067
13077
13078
13082
13086
13088
13092
13096
13100
13104
13104
13104
13106
13108
13108
13111
13131
13137
13162
13162
13170
13177
13177
13182
13187
13190
13205
13207
13208
13209
13210
13212
13213
13219
13228
13247
13253
13257
13258
13265
13267
13270
13270
13273
13281
13281
13281
13282
13282
13285
13288
13291
13298
13301
13305
13311
13312
13321
13322
13328
13343
13345
13345
13347
13350
13352
13353
13354
13357
13367
13368
13375
13375
13381
13388
13390
13396
13398
13401
13405
13410
13412
13414
13416
13418
13423
13424
13428
13428
13430
13439
13440
13443
13446
13450
13453
13458
13459
13460
13462
13471
13471
13475
13483
13486
13493
13493
13494
13497
13504
13505
13512
13515
13516
13523
13525
13527
13537
13538
13556
13559
13561
13561
13567
13573
13573
13579
13586
13612
13616
13624
13629
13648
13652
13652
13656
13659
13660
13677
13693
13698
13719
13723
13726
13729
13736
13738
13740
13747
13749
13750
13764
13767
13771
13772
13780
13781
13782
13784
13786
13791
13799
13806
13811
13822
13841
13850
13855
13858
13859
13859
13864
13864
13873
13876
13894
13907
13911
13920
13924
13926
13936
13936
13944
13946
13951
13953
13954
13956
13957
13958
13964
13972
13988
13993
13994
13997
14002
14010
14010
14012
14016
14017
14019
14020
14021
14023
14028
14029
14035
14039
14041
14051
14056
14057
14060
14076
14079
14080
14088
14101
14102
14103
14108
14118
14119
14123
14126
14126
14131
14134
14137
14138
14139
14140
14147
14151
14153
14154
14157
14170
14174
14192
14196
14207
14208
14208
14210
14214
14216
14217
14230
14237
14246
14253
14263
14264
14269
14271
14271
14273
14274
14288
14288
14291
14297
14304
14305
14312
14316
14326
14339
14353
14362
14375
14377
14377
14385
14391
14401
14401
14404
14404
14410
14416
14416
14417
14420
14421
14421
14422
14423
14429
14433
14435
14436
14437
14438
14439
14442
14447
14448
14451
14451
14469
14469
14471
14475
14480
14489
14494
14500
14501
14502
14505
14506
14509
14514
14517
14527
14533
14534
14535
14539
14546
14549
14553
14559
14562
14564
14566
14566
14566
14573
14574
14574
14582
14583
14588
14592
14593
14596
14604
14614
14614
14620
14621
14629
14630
14637
14639
14643
14650
14654
14661
14663
14664
14668
14671
14672
14677
14678
14683
14688
14691
14694
14696
14715
14725
14730
14731
14734
14735
14736
14748
14749
14752
14756
14764
14779
14779
14780
14786
14787
14792
14793
14796
14806
14810
14813
14816
14820
14822
14827
14827
14829
14837
14840
14856
14868
14870
14873
14875
14875
14878
14882
14890
14890
14895
14912
14918
14919
14919
14924
14928
14944
14955
14959
14962
14963
14966
14968
14970
14974
14975
14978
14980
14983
14990
14999
15001
15004
15015
15016
15020
15022
15024
15026
15036
15040
15044
15052
15056
15061
15075
15078
15094
15097
15103
15103
15104
15104
15105
15107
15108
15110
15117
15121
15137
15149
15150
15150
15154
15159
15159
15169
15178
15179
15185
15185
15187
15188
15188
15193
15197
15197
15207
15207
15214
15220
15220
15226
15226
15233
15240
15241
15246
15250
15251
15254
15260
15260
15285
15285
15286
15291
15293
15299
15304
15310
15311
15312
15313
15332
15332
15341
15343
15347
15349
15349
15356
15359
15359
15359
15362
15366
15366
15369
15387
15395
15396
15398
15400
15406
15407
15408
15408
15409
15409
15420
15421
15427
15428
15430
15437
15438
15442
15449
15451
15452
15468
15471
15476
15481
15490
15492
15493
15495
15497
15511
15518
15518
15520
15526
15538
15544
15552
15557
15558
15562
15562
15566
15572
15579
15586
15595
15596
15605
15616
15619
15620
15626
15633
15635
15636
15647
15647
15653
15653
15663
15670
15693
15703
15705
15711
15713
15725
15725
15726
15727
15727
15734
15741
15748
15749
15751
15772
15772
15781
15782
15784
15784
15795
15799
15799
15806
15807
15807
15807
15807
15808
15811
15826
15826
15829
15838
15843
15847
15858
15867
15870
15871
15873
15874
15875
15876
15878
15878
15879
15882
15887
15891
15891
15895
15896
15907
15909
15916
15916
15917
15919
15922
15923
15923
15931
15937
15943
15945
15948
15951
15956
15961
15969
15972
15976
15980
15983
15986
15998
16001
16019
16039
16045
16048
16049
16054
16056
16060
16071
16082
16082
16085
16087
16090
16100
16100
16101
16107
16113
16115
16118
16132
16132
16141
16151
16156
16157
16159
16173
16176
16181
16185
16189
16194
16195
16202
16217
16226
16226
16230
16234
16244
16245
16247
16251
16258
16261
16263
16263
16267
16269
16270
16285
16293
16304
16308
16308
16318
16320
16325
16329
16331
16341
16351
16364
16371
16371
16377
16384
16392
16393
16393
16396
16404
16410
16415
16416
16420
16425
16426
16429
16430
16430
16435
16436
16439
16440
16440
16444
16451
16452
16458
16458
16464
16466
16471
16474
16475
16480
16481
16483
16494
16502
16505
16506
16514
16515
16520
16521
16526
16533
16534
16536
16536
16537
16540
16545
16546
16549
16553
16554
16558
16559
16567
16567
16568
16573
16577
16579
16581
16585
16585
16586
16586
16591
16600
16600
16601
16608
16610
16613
16622
16627
16632
16635
16637
16658
16660
16666
16667
16668
16669
16675
16683
16694
16711
16711
16713
16717
16718
16721
16733
16735
16743
16744
16747
16748
16748
16749
16749
16755
16756
16756
16765
16766
16768
16772
16778
16786
16790
16791
16795
16798
16802
16807
16807
16809
16810
16827
16833
16840
16841
16862
16871
16878
16880
16881
16887
16888
16892
16898
16904
16906
16917
16927
16930
16934
16934
16939
16942
16957
16958
16959
16960
16965
16967
16971
16972
16979
16980
16981
16983
16983
16985
16994
16996
17020
17029
17034
17035
17046
17052
17053
17064
17068
17068
17072
17072
17077
17083
17083
17093
17094
17097
17102
17106
17109
17115
17119
17121
17121
17130
17142
17148
17157
17166
17171
17171
17182
17187
17191
17192
17193
17193
17194
17196
17207
17210
17210
17216
17216
17218
17219
17222
17222
17224
17225
17240
17243
17249
17251
17251
17254
17266
17285
17288
17289
17290
17290
17292
17298
17302
17305
17309
17319
17321
17322
17326
17328
17331
17331
17333
17334
17352
17356
17359
17360
17367
17368
17370
17374
17375
17376
17385
17386
17391
17398
17399
17405
17411
17412
17424
17426
17428
17429
17432
17439
17452
17457
17461
17462
17470
17472
17476
17481
17482
17488
17490
17490
17493
17497
17498
17498
17499
17499
17501
17505
17506
17507
17508
17520
17522
17524
17525
17536
17540
17542
17547
17552
17554
17560
17563
17566
17570
17573
17576
17580
17582
17597
17611
17615
17618
17619
17621
17621
17624
17624
17628
17629
17632
17632
17635
17637
17639
17650
17651
17654
17660
17660
17684
17685
17686
17703
17712
17713
17713
17714
17716
17716
17716
17717
17719
17720
17723
17726
17732
17736
17738
17738
17745
17748
17751
17753
17762
17763
17763
17767
17772
17778
17779
17780
17782
17786
17790
17791
17793
17794
17798
17803
17804
17826
17835
17839
17844
17855
17860
17868
17871
17871
17872
17874
17874
17875
17893
17897
17901
17902
17905
17911
17911
17915
17915
17915
17917
17924
17927
17928
17940
17943
17944
17950
17951
17954
17955
17956
17965
17966
17969
17970
17973
17979
17984
17985
17989
18004
18004
18007
18008
18009
18011
18017
18018
18021
18026
18048
18051
18056
18067
18067
18067
18086
18087
18090
18093
18096
18097
18101
18106
18108
18111
18113
18114
18115
18121
18124
18131
18132
18135
18140
18156
18162
18166
18173
18174
18187
18188
18188
18196
18200
18201
18201
18214
18221
18221
18225
18227
18251
18256
18265
18266
18277
18285
18286
18287
18289
18290
18300
18306
18307
18313
18314
18320
18320
18324
18328
18332
18337
18337
18347
18351
18353
18363
18369
18369
18377
18382
18386
18392
18397
18402
18416
18417
18424
18431
18435
18439
18442
18451
18456
18457
18467
18469
18469
18474
18475
18475
18477
18497
18498
18503
18507
18508
18508
18510
18510
18511
18513
18519
18523
18526
18532
18535
18539
18542
18546
18547
18562
18567
18569
18575
18577
18584
18593
18596
18600
18604
18605
18609
18610
18611
18612
18621
18621
18624
18625
18631
18631
18632
18633
18636
18644
18649
18649
18654
18656
18656
18659
18664
18674
18685
18687
18707
18708
18709
18714
18717
18728
18729
18732
18742
18744
18746
18748
18755
18760
18760
18764
18767
18774
18775
18776
18783
18789
18792
18794
18799
18811
18819
18821
18825
18825
18844
18846
18849
18852
18852
18856
18856
18859
18863
18864
18872
18874
18877
18879
18883
18884
18884
18885
18887
18889
18902
18903
18903
18906
18912
18921
18922
18925
18926
18928
18934
18936
18937
18943
18948
18949
18951
18956
18970
18973
18978
18978
18979
18994
18996
19010
19015
19021
19023
19029
19031
19034
19035
19035
19047
19050
19055
19056
19057
19060
19072
19076
19080
19083
19084
19090
19099
19104
19104
19110
19115
19117
19122
19126
19126
19126
19131
19146
19146
19163
19164
19169
19169
19170
19170
19175
19185
19185
19189
19190
19195
19201
19205
19207
19207
19218
19219
19221
19227
19234
19234
19234
19234
19257
19259
19261
19262
19263
19263
19265
19266
19270
19274
19276
19280
19284
19285
19288
19290
19292
19292
19295
19296
19301
19313
19313
19314
19316
19318
19324
19334
19338
19341
19345
19346
19346
19351
19351
19357
19358
19359
19361
19373
19378
19379
19383
19384
19389
19396
19398
19398
19399
19402
19410
19415
19419
19422
19433
19435
19438
19440
19449
19452
19452
19457
19457
19458
19462
19466
19471
19473
19476
19485
19493
19499
19502
19506
19512
19514
19514
19518
19519
19523
19523
19532
19536
19537
19540
19543
19545
19550
19553
19557
19564
19564
19567
19568
19575
19580
19582
19595
19596
19602
19603
19603
19614
19614
19616
19624
19624
19629
19638
19644
19645
19647
19653
19671
19681
19683
19684
19685
19685
19688
19691
19692
19702
19705
19708
19719
19721
19722
19729
19730
19736
19736
19742
19751
19755
19758
19762
19776
19778
19779
19780
19786
19788
19796
19797
19804
19805
19805
19813
19815
19815
19821
19821
19821
19826
19832
19834
19836
19845
19847
19861
19868
19871
19880
19881
19882
19888
19890
19897
19901
19905
19913
19914
19918
19921
19929
19936
19940
19941
19941
19944
19952
19965
19970
19973
19997
19997
19999
19999
20006
20007
20014
20016
20026
20029
20036
20038
20038
20039
20040
20047
20051
20051
20059
20064
20068
20070
20074
20075
20081
20089
20090
20091
20094
20096
20111
20119
20125
20130
20133
20133
20134
20136
20139
20144
20144
20152
20171
20173
20176
20180
20186
20196
20197
20197
20198
20198
20198
20202
20206
20215
20219
20220
20224
20227
20229
20235
20244
20247
20258
20261
20264
20268
20269
20274
20275
20278
20280
20281
20285
20292
20294
20295
20297
20300
20301
20310
20316
20319
20319
20324
20326
20337
20341
20344
20344
20346
20349
20350
20351
20354
20357
20365
20366
20367
20367
20369
20375
20380
20384
20390
20395
20406
20406
20408
20408
20410
20410
20411
20418
20424
20433
20433
20436
20438
20442
20442
20457
20465
20465
20465
20470
20474
20478
20480
20482
20485
20486
20489
20493
20496
20501
20509
20511
20514
20525
20526
20538
20544
20568
20573
20576
20578
20581
20596
20600
20601
20602
20614
20623
20626
20627
20627
20629
20640
20641
20642
20652
20657
20664
20665
20667
20669
20671
20675
20677
20679
20681
20685
20685
20692
20696
20696
20700
20702
20706
20714
20715
20719
20727
20736
20736
20750
20751
20757
20759
20765
20768
20770
20772
20774
20777
20778
20786
20790
20790
20796
20796
20801
20805
20807
20809
20811
20819
20820
20821
20822
20823
20825
20827
20830
20830
20831
20838
20839
20840
20863
20865
20873
20874
20887
20894
20901
20903
20918
20926
20930
20933
20936
20936
20945
20950
20957
20962
20966
20967
20970
20977
20977
20979
20982
20988
21002
21002
21003
21012
21019
21035
21035
21038
21043
21049
21056
21059
21062
21072
21079
21090
21095
21103
21106
21107
21108
21118
21119
21122
21123
21127
21134
21134
21136
21138
21144
21150
21150
21150
21153
21154
21156
21165
21172
21174
21174
21177
21180
21180
21185
21186
21193
21204
21208
21210
21213
21217
21225
21226
21226
21226
21226
21230
21232
21236
21238
21246
21250
21253
21254
21259
21264
21267
21270
21271
21272
21277
21280
21290
21297
21304
21304
21310
21313
21313
21321
21325
21326
21331
21336
21346
21348
21349
21357
21359
21361
21363
21364
21368
21375
21377
21381
21381
21393
21395
21397
21399
21402
21404
21405
21414
21418
21420
21420
21421
21425
21426
21428
21428
21428
21447
21448
21467
21471
21474
21484
21486
21497
21509
21511
21514
21525
21525
21529
21529
21531
21545
21548
21549
21549
21551
21554
21569
21573
21574
21580
21584
21587
21588
21589
21591
21594
21596
21598
21600
21602
21603
21606
21609
21610
21611
21614
21639
21641
21641
21645
21651
21669
21684
21685
21687
21691
21695
21696
21700
21705
21724
21732
21736
21738
21738
21738
21741
21743
21744
21773
21779
21783
21789
21793
21793
21797
21800
21803
21815
21817
21823
21831
21841
21842
21842
21845
21865
21870
21877
21879
21880
21886
21888
21890
21906
21907
21909
21916
21917
21917
21923
21924
21925
21935
21935
21939
21942
21944
21945
21949
21958
21974
21979
21982
22012
22013
22027
22028
22033
22044
22048
22049
22057
22074
22076
22077
22077
22087
22087
22099
22100
22102
22104
22112
22113
22114
22115
22119
22119
22131
22133
22134
22134
22139
22140
22142
22145
22147
22152
22155
22162
22173
22174
22181
22192
22192
22200
22202
22204
22210
22223
22227
22233
22239
22249
22249
22253
22255
22256
22266
22268
22269
22275
22276
22277
22279
22285
22287
22289
22290
22292
22297
22299
22302
22302
22304
22312
22313
22319
22321
22322
22327
22330
22339
22339
22351
22355
22359
22370
22371
22372
22373
22378
22384
22386
22388
22392
22393
22405
22410
22431
22435
22437
22442
22449
22449
22456
22468
22469
22476
22485
22488
22493
22495
22495
22496
22498
22503
22504
22511
22520
22522
22529
22536
22537
22539
22541
22542
22554
22556
22558
22560
22563
22566
22570
22571
22575
22581
22586
22592
22594
22597
22597
22605
22607
22612
22615
22620
22623
22627
22628
22635
22638
22642
22642
22646
22657
22657
22663
22670
22676
22677
22678
22682
22682
22685
22685
22686
22687
22696
22711
22712
22714
22714
22716
22717
22730
22731
22732
22738
22740
22747
22750
22751
22767
22775
22775
22776
22784
22786
22786
22789
22798
22798
22799
22800
22809
22815
22815
22816
22841
22841
22842
22844
22848
22849
22859
22866
22869
22869
22876
22890
22893
22899
22900
22904
22912
22919
22929
22930
22930
22936
22939
22948
22949
22950
22950
22954
22955
22956
22959
22961
22963
22967
22972
22973
22976
22977
22978
22978
22979
22982
22983
22987
22999
23003
23010
23010
23012
23013
23021
23023
23024
23028
23032
23035
23049
23050
23056
23056
23060
23064
23065
23065
23072
23077
23077
23077
23078
23084
23092
23108
23108
23110
23111
23113
23117
23119
23123
23126
23126
23133
23133
23134
23138
23139
23141
23144
23144
23147
23151
23154
23167
23167
23170
23174
23175
23179
23184
23187
23194
23202
23202
23212
23219
23222
23223
23244
23244
23247
23252
23254
23255
23259
23271
23283
23289
23293
23302
23304
23304
23315
23317
23319
23329
23334
23336
23339
23342
23345
23351
23352
23356
23361
23361
23365
23368
23375
23378
23389
23390
23401
23402
23404
23420
23425
23425
23431
23433
23446
23451
23451
23451
23453
23460
23471
23472
23474
23485
23490
23493
23496
23498
23502
23516
23520
23527
23550
23561
23566
23569
23573
23580
23582
23583
23583
23584
23589
23590
23592
23600
23604
23607
23616
23620
23622
23626
23636
23636
23637
23649
23651
23653
23657
23657
23660
23662
23664
23674
23697
23700
23706
23714
23719
23725
23726
23731
23736
23741
23747
23750
23770
23782
23784
23786
23788
23796
23800
23809
23811
23812
23816
23817
23821
23829
23837
23843
23845
23853
23862
23863
23879
23883
23891
23893
23899
23902
23907
23908
23911
23917
23919
23922
23922
23925
23926
23929
23930
23933
23945
23948
23952
23963
23964
23965
23973
23986
23988
23992
23994
24002
24004
24007
24010
24010
24014
24015
24016
24017
24020
24028
24034
24035
24035
24036
24046
24047
24048
24049
24049
24052
24060
24068
24071
24103
24103
24132
24138
24145
24146
24148
24150
24151
24155
24157
24165
24173
24174
24181
24185
24186
24187
24188
24189
24201
24211
24217
24218
24223
24225
24226
24227
24228
24236
24237
24252
24269
24285
24287
24293
24296
24315
24315
24322
24330
24330
24333
24335
24339
24341
24343
24349
24353
24356
24356
24362
24363
24369
24371
24371
24372
24372
24375
24378
24385
24386
24390
24395
24415
24420
24425
24435
24436
24438
24441
24444
24445
24447
24448
24448
24458
24464
24470
24473
24475
24482
24494
24495
24498
24498
24504
24517
24523
24529
24537
24543
24549
24562
24565
24567
24570
24577
24587
24588
24590
24593
24595
24597
24598
24599
24602
24603
24607
24611
24614
24618
24621
24624
24630
24634
24634
24638
24645
24658
24660
24667
24668
24671
24672
24684
24692
24694
24694
24701
24704
24713
24714
24715
24721
24722
24727
24728
24729
24735
24738
24739
24741
24745
24748
24749
24751
24756
24765
24765
24767
24767
24769
24770
24781
24801
24801
24808
24810
24811
24814
24814
24816
24820
24821
24822
24833
24834
24848
24849
24858
24862
24863
24874
24876
24878
24879
24879
24880
24881
24881
24888
24889
24890
24891
24891
24891
24895
24897
24903
24908
24909
24914
24916
24917
24919
24921
24924
24924
24933
24935
24939
24953
24958
24964
24972
24974
24979
24980
24984
24995
24998
25001
25011
25012
25026
25036
25042
25044
25049
25050
25052
25056
25060
25061
25061
25071
25071
25072
25088
25094
25106
25108
25110
25113
25115
25117
25117
25124
25126
25132
25136
25149
25152
25155
25165
25165
25167
25168
25169
25172
25173
25179
25186
25193
25194
25196
25204
25205
25235
25236
25237
25248
25249
25250
25267
25269
25270
25272
25273
25275
25284
25285
25292
25295
25296
25297
25300
25304
25304
25307
25317
25321
25324
25325
25326
25330
25332
25336
25337
25339
25340
25343
25346
25348
25349
25359
25359
25360
25361
25372
25375
25379
25379
25391
25393
25394
25396
25397
25400
25412
25417
25421
25427
25428
25431
25439
25444
25448
25449
25457
25465
25467
25471
25486
25488
25488
25493
25495
25499
25510
25513
25517
25523
25536
25539
25549
25549
25553
25554
25554
25558
25568
25568
25569
25577
25582
25588
25588
25589
25591
25591
25593
25595
25603
25603
25607
25613
25614
25615
25619
25627
25627
25629
25629
25636
25638
25642
25663
25666
25670
25675
25675
25677
25679
25682
25685
25688
25688
25693
25694
25702
25705
25710
25712
25717
25721
25721
25722
25724
25724
25725
25726
25727
25729
25733
25734
25738
25738
25739
25740
25742
25767
25772
25778
25781
25794
25800
25803
25814
25817
25823
25823
25831
25832
25833
25837
25842
25843
25844
25846
25852
25852
25853
25857
25858
25859
25861
25861
25864
25865
25868
25877
25878
25881
25891
25891
25894
25897
25898
25898
25904
25911
25917
25918
25918
25922
25926
25927
25927
25930
25938
25943
25949
25950
25955
25959
25963
25973
25979
25983
25984
25985
25991
25995
26003
26013
26017
26028
26030
26033
26033
26035
26039
26039
26040
26042
26042
26059
26072
26072
26084
26084
26085
26086
26097
26102
26117
26118
26124
26132
26137
26137
26138
26144
26153
26161
26162
26177
26179
26184
26188
26191
26199
26205
26208
26214
26229
26242
26252
26253
26254
26273
26284
26288
26290
26296
26301
26310
26311
26311
26313
26314
26317
26317
26317
26320
26323
26329
26332
26334
26337
26343
26351
26358
26360
26360
26363
26370
26370
26372
26374
26381
26385
26392
26406
26406
26426
26428
26428
26437
26440
26450
26460
26460
26461
26461
26469
26472
26497
26498
26502
26510
26510
26514
26515
26518
26526
26529
26529
26534
26538
26543
26546
26548
26552
26555
26561
26564
26564
26567
26568
26571
26573
26582
26584
26586
26588
26595
26598
26607
26609
26609
26621
26631
26633
26639
26643
26645
26653
26656
26661
26668
26671
26674
26679
26680
26681
26683
26687
26691
26692
26698
26711
26717
26717
26720
26729
26732
26732
26736
26743
26751
26755
26758
26758
26758
26759
26759
26762
26768
26772
26776
26776
26782
26785
26786
26786
26788
26793
26794
26800
26800
26809
26810
26813
26816
26819
26819
26819
26828
26832
26838
26840
26858
26861
26866
26877
26885
26891
26893
26896
26903
26905
26905
26915
26924
26926
26934
26937
26944
26954
26960
26964
26978
26986
26992
26992
26993
26993
26998
26998
27003
27014
27017
27018
27024
27025
27036
27039
27040
27041
27042
27043
27049
27053
27055
27069
27070
27075
27093
27094
27095
27097
27098
27098
27120
27121
27126
27132
27138
27139
27139
27145
27153
27153
27159
27165
27166
27168
27168
24526
17583
19526
23958
16893
13484
23014
11969
18497
6216
12864
17641
17479
7077
13898
24760
11122
6222
121
26353
20565
15626
29817
7612
131
7
8575
19947
6952
12897
13946
7830
6833
9824
8140
78
29660
7506
12047
18158
13722
1263
5799
7554
8341
26049
2314
25815
8623
8787
22168
29189
766
21986
13153
897
28345
21728
20845
11649
10978
11143
25831
17811
27319
3971
24241
26979
11477
6289
21489
25200
13904
3640
2754
22245
6041
11420
18061
14665
20208
16581
20206
20974
8567
9711
28223
13265
7791
25420
24914
18769
6563
27098
12932
10234
1069
7174
7214
18899
19815
5055
14099
3719
15048
23205
2317
21089
4625
26730
12106
1185
13311
8664
28511
28231
18375
26735
11496
26167
22155
12762
21288
5071
9860
4221
15305
10930
17747
28871
6181
13914
3927
20280
17633
25327
19837
26302
16416
814
23032
4875
8352
6344
13539
6863
4575
1915
9950
22423
4434
8458
5185
25722
13529
21398
6295
5186
8680
24042
4058
14861
7956
14337
11493
1942
9664
7682
28244
2432
8496
21277
7307
16848
3973
27199
64
14900
29114
10014
7323
3548
24824
18860
5622
8353
16610
11918
13540
25290
5960
23950
16503
20269
8287
27996
22211
24303
5678
20455
26735
20527
18084
10395
13727
22057
7594
13791
6957
13060
158
20632
22960
24982
9493
28582
3336
2455
10500
23228
27746
22813
17178
14249
13082
1817
18598
5293
26120
24276
2100
22855
21155
20185
9602
4883
18594
17196
18674
25552
256
18832
22536
23216
20167
8381
28151
29855
10837
8651
23083
8583
1464
16613
29184
14546
18430
17782
26191
20902
18411
28292
13757
15918
24829
29712
20801
13423
16908
15828
15327
23517
11012
7864
23085
1179
16245
21236
1034
27082
6240
469
12017
7704
17082
17554
28603
11864
11688
24794
2766
99
29438
22876
22370
24267
22588
13171
14043
15848
28999
29370
15717
10012
7234
8803
11191
29832
6391
18578
26914
12631
19047
15284
20336
12482
2838
25291
24346
14526
26437
3465
20978
25876
2693
13348
26495
25281
26519
10538
17481
1871
9909
3199
11883
23495
12002
29426
29679
24745
18004
26594
7377
13404
18230
4065
25886
21068
29356
26584
11946
25793
6401
2924
28021
9094
16272
24517
4375
19144
11407
28209
21015
27668
1408
9250
27516
19762
15028
27195
14507
3033
23789
21884
22789
18371
2301
25027
9439
8009
21611
27738
3803
4365
662
8176
13459
23287
9045
24187
18783
20453
22396
16150
18121
23804
25400
15637
19918
10428
12833
4425
19813
12974
2662
18954
1346
4963
13981
17137
12973
11945
14875
23128
16310
21890
1304
29769
21529
16702
308
10312
7155
22704
26462
1628
22860
21862
17266
12778
8642
6451
17204
4808
25777
26218
23762
3475
1181
7744
26965
20506
19689
11840
13634
12351
10082
21291
12120
1611
7993
18781
11923
21500
11485
14737
23128
4346
12951
16746
23476
21594
29549
17032
2754
25327
13250
26516
5154
14432
10612
2119
4938
6653
20312
24925
19004
394
22568
7477
8358
6913
26258
26633
4765
7743
11371
4245
18441
24322
20992
18270
22268
26893
5302
25022
28572
18553
27891
3727
9337
8503
5846
20627
15157
26158
15552
4161
26553
14472
11638
11263
27737
14248
7896
2502
28344
19267
6748
23137
19942
4092
11407
12210
985
16710
13585
29558
11615
11476
9637
20952
19979
15483
11579
5136
11642
3484
15650
14547
24308
3640
25810
22046
17889
3706
24548
16233
29326
7648
9370
19268
11740
27130
7830
19078
13840
21415
24988
25455
2891
4625
22759
29223
20108
4338
10711
8102
14174
26361
29001
8483
6354
24811
529
595
4870
1429
16828
10548
9078
2550
6168
27170
6032
13998
16248
19872
11766
11236
21679
14657
15861
20790
20232
12322
25129
944
20424
15655
3657
19426
24138
10011
20589
1019
10606
1811
2449
3786
12359
17879
12689
18527
15049
18721
8878
7650
14946
20644
18886
12977
11653
11100
3768
1886
23422
5249
2830
20198
20904
12839
9624
21395
22851
6566
22414
9809
8377
1215
13596
27089
25446
2637
15616
10496
21358
846
24498
12656
21490
19736
25634
3144
836
29402
5030
610
4651
14212
20809
1907
27051
6785
23302
26254
19703
22069
6064
28081
23284
26012
25170
18731
28649
17138
5579
26359
17985
6429
9016
15827
26165
11002
18971
3354
10404
353
10316
21407
14565
7477
29666
17969
14263
29321
20575
10318
21390
26639
