0
13
14
32
32
35
40
43
52
72
78
79
85
87
98
106
127
130
136
139
141
146
198
210
218
230
244
248
255
262
263
269
275
285
287
303
309
316
318
319
319
327
327
329
344
388
402
407
412
416
423
424
429
433
473
473
489
503
515
516
516
518
528
532
538
538
558
562
571
585
597
623
625
627
645
670
688
692
700
720
727
728
754
767
787
822
833
840
845
858
881
882
894
895
916
938
964
979
1006
1024
1029
1033
1035
1038
1046
1052
1052
1054
1055
1061
1093
1109
1112
1124
1125
1134
1141
1150
1177
1179
1191
1206
1209
1212
1213
1232
1249
1258
1263
1275
1282
1285
1286
1296
1307
1308
1314
1318
1320
1328
1337
1378
1382
1387
1388
1395
1397
1402
1407
1411
1447
1452
1458
1467
1468
1474
1484
1491
1493
1498
1502
1512
1515
1522
1531
1532
1534
1536
1538
1545
1551
1575
1579
1594
1606
1629
1633
1635
1642
1644
1653
1661
1680
1710
1713
1735
1736
1737
1740
1742
1765
1766
1766
1785
1786
1791
1792
1793
1805
1814
1816
1827
1836
1837
1843
1845
1848
1849
1887
1893
1900
1901
1901
1925
1940
1961
1975
1991
2006
2021
2023
2032
2036
2061
2066
2072
2073
2075
2080
2087
2088
2092
2106
2114
2117
2136
2148
2191
2224
2250
2268
2284
2321
2327
2365
2367
2371
2374
2390
2400
2412
2417
2430
2435
2439
2440
2445
2450
2479
2485
2488
2494
2500
2510
2514
2520
2533
2575
2581
2585
2591
2599
2600
2621
2628
2628
2636
2650
2652
2654
2658
2682
2696
2706
2710
2729
2741
2744
2755
2785
2792
2797
2802
2810
2812
2821
2835
2836
2840
2841
2842
2861
2864
2874
2874
2877
2878
2883
2884
2887
2888
2889
2891
2903
2906
2906
2930
2938
2939
2945
2947
2951
2951
2957
2962
2966
2968
2969
2970
3003
3004
3011
3013
3023
3039
3052
3061
3068
3087
3103
3119
3122
3126
3133
3140
3144
3151
3157
3157
3178
3186
3205
3219
3221
3223
3242
3264
3267
3273
3282
3286
3289
3295
3302
3305
3306
3313
3322
3353
3361
3370
3378
3385
3415
3444
3483
3486
3488
3491
3515
3520
3533
3533
3545
3546
3551
3577
3581
3601
3610
3622
3627
3627
3639
3644
3656
3689
3691
3693
3697
3706
3725
3737
3738
3775
3801
3811
3813
3818
3832
3855
3875
3886
3886
3886
3891
3904
3910
3914
3931
3942
3958
3963
3969
3972
4003
4009
4016
4016
4017
4029
4033
4048
4054
4054
4069
4105
4107
4108
4120
4124
4128
4136
4141
4162
4172
4172
4202
4203
4216
4219
4226
4234
4243
4254
4263
4269
4283
4290
4295
4306
4308
4309
4314
4325
4326
4332
4346
4362
4369
4390
4393
4429
4445
4449
4479
4486
4491
4494
4500
4516
4548
4552
4564
4565
4566
4572
4575
4593
4611
4623
4626
4626
4636
4683
4719
4721
4726
4744
4752
4764
4768
4780
4797
4799
4811
4837
4862
4877
4886
4887
4896
4901
4902
4924
4926
4949
4950
4953
4966
4979
4981
5000
5005
5011
5017
5029
5048
5050
5052
5076
5098
5101
5112
5117
5120
5133
5141
5153
5154
5158
5158
5162
5168
5185
5199
5210
5211
5215
5226
5240
5247
5255
5260
5272
5277
5283
5287
5288
5293
5334
5334
5340
5347
5371
5381
5383
5386
5433
5435
5438
5464
5493
5516
5536
5563
5563
5568
5569
5572
5578
5580
5602
5620
5645
5659
5660
5663
5672
5686
5691
5696
5700
5726
5730
5744
5746
5746
5763
5772
5775
5788
5789
5800
5802
5820
5831
5851
5852
5857
5859
5896
5905
5926
5937
5976
5984
5985
6009
6010
6023
6029
6069
6070
6082
6100
6101
6111
6114
6134
6140
6141
6144
6149
6161
6178
6178
6200
6213
6218
6230
6237
6238
6244
6246
6253
6257
6260
6293
6298
6303
6303
6305
6313
6327
6330
6332
6344
6348
6355
6362
6372
6376
6378
6381
6409
6414
6420
6431
6443
6447
6473
6489
6521
6528
6553
6559
6562
6579
6591
6598
6616
6630
6646
6647
6657
6685
6696
6705
6707
6711
6721
6739
6795
6804
6808
6808
6818
6835
6849
6853
6857
6863
6870
6873
6888
6906
6911
6918
6921
6924
6935
6942
6946
6953
6959
6963
6965
6968
6985
7005
7023
7035
7040
7059
7063
7074
7075
7078
7089
7093
7095
7098
7098
7103
7157
7162
7181
7193
7206
7207
7209
7219
7222
7224
7229
7249
7262
7264
7284
7303
7318
7329
7331
7367
7370
7390
7393
7402
7407
7408
7421
7430
7446
7450
7457
7458
7468
7479
7490
7509
7529
7565
7582
7583
7585
7593
7599
7604
7620
7620
7625
7647
7654
7662
7667
7670
7675
7678
7684
7685
7698
7728
7730
7731
7751
7814
7822
7843
7858
7867
7870
7875
7883
7906
7928
7933
7934
7936
7938
7951
7962
7965
7983
7989
8005
8038
8052
8085
8089
8090
8092
8096
8104
8105
8110
8120
8126
8127
8130
8136
8173
8178
8181
8188
8193
8198
8202
8204
8218
8233
8235
8245
8251
8256
8298
8299
8305
8313
8321
8341
8367
8370
8397
8400
8404
8410
8412
8430
8438
8470
8480
8481
8481
8485
8488
8521
8536
8550
8558
8571
8581
8582
8603
8606
8606
8646
8652
8653
8657
8663
8680
8680
8695
8703
8714
8725
8739
8750
8753
8771
8795
8801
8802
8834
8841
8848
8859
8880
8902
8909
8923
8924
8938
8940
8941
8948
8949
8952
8953
8954
8955
8969
8976
8989
9014
9020
9024
9031
9033
9036
9067
9068
9071
9072
9075
9083
9099
9115
9161
9167
9190
9207
9220
9227
9229
9249
9249
9288
9296
9301
9306
9324
9343
9351
9355
9373
9374
9381
9384
9391
9400
9415
9426
9433
9433
9443
9468
9506
9514
9518
9549
9564
9581
9585
9592
9609
9653
9656
9656
9673
9745
9752
9757
9770
9794
9798
9803
9812
9853
9875
9911
9929
9947
9973
9991
9997
10007
10011
10014
10017
10020
10028
10050
10060
10061
10063
10070
10080
10108
10109
10121
10142
10143
10147
10149
10152
10155
10162
10163
10165
10168
10175
10187
10196
10220
10223
10246
10270
10270
10296
10304
10309
10320
10335
10341
10362
10368
10370
10380
10395
10400
10415
10447
10450
10454
10457
10458
10468
10472
10479
10485
10495
10497
10502
10534
10549
10554
10581
10592
10593
10607
10610
10637
10655
10665
10694
10714
10726
10727
10745
10751
10766
10788
10799
10802
10810
10817
10831
10832
10841
10844
10845
10860
10875
10880
10904
10910
10939
10942
10946
10948
10968
10969
10972
11000
11004
11006
11010
11019
11054
11060
11083
11092
11117
11123
11127
11140
11155
11156
11224
11236
11236
11245
11251
11258
11258
11261
11269
11284
11287
11299
11321
11324
11335
11338
11348
11352
11354
11366
11366
11380
11384
11396
11400
11410
11447
11465
11467
11479
11483
11488
11496
11507
11528
11529
11537
11541
11549
11560
11576
11584
11587
11595
11597
11598
11611
11618
11624
11634
11636
11638
11657
11663
11671
11677
11692
11713
11714
11745
11760
11776
11779
11781
11803
11806
11820
11839
11840
11851
11856
11861
11862
11862
11864
11865
11867
11867
11874
11877
11894
11909
11909
11927
11933
11950
11956
11964
12001
12005
12006
12042
12053
12064
12068
12080
12080
12090
12093
12099
12099
12101
12107
12115
12132
12132
12140
12166
12171
12183
12193
12194
12202
12211
12230
12242
12242
12255
12283
12288
12290
12322
12332
12338
12352
12381
12385
12402
12411
12413
12416
12432
12465
12466
12467
12482
12499
12526
12528
12529
12537
12540
12561
12574
12578
12606
12615
12645
12667
12669
12676
12695
12699
12707
12715
12724
12729
12729
12733
12740
12752
12753
12761
12767
12786
12807
12815
12829
12843
12846
12854
12855
12863
12877
12886
12900
12908
12908
12912
12919
12941
12973
12998
13008
13033
13053
13060
13064
13066
13067
13069
13084
13099
13101
13108
13116
13128
13139
13142
13154
13157
13158
13178
13207
13210
13213
13215
13217
13237
13239
13242
13242
13264
13268
13281
13283
13287
13289
13291
13301
13309
13311
13319
13323
13329
13343
13347
13374
13377
13383
13401
13443
13477
13477
13482
13494
13509
13513
13517
13524
13532
13534
13536
13553
13561
13582
13586
13595
13623
13627
13630
13640
13652
13674
13677
13680
13681
13700
13727
13737
13740
13742
13747
13806
13817
13820
13821
13832
13841
13844
13857
13859
13862
13864
13869
13878
13884
13885
13900
13905
13913
13919
13925
13927
13932
13938
13939
13946
13955
13984
13992
14001
14020
14022
14025
14046
14050
14064
14079
14082
14094
14094
14102
14124
14138
14154
14164
14183
14199
14213
14223
14223
14235
14238
14250
14254
14264
14270
14270
14303
14305
14315
14318
14337
14337
14348
14367
14375
14397
14405
14429
14430
14433
14439
14456
14461
14477
14480
14502
14508
14509
14539
14540
14540
14540
14555
14572
14572
14578
14578
14587
14616
14627
14629
14634
14634
14657
14657
14679
14707
14716
14721
14723
14723
14731
14750
14760
14763
14766
14766
14810
14845
14861
14863
14869
14871
14880
14882
14887
14900
14905
14908
14908
14909
14911
14913
14918
14953
14956
14962
14963
14967
14983
14984
14995
14999
15001
15003
15011
15013
15033
15035
15047
15048
15052
15052
15068
15079
15088
15092
15096
15100
15100
15122
15123
15126
15129
15129
15129
15144
15154
15189
15192
15224
15233
15239
15244
15248
15253
15266
15300
15352
15372
15377
15378
15388
15397
15397
15423
15423
15426
15431
15434
15439
15440
15441
15454
15474
15484
15496
15501
15509
15518
15522
15528
15534
15558
15596
15607
15607
15614
15615
15615
15617
15623
15624
15635
15673
15682
15685
15691
15695
15703
15727
15730
15752
15763
15768
15786
15789
15793
15829
15829
15848
15861
15872
15875
15900
15947
15948
15959
15991
16005
16005
16007
16010
16010
16027
16044
16065
16075
16077
16078
16092
16092
16092
16094
16135
16137
16139
16140
16150
16172
16178
16194
16207
16234
16242
16245
16247
16253
16255
16257
16271
16280
16303
16308
16309
16311
16349
16350
16363
16364
16366
16368
16376
16382
16394
16434
16447
16458
16460
16467
16469
16519
16522
16552
16556
16568
16581
16583
16594
16613
16631
16648
16651
16652
16660
16664
16666
16677
16685
16692
16711
16737
16738
16738
16747
16752
16758
16762
16769
16776
16788
16792
16797
16799
16802
16839
16839
16841
16852
16855
16863
16865
16900
16905
16921
16937
16945
16952
16967
16988
17023
17024
17028
17040
17050
17052
17062
17063
17087
17137
17144
17148
17183
17187
17187
17201
17203
17206
17214
17233
17248
17255
17265
17268
17268
17270
17284
17294
17297
17300
17316
17317
17358
17365
17367
17368
17371
17373
17374
17380
17384
17386
17394
17409
17446
17448
17461
17472
17480
17484
17489
17500
17517
17519
17520
17525
17560
17568
17579
17581
17586
17606
17609
17611
17619
17620
17633
17637
17647
17697
17701
17713
17737
17765
17777
17789
17792
17799
17803
17821
17865
17872
17879
17882
17886
17888
17901
17970
17973
17980
17990
17991
18010
18034
18035
18046
18051
18061
18062
18067
18073
18079
18082
18107
18121
18123
18128
18129
18136
18137
18152
18157
18168
18169
18181
18190
18202
18202
18205
18212
18247
18255
18257
18260
18271
18277
18282
18327
18334
18348
18365
18382
18390
18392
18398
18401
18429
18431
18437
18439
18443
18458
18463
18510
18514
18522
18529
18531
18532
18567
18572
18575
18578
18586
18587
18593
18606
18629
18636
18642
18646
18647
18650
18659
18670
18679
18682
18684
18686
18687
18726
18727
18736
18737
18744
18748
18755
18763
18773
18790
18802
18803
18804
18825
18832
18833
18855
18856
18871
18872
18883
18896
18902
18922
18930
18935
18944
18951
18966
18977
18981
18995
19034
19037
19045
19050
19055
19068
19070
19081
19090
19101
19107
19110
19116
19119
19120
19123
19126
19129
19134
19140
19145
19147
19149
19149
19161
19178
19198
19205
19213
19214
19238
19239
19242
19273
19284
19285
19300
19308
19320
19322
19336
19363
19366
19381
19392
19394
19417
19421
19423
19441
19444
19447
19452
19456
19522
19528
19533
19554
19555
19558
19569
19574
19578
19584
19588
19603
19604
19608
19616
19617
19619
19625
19629
19630
19652
19660
19661
19665
19677
19683
19744
19745
19753
19754
19765
19777
19783
19783
19795
19801
19802
19810
19828
19831
19842
19849
19857
19867
19869
19885
19892
19913
19925
19927
19931
19948
19954
19964
19970
19974
19979
19989
20003
20020
20029
20034
20039
20045
20057
20066
20070
20084
20085
20099
20125
20132
20138
20138
20144
20144
20152
20157
20166
20178
20193
20198
20199
20210
20218
20226
20255
20262
20266
20283
20293
20298
20300
20304
20311
20334
20347
20353
20361
20362
20363
20372
20373
20378
20389
20418
20430
20433
20442
20448
20465
20470
20472
20475
20483
20485
20500
20503
20504
20554
20560
20561
20580
20582
20588
20600
20618
20629
20630
20637
20641
20648
20680
20692
20697
20700
20709
20728
20731
20743
20743
20747
20754
20790
20792
20804
20810
20817
20829
20834
20848
20852
20854
20857
20892
20893
20902
20903
20935
20942
20953
20957
20983
21000
21000
21001
21004
21043
21053
21057
21066
21068
21074
21091
21104
21106
21112
21138
21154
21159
21161
21173
21184
21191
21210
21211
21259
21264
21281
21290
21296
21302
21311
21311
21316
21327
21338
21340
21343
21345
21368
21392
21393
21397
21397
21400
21405
21410
21413
21416
21419
21429
21443
21444
21449
21464
21467
21479
21480
21501
21504
21524
21538
21541
21542
21544
21552
21556
21561
21581
21584
21588
21588
21594
21608
21620
21626
21636
21637
21640
21644
21647
21648
21648
21656
21669
21669
21694
21696
21699
21705
21710
21726
21727
21757
21775
21786
21802
21803
21807
21816
21824
21824
21854
21858
21868
21872
21893
21895
21910
21916
21928
21950
21955
21967
21967
22001
22014
22016
22050
22051
22055
22057
22062
22073
22077
22084
22088
22112
22124
22130
22133
22160
22181
22205
22218
22219
22225
22235
22237
22238
22255
22277
22279
22303
22317
22343
22352
22367
22382
22391
22425
22430
22433
22434
22438
22450
22452
22481
22526
22527
22532
22539
22544
22545
22562
22568
22571
22578
22581
22598
22611
22614
22623
22625
22644
22648
22674
22702
22725
22741
22748
22760
22768
22773
22812
22813
22833
22837
22843
22850
22850
22871
22874
22887
22900
22904
22916
22918
22919
22929
22953
22970
22975
22985
23011
23080
23085
23094
23129
23141
23145
23153
23163
23188
23191
23196
23201
23205
23213
23216
23233
23239
23247
23248
23256
23292
23294
23314
23318
23330
23398
23403
23412
23428
23453
23462
23467
23470
23471
23475
23487
23515
23521
23547
23552
23559
23564
23569
23571
23578
23588
23598
23604
23634
23640
23641
23645
23656
23665
23668
23683
23703
23719
23728
23756
23763
23776
23776
23781
23786
23786
23805
23807
23860
23868
23872
23876
23882
23883
23892
23897
23920
23939
23939
23940
23943
23960
23963
23972
24013
24013
24026
24027
24041
24047
24047
24083
24101
24104
24107
24117
24124
24125
24126
24133
24135
24145
24153
24176
24186
24188
24188
24189
24198
24235
24241
24241
24243
24266
24267
24281
24282
24286
24316
24322
24340
24348
24356
24391
24392
24401
24401
24427
24430
24431
24445
24471
24480
24483
24492
24492
24498
24500
24500
24511
24580
24580
24597
24601
24615
24618
24635
24648
24648
24653
24653
24661
24661
24668
24679
24682
24692
24718
24721
24731
24732
24740
24758
24764
24767
24771
24777
24780
24788
24790
24799
24800
24801
24802
24809
24814
24815
24836
24843
24846
24885
24938
24941
24944
24964
24981
24991
24994
25018
25019
25021
25023
25074
25093
25117
25125
25132
25143
25162
25190
25206
25212
25215
25217
25223
25239
25288
25290
25306
25309
25318
25323
25335
25351
25358
25361
25361
25382
25383
25406
25418
25431
25444
25449
25452
25471
25473
25483
25500
25500
25535
25551
25554
25555
25557
25558
25561
25562
25563
25564
25567
25571
25579
25580
25587
25590
25593
25595
25605
25610
25617
25617
25618
25632
25650
25656
25659
25661
25663
25663
25679
25690
25701
25715
25721
25723
25761
25794
25832
25858
25863
25887
25892
25921
25921
25921
25933
25933
25933
25943
25959
25969
25993
25995
26000
26012
26030
26037
26049
26054
26078
26093
26102
26122
26127
26128
26133
26136
26148
26153
26158
26172
26178
26183
26188
26189
26198
26198
26209
26222
26231
26233
26242
26246
26254
26259
26269
26273
26281
26289
26322
26326
26329
26338
26366
26372
26383
26414
26463
26464
26489
26496
26506
26508
26510
26518
26524
26543
26544
26546
26551
26562
26563
26570
26574
26574
26582
26598
26605
26607
26616
26626
26655
26673
26674
26686
26695
26697
26700
26708
26715
26718
26722
26727
26742
26750
26752
26758
26759
26763
26771
26776
26782
26783
26788
26814
26823
26823
26836
26844
26846
26849
26872
26891
26894
26905
26964
26980
26991
27001
27014
27034
27056
27076
27080
27096
27102
27102
27105
27109
27116
27121
27133
27142
27148
27159
27164
27181
27190
27200
27232
27234
27247
27314
27338
27342
27345
27349
27356
27357
27366
27366
27373
27397
27404
27408
27414
27415
27415
27427
27431
27431
27435
27438
27452
27481
27491
27495
27500
27509
27522
27532
27564
27566
27595
27603
27620
27629
27638
27640
27641
27669
27670
27675
27675
27699
27712
27713
27714
27724
27745
27760
27763
27768
27788
27798
27832
27838
27841
27843
27849
27850
27856
27866
27872
27887
27891
27898
27906
27909
27930
27950
27952
27994
28006
28007
28019
28043
28062
28063
28067
28085
28085
28089
28121
28122
28143
28146
28148
28163
28164
28177
28197
28204
28212
28217
28223
28223
28227
28267
28282
28282
28293
28306
28309
28337
28349
28374
28385
28388
28389
28403
28411
28419
28429
28443
28447
28447
28452
28488
28492
28496
28509
28510
28515
28523
28524
28532
28535
28539
28550
28559
28616
28625
28634
28636
28665
28666
28671
28678
28683
28704
28789
28795
28799
28811
28819
28831
28839
28871
28874
28900
28907
28908
28908
28919
28940
28947
28975
28977
28982
28984
29008
29012
29022
29034
29084
29112
29124
29130
29140
29144
29149
29155
29169
29173
29174
29195
29198
29221
29263
29266
29273
29281
29293
29315
29317
29318
29338
29355
29359
29365
29367
29367
29372
29374
29384
29390
29395
29397
29399
29401
29407
29413
29440
29459
29459
29465
29474
29494
29501
29506
29515
29538
29539
29547
29548
29555
29559
29565
29567
29572
29577
29616
29639
29639
29645
29647
29656
29656
29659
29667
29669
29683
29690
29694
29709
29711
29715
29724
29732
29770
29778
29779
29783
29792
29794
29802
29803
29811
29839
29841
29863
29882
29892
29912
29927
29932
29934
29937
29976
29981
29994
30037
30038
30050
30057
30073
30074
30087
30105
30118
30129
30129
30137
30149
30152
30171
30171
30173
30174
30189
30212
30219
30236
30256
30260
30279
30280
30285
30285
30289
30291
30293
30296
30307
30311
30322
30326
30355
30365
30381
30390
30390
30395
30414
30421
30438
30446
30459
30466
30472
30476
30480
30508
30517
30517
30531
30538
30539
30551
30561
30568
30581
30591
30616
30644
30658
30683
30687
30697
30697
30711
30720
30735
30763
30802
30804
30812
30812
30822
30834
30838
30840
30852
30853
30854
30864
30907
30930
30931
30935
30941
30957
30960
30986
30994
30998
31012
31012
31034
31039
31045
31060
31091
31093
31113
31126
31166
31172
31174
31178
31193
31195
31197
31219
31219
31222
31258
31260
31307
31314
31322
31333
31334
31339
31355
31361
31389
31395
31399
31404
31431
31451
31470
31481
31481
31510
31547
31548
31550
31557
31560
31561
31568
31574
31576
31593
31602
31613
31614
31614
31619
31658
31674
31703
31719
31721
31721
31737
31748
31764
31771
31795
31805
31839
31841
31845
31874
31879
31888
31926
31935
31954
31991
32000
32003
32016
32018
32032
32038
32053
32055
32062
32087
32090
32096
32099
32111
32121
32126
32130
32148
32165
32165
32169
32187
32192
32217
32222
32233
32236
32247
32253
32272
32273
32287
32288
32293
32294
32295
32317
32319
32320
32328
32330
32332
32343
32353
32358
32378
32378
32381
32396
32400
32417
32430
32442
32457
32464
32480
32482
32501
32506
32534
32546
32549
32555
32577
32582
32592
32593
32616
32641
32655
32679
32683
32713
32720
32720
32752
32753
32790
32801
32817
32818
32822
32823
32826
32831
32848
32854
32855
32862
32865
32867
32872
32877
32902
32905
32909
32911
32911
32920
32923
32956
32962
32978
32979
33074
33079
33079
33104
33106
33115
33118
33153
33160
33164
33173
33174
33223
33225
33244
33253
33261
33262
33263
33308
33331
33333
33334
33334
33341
33355
33360
33366
33372
33374
33411
33436
33446
33448
33451
33469
33471
33474
33480
33488
33494
33515
33532
33541
33541
33544
33547
33553
33577
33589
33595
33621
33630
33631
33669
33675
33682
33694
33706
33706
33710
33769
33780
33790
33831
33841
33851
33862
33864
33864
33877
33887
33894
33895
33905
33922
33959
33978
33996
34000
34006
34027
34034
34053
34075
34109
34118
34119
34123
34134
34137
34141
34151
34168
34181
34186
34199
34206
34213
34215
34215
34270
34281
34281
34312
34333
34341
34348
34390
34403
34410
34423
34443
34450
34461
34493
34508
34518
34520
34529
34532
34553
34555
34555
34566
34595
34599
34601
34603
34607
34619
34621
34632
34641
34643
34651
34659
34659
34664
34676
34687
34701
34725
34725
34731
34735
34738
34739
34743
34756
34762
34765
34787
34794
34795
34808
34813
34814
34821
34821
34823
34825
34827
34841
34844
34855
34862
34889
34902
34913
34919
34928
34940
34941
34942
34954
34960
34978
34982
34985
34999
35002
35002
35012
35017
35019
35022
35023
35024
35034
35059
35061
35075
35092
35095
35100
35100
35101
35101
35105
35120
35122
35138
35151
35153
35155
35175
35179
35184
35190
35198
35199
35206
35209
35214
35236
35245
35251
35258
35260
35271
35292
35300
35307
35315
35324
35339
35354
35385
35404
35406
35416
35419
35419
35437
35439
35460
35465
35467
35482
35486
35487
35499
35512
35519
35521
35522
35528
35549
35553
35564
35572
35575
35590
35610
35616
35628
35642
35664
35668
35671
35672
35678
35709
35722
35745
35756
35757
35766
35783
35788
35798
35801
35817
35817
35818
35824
35826
35835
35837
35849
35858
35871
35883
35883
35909
35914
35925
35932
35934
35940
35942
35945
35954
35954
35963
35967
35972
35976
35979
35994
36005
36016
36020
36042
36048
36055
36065
36069
36076
36086
36103
36112
36120
36140
36149
36159
36170
36175
36201
36207
36223
36229
36239
36239
36250
36251
36298
36299
36301
36301
36302
36317
36319
36322
36339
36340
36344
36364
36380
36386
36393
36404
36407
36419
36445
36451
36453
36455
36458
36463
36464
36468
36490
36494
36500
36510
36532
36534
36545
36587
36597
36604
36628
36633
36639
36645
36657
36658
36687
36691
36710
36719
36732
36733
36757
36758
36765
36781
36783
36790
36795
36795
36801
36811
36818
36819
36831
36835
36849
36862
36878
36879
36903
36917
36921
36958
36971
36971
36977
36994
36994
37000
37005
37013
37029
37051
37078
37100
37124
37133
37145
37147
37147
37157
37179
37190
37198
37216
37224
37235
37254
37268
37280
37287
37287
37294
37301
37302
37304
37304
37306
37325
37347
37348
37358
37359
37380
37380
37382
37412
37427
37430
37431
37431
37445
37464
37479
37483
37498
37511
37519
37525
37529
37532
37537
37539
37540
37557
37563
37589
37589
37592
37600
37615
37627
37646
37650
37650
37675
37695
37705
37705
37717
37719
37726
37735
37742
37750
37761
37769
37771
37774
37774
37776
37822
37850
37852
37853
37857
37858
37885
37907
37914
37926
37933
37936
37942
37996
38019
38024
38043
38054
38054
38058
38074
38119
38129
38141
38146
38205
38228
38275
38280
38281
38284
38289
38290
38296
38306
38354
38358
38365
38371
38375
38381
38382
38385
38385
38388
38402
38402
38407
38408
38414
38416
38426
38440
38451
38452
38464
38479
38490
38495
38516
38534
38559
38563
38564
38565
38574
38582
38588
38591
38593
38593
38599
38603
38603
38607
38623
38625
38626
38629
38649
38664
38677
38712
38723
38764
38765
38770
38785
38792
38802
38808
38813
38819
38822
38825
38832
38859
38869
38871
38873
38874
38882
38887
38891
38894
38905
38927
38929
38940
38944
38953
38976
38978
38980
38992
38994
39014
39016
39026
39031
39032
39040
39043
39044
39050
39051
39059
39083
39083
39087
39108
39117
39129
39134
39139
39141
39142
39147
39157
39178
39185
39195
39201
39223
39224
39225
39235
39238
39239
39244
39264
39273
39275
39282
39288
39290
39291
39303
39308
39317
39331
39342
39342
39343
39367
39374
39375
39383
39392
39392
39397
39418
39425
39425
39441
39450
39452
39464
39471
39487
39495
39515
39523
39527
39534
39543
39573
39580
39582
39599
39623
39630
39641
39644
39645
39647
39660
39671
39672
39672
39683
39700
39718
39725
39732
39734
39747
39749
39815
39816
39824
39837
39841
39871
39878
39880
39898
39899
39900
39906
39912
39930
39949
39950
39951
39955
39976
39980
39982
39982
40008
40053
40058
40061
40065
40082
40098
40106
40107
40109
40121
40139
40147
40157
40168
40174
40181
40189
40191
40192
40197
40209
40220
40221
40229
40260
40264
40265
40273
40299
40319
40320
40326
40335
40356
40366
40368
40369
40382
40386
40390
40417
40421
40452
40464
40477
40478
40490
40522
40530
40537
40541
40544
40545
40566
40587
40616
40634
40653
40661
40672
40682
40689
40695
40712
40714
40728
40733
40748
40755
40779
40792
40798
40804
40805
40815
40831
40832
40833
40837
40840
40846
40880
40901
40930
40943
40956
40966
40968
40972
40974
40975
40977
41021
41023
41034
41060
41068
41074
41083
41084
41092
41099
41099
41101
41115
41130
41143
41151
41155
41174
41183
41200
41217
41219
41225
41245
41275
41283
41287
41291
41292
41296
41306
41327
41328
41376
41381
41392
41394
41397
41401
41418
41435
41441
41458
41473
41486
41494
41510
41550
41563
41568
41575
41577
41585
41591
41595
41596
41599
41615
41634
41635
41649
41661
41682
41690
41696
41708
41709
41710
41710
41752
41762
41763
41770
41776
41785
41786
41801
41809
41820
41830
41850
41868
41879
41883
41887
41899
41918
41931
41932
41946
41950
41951
41959
41977
41985
41985
42000
42001
42002
42003
42006
42012
42033
42035
42036
42044
42053
42077
42087
42096
42101
42101
42123
42170
42177
42183
42183
42196
42200
42206
42207
42210
42213
42214
42240
42246
42265
42266
42278
42289
42291
42310
42326
42343
42354
42360
42366
42370
42375
42375
42382
42387
42406
42407
42418
42421
42426
42428
42432
42441
42447
42449
42463
42472
42476
42477
42483
42506
42514
42516
42533
42545
42577
42606
42619
42654
42668
42677
42681
42686
42698
42720
42722
42733
42739
42746
42775
42780
42801
42808
42823
42836
42852
42853
42870
42870
42884
42889
42919
42933
42968
42997
43005
43006
43008
43009
43018
43022
43025
43041
43057
43071
43073
43089
43119
43125
43141
43142
43160
43165
43170
43177
43188
43193
43210
43211
43216
43219
43233
43245
43249
43258
43264
43269
43296
43299
43301
43313
43318
43328
43336
43358
43363
43371
43371
43387
43394
43395
43406
43409
43412
43417
43427
43431
43437
43439
43456
43469
43470
43492
43497
43500
43501
43513
43569
43570
43584
43598
43604
43611
43643
43668
43673
43678
43695
43697
43706
43731
43731
43733
43736
43764
43774
43812
43837
43845
43848
43850
43866
43878
43879
43883
43886
43903
43914
43930
43939
43941
43949
43951
43959
43984
43985
44010
44016
44053
44057
44059
44077
44086
44100
44100
44103
44111
44125
44130
44133
44141
44145
44148
44152
44154
44181
44191
44191
44195
44205
44208
44219
44221
44224
44247
44248
44251
44256
44275
44282
44310
44312
44332
44346
44346
44357
44367
44374
44376
44381
44384
44387
44391
44395
44407
44419
44424
44439
44440
44455
44477
44484
44495
44495
44500
44531
44535
44538
44549
44563
44565
44575
44587
44597
44610
44610
44619
44623
44624
44632
44636
44637
44642
44647
44658
44674
44675
44680
44687
44705
44729
44731
44733
44736
44758
44761
44765
44773
44777
44781
44786
44791
44797
44804
44818
44821
44837
44848
44860
44889
44892
44911
44912
44919
44924
44930
44941
44944
44945
44956
44960
44973
44983
44995
45003
45012
45015
45051
45082
45100
45117
45125
45144
45157
45158
45164
45190
45194
45213
45218
45234
45234
45255
45269
45281
45288
45292
45299
45312
45335
45343
45352
45356
45357
45385
45396
45403
45415
45415
45462
45466
45467
45474
45475
45488
45537
45540
45540
45566
45576
45590
45603
45610
45616
45620
45634
45647
45654
45661
45670
45670
45670
45673
45675
45681
45695
45708
45720
45732
45737
45761
45762
45801
45803
45817
45819
45848
45850
45875
45880
45907
45926
45940
45945
45954
45975
45977
45996
45999
46009
46009
46011
46013
46040
46043
46075
46108
46123
46125
46128
46131
46146
46147
46181
46189
46204
46210
46226
46226
46266
46281
46297
46305
46323
46336
46385
46393
46424
46446
46453
46454
46455
46472
46532
46536
46553
46569
46589
46603
46606
46606
46608
46614
46622
46635
46650
46660
46663
46678
46678
46693
46706
46725
46725
46757
46764
46769
46772
46778
46779
46783
46794
46794
46804
46808
46813
46827
46867
46900
46902
46903
46930
46932
46940
46949
46950
46956
46959
46964
46973
46978
46985
46992
46998
47003
47013
47025
47038
47041
47050
47050
47068
47079
47083
47084
47102
47114
47137
47149
47150
47160
47162
47175
47217
47227
47284
47291
47299
47303
47304
47315
47343
47350
47351
47353
47363
47386
47402
47436
47447
47455
47457
47484
47485
47492
47497
47512
47517
47540
47546
47547
47565
47573
47573
47583
47585
47609
47613
47615
47623
47626
47626
47632
47643
47670
47675
47676
47703
47713
47728
47740
47745
47750
47755
47773
47781
47781
47782
47782
47783
47824
47842
47852
47854
47857
47857
47859
47865
47878
47906
47913
47928
47932
47944
47958
47978
47982
47986
47992
47998
48011
48013
48030
48033
48057
48058
48072
48073
48089
48097
48098
48118
48123
48136
48141
48144
48145
48148
48160
48177
48195
48202
48206
48218
48223
48225
48234
48259
48263
48287
48330
48333
48335
48361
48381
48381
48396
48411
48412
48430
48432
48432
48490
48500
48506
48513
48523
48528
48531
48534
48535
48540
48548
48559
48564
48585
48589
48592
48595
48607
48637
48649
48657
48660
48663
48666
48679
48690
48702
48705
48708
48710
48722
48738
48747
48769
48781
48815
48822
48834
48834
48839
48850
48872
48901
48913
48927
48943
48963
48964
48972
48982
48993
49007
49015
49046
49067
49079
49131
49132
49145
49170
49176
49176
49180
49181
49181
49181
49186
49192
49203
49204
49250
49255
49262
49272
49294
49310
49315
49317
49368
49390
49401
49427
49438
49467
49469
49469
49488
49517
49522
49535
49567
49570
49590
49593
49600
49607
49610
49611
49619
49620
49639
49657
49661
49679
49681
49682
49688
49689
49700
49705
49706
49707
49715
49720
49725
49737
49742
49751
49753
49756
49767
49783
49799
49836
49839
49839
49843
49857
49860
49871
49871
49935
49944
49955
49989
49998
49998
50009
50010
50029
50046
50056
50062
50064
50066
50085
50088
50102
50105
50106
50127
50132
50153
50168
50179
50185
50193
50194
50205
50207
50228
50228
50229
50236
50237
50244
50257
50261
50271
50274
50280
50311
50327
50358
50362
50386
50392
50393
50398
50419
50422
50426
50427
50448
50450
50452
50474
50477
50495
50500
50505
50505
50517
50530
50554
50576
50577
50582
50586
50591
50592
50613
50617
50624
50633
50643
50644
50645
50696
50700
50700
50703
50739
50746
50747
50752
50753
50765
50784
50792
50792
50810
50822
50838
50841
50844
50861
50880
50904
50915
50934
50943
50980
50984
50987
50990
50990
51005
51006
51015
51024
51030
51056
51106
51106
51118
51123
51140
51142
51156
51160
51188
51189
51196
51211
51211
51222
51233
51236
51240
51244
51275
51281
51285
51340
51350
51375
51391
51405
51406
51408
51412
51417
51429
51433
51439
51445
51464
51501
51529
51538
51541
51553
51562
51566
51568
51569
51571
51588
51617
51632
51633
51635
51646
51651
51653
51661
51666
51676
51695
51699
51718
51741
51742
51755
51757
51758
51764
51770
51776
51782
51790
51795
51807
51810
51813
51847
51847
51854
51856
51856
51856
51864
51865
51901
51932
51946
51947
51978
51978
51981
51983
51986
51993
52002
52002
52019
52053
52056
52071
52075
52081
52102
52107
52112
52112
52136
52170
52171
52186
52187
52211
52213
52229
52232
52236
52246
52246
52250
52262
52265
52269
52281
52284
52290
52295
52296
52303
52307
52314
52320
52324
52337
52338
52352
52372
52374
52394
52400
52411
52470
52481
52504
52509
52513
52520
52524
52549
52567
52579
52586
52598
52599
52608
52608
52613
52625
52639
52639
52644
52650
52653
52658
52658
52661
52666
52671
52673
52679
52701
52701
52702
52710
52734
52735
52741
52745
52760
52766
52767
52775
52782
52793
52810
52817
52822
52828
52830
52840
52848
52852
52854
52857
52866
52871
52877
52943
52964
52975
52999
53000
53006
53022
53023
53038
53050
53056
53095
53099
53122
53130
53137
53147
53164
53165
53165
53167
53181
53196
53204
53210
53213
53229
53245
53290
53294
53303
53320
53320
53320
53347
53364
53378
53384
53387
53390
53407
53424
53428
53443
53465
53503
53509
53530
53548
53557
53564
53566
53569
53603
53608
53637
53648
53674
53674
53685
53685
53686
53691
53698
53699
53700
53702
53705
53712
53719
53730
53737
53762
53763
53773
53802
53804
53807
53822
53824
53890
53897
53898
53904
53928
53932
53941
53946
53969
53971
53976
54002
54008
54010
54023
54038
54057
54069
54071
54073
54074
54078
54081
54099
54117
54122
54136
54139
54142
54144
54157
54160
54178
54181
54195
54220
54225
54233
54238
54246
54265
54271
54287
54298
54309
54317
54324
54334
54337
54350
54358
54363
54363
54372
54380
54392
54395
54426
54436
54456
54464
54469
54478
54479
54481
54498
54500
54520
54520
54530
54533
54536
54537
54537
54547
54561
54564
54580
54585
54585
54601
54610
54615
54630
54638
54638
54644
54648
54654
54665
54677
54679
54681
54693
54702
54706
54710
54720
54720
54727
54748
54773
54798
54809
54810
54817
54838
54839
54857
54874
54879
54910
54916
54920
54923
54936
54939
54943
54960
54965
54971
54975
54979
54988
54997
55010
55018
55019
55021
55027
55031
55033
55043
55055
55077
55083
55085
55089
55091
55091
55092
55117
55130
55130
55148
55167
55171
55186
55196
55252
55255
55260
55265
55269
55287
55288
55303
55316
55327
55333
55340
55347
55363
55368
55376
55378
55379
55397
55401
55419
55423
55426
55426
55437
55439
55442
55453
55466
55472
55493
55496
55501
55527
55529
55540
55551
55556
55570
55570
55588
55591
55591
55597
55608
55615
55617
55618
55619
55620
55629
55632
55637
55644
55681
55700
55701
55702
55705
55705
55707
55723
55730
55756
55772
55797
55802
55803
55803
55815
55821
55825
55835
55841
55855
55884
55941
55942
55960
55988
55988
55988
55999
56012
56022
56037
56058
56078
56088
56091
56108
56137
56138
56142
56147
56158
56160
56163
56171
56172
56174
56175
56189
56191
56205
56210
56238
56241
56265
56266
56279
56282
56301
56333
56336
56337
56337
56344
56346
56376
56380
56395
56416
56421
56423
56430
56436
56448
56494
56512
56514
56546
56568
56573
56587
56587
56601
56607
56610
56615
56621
56623
56623
56627
56636
56644
56650
56652
56669
56703
56706
56715
56726
56727
56757
56774
56805
56811
56815
56823
56826
56828
56837
56844
56860
56866
56878
56885
56890
56894
56902
56911
56919
56937
56942
56958
56968
56994
56994
56997
56999
57019
57029
57029
57056
57074
57092
57105
57110
57140
57154
57158
57159
57169
57170
57172
57177
57181
57190
57207
57209
57285
57311
57314
57321
57322
57336
57339
57345
57347
57347
57356
57369
57414
57424
57432
57453
57454
57456
57460
57468
57488
57492
57499
57514
57525
57526
57545
57547
57554
57555
57562
57568
57573
57580
57584
57589
57597
57605
57611
57612
57618
57622
57625
57639
57646
57651
57654
57660
57663
57678
57699
57719
57727
57732
57735
57750
57774
57777
57789
57794
57800
57813
57837
57837
57843
57856
57859
57873
57879
57886
57888
57900
57906
57926
57933
57934
57960
57962
57970
57990
57996
58004
58008
58010
58028
58034
58041
58072
58078
58084
58089
58093
58099
58101
58106
58111
58116
58119
58122
58130
58140
58169
58182
58200
58212
58245
58247
58249
58271
58274
58279
58290
58318
58334
58341
58343
58355
58368
58370
58370
58372
58382
58383
58396
58410
58425
58440
58451
58457
58460
58492
58493
58496
58496
58497
58500
58509
58524
58525
58529
58535
58543
58556
58566
58574
58584
58604
58610
58611
58614
58625
58648
58662
58667
58669
58683
58689
58695
58716
58717
58727
58734
58785
58820
58853
58856
58899
58902
58909
58911
58913
58925
58957
58960
58964
58979
58982
58988
58993
59018
59032
59039
59088
59098
59109
59114
59124
59193
59194
59198
59203
59204
59214
59218
59226
59228
59232
59269
59270
59272
59280
59292
59296
59305
59326
59331
59354
59366
59367
59379
59382
59394
59402
59413
59415
59431
59435
59455
59470
59474
59490
59518
59518
59525
59526
59535
59564
59565
59566
59569
59573
59594
59603
59607
59610
59654
59666
59669
59690
59691
59691
59721
59741
59747
59761
59790
59815
59816
59821
59822
59832
59837
59842
59842
59846
59849
59854
59859
59872
59891
59894
59895
59895
59897
59903
59905
59916
59918
59920
59925
59928
59937
59947
59948
59965
59985
59985
59989
59994
60006
60010
60012
60037
60050
60060
60062
60087
60089
60095
60098
60115
60136
60154
60157
60170
60174
60175
60181
60189
60190
60193
60195
60217
60253
60261
60269
60270
60291
60292
60298
60310
60312
60317
60319
60324
60328
60337
60342
60346
60352
60371
60372
60372
60378
60389
60390
60395
60396
60400
60405
60406
60419
60452
60452
60456
60467
60479
60483
60484
60501
60513
60515
60521
60536
60542
60564
60569
60574
60580
60598
60602
60604
60607
60623
60623
60646
60657
60661
60661
60663
60663
60685
60701
60706
60713
60721
60732
60740
60756
60793
60799
60808
60822
60846
60850
60860
60894
60903
60907
60914
60919
60933
60934
60947
60986
61001
61006
61008
61016
61017
61021
61040
61051
61053
61068
61085
61095
61103
61108
61116
61123
61125
61131
61136
61138
61143
61160
61191
61204
61215
61223
61238
61249
61271
61276
61291
61292
61299
61302
61328
61335
61336
61339
61343
61347
61362
61389
61395
61403
61409
61411
61415
61416
61416
61419
61420
61431
61445
61448
61469
61476
61489
61494
61502
61503
61517
61518
61521
61523
61528
61563
61565
61575
61575
61589
61600
61602
61623
61628
61658
61661
61685
61686
61689
61697
61715
61716
61739
61741
61742
61765
61773
61782
61807
61819
61827
61835
61842
61874
61895
61922
61932
61945
61949
61957
61962
61981
62015
62021
62026
62030
62031
62036
62039
62044
62045
62048
62053
62061
62061
62062
62071
62085
62112
62124
62153
62154
62160
62164
62170
62184
62187
62203
62205
62206
62223
62230
62251
62254
62263
62264
62271
62275
62343
62376
62401
62401
62402
62409
62415
62430
62444
62458
62461
62463
62467
62468
62488
62507
62507
62510
62519
62541
62544
62550
62551
62559
62561
62562
62568
62575
62585
62593
62600
62607
62634
62647
62650
62662
62678
62679
62687
62709
62728
62735
62741
62761
62767
62773
62774
62783
62789
62796
62806
62816
62819
62821
62827
62829
62829
62835
62861
62868
62882
62889
62907
62909
62912
62913
62918
62935
62941
62948
62950
62978
62988
62991
63033
63034
63043
63045
63052
63059
63064
63065
63072
63074
63080
63108
63112
63119
63132
63135
63137
63145
63145
63158
63183
63184
63187
63193
63195
63203
63227
63238
63246
63247
63257
63264
63267
63272
63284
63297
63298
63299
63304
63306
63314
63329
63333
63346
63347
63350
63366
63372
63372
63374
63405
63408
63424
63424
63430
63430
63432
63432
63475
63489
63491
63507
63509
63533
63546
63557
63596
63601
63609
63611
63620
63646
63647
63661
63671
63673
63674
63712
63735
63755
63764
63794
63794
63797
63806
63850
63865
63873
63875
63891
63895
63900
63916
63922
63935
63935
63939
63949
63962
63988
63996
64002
64014
64020
64024
64029
64030
64045
64061
64091
64116
64129
64129
64139
64142
64158
64163
64188
64235
64239
64245
64273
64310
64328
64332
64334
64344
64349
64362
64362
64373
64392
64397
64409
64417
64425
64442
64454
64456
64458
64464
64470
64493
64502
64506
64514
64514
64524
64548
64555
64569
64575
64580
64596
64597
64600
64612
64619
64622
64631
64642
64673
64686
64691
64694
64695
64706
64712
64714
64717
64720
64739
64745
64752
64756
64760
64769
64781
64786
64793
64795
64805
64821
64823
64847
64855
64869
64882
64907
64917
64925
64926
64934
64936
64967
64972
64988
65003
65003
65004
65008
65017
65018
65018
65041
65046
65053
65055
65065
65126
65156
65175
65205
65216
65221
65230
65232
65246
65264
65271
65277
65283
65298
65302
65307
65315
65323
65326
65326
65327
65339
65345
65346
65351
65352
65358
65363
65363
65376
65393
65394
65401
65407
65408
65413
65415
65421
65422
65439
65441
65485
65490
65496
65511
65522
65522
65526
65527
65533
65571
65572
65572
65597
65598
65612
65633
65638
65645
65658
65667
65669
65678
65694
65700
65725
65732
65756
65768
65771
65780
65783
65789
65804
65823
65844
65862
65870
65892
65904
65918
65921
65925
65931
65941
65943
65944
65945
65990
65995
66000
66015
66018
66047
66060
66071
66084
66091
66094
66100
66101
66101
66102
66111
66111
66136
66167
66168
66190
66199
66245
66253
66259
66262
66264
66277
66277
66278
66283
66309
66315
66341
66351
66353
66366
66371
66372
66387
66388
66396
66402
66434
66444
66448
66457
66457
66466
66474
66474
66475
66475
66478
66480
66489
66499
66526
66537
66545
66554
66569
66571
66582
66597
66611
66622
66624
66627
66630
66639
66641
66647
66650
66653
66657
66660
66679
66731
66733
66733
66753
66753
66766
66771
66794
66813
66816
66821
66831
66833
66837
66843
66849
66853
66864
66879
66881
66885
66887
66899
66905
66934
66947
66957
66976
66987
66996
67027
67053
67070
67092
67099
67103
67104
67112
67112
67121
67138
67142
67152
67167
67188
67208
67219
67232
67242
67258
67268
67277
67278
67298
67306
67331
67334
67344
67349
67362
67369
67371
67385
67391
67421
67423
67425
67436
67447
67457
67469
67474
67482
67484
67484
67500
67546
67556
67565
67570
67582
67594
67606
67639
67645
67648
67655
67659
67678
67684
67703
67704
67739
67745
67745
67749
67752
67757
67757
67764
67774
67776
67789
67802
67805
67811
67869
67872
67882
67934
67943
67943
67966
67970
67982
68001
68009
68018
68026
68041
68048
68052
68058
68061
68091
68106
68112
68129
68150
68151
68155
68162
68162
68175
68182
68191
68205
68229
68231
68251
68276
68277
68295
68324
68331
68338
68365
68377
68396
68398
68411
68413
68427
68434
68438
68457
68473
68499
68501
68514
68540
68545
68584
68589
68610
68617
68626
68645
68668
68681
68694
68700
68708
68739
68747
68769
68778
68778
68780
68785
68793
68817
68821
68830
68839
68842
68846
68865
68872
68879
68896
68923
68937
68938
68968
68994
69020
69032
69033
69040
69090
69094
69108
69112
69115
69134
69134
69155
69164
69184
69186
69187
69189
69199
69216
69224
69231
69251
69285
69289
69290
69306
69316
69317
69320
69340
69341
69348
69357
69363
69380
69389
69400
69401
69406
69406
69413
69435
69436
69440
69448
69449
69485
69487
69489
69490
69517
69525
69529
69533
69533
69542
69544
69552
69555
69559
69559
69562
69568
69571
69573
69577
69579
69583
69603
69615
69635
69644
69654
69654
69673
69678
69690
69690
69710
69713
69714
69724
69729
69729
69740
69745
69762
69786
69793
69812
69832
69839
69860
69880
69886
69887
69890
69896
69907
69908
69909
69911
69919
69923
69943
69944
69959
69978
69980
69982
69996
70005
70008
70010
70032
70043
70052
70061
70113
70115
70116
70135
70136
70139
70185
70196
70211
70223
70224
70236
70244
70251
70252
70252
70267
70301
70304
70311
70316
70319
70325
70328
70331
70335
70336
70345
70351
70366
70378
70385
70388
70389
70393
70398
70398
70401
70414
70422
70439
70442
70460
70464
70473
70479
70496
70523
70523
70545
70554
70565
70566
70584
70592
70599
70599
70600
70628
70633
70643
70659
70669
70673
70679
70686
70694
70704
70722
70729
70731
70735
70735
70741
70744
70780
70781
70806
70808
70820
70822
70826
70841
70844
70845
70855
70859
70886
70911
70923
70947
70953
70964
70966
70979
70979
71002
71006
71025
71035
71049
71063
71087
71088
71089
71096
71117
71123
71125
71131
71142
71150
71160
71161
71171
71172
71173
71177
71180
71183
71194
71204
71213
71240
71252
71258
71265
71267
71296
71334
71351
71362
71381
71391
71392
71396
71400
71403
71414
71418
71420
71472
71473
71473
71502
71515
71517
71528
71536
71548
71553
71560
71596
71606
71617
71647
71664
71667
71686
71726
71735
71736
71745
71764
71767
71784
71787
71796
71805
71809
71811
71812
71838
71850
71851
71855
71860
71863
71900
71900
71922
71931
71935
71937
71943
71968
71988
71993
71996
72001
72010
72016
72021
72023
72028
72042
72042
72045
72047
72057
72065
72071
72079
72083
72085
72106
72127
72136
72144
72153
72156
72164
72165
72166
72188
72195
72202
72206
72209
72217
72225
72234
72250
72263
72266
72267
72301
72302
72317
72327
72341
72355
72355
72358
72362
72372
72378
72381
72390
72398
72398
72424
72430
72434
72435
72439
72447
72453
72462
72517
72520
72552
72555
72575
72583
72602
72612
72616
72633
72654
72694
72699
72704
72711
72770
72783
72787
72791
72796
72799
72807
72813
72832
72833
72842
72843
72863
72871
72880
72884
72891
72894
72901
72907
72913
72920
72924
72957
72975
72983
73023
73044
73051
73079
73094
73099
73102
73139
73143
73159
73201
73210
73213
73215
73215
73246
73248
73292
73307
73336
73344
73355
73355
73357
73369
73378
73385
73408
73414
73418
73421
73439
73439
73449
73468
73474
73474
73478
73493
73499
73501
73551
73556
73557
73581
73589
73596
73599
73614
73622
73637
73641
73642
73642
73646
73666
73690
73700
73710
73712
73720
73720
73722
73723
73727
73732
73773
73781
73783
73784
73789
73791
73803
73822
73846
73862
73875
73891
73900
73913
73914
73924
73928
73946
73955
73963
73970
73974
74005
74012
74017
74032
74033
74036
74037
74044
74085
74091
74102
74112
74120
74122
74123
74145
74145
74151
74166
74166
74171
74180
74203
74234
74240
74247
74247
74269
74271
74277
74278
74279
74279
74280
74302
74313
74315
74347
74357
74357
74368
74382
74390
74392
74403
74413
74458
74483
74490
74500
74507
74524
74528
74546
74589
74599
74610
74615
74617
74632
74663
74664
74668
74674
74676
74681
74688
74703
74703
74705
74709
74723
74746
74781
74787
74806
74823
74823
74825
74825
74827
74831
74840
74846
74847
74850
74877
74880
74914
74919
74935
74937
74943
74944
74958
74964
74966
74967
74989
74989
74992
74998
75004
75007
75008
75010
75012
75017
75040
75052
75071
75071
75074
75081
75090
75099
75113
75114
75114
75117
75132
75137
75162
75163
75175
75187
75189
75191
75206
75226
75228
75231
75234
75236
75240
75255
75256
75257
75277
75280
75285
75289
75297
75302
75304
75322
75322
75330
75344
75367
75372
75384
75386
75387
75405
75405
75406
75413
75418
75424
75424
75435
75435
75435
75439
75441
75453
75465
75467
75482
75507
75534
75536
75552
75552
75573
75583
75589
75598
75598
75624
75632
75639
75662
75681
75690
75691
75698
75703
75709
75709
75723
75731
75732
75733
75753
75755
75780
75786
75798
75799
75801
75815
75819
75825
75842
75849
75850
75863
75877
75887
75888
75889
75890
75895
75896
75896
75906
75909
75912
75915
75915
75916
75916
75916
75924
75928
75953
75967
75971
75980
75983
75990
75997
75999
76004
76015
76031
76031
76038
76041
76042
76043
76045
76048
76066
76079
76112
76117
76126
76133
76133
76167
76170
76180
76183
76205
76208
76219
76232
76251
76257
76258
76262
76276
76309
76311
76326
76331
76340
76340
76340
76345
76347
76360
76374
76384
76404
76409
76410
76422
76423
76430
76433
76448
76467
76499
76500
76515
76517
76524
76576
76579
76590
76596
76616
76652
76652
76666
76671
76679
76686
76696
76708
76723
76734
76735
76737
76742
76767
76776
76782
76791
76798
76799
76818
76825
76840
76841
76850
76860
76862
76863
76864
76864
76865
76867
76879
76891
76894
76894
76895
76904
76907
76907
76917
76921
76923
76931
76935
76943
76951
76952
76953
76953
76974
77006
77021
77022
77068
77068
77083
77111
77115
77129
77132
77136
77136
77150
77151
77155
77156
77178
77184
77192
77201
77204
77239
77257
77258
77264
77266
77279
77280
77313
77320
77324
77327
77346
77360
77361
77376
77380
77382
77388
77389
77390
77395
77400
77406
77406
77410
77410
77417
77433
77442
77444
77449
77461
77479
77482
77488
77525
77542
77551
77555
77558
77560
77580
77588
77593
77595
77599
77601
77601
77640
77640
77650
77665
77667
77688
77688
77689
77694
77703
77705
77712
77712
77716
77734
77749
77753
77761
77761
77764
77764
77775
77777
77786
77804
77808
77812
77830
77831
77834
77844
77849
77864
77868
77871
77878
77879
77890
77894
77928
77933
77939
77939
77957
77970
77973
77973
77976
77981
77990
77991
78001
78002
78014
78025
78046
78052
78053
78064
78075
78075
78115
78124
78126
78132
78157
78162
78163
78165
78166
78243
78243
78251
78259
78270
78273
78284
78291
78300
78311
78312
78323
78341
78362
78375
78379
78389
78390
78392
78443
78444
78458
78458
78473
78478
78493
78495
78499
78507
78522
78537
78539
78552
78554
78554
78564
78575
78580
78605
78609
78627
78628
78629
78641
78675
78685
78696
78699
78705
78705
78710
78710
78720
78721
78723
78736
78747
78748
78751
78808
78809
78816
78817
78822
78828
78828
78858
78860
78875
78889
78901
78914
78916
78940
78968
78979
78982
78987
78987
79002
79017
79029
79036
79040
79048
79048
79065
79068
79119
79136
79141
79150
79172
79194
79195
79213
79217
79227
79252
79254
79254
79265
79267
79274
79293
79314
79326
79329
79387
79396
79398
79399
79403
79434
79446
79456
79459
79462
79473
79475
79489
79490
79493
79506
79508
79544
79549
79562
79576
79584
79584
79602
79615
79619
79647
79657
79658
79664
79666
79670
79674
79692
79705
79724
79725
79725
79728
79740
79746
79753
79762
79763
79793
79793
79799
79803
79808
79887
79896
79901
79901
79919
79920
79925
79936
79944
79950
79956
79963
79967
79967
80007
80010
80027
80028
80036
80037
80040
80051
80062
80065
80066
80066
80070
80073
80075
80085
80089
80110
80123
80128
80128
80140
80181
80183
80199
80228
80229
80238
80241
80242
80246
80273
80295
80313
80315
80318
80318
80332
80337
80345
80348
80396
80416
80421
80428
80447
80450
80479
80483
80487
80495
80504
80539
80539
80541
80545
80558
80564
80568
80578
80582
80594
80611
80618
80635
80655
80655
80687
80690
80730
80754
80762
80765
80766
80773
80786
80801
80805
80811
80841
80850
80854
80860
80872
80876
80889
80892
80896
80914
80922
80929
80935
80949
80955
80964
80967
80974
80976
80984
80985
80988
80997
81000
81001
81004
81006
81016
81024
81044
81053
81076
81079
81088
81099
81100
81111
81112
81114
81148
81150
81153
81185
81189
81201
81207
81219
81227
81227
81230
81240
81267
81278
81282
81285
81288
81292
81297
81301
81322
81330
81331
81332
81332
81340
81356
81372
81372
81373
81373
81376
81378
81401
81427
81430
81447
81448
81455
81455
81476
81482
81487
81501
81503
81511
81513
81529
81536
81536
81536
81549
81564
81575
81579
81587
81603
81609
81611
81627
81646
81656
81671
81673
81730
81732
81760
81765
81767
81794
81806
81808
81820
81825
81838
81853
81866
81874
81875
81878
81879
81882
81890
81891
81906
81912
81920
81931
81938
81938
81989
81997
82052
82054
82062
82080
82081
82083
82088
82089
82089
82091
82098
82101
82105
82120
82146
82158
82176
82179
82188
82195
82196
82196
82198
82205
82218
82219
82236
82237
82244
82256
82256
82263
82285
82300
82335
82359
82361
82363
82377
82382
82396
82400
82426
82452
82457
82461
82468
82469
82492
82497
82497
82557
82561
82585
82588
82603
82605
82625
82625
82648
82662
82670
82681
82693
82698
82702
82709
82717
82722
82741
82761
82765
82765
82773
82775
82777
82780
82785
82789
82792
82829
82835
82837
82849
82882
82891
82891
82900
82913
82920
82936
82958
82963
82989
82994
83000
83013
83021
83025
83025
83035
83041
83051
83053
83060
83063
83063
83064
83072
83081
83087
83126
83132
83142
83149
83160
83164
83165
83171
83200
83200
83212
83222
83235
83237
83238
83239
83245
83252
83255
83257
83258
83260
83267
83281
83281
83301
83309
83329
83344
83352
83356
83357
83357
83357
83364
83388
83393
83425
83428
83452
83462
83476
83477
83488
83507
83532
83536
83553
83554
83557
83559
83559
83562
83570
83571
83571
83576
83578
83625
83634
83645
83656
83662
83663
83664
83667
83668
83700
83710
83713
83723
83728
83741
83744
83778
83785
83786
83789
83798
83799
83803
83804
83812
83815
83815
83838
83840
83843
83850
83866
83874
83881
83887
83890
83900
83912
83928
83935
83978
83983
83987
83990
84001
84006
84009
84010
84018
84024
84033
84034
84056
84090
84094
84094
84104
84114
84125
84132
84140
84145
84160
84161
84175
84195
84213
84222
84229
84249
84250
84259
84266
84297
84329
84329
84332
84332
84380
84401
84422
84427
84432
84465
84471
84474
84505
84514
84516
84518
84523
84530
84533
84537
84550
84554
84558
84560
84576
84602
84616
84618
84622
84641
84666
84671
84672
84686
84688
84689
84696
84698
84701
84705
84736
84744
84748
84753
84760
84765
84767
84785
84787
84816
84821
84838
84840
84840
84854
84864
84870
84872
84886
84896
84901
84913
84920
84926
84927
84932
84945
84949
84967
84968
84981
85003
85008
85018
85044
85067
85081
85082
85109
85116
85119
85126
85134
85142
85142
85165
85171
85180
85185
85190
85205
85213
85219
85227
85241
85252
85258
85258
85261
85265
85277
85288
85290
85298
85300
85330
85339
85349
85361
85364
85385
85398
85405
85415
85433
85455
85464
85466
85469
85473
85475
85477
85487
85489
85502
85505
85548
85567
85590
85597
85599
85614
85626
85626
85640
85640
85643
85668
85688
85709
85710
85734
85744
85745
85752
85752
85758
85762
85762
85768
85768
85773
85779
85786
85794
85796
85814
85816
85831
85835
85836
85855
85863
85876
85878
85905
85908
85922
85923
85924
85929
85931
85950
85975
85979
85980
86002
86007
86025
86029
86032
86041
86058
86064
86070
86082
86094
86094
86099
86106
86110
86133
86138
86148
86158
86166
86171
86174
86178
86179
86181
86186
86194
86218
86247
86249
86268
86274
86279
86282
86290
86311
86321
86324
86329
86344
86373
86405
86424
86436
86439
86456
86459
86465
86471
86504
86506
86539
86550
86555
86584
86591
86593
86606
86618
86623
86624
86636
86644
86646
86652
86655
86664
86667
86671
86687
86695
86709
86720
86721
86728
86728
86736
86748
86752
86765
86779
86787
86813
86838
86840
86848
86852
86855
86869
86869
86883
86886
86891
86892
86899
86914
86923
86924
86939
86946
86988
86991
87016
87017
87018
87019
87021
87022
87034
87034
87036
87043
87066
87072
87091
87091
87093
87093
87102
87103
87143
87153
87182
87194
87220
87222
87227
87241
87242
87259
87271
87275
87275
87280
87286
87289
87340
87348
87360
87363
87369
87395
87403
87404
87411
87416
87418
87433
87464
87472
87479
87485
87486
87493
87511
87518
87525
87533
87537
87547
87562
87581
87604
87615
87619
87658
87704
87706
87723
87738
87748
87751
87772
87783
87788
87798
87811
87817
87825
87840
87865
87876
87881
87900
87904
87913
87923
87935
87938
87950
87997
87999
88002
88004
88005
88012
88014
88023
88045
88081
88082
88093
88093
88100
88101
88101
88128
88129
88137
88167
88178
88188
88195
88206
88212
88213
88229
88229
88232
88232
88252
88260
88281
88287
88291
88296
88300
88317
88319
88327
88332
88337
88345
88357
88371
88380
88380
88389
88393
88406
88413
88423
88472
88473
88490
88492
88520
88554
88555
88578
88609
88617
88624
88628
88635
88641
88646
88653
88657
88676
88713
88734
88754
88788
88788
88801
88802
88839
88850
88862
88876
88876
88891
88904
88912
88926
88933
88936
88948
88971
88984
88991
88993
88999
89003
89023
89030
89061
89067
89074
89082
89095
89100
89113
89113
89132
89132
89133
89138
89142
89143
89155
89171
89193
89215
89217
89231
89235
89237
89282
89295
89317
89323
89325
89336
89338
89357
89360
89370
89388
89389
89395
89401
89409
89421
89437
89446
89447
89472
89480
89491
89495
89514
89519
89526
89532
89555
89561
89578
89579
89593
89598
89603
89609
89616
89625
89636
89654
89659
89666
89689
89719
89752
89763
89774
89775
89777
89795
89798
89806
89811
89820
89824
89824
89846
89869
89887
89892
89897
89911
89917
89936
89944
89945
89952
89981
89988
90012
90063
90070
90075
90096
90102
90105
90118
90126
90148
90161
90161
90168
90177
90180
90191
90209
73631
41999
42208
18463
10628
80409
57474
70951
28656
69760
97294
50634
2093
16897
7623
56040
19559
74586
78562
92016
54055
114
36404
80630
14823
70784
73545
78158
4024
10735
29464
77656
52734
71672
12471
79715
68433
69945
50666
97089
56057
64313
47723
58150
97562
55347
30542
17122
46285
25457
25490
16692
25571
61894
97323
40394
49031
87220
34904
53055
97956
64368
47063
67042
36040
75886
46757
4474
62184
13776
17915
18241
78089
65639
92744
75651
37338
39638
9125
99975
65095
34616
16667
90666
12862
30342
47412
61893
33915
82316
31301
48223
46684
94716
31617
99077
70603
78375
19903
32787
8503
37818
67380
2944
19809
76476
78595
57147
16115
4073
73474
81210
55041
6494
88229
67903
53188
35641
29797
87103
17958
77450
51678
80994
72166
83296
80071
59121
78023
99974
8260
86526
37793
75641
89470
73954
68469
84417
47454
84584
4842
20928
82147
59883
43774
86728
44139
96963
22369
73936
84066
56679
67738
52097
37674
56256
35393
34097
15378
29768
50424
23638
16294
4569
15631
22116
78523
84101
22885
25977
85037
27728
63258
83536
3963
7032
70264
48102
3995
92634
38390
4414
65665
6128
56511
19691
62385
91904
53789
94115
38024
20565
17753
54318
25134
33385
92786
20009
33838
15671
45987
18875
59751
25597
2412
80067
32629
72676
28169
36625
81662
66560
41039
47328
89040
13902
67019
67777
22158
37160
61892
60182
74077
95998
30852
99211
29383
23638
35573
79573
55661
97912
98448
31765
23509
17212
11832
56138
6241
40001
92763
87903
22913
50154
51583
28306
80408
34955
96083
2566
88467
74328
62748
62545
70326
93600
78108
99709
33590
13681
95634
89252
11593
94082
37369
51454
27647
49201
7593
33888
5554
16708
21791
44820
83215
89727
73126
63623
41034
85561
66190
29501
59889
45290
92046
30215
38891
86507
46276
72481
16540
41910
78085
44486
52345
15454
95940
79992
81007
3533
13880
86562
20242
52023
31382
19809
41750
20860
83432
99136
6421
65974
28638
82663
11265
37036
12878
50156
23543
59155
38989
56436
17417
33427
922
69762
48881
96862
49754
29889
396
79986
32803
36990
32010
64185
56799
90112
1397
56583
89249
24170
22558
34239
6833
33823
71275
19712
331
11171
95219
55672
67607
12636
89099
68529
98751
54333
65391
48505
84222
82139
44844
17025
35481
76854
97562
8632
83318
15311
65216
72567
39481
4126
6806
46315
54301
94434
66027
54632
5605
61246
26656
73212
90234
32108
58093
88985
86441
23484
53843
70663
21976
98687
4040
57457
75541
17954
66090
75211
33265
47658
64131
72746
51784
87289
35413
6085
81723
1440
77069
3680
79038
20077
76892
85625
52185
51337
74610
38626
91174
28453
25641
13150
43492
46033
86959
35385
63987
53049
10597
13604
17059
74728
2703
68843
62017
38116
91280
60093
55909
68349
63773
51299
88427
57018
36924
56964
8355
27887
95591
99529
72692
21232
29031
16185
67266
15991
51570
47605
85392
62167
77562
2452
53247
80265
71295
15265
34733
78928
91710
6994
47277
55483
58294
52056
12501
95218
9021
20857
23105
20964
36738
12150
58548
65770
28335
25814
98113
79905
89772
83505
58425
67334
2309
11672
63951
89957
43289
98684
68885
34999
5679
32514
6835
80325
923
19336
75543
26296
56545
15001
47260
93284
27151
5808
75406
71838
47975
89871
51743
37747
73376
26520
21433
92038
54545
85384
81995
14186
420
50880
49186
22451
83394
72373
2776
84317
91709
94672
10613
48255
9673
74225
57891
53176
96386
49649
25014
44361
39520
93109
98460
29248
35982
19893
37638
90527
21629
19633
4713
38401
70513
70251
60853
70260
42624
63629
70929
50686
74653
97895
15293
678
72120
89536
53854
68506
39185
95220
29219
95057
4682
27679
40657
40664
63924
78296
47543
1905
14281
68608
40307
84795
55212
17512
71407
14188
97493
42336
64874
72147
40231
80167
72825
28704
69703
43032
13562
25240
38252
42782
36649
59286
86813
77307
16302
67090
71955
80197
68995
86236
48806
25654
87383
20370
43166
58790
34558
40660
17479
15785
12807
57710
12304
1984
2766
82008
45016
16329
23600
99621
75463
60250
58907
62276
53909
91562
29366
42216
71759
14714
28452
20565
40368
32188
40935
83535
90978
91846
40547
24809
7631
69706
98872
19935
71690
1638
18295
33059
34319
41896
32680
9782
18498
7939
88411
88759
99501
34129
30975
71261
48843
75779
8178
89212
7967
65466
89099
15298
57312
45998
40107
81295
15704
38979
1230
3746
56970
19526
53157
91289
77774
85837
17424
12624
10129
5835
1383
25982
39964
48710
13595
88808
24489
21774
94372
48809
3592
99823
64107
77256
45821
4214
58551
77877
59546
76133
97975
16516
12011
51133
7805
6137
53322
25229
18761
63451
47416
36496
89434
87381
85206
19381
92541
26048
57507
3265
74857
61099
3088
38964
54707
65261
59530
29610
43138
35428
22096
57465
51944
34107
8598
76102
56597
78273
1331
91710
41724
65100
28207
47510
52481
29765
66892
61374
55813
40751
64639
30670
1851
84079
69634
72910
49340
45517
2521
8830
80945
24617
66295
32890
75076
91246
25344
31673
69519
43027
23384
27595
8127
67943
91458
76960
97708
74702
38334
53522
15453
2973
84192
33656
3404
70179
6567
52744
32048
25440
61574
12993
66409
44222
62235
41485
35468
3931
89511
21339
46959
29247
48934
55086
97190
56744
32047
11250
31446
70381
64772
46900
89707
65317
80556
93111
51848
3475
62208
83896
28915
40134
13241
95324
84356
91829
53162
36176
95760
59025
73867
42719
88272
22802
14158
1814
79546
46205
13064
27345
32938
77837
74245
38997
43154
71153
32109
11354
74629
10669
95250
19896
50803
8491
15221
51512
16672
84735
87688
12433
43760
77908
71504
32032
17062
85662
33846
12960
31867
46910
40305
64806
41099
14550
20155
605
2056
52264
11959
76685
62933
7209
96581
30089
32053
28154
81601
48725
12889
85641
77510
56649
63549
49015
5033
80611
34677
55231
93572
82897
2142
33877
64055
59593
64780
84210
60199
83188
36475
88510
59873
15760
95720
72806
62201
44125
17313
43802
9202
46554
29444
86713
19556
9345
35728
24589
6309
86757
79821
99881
69654
98315
50110
33709
57908
31242
17920
34459
14430
70747
22970
90655
2859
35042
79814
65061
95519
97127
25215
4721
60033
71011
7786
79589
80357
43514
20531
86666
46624
352
2899
16278
98667
53009
66340
72927
604
84260
23739
15034
71359
46709
