0
0
9
9
11
14
26
29
33
39
41
49
56
68
72
77
95
101
111
121
127
135
136
151
152
153
154
155
156
158
162
176
177
188
194
204
207
224
227
232
233
233
241
256
261
268
269
276
283
286
286
291
295
300
302
306
310
318
318
321
324
324
331
344
364
372
374
382
387
388
394
401
403
404
405
412
424
443
456
473
474
483
486
495
507
514
523
529
540
550
560
568
571
591
597
611
614
618
622
626
632
651
660
666
667
671
673
677
680
687
687
688
690
692
706
707
724
728
742
755
760
760
763
765
781
783
790
794
802
803
823
832
835
860
861
872
904
909
909
912
916
918
926
936
938
942
960
969
972
975
986
986
993
996
1034
1039
1042
1043
1045
1061
1063
1069
1072
1082
1083
1088
1096
1124
1124
1125
1126
1129
1130
1135
1142
1142
1147
1159
1160
1167
1171
1173
1176
1177
1184
1189
1194
1205
1206
1214
1215
1217
1220
1224
1225
1225
1225
1228
1230
1234
1237
1240
1241
1244
1245
1250
1252
1263
1264
1273
1275
1279
1280
1282
1286
1293
1293
1295
1295
1298
1306
1313
1314
1320
1344
1355
1361
1373
1382
1385
1395
1400
1403
1404
1404
1409
1409
1427
1435
1435
1435
1444
1444
1461
1471
1474
1482
1486
1489
1490
1491
1494
1497
1497
1511
1517
1523
1523
1532
1560
1570
1589
1590
1601
1609
1610
1617
1637
1642
1655
1662
1668
1670
1671
1679
1681
1688
1718
1729
1747
1751
1753
1770
1771
1774
1776
1783
1785
1792
1795
1804
1816
1818
1823
1832
1832
1836
1838
1840
1844
1849
1853
1856
1862
1867
1868
1872
1881
1886
1889
1895
1896
1905
1905
1906
1916
1922
1923
1927
1931
1936
1937
1940
1943
1962
1968
1971
1971
1972
1981
1998
1998
1999
2001
2012
2023
2023
2039
2044
2050
2056
2060
2061
2072
2090
2097
2111
2112
2120
2121
2126
2128
2153
2156
2162
2169
2170
2186
2194
2200
2206
2213
2216
2219
2233
2245
2249
2252
2253
2254
2259
2263
2272
2278
2278
2279
2280
2289
2304
2306
2313
2317
2335
2335
2340
2341
2342
2346
2348
2354
2362
2368
2372
2377
2380
2380
2401
2402
2408
2410
2412
2417
2422
2433
2435
2438
2439
2446
2462
2466
2476
2477
2478
2498
2500
2501
2505
2507
2515
2521
2525
2529
2530
2560
2569
2577
2578
2579
2581
2582
2584
2594
2602
2608
2610
2629
2629
2637
2638
2646
2653
2659
2660
2668
2679
2693
2703
2715
2717
2718
2721
2724
2727
2728
2731
2734
2734
2737
2737
2741
2745
2748
2759
2763
2764
2771
2774
2779
2798
2825
2835
2837
2844
2844
2852
2860
2860
2886
2887
2888
2890
2893
2901
2903
2912
2918
2923
2924
2928
2934
2937
2954
2965
2971
2971
2973
2976
2979
2995
2997
2998
3028
3029
3030
3033
3049
3058
3070
3073
3081
3084
3096
3100
3101
3139
3163
3172
3174
3182
3194
3211
3217
3221
3221
3235
3249
3255
3258
3261
3261
3264
3266
3267
3267
3272
3280
3286
3287
3293
3315
3320
3331
3340
3355
3375
3398
3405
3407
3416
3433
3436
3445
3445
3455
3461
3466
3469
3474
3487
3499
3517
3528
3530
3539
3541
3552
3558
3559
3561
3562
3566
3576
3584
3586
3590
3595
3601
3615
3659
3676
3687
3689
3691
3698
3698
3704
3719
3727
3729
3730
3731
3732
3737
3741
3741
3751
3756
3757
3767
3780
3813
3813
3814
3819
3823
3834
3838
3847
3854
3854
3858
3866
3873
3876
3882
3903
3909
3909
3922
3930
3930
3935
3937
3938
3941
3947
3948
3960
3962
3963
3965
3987
4008
4030
4032
4044
4053
4054
4072
4084
4094
4097
4100
4106
4108
4109
4109
4114
4118
4118
4121
4123
4123
4127
4131
4135
4142
4145
4150
4151
4154
4158
4161
4176
4182
4199
4203
4205
4214
4216
4217
4251
4253
4266
4273
4275
4277
4277
4279
4279
4311
4317
4322
4322
4325
4327
4342
4345
4352
4362
4380
4390
4400
4422
4426
4461
4466
4473
4485
4487
4505
4511
4514
4518
4519
4520
4522
4528
4534
4542
4546
4546
4547
4548
4552
4557
4560
4566
4573
4582
4583
4585
4598
4600
4601
4610
4610
4620
4630
4630
4648
4648
4649
4652
4659
4663
4663
4664
4687
4692
4694
4697
4700
4702
4716
4717
4719
4735
4738
4739
4742
4743
4746
4746
4756
4768
4771
4771
4771
4795
4801
4806
4810
4811
4815
4826
4828
4832
4837
4845
4851
4875
4878
4896
4903
4908
4916
4917
4918
4921
4926
4931
4941
4952
4953
4956
4961
4967
4969
4973
4982
4985
4987
4990
5007
5008
5018
5023
5032
5035
5037
5040
5049
5055
5057
5057
5061
5071
5075
5080
5091
5091
5098
5116
5121
5130
5131
5131
5133
5135
5153
5156
5162
5175
5182
5182
5186
5188
5188
5193
5195
5197
5200
5201
5213
5222
5228
5228
5231
5241
5241
5258
5261
5273
5289
5292
5297
5322
5328
5331
5334
5335
5335
5344
5347
5348
5349
5361
5364
5383
5384
5387
5387
5389
5391
5403
5406
5419
5423
5426
5446
5473
5479
5481
5518
5534
5541
5547
5549
5549
5560
5562
5587
5589
5606
5608
5619
5624
5629
5633
5634
5649
5651
5655
5664
5664
5674
5683
5715
5717
5719
5721
5733
5733
5734
5734
5738
5738
5739
5747
5779
5793
5798
5806
5819
5819
5821
5825
5827
5834
5847
5849
5862
5883
5890
5898
5902
5902
5904
5911
5912
5922
5926
5932
5948
5949
5956
5960
5963
5964
5968
5970
5970
5976
5984
6001
6003
6004
6020
6026
6026
6039
6039
6044
6047
6049
6054
6083
6088
6089
6095
6101
6117
6118
6119
6123
6126
6132
6140
6142
6154
6179
6191
6195
6202
6255
6256
6260
6262
6265
6266
6279
6282
6289
6290
6296
6307
6309
6312
6314
6331
6337
6341
6356
6366
6367
6375
6378
6379
6387
6391
6392
6434
6436
6439
6445
6454
6457
6460
6462
6464
6470
6476
6494
6523
6538
6539
6568
6578
6582
6584
6584
6589
6591
6603
6613
6613
6617
6632
6636
6647
6654
6677
6685
6687
6695
6697
6711
6720
6722
6730
6750
6750
6751
6769
6782
6783
6790
6807
6812
6820
6825
6826
6830
6843
6849
6858
6867
6871
6878
6887
6923
6925
6926
6934
6949
6949
6960
6965
6966
6968
6977
6979
6984
6985
6986
6987
6991
6996
7010
7015
7016
7016
7018
7022
7023
7036
7042
7047
7052
7059
7063
7077
7081
7082
7085
7101
7106
7108
7109
7132
7157
7158
7160
7163
7164
7166
7169
7172
7175
7183
7184
7184
7204
7211
7217
7227
7229
7240
7255
7257
7259
7274
7275
7290
7295
7300
7324
7332
7343
7350
7362
7364
7379
7386
7386
7388
7399
7403
7403
7408
7413
7414
7425
7429
7431
7440
7444
7446
7456
7456
7494
7499
7510
7517
7523
7537
7544
7549
7556
7588
7591
7601
7602
7602
7603
7607
7609
7615
7616
7624
7627
7633
7637
7646
7648
7653
7658
7666
7683
7686
7693
7701
7702
7714
7719
7725
7728
7730
7737
7763
7771
7774
7775
7776
7782
7807
7808
7815
7816
7817
7820
7825
7842
7845
7846
7866
7877
7878
7904
7925
7927
7928
7943
7950
7958
7960
7973
7976
7976
7985
7985
7990
8026
8031
8044
8050
8054
8058
8075
8111
8132
8157
8165
8172
8173
8177
8189
8193
8193
8194
8198
8204
8206
8235
8250
8259
8259
8262
8270
8283
8286
8288
8294
8309
8311
8314
8322
8325
8334
8343
8346
8372
8374
8384
8398
8416
8430
8433
8447
8452
8478
8480
8485
8487
8495
8510
8515
8535
8544
8548
8555
8577
8581
8604
8607
8607
8639
8649
8650
8654
8657
8679
8685
8693
8693
8697
8704
8706
8709
8722
8722
8726
8740
8746
8767
8776
8786
8793
8797
8800
8802
8804
8806
8808
8814
8819
8837
8855
8856
8857
8884
8891
8899
8911
8914
8933
8938
8955
8963
8963
8975
8980
8983
8998
8999
9001
9001
9006
9014
9015
9023
9038
9041
9057
9068
9073
9074
9077
9082
9083
9085
9098
9100
9102
9111
9112
9121
9128
9133
9149
9154
9169
9170
9173
9174
9175
9179
9190
9192
9195
9204
9213
9213
9226
9227
9234
9241
9252
9253
9260
9262
9265
9283
9286
9293
9301
9304
9305
9307
9311
9311
9313
9327
9333
9338
9343
9344
9352
9357
9364
9380
9387
9388
9393
9395
9417
9417
9422
9437
9449
9451
9458
9468
9469
9470
9474
9479
9481
9500
9505
9508
9525
9526
9531
9539
9553
9554
9564
9567
9572
9588
9601
9601
9608
9610
9612
9619
9619
9623
9630
9630
9631
9632
9636
9638
9644
9646
9651
9656
9683
9696
9705
9725
9730
9732
9732
9747
9755
9756
9759
9770
9773
9776
9779
9779
9782
9783
9790
9798
9805
9807
9814
9821
9831
9848
9858
9864
9867
9870
9872
9876
9909
9914
9919
9941
9942
9954
9966
9969
9973
9978
9982
9984
10007
10010
10030
10040
10048
10063
10063
10065
10083
10091
10092
10095
10097
10103
10108
10109
10121
10131
10138
10139
10151
10157
10159
10172
10172
10173
10175
10176
10177
10184
10192
10196
10214
10214
10225
10228
10235
10235
10244
10247
10249
10250
10251
10255
10264
10272
10277
10283
10285
10316
10318
10322
10327
10334
10344
10348
10351
10353
10355
10360
10362
10362
10363
10364
10366
10391
10392
10408
10408
10414
10414
10421
10428
10434
10434
10434
10452
10462
10462
10477
10484
10484
10487
10499
10512
10515
10515
10520
10528
10529
10541
10543
10553
10553
10557
10560
10563
10565
10568
10569
10572
10582
10596
10599
10605
10620
10625
10626
10628
10638
10643
10643
10644
10644
10652
10656
10659
10660
10680
10690
10707
10732
10735
10739
10739
10741
10752
10763
10772
10792
10796
10801
10803
10804
10816
10818
10826
10826
10826
10831
10836
10837
10847
10861
10864
10867
10872
10872
10881
10883
10888
10903
10905
10906
10911
10925
10940
10942
10950
10952
10953
10968
10980
10983
10990
10997
11000
11002
11008
11015
11033
11057
11058
11058
11076
11080
11081
11085
11092
11098
11100
11101
11104
11110
11120
11120
11121
11125
11130
11132
11144
11145
11147
11152
11158
11167
11170
11174
11190
11199
11210
11210
11214
11225
11226
11242
11248
11264
11265
11265
11278
11300
11302
11304
11308
11309
11309
11320
11346
11352
11353
11355
11361
11364
11374
11389
11398
11408
11412
11413
11413
11420
11421
11425
11427
11434
11434
11435
11437
11442
11442
11464
11476
11483
11484
11488
11495
11508
11509
11519
11534
11552
11555
11559
11566
11568
11570
11570
11581
11582
11593
11603
11610
11618
11632
11640
11647
11648
11652
11653
11656
11660
11662
11667
11680
11683
11690
11698
11708
11709
11712
11714
11718
11719
11720
11729
11729
11729
11740
11747
11751
11767
11769
11769
11789
11795
11802
11804
11813
11815
11823
11825
11826
11826
11830
11843
11848
11849
11854
11857
11858
11859
11865
11870
11876
11880
11882
11900
11901
11908
11910
11912
11922
11931
11941
11965
11978
11978
11986
11987
11988
11991
11993
11998
12000
12008
12013
12021
12023
12024
12049
12061
12085
12088
12097
12107
12109
12120
12128
12137
12146
12153
12171
12172
12173
12185
12198
12203
12211
12217
12236
12240
12243
12248
12255
12265
12268
12268
12277
12279
12287
12289
12291
12291
12295
12319
12324
12345
12348
12358
12362
12364
12371
12372
12378
12391
12392
12396
12398
12405
12426
12439
12451
12454
12460
12475
12478
12487
12488
12488
12493
12506
12507
12512
12514
12517
12521
12527
12532
12537
12540
12540
12543
12544
12559
12565
12565
12565
12590
12599
12604
12617
12622
12622
12633
12643
12662
12666
12674
12681
12684
12686
12687
12689
12702
12704
12704
12711
12711
12715
12719
12731
12738
12738
12751
12761
12764
12765
12776
12778
12782
12791
12811
12813
12822
12823
12827
12827
12847
12848
12849
12851
12854
12855
12856
12860
12860
12869
12881
12883
12899
12902
12910
12917
12920
12935
12939
12953
12967
12968
12970
12976
12997
13000
13001
13006
13006
13014
13021
13023
13038
13038
13038
13045
13050
13052
13052
13056
13063
13074
13075
13076
13079
13091
13091
13094
13095
13111
13112
13116
13137
13141
13143
13144
13160
13160
13161
13169
13173
13174
13182
13186
13196
13205
13212
13239
13242
13245
13248
13258
13259
13268
13275
13287
13300
13318
13319
13327
13333
13344
13344
13347
13365
13378
13378
13379
13393
13409
13433
13441
13442
13446
13459
13472
13477
13478
13490
13498
13510
13512
13521
13522
13523
13531
13536
13539
13542
13549
13557
13565
13570
13574
13581
13586
13588
13591
13612
13619
13620
13623
13627
13632
13636
13644
13654
13663
13669
13669
13679
13697
13697
13699
13701
13703
13707
13712
13721
13723
13726
13727
13728
13730
13733
13739
13750
13755
13756
13769
13772
13782
13799
13821
13825
13836
13856
13861
13871
13874
13883
13883
13919
13922
13933
13944
13946
13950
13957
13965
13970
13975
13978
13986
13995
14006
14021
14024
14026
14034
14039
14044
14044
14045
14051
14070
14071
14074
14087
14088
14106
14110
14117
14127
14134
14135
14145
14155
14160
14161
14163
14175
14178
14180
14192
14195
14204
14205
14210
14213
14215
14216
14226
14231
14237
14240
14240
14254
14256
14266
14266
14274
14287
14287
14315
14333
14333
14338
14347
14351
14354
14358
14364
14385
14387
14389
14390
14390
14395
14402
14410
14411
14415
14421
14429
14430
14431
14443
14445
14448
14470
14472
14481
14481
14488
14495
14511
14517
14527
14532
14537
14555
14558
14571
14575
14576
14577
14585
14591
14608
14615
14618
14619
14632
14636
14643
14650
14655
14662
14662
14674
14674
14677
14678
14688
14692
14695
14697
14704
14705
14708
14715
14716
14718
14726
14730
14733
14734
14745
14747
14748
14768
14777
14781
14798
14808
14812
14813
14824
14826
14866
14872
14882
14891
14894
14894
14902
14903
14911
14912
14919
14921
14926
14932
14939
14956
14976
14977
14981
14990
14996
15002
15007
15009
15020
15026
15036
15040
15045
15063
15076
15086
15092
15103
15113
15119
15125
15127
15128
15130
15132
15133
15133
15136
15136
15141
15161
15165
15180
15183
15184
15188
15188
15191
15192
15194
15201
15215
15248
15248
15254
15254
15256
15256
15258
15279
15285
15286
15290
15292
15307
15308
15309
15309
15314
15322
15326
15349
15352
15356
15360
15363
15371
15378
15378
15386
15403
15410
15411
15413
15413
15416
15421
15424
15425
15426
15427
15428
15429
15447
15452
15458
15461
15464
15471
15471
15490
15491
15491
15492
15494
15501
15502
15505
15510
15510
15522
15531
15531
15539
15543
15555
15562
15564
15577
15611
15612
15619
15620
15623
15630
15631
15651
15656
15658
15660
15666
15670
15673
15675
15681
15685
15702
15702
15714
15715
15717
15718
15729
15748
15764
15771
15783
15788
15793
15797
15805
15806
15806
15806
15808
15815
15823
15827
15827
15836
15836
15845
15847
15847
15847
15850
15857
15871
15872
15877
15888
15896
15898
15902
15903
15904
15911
15928
15931
15934
15936
15937
15941
15941
15954
15960
15963
15978
15979
15985
15985
16004
16013
16022
16022
16031
16031
16044
16059
16063
16078
16089
16099
16106
16116
16117
16122
16126
16129
16130
16132
16138
16152
16156
16166
16171
16178
16184
16185
16187
16191
16193
16198
16200
16205
16216
16222
16227
16229
16242
16250
16260
16260
16261
16272
16272
16274
16277
16287
16293
16297
16300
16315
16327
16328
16340
16364
16381
16386
16389
16390
16395
16406
16408
16411
16413
16418
16421
16424
16435
16445
16446
16455
16455
16467
16469
16472
16493
16501
16504
16513
16514
16521
16526
16531
16532
16543
16544
16545
16554
16561
16563
16566
16585
16589
16591
16599
16606
16610
16616
16628
16629
16634
16635
16640
16646
16649
16650
16651
16655
16658
16661
16675
16677
16682
16685
16686
16695
16706
16713
16716
16720
16723
16723
16728
16729
16735
16744
16757
16760
16762
16762
16765
16775
16779
16780
16789
16812
16814
16819
16826
16827
16832
16837
16837
16849
16850
16854
16856
16857
16859
16866
16873
16873
16885
16888
16890
16899
16900
16909
16918
16920
16947
16948
16951
16956
16963
16972
16974
16977
16978
16988
16989
16992
17007
17011
17016
17024
17029
17036
17038
17050
17053
17055
17067
17072
17080
17081
17081
17085
17092
17092
17097
17104
17114
17131
17132
17139
17141
17149
17158
17159
17159
17167
17175
17176
17186
17199
17202
17207
17216
17222
17222
17231
17237
17237
17240
17248
17250
17252
17262
17270
17273
17275
17277
17315
17323
17327
17336
17347
17351
17370
17380
17398
17399
17400
17407
17415
17420
17421
17437
17439
17453
17453
17458
17460
17465
17468
17469
17473
17478
17480
17489
17497
17497
17497
17500
17516
17516
17522
17527
17532
17535
17541
17543
17577
17582
17582
17583
17584
17594
17604
17608
17610
17613
17613
17615
17625
17652
17653
17655
17664
17666
17674
17679
17712
17714
17728
17740
17750
17771
17771
17788
17794
17795
17798
17822
17822
17835
17843
17882
17886
17909
17925
17927
17929
17930
17932
17935
17953
17958
17966
17977
17996
18000
18008
18009
18012
18029
18041
18041
18052
18062
18076
18077
18078
18082
18084
18088
18110
18150
18151
18155
18158
18162
18166
18168
18169
18174
18195
18195
18196
18200
18205
18210
18223
18225
18236
18236
18238
18251
18260
18279
18283
18295
18300
18303
18308
18315
18316
18320
18324
18327
18335
18344
18372
18373
18373
18379
18380
18386
18387
18389
18391
18398
18406
18407
18410
18420
18424
18426
18429
18432
18448
18451
18452
18453
18453
18472
18475
18478
18484
18490
18491
18496
18496
18512
18530
18537
18544
18545
18547
18547
18551
18567
18568
18573
18579
18582
18587
18626
18633
18639
18641
18645
18649
18650
18656
18662
18663
18667
18673
18685
18687
18690
18692
18694
18696
18697
18700
18704
18713
18736
18737
18743
18744
18753
18757
18764
18768
18769
18781
18787
18790
18805
18813
18819
18826
18830
18832
18834
18838
18859
18861
18862
18866
18869
18877
18878
18880
18885
18887
18887
18892
18908
18913
18916
18917
18922
18930
18944
18947
18957
18976
18986
18987
19002
19004
19020
19036
19040
19043
19046
19051
19055
19056
19056
19058
19058
19064
19068
19075
19077
19086
19088
19098
19099
19103
19104
19132
19135
19141
19141
19143
19144
19168
19169
19170
19173
19182
19184
19194
19200
19203
19203
19222
19233
19252
19267
19276
19282
19289
19290
19294
19295
19300
19305
19312
19315
19316
19329
19345
19353
19358
19365
19367
19376
19377
19384
19387
19389
19394
19400
19400
19404
19419
19421
19423
19431
19441
19445
19445
19445
19447
19447
19451
19460
19468
19479
19526
19538
19540
19547
19565
19570
19573
19580
19586
19588
19590
19597
19598
19600
19601
19608
19631
19632
19640
19641
19643
19657
19663
19669
19672
19679
19681
19697
19700
19706
19706
19717
19725
19729
19731
19744
19756
19757
19762
19764
19765
19768
19790
19794
19799
19805
19806
19811
19821
19821
19828
19831
19848
19858
19863
19865
19881
19886
19901
19902
19906
19908
19912
19917
19918
19948
19950
19962
19965
19968
19971
19982
19982
19989
19990
20000
20006
20012
20015
20019
20030
20036
20038
20039
20046
20047
20048
20049
20052
20058
20071
20072
20079
20079
20087
20088
20088
20092
20105
20109
20115
20126
20128
20137
20150
20153
20156
20168
20181
20183
20192
20211
20226
20228
20229
20242
20256
20257
20259
20263
20266
20277
20283
20286
20304
20330
20330
20335
20340
20344
20350
20353
20357
20372
20382
20383
20386
20389
20394
20397
20411
20415
20426
20428
20433
20451
20452
20453
20470
20473
20475
20478
20487
20493
20509
20513
20524
20531
20532
20536
20547
20549
20576
20578
20582
20583
20585
20585
20586
20588
20590
20593
20594
20595
20610
20620
20623
20627
20643
20657
20657
20674
20675
20681
20686
20706
20709
20714
20714
20725
20729
20730
20732
20736
20739
20750
20754
20757
20762
20766
20767
20776
20776
20783
20783
20785
20817
20823
20836
20839
20844
20849
20864
20877
20883
20884
20891
20892
20895
20903
20914
20914
20919
20929
20941
20950
20954
20956
20957
20965
20972
20977
20992
20996
21000
21005
21008
21012
21031
21034
21051
21064
21068
21076
21078
21079
21092
21102
21104
21105
21111
21117
21119
21121
21134
21137
21137
21138
21139
21157
21160
21171
21180
21191
21196
21198
21198
21203
21212
21223
21226
21241
21246
21254
21256
21258
21266
21270
21279
21282
21296
21304
21329
21331
21336
21349
21361
21371
21372
21376
21387
21388
21390
21392
21392
21395
21396
21406
21410
21412
21413
21416
21422
21424
21433
21441
21448
21454
21482
21486
21494
21512
21513
21518
21523
21564
21571
21582
21591
21607
21609
21612
21619
21619
21620
21624
21625
21631
21633
21636
21657
21661
21676
21677
21678
21683
21691
21696
21697
21702
21705
21710
21718
21725
21736
21736
21739
21758
21780
21791
21808
21814
21819
21825
21828
21831
21847
21865
21867
21872
21875
21889
21899
21899
21900
21902
21903
21905
21907
21907
21911
21915
21926
21926
21930
21940
21947
21951
21960
21968
21988
21989
22004
22019
22026
22047
22052
22058
22064
22066
22075
22076
22083
22090
22095
22100
22102
22105
22108
22108
22109
22118
22126
22126
22129
22132
22141
22141
22146
22147
22157
22158
22161
22167
22211
22218
22218
22223
22226
22227
22228
22238
22247
22250
22255
22278
22280
22282
22284
22304
22312
22327
22349
22357
22357
22363
22365
22367
22368
22374
22376
22388
22390
22396
22407
22412
22420
22431
22454
22458
22460
22461
22468
22470
22474
22501
22507
22509
22510
22510
22510
22516
22516
22526
22532
22534
22535
22540
22549
22551
22551
22551
22552
22552
22562
22592
22606
22610
22633
22643
22648
22657
22659
22675
22679
22679
22694
22704
22704
22707
22713
22723
22739
22740
22745
22753
22756
22761
22768
22771
22775
22778
22788
22796
22797
22797
22802
22809
22811
22815
22823
22827
22845
22845
22849
22849
22856
22857
22862
22863
22867
22869
22873
22879
22889
22898
22908
22910
22911
22916
22922
22922
22923
22936
22937
22939
22941
22941
22948
22954
22955
22966
22969
22970
22976
22987
22998
23008
23013
23028
23033
23034
23040
23045
23046
23055
23059
23060
23066
23085
23107
23119
23131
23144
23145
23153
23166
23177
23182
23197
23203
23219
23235
23237
23265
23294
23297
23298
23300
23307
23308
23318
23325
23344
23345
23357
23369
23369
23374
23386
23387
23393
23404
23406
23407
23407
23408
23410
23411
23411
23422
23424
23425
23429
23437
23442
23443
23453
23453
23467
23480
23488
23496
23497
23499
23506
23507
23508
23508
23514
23516
23518
23529
23538
23538
23539
23544
23549
23554
23565
23570
23580
23584
23599
23601
23601
23615
23617
23619
23620
23641
23649
23656
23663
23672
23674
23675
23677
23679
23680
23681
23687
23688
23695
23695
23697
23702
23737
23745
23768
23780
23793
23797
23799
23800
23810
23811
23817
23818
23824
23828
23860
23862
23864
23875
23885
23886
23886
23888
23893
23895
23899
23900
23901
23903
23916
23917
23924
23926
23926
23934
23939
23948
23965
23972
23984
23985
23997
23999
24001
24002
24005
24014
24036
24041
24044
24044
24046
24050
24055
24062
24067
24084
24085
24085
24086
24105
24106
24113
24118
24124
24138
24138
24156
24159
24176
24180
24183
24184
24200
24202
24206
24213
24217
24225
24225
24226
24232
24257
24261
24268
24278
24279
24295
24297
24298
24301
24313
24331
24337
24341
24346
24351
24361
24365
24367
24377
24387
24392
24394
24402
24404
24405
24409
24413
24425
24429
24434
24443
24450
24450
24471
24488
24495
24498
24507
24509
24509
24514
24516
24519
24523
24528
24528
24532
24541
24541
24555
24573
24584
24585
24592
24606
24617
24618
24641
24645
24648
24653
24654
24655
24656
24665
24671
24679
24688
24695
24703
24709
24711
24717
24720
24732
24733
24744
24755
24773
24773
24778
24785
24797
24811
24813
24820
24821
24824
24825
24833
24834
24837
24851
24854
24856
24856
24864
24868
24876
24879
24892
24898
24899
24900
24902
24913
24920
24928
24928
24933
24941
24949
24953
24954
24977
24988
24993
24993
25001
25008
25021
25024
25027
25033
25044
25044
25046
25051
25057
25058
25069
25077
25092
25109
25133
25137
25149
25156
25164
25168
25168
25173
25182
25183
25202
25205
25207
25208
25210
25214
25216
25218
25249
25257
25257
25258
25262
25266
25270
25270
25274
25277
25283
25291
25308
25320
25320
25322
25347
25347
25348
25358
25358
25376
25383
25390
25391
25393
25398
25406
25423
25423
25426
25426
25427
25430
25445
25453
25457
25463
25466
25471
25475
25481
25485
25494
25497
25506
25509
25525
25527
25528
25529
25532
25548
25566
25572
25575
25577
25577
25584
25586
25586
25590
25604
25606
25608
25612
25616
25617
25626
25635
25636
25637
25637
25638
25652
25654
25656
25659
25661
25705
25711
25713
25718
25724
25730
25740
25743
25755
25760
25763
25763
25765
25770
25774
25778
25780
25791
25802
25803
25806
25812
25815
25825
25830
25832
25837
25838
25872
25884
25884
25889
25889
25894
25902
25911
25915
25919
25919
25922
25926
25932
25933
25933
25936
25937
25943
25949
25964
25965
25967
25971
25990
26008
26019
26024
26039
26040
26041
26057
26063
26095
26100
26103
26122
26124
26126
26129
26138
26168
26168
26170
26187
26191
26194
26201
26208
26214
26214
26229
26231
26237
26243
26245
26250
26251
26259
26261
26268
26268
26268
26276
26286
26291
26293
26312
26315
26323
26327
26334
26336
26341
26344
26352
26353
26355
26357
26360
26363
26374
26384
26388
26395
26411
26412
26420
26423
26423
26438
26442
26443
26456
26460
26469
26474
26479
26483
26499
26502
26511
26517
26521
26526
26529
26537
26539
26547
26554
26555
26572
26572
26577
26577
26577
26578
26579
26583
26587
26591
26597
26602
26604
26608
26609
26611
26612
26622
26627
26630
26651
26656
26665
26666
26668
26689
26699
26700
26709
26712
26721
26755
26757
26784
26787
26790
26792
26815
26816
26825
26828
26830
26831
26839
26839
26844
26848
26850
26853
26863
26865
26869
26874
26875
26887
26897
26907
26914
26915
26920
26928
26933
26936
26937
26942
26946
26947
26967
26968
26983
26990
26990
26994
27020
27024
27025
27031
27034
27034
27037
27038
27047
27068
27075
27089
27093
27105
27108
27109
27124
27152
27155
27157
27164
27174
27187
27189
27215
27218
27222
27224
27226
27233
27234
27238
27249
27256
27282
27304
27318
27318
27318
27322
27322
27324
27326
27344
27351
27352
27358
27375
27379
27380
27399
27404
27412
27418
27426
27437
27438
27438
27454
27454
27460
27468
27471
27488
27503
27505
27507
27507
27507
27519
27520
27525
27536
27542
27547
27564
27568
27577
27582
27582
27584
27585
27598
27604
27615
27615
27637
27638
27642
27644
27655
27656
27680
27681
27693
27704
27711
27733
27746
27748
27759
27760
27780
27783
27787
27794
27797
27801
27812
27823
27839
27848
27853
27854
27861
27863
27870
27881
27885
27890
27893
27896
27898
27908
27914
27916
27920
27921
27923
27927
27945
27945
27945
27947
27953
27963
27975
27980
27984
27985
27990
27993
27993
27994
27997
28015
28017
28028
28038
28040
28043
28046
28052
28053
28054
28057
28060
28065
28080
28084
28088
28094
28099
28103
28116
28141
28146
28158
28162
28164
28166
28172
28175
28188
28194
28198
28208
28212
28220
28224
28232
28239
28246
28250
28259
28262
28267
28271
28273
28277
28294
28299
28315
28321
28325
28327
28328
28330
28349
28351
28351
28355
28365
28370
28374
28380
28381
28394
28397
28405
28408
28417
28417
28431
28433
28446
28452
28455
28467
28468
28469
28484
28490
28491
28504
28516
28519
28529
28546
28560
28563
28570
28570
28576
28579
28582
28585
28589
28597
28599
28601
28606
28612
28623
28633
28635
28638
28663
28664
28665
28675
28680
28684
28691
28693
28694
28703
28705
28726
28726
28729
28732
28736
28757
28773
28773
28787
28795
28798
28798
28804
28806
28812
28813
28816
28830
28853
28854
28858
28865
28872
28878
28886
28887
28896
28898
28900
28909
28916
28922
28923
28927
28935
28963
28963
28969
28977
28982
28985
28992
29004
29005
29007
29025
29027
29031
29038
29048
29049
29054
29061
29087
29091
29094
29119
29124
29132
29133
29137
29141
29143
29144
29144
29145
29151
29168
29171
29179
29183
29186
29186
29188
29191
29197
29198
29205
29208
29214
29224
29227
29231
29236
29237
29242
29276
29277
29287
29294
29300
29317
29326
29331
29338
29342
29344
29344
29345
29346
29350
29351
29358
29374
29379
29379
29399
29411
29413
29425
29425
29488
29501
29505
29506
29508
29511
29523
29524
29529
29541
29555
29562
29567
29571
29588
29593
29599
29607
29619
29628
29634
29641
29643
29648
29669
29682
29686
29689
29698
29700
29703
29727
29762
29777
29782
29782
29792
29793
29802
29802
29803
29805
29812
29820
29823
29844
29859
29864
29866
29867
29875
29906
29908
29912
29912
29923
29935
29936
29954
29957
29957
29962
29964
29990
29993
29994
29998
29999
30003
30004
30010
30010
30016
30018
30024
30028
30034
30044
30053
30076
30080
30081
30084
30086
30098
30100
30102
30107
30110
30128
30129
30153
30156
30158
30158
30168
30173
30174
30177
30181
30181
30185
30201
30203
30208
30208
30211
30213
30216
30223
30232
30238
30240
30250
30250
30253
30262
30276
30284
30286
30292
30296
30298
30300
30301
30302
30309
30325
30339
30358
30361
30381
30389
30390
30391
30409
30412
30448
30449
30451
30460
30463
30472
30473
30474
30485
30485
30486
30494
30499
30504
30510
30513
30515
30525
30528
30532
30535
30539
30553
30567
30573
30586
30588
30599
30610
30617
30627
30640
30651
30653
30653
30658
30661
30661
30661
30674
30687
30701
30706
30721
30721
30731
30738
30748
30750
30756
30759
30761
30765
30780
30783
30791
30801
30832
30834
30848
30851
30854
30858
30875
30882
30891
30899
30909
30915
30916
30917
30922
30934
30934
30934
30939
30948
30953
30954
30959
30980
30981
30985
31003
31008
31037
31046
31048
31054
31057
31061
31061
31073
31084
31086
31096
31105
31107
31121
31122
31123
31135
31137
31147
31159
31164
31171
31184
31184
31185
31214
31218
31224
31227
31228
31232
31239
31251
31252
31260
31263
31270
31272
31273
31283
31285
31293
31295
31300
31302
31310
31311
31321
31325
31332
31342
31344
31352
31363
31368
31368
31372
31379
31384
31396
31400
31420
31428
31434
31438
31441
31465
31466
31472
31484
31492
31493
31497
31503
31513
31525
31535
31536
31566
31570
31572
31577
31578
31579
31581
31597
31600
31601
31606
31617
31629
31632
31642
31645
31664
31668
31674
31685
31693
31693
31703
31712
31715
31726
31731
31733
31740
31746
31748
31748
31752
31756
31760
31761
31763
31768
31776
31784
31786
31789
31790
31793
31816
31833
31838
31844
31858
31869
31875
31875
31889
31923
31924
31933
31938
31942
31964
31987
31996
31999
32006
32037
32039
32041
32041
32050
32055
32055
32059
32073
32112
32117
32125
32126
32134
32146
32151
32174
32176
32183
32186
32191
32197
32199
32213
32220
32222
32222
32231
32231
32242
32246
32251
32255
32268
32275
32277
32279
32286
32290
32304
32311
32324
32330
32332
32336
32342
32355
32358
32359
32373
32386
32405
32406
32406
32414
32416
32435
32445
32450
32457
32460
32465
32475
32477
32480
32482
32482
32486
32497
32500
32505
32508
32516
32522
32523
32524
32531
32533
32533
32538
32540
32554
32566
32567
32571
32574
32579
32581
32584
32593
32594
32606
32617
32629
32630
32644
32647
32651
32666
32668
32679
32680
32686
32697
32707
32718
32725
32730
32733
32759
32764
32767
32767
32768
32778
32784
32790
32796
32807
32811
32833
32833
32834
32834
32836
32860
32866
32871
32872
32873
32874
32882
32886
32888
32889
32895
32924
32931
32942
32947
32948
32979
32983
32989
32993
32995
32996
33026
33029
33034
33036
33037
33037
33041
33047
33057
33064
33083
33097
33099
33130
33136
33149
33161
33166
33184
33197
33202
33207
33207
33216
33217
33239
33246
33254
33258
33263
33265
33274
33279
33282
33293
33294
33307
33311
33327
33338
33384
33385
33392
33401
33425
33435
33438
33459
33463
33472
33474
33505
33505
33506
33509
33517
33518
33522
33530
33532
33542
33550
33556
33559
33562
33562
33563
33566
33572
33572
33576
33576
33594
33600
33607
33609
33609
33637
33638
33645
33651
33652
33665
33666
33666
33672
33674
33683
33688
33698
33702
33705
33721
33726
33736
33736
33744
33751
33763
33764
33767
33767
33769
33774
33777
33780
33787
33787
33793
33803
33816
33816
33830
33833
33845
33848
33853
33856
33860
33865
33893
33896
33896
33901
33902
33919
33934
33942
33970
33976
33984
33995
34008
34009
34011
34012
34013
34017
34033
34043
34044
34049
34055
34064
34067
34074
34077
34092
34097
34099
34104
34105
34108
34117
34120
34121
34121
34127
34139
34142
34144
34149
34150
34153
34155
34169
34170
34181
34189
34190
34196
34198
34199
34202
34217
34235
34245
34252
34255
34258
34265
34266
34276
34287
34297
34304
34308
34312
34314
34316
34326
34327
34328
34332
34338
34367
34376
34384
34392
34406
34412
34438
34454
34456
34458
34466
34475
34475
34493
34494
34504
34506
34510
34520
34522
34535
34537
34544
34553
34555
34569
34573
34574
34583
34589
34591
34596
34601
34602
34604
34612
34614
34618
34626
34634
34646
34659
34664
34681
34690
34712
34713
34714
34722
34728
34741
34743
34747
34755
34756
34761
34772
34774
34783
34789
34811
34820
34836
34839
34845
34848
34858
34864
34872
34887
34901
34902
34906
34928
34932
34937
34943
34975
35004
35006
35012
35018
35027
35029
35035
35041
35050
35052
35056
35106
35110
35113
35144
35144
35156
35156
35159
35164
35168
35180
35182
35204
35216
35240
35242
35246
35252
35261
35261
35263
35276
35277
35281
35320
35324
35325
35326
35352
35370
35371
35397
35401
35415
35418
35422
35425
35444
35451
35452
35453
35469
35485
35496
35497
35504
35507
35509
35512
35512
35527
35545
35560
35568
35574
35574
35595
35597
35623
35630
35639
35642
35644
35645
35652
35658
35660
35661
35670
35689
35694
35694
35697
35701
35703
35704
35726
35729
35734
35735
35739
35767
35782
35786
35789
35792
35799
35805
35807
35808
35811
35827
35832
35832
35833
35850
35862
35866
35879
35882
35885
35887
35887
35890
35892
35899
35900
35902
35904
35907
35907
35914
35916
35927
35928
35940
35954
35962
35972
35972
35973
35975
35991
35991
35995
35997
36000
36014
36025
36029
36034
36036
36039
36042
36055
36069
36072
36073
36088
36102
36109
36112
36114
36117
36118
36126
36133
36146
36150
36150
36159
36160
36175
36177
36188
36191
36191
36192
36196
36200
36210
36223
36224
36224
36243
36250
36268
36281
36294
36294
36316
36317
36337
36344
36361
36362
36366
36374
36382
36395
36397
36401
36402
36410
36411
36413
36414
36426
36429
36431
36432
36434
36434
36436
36443
36445
36455
36462
36466
36469
36472
36473
36487
36491
36501
36510
36522
36530
36543
36549
36560
36567
36570
36589
36601
36620
36622
36627
36631
36632
36643
36651
36652
36663
36672
36681
36686
36707
36708
36708
36711
36714
36714
36714
36729
36730
36735
36736
36737
36749
36749
36752
36758
36761
36762
36775
36776
36779
36782
36784
36787
36796
36797
36802
36805
36814
36817
36824
36835
36846
36853
36854
36862
36862
36865
36872
36874
36886
36886
36904
36904
36911
36922
36931
36931
36940
36944
36945
36949
36955
36955
36956
36957
36965
36969
36991
37016
37017
37018
37021
37028
37031
37036
37066
37071
37071
37087
37090
37104
37105
37106
37109
37123
37135
37143
37150
37156
37157
37173
37181
37181
37183
37191
37202
37206
37211
37223
37238
37239
37240
37242
37246
37251
37256
37263
37272
37277
37297
37304
37304
37309
37311
37320
37337
37339
37347
37358
37378
37381
37382
37385
37385
37405
37410
37412
37420
37436
37438
37474
37475
37478
37493
37504
37510
37510
37513
37517
37532
37539
37540
37541
37552
37554
37558
37563
37568
37574
37577
37583
37585
37587
37590
37601
37610
37635
37636
37637
37642
37643
37651
37688
37694
37703
37719
37722
37723
37736
37739
37741
37754
37762
37767
37783
37787
37788
37789
37792
37813
37825
37825
37830
37836
37838
37844
37845
37851
37860
37862
37873
37879
37898
37901
37914
37928
37930
37936
37949
37956
37962
37966
37966
37966
37981
37996
37997
38003
38006
38007
38009
38028
38031
38050
38071
38077
38079
38101
38106
38109
38122
38127
38132
38153
38159
38160
38161
38164
38168
38169
38184
38185
38198
38201
38201
38207
38211
38213
38214
38215
38229
38234
38235
38238
38239
38252
38257
38258
38259
38270
38283
38285
38299
38305
38311
38338
38340
38340
38343
38350
38352
38368
38370
38406
38413
38417
38417
38446
38447
38452
38458
38462
38474
38477
38480
38485
38487
38493
38499
38505
38511
38529
38529
38545
38545
38565
38574
38578
38582
38591
38598
38601
38604
38612
38621
38623
38624
38625
38631
38634
38642
38646
38656
38658
38666
38669
38678
38683
38687
38691
38698
38699
38706
38724
38742
38743
38746
38755
38761
38764
38781
38782
38785
38793
38794
38795
38798
38805
38824
38830
38831
38837
38842
38852
38852
38855
38862
38863
38866
38885
38888
38892
38911
38932
38932
38942
38969
38977
38989
38991
38992
38998
38998
39001
39004
39006
39013
39015
39016
39017
39025
39026
39035
39036
39036
39037
39039
39046
39069
39072
39081
39083
39085
39086
39097
39112
39113
39116
39124
39138
39145
39163
39173
39173
39175
39179
39196
39206
39213
39216
39218
39229
39229
39241
39244
39247
39256
39263
39266
39301
39312
39318
39319
39320
39321
39322
39346
39359
39376
39380
39381
39389
39395
39405
39410
39411
39414
39420
39446
39458
39459
39468
39474
39483
39484
39484
39500
39503
39505
39505
39512
39523
39523
39523
39528
39529
39532
39534
39539
39543
39557
39561
39562
39562
39562
39573
39577
39590
39592
39596
39602
39604
39624
39633
39635
39642
39687
39706
39710
39712
39716
39721
39728
39747
39758
39766
39771
39772
39773
39809
39810
39812
39819
39847
39861
39887
39888
39891
39893
39903
39904
39913
39921
39923
39927
39953
39954
39956
39963
39984
39988
39998
40006
40011
40014
40038
40056
40062
40066
40083
40088
40091
40093
40104
40107
40123
40124
40133
40133
40143
40147
40160
40163
40165
40166
40170
40170
40179
40195
40209
40211
40212
40214
40215
40215
40225
40226
40245
40255
40256
40277
40281
40283
40304
40319
40319
40319
40321
40321
40327
40328
40347
40350
40352
40357
40373
40380
40384
40385
40388
40392
40394
40399
40400
40406
40415
40418
40419
40420
40425
40440
40443
40444
40451
40452
40468
40477
40478
40485
40490
40493
40497
40506
40508
40509
40513
40516
40520
40527
40544
40549
40557
40613
40616
40622
40630
40646
40655
40657
40666
40680
40689
40694
40695
40695
40695
40699
40703
40730
40739
40739
40752
40769
40772
40783
40791
40792
40792
40793
40796
40808
40810
40826
40836
40841
40848
40849
40852
40857
40858
40862
40868
40891
40900
40902
40903
40904
40905
40923
40924
40926
40945
40945
40946
40957
40957
40977
40979
40985
40991
41001
41004
41027
41032
41036
41038
41038
41065
41070
41075
41086
41103
41113
41133
41147
41161
41162
41210
41216
41234
41248
41249
41252
41265
41268
41272
41281
41286
41293
41295
41299
41302
41308
41320
41330
41336
41349
41364
41366
41375
41376
41379
41384
41394
41403
41409
41411
41415
41425
41426
41437
41462
41463
41464
41490
41498
41504
41515
41516
41522
41525
41528
41541
41545
41552
41554
41554
41554
41556
41568
41572
41576
41588
41596
41615
41621
41622
41629
41631
41632
41636
41647
41652
41662
41672
41673
41678
41685
41686
41699
41703
41708
41746
41775
41776
41779
41780
41788
41794
41802
41847
41858
41868
41877
41878
41882
41903
41905
41907
41917
41917
41925
41938
41959
41964
41968
41972
41989
41994
41999
41999
42004
42010
42019
42021
42022
42038
42038
42039
42039
42042
42043
42045
42049
42059
42077
42081
42104
42108
42108
42112
42115
42117
42125
42128
42135
42137
42143
42143
42150
42160
42174
42175
42187
42190
42195
42196
42199
42203
42216
42217
42221
42223
42228
42244
42246
42252
42259
42266
42267
42269
42279
42281
42292
42297
42303
42314
42320
42329
42329
42345
42351
42357
42368
42382
42389
42389
42391
42391
42391
42396
42397
42409
42411
42431
42433
42442
42457
42458
42458
42461
42494
42504
42506
42510
42512
42518
42527
42529
42538
42539
42544
42549
42554
42555
42558
42594
42597
42605
42607
42622
42625
42641
42642
42650
42657
42657
42664
42678
42679
42681
42684
42685
42696
42697
42698
42702
42711
42713
42727
42733
42733
42742
42745
42754
42757
42787
42807
42811
42819
42862
42869
42886
42888
42889
42900
42906
42912
42936
42953
42961
42962
42963
42967
42976
42983
42991
42991
42995
43004
43019
43033
43033
43036
43036
43036
43054
43086
43090
43102
43105
43116
43117
43120
43141
43154
43170
43180
43186
43193
43199
43199
43199
43202
43203
43206
43206
43209
43212
43219
43220
43227
43230
43247
43253
43254
43257
43274
43276
43277
43277
43278
43278
43281
43295
43310
43311
43312
43314
43319
43321
43332
43332
43343
43344
43345
43346
43350
43367
43374
43379
43394
43401
43405
43408
43411
43417
43417
43418
43433
43470
43471
43479
43481
43503
43504
43505
43515
43517
43522
43525
43535
43538
43551
43567
43571
43582
43585
43592
43595
43595
43600
43605
43605
43611
43619
43623
43625
43650
43651
43657
43662
43670
43673
43676
43684
43699
43701
43701
43702
43712
43712
43715
43715
43724
43727
43730
43732
43738
43741
43753
43753
43756
43760
43761
43762
43765
43774
43777
43789
43792
43794
43795
43804
43807
43814
43830
43834
43835
43837
43838
43838
43845
43845
43847
43849
43855
43870
43870
43872
43887
43890
43891
43891
43894
43916
43919
43929
43944
43966
43967
43981
43983
43989
43998
44001
44003
44005
44005
44006
44006
44014
44020
44030
44031
44039
44045
44063
44066
44067
44070
44080
44080
44080
44085
44090
44115
44123
44124
44129
44129
44143
44148
44151
44172
44175
44198
44202
44206
44216
44216
44218
44219
44221
44244
44254
44255
44259
44260
44262
44262
44262
44263
44271
44281
44305
44306
44317
44333
44343
44346
44378
44381
44396
44408
44425
44428
44437
44441
44442
44461
44466
44467
44483
44507
44515
44527
44537
44541
44545
44549
44563
44564
44566
44570
44574
44577
44583
44590
44591
44600
44606
44610
44626
44636
44648
44658
44665
44665
44673
44686
44689
44711
44713
44714
44717
44720
44737
44740
44741
44742
44749
44774
44788
44795
44797
44799
44804
44807
44818
44818
44822
44829
44830
44843
44845
44856
44860
44878
44880
44890
44902
44909
44929
44939
44947
44970
44974
44974
44976
44980
44987
44993
44996
44997
45002
45023
45027
45031
45037
45054
45058
45069
45073
45088
45090
45092
45093
45099
45100
45105
45108
45120
45122
45127
45140
45140
45149
45149
45156
45156
45158
45159
45167
45173
45177
45177
45178
45180
45183
45194
45199
45200
45216
45227
45234
45242
45253
45254
45258
45259
45260
45268
45268
45271
45276
45281
45294
45300
45300
45310
45314
45317
45318
45320
45322
45346
45349
45356
45360
45366
45403
45412
45420
45422
45424
45435
45444
45463
45463
45467
45469
45485
45487
45493
45498
45502
45522
45522
45529
45535
45537
45544
45544
45547
45549
45554
45555
45577
45577
45582
45583
45598
45611
45617
45625
45644
45647
45649
45670
45681
45687
45691
45709
45712
45721
45724
45726
45735
45737
45738
45744
45746
45759
45761
45775
45782
45786
45790
45802
45806
45817
45822
45825
45827
45831
45831
45839
45840
45846
45855
45856
45857
45865
45866
45867
45876
45881
45888
45890
45891
45891
45897
45902
45902
45904
45906
45911
45918
45918
45926
45933
45939
45940
45952
45964
45967
45968
45970
45973
45975
45977
45980
45982
45985
45991
46001
46002
46009
46014
46022
46026
46057
46058
46059
46065
46068
46081
46086
46093
46101
46107
46111
46121
46135
46139
46143
46150
46153
46154
46155
46157
46169
46171
46173
46179
46181
46186
46202
46206
46244
46247
46254
46261
46266
46270
46273
46288
46290
46312
46328
46336
46342
46346
46346
46361
46363
46369
46385
46411
46426
46436
46439
46449
46460
46464
46472
46493
46508
46509
46521
46523
46524
46525
46539
46553
46554
46560
46563
46567
46575
46578
46579
46591
46597
46599
46601
46606
46609
46615
46621
46639
46641
46655
46657
46662
46664
46673
46678
46683
46703
46712
46719
46722
46728
46728
46733
46743
46751
46762
46773
46777
46801
46804
46815
46816
46821
46827
46828
46837
46846
46854
46857
46861
46866
46872
46883
46886
46898
46901
46904
46917
46919
46922
46922
46933
46933
46939
46941
46942
46948
46962
46979
46984
46988
46994
46994
47000
47006
47012
47028
47035
47054
47060
47070
47079
47086
47090
47093
47093
47099
47101
47109
47111
47115
47118
47118
47126
47132
47141
47149
47151
47154
47173
47173
47182
47185
47186
47191
47201
47202
47209
47213
47216
47218
47220
47233
47234
47243
47245
47258
47258
47269
47285
47295
47304
47308
47332
47336
47359
47359
47408
47408
47409
47411
47430
47453
47458
47465
47465
47471
47484
47486
47490
47493
47501
47503
47507
47510
47514
47514
47515
47516
47534
47537
47541
47542
47561
47565
47578
47580
47580
47596
47599
47602
47606
47611
47614
47624
47627
47655
47657
47663
47666
47675
47689
47695
47698
47702
47711
47722
47733
47737
47743
47756
47770
47772
47828
47829
47844
47844
47848
47862
47866
47870
47872
47873
47876
47879
47889
47897
47899
47905
47908
47917
47937
47939
47941
47944
47963
47964
47979
47985
47992
47999
48010
48022
48033
48035
48043
48045
48049
48053
48054
48056
48061
48061
48079
48081
48084
48085
48089
48097
48127
48128
48130
48135
48135
48137
48140
48141
48142
48145
48160
48167
48168
48169
48220
48220
48221
48223
48226
48226
48234
48235
48240
48240
48250
48264
48278
48283
48291
48291
48293
48294
48298
48331
48350
48354
48355
48363
48365
48365
48366
48370
48372
48384
48384
48384
48387
48408
48409
48410
48420
48426
48441
48448
48480
48481
48486
48492
48494
48501
48515
48519
48540
48542
48550
48576
48582
48596
48605
48611
48614
48619
48630
48642
48647
48657
48659
48675
48680
48680
48685
48693
48705
48712
48712
48718
48726
48728
48728
48746
48749
48751
48751
48763
48770
48772
48775
48775
48816
48816
48816
48818
48824
48826
48836
48837
48855
48857
48858
48860
48873
48873
48886
48892
48914
48931
48949
48961
48962
48965
48977
48980
48982
48988
49008
49012
49015
49025
49030
49032
49053
49059
49074
49083
49084
49085
49090
49101
49102
49104
49105
49105
49109
49112
49112
49117
49120
49121
49124
49133
49146
49164
49168
49173
49180
49189
49198
49199
49205
49213
49226
49228
49228
49232
49233
49247
49252
49261
49283
49285
49298
49302
49306
49314
49314
49317
49322
49327
49339
49345
49346
49347
49374
49384
49389
49391
49392
49397
49398
49410
49418
49426
49434
49437
49437
49446
49451
49453
49464
49473
49475
49477
49478
49489
49489
49506
49506
49511
49511
49517
49518
49519
49524
49524
49528
49534
49538
49540
49542
49547
49553
49559
49561
49569
49571
49572
49574
49588
49605
49614
49646
49652
49659
49661
49665
49673
49692
49704
49706
49719
49724
49728
49730
49740
49750
49763
49765
49769
49769
49771
49773
49784
49784
49788
49788
49792
49798
49798
49798
49837
49856
49868
49889
49891
49898
49898
49906
49907
49910
49910
49911
49924
49936
49937
49950
49957
49964
49973
49977
49989
49995
50006
50027
50057
50068
50071
50086
50091
50094
50101
50117
50140
50146
50150
50154
50154
50166
50178
50192
50194
50194
50196
50198
50201
50205
50208
50210
50232
50238
50253
50268
50269
50276
50276
50278
50279
50283
50285
50286
50309
50311
50318
50319
50329
50333
50334
50342
50351
50352
50354
50355
50358
50370
50375
50397
50420
50422
50432
50432
50438
50442
50460
50471
50473
50475
50486
50490
50496
50497
50503
50505
50511
50518
50518
50524
50524
50535
50536
50554
50566
50576
50577
50579
50586
50587
50607
50610
50610
50615
50618
50624
50627
50631
50638
50644
50658
50659
50668
50705
50710
50714
50714
50716
50731
50755
50762
50764
50768
50771
50775
50791
50792
50793
50801
50806
50809
50825
50827
50832
50837
50851
50860
50864
50873
50879
50881
50881
50883
50890
50897
50899
50900
50906
50909
50910
50918
50921
50924
50925
50933
50934
50937
50937
50949
50958
50960
50967
50970
50977
50982
50984
50990
50998
50998
50999
51010
51013
51035
51040
51043
51064
51066
51067
51085
51085
51093
51117
51118
51120
51123
51127
51147
51153
51164
51168
51178
51180
51181
51190
51195
51196
51212
51217
51218
51223
51230
51237
51240
51251
51254
51263
51272
51272
51283
51283
51289
51296
51307
51315
51327
51328
51331
51334
51342
51349
51369
51378
51420
51421
51423
51465
51472
51473
51483
51483
51493
51501
51501
51504
51508
51508
51509
51513
51525
51539
51543
51547
51547
51550
51565
51566
51566
51569
51580
51584
51588
51595
51625
51626
51640
51642
51649
51664
51672
51682
51683
51690
51701
51706
51716
51720
51737
51744
51745
51766
51775
51782
51783
51788
51800
51813
51822
51830
51832
51839
51843
51852
51854
51864
51867
51870
51881
51883
51890
51893
51894
51894
51895
51900
51920
51922
51942
51960
51973
51980
51982
51983
51984
51985
51990
51995
52000
52009
52013
52023
52032
52034
52035
52043
52052
52056
52065
52067
52071
52071
52083
52090
52094
52103
52103
52105
52118
52125
52139
52150
52158
52162
52170
52172
52175
52183
52187
52195
52209
52212
52214
52215
52222
52228
52232
52243
52244
52247
52248
52249
52249
52250
52255
52267
52271
52279
52280
52281
52293
52297
52299
52311
52316
52331
52338
52345
52360
52367
52367
52370
52378
52387
52388
52399
52413
52414
52426
52443
52451
52452
52458
52458
52460
52462
52464
52464
52472
52477
52479
52483
52490
52495
52496
52515
52525
52525
52525
52545
52563
52569
52571
52598
52601
52602
52611
52615
52619
52621
52630
52635
52637
52639
52643
52655
52656
52658
52659
52660
52674
52674
52678
52680
52681
52682
52683
52690
52690
52701
52707
52714
52715
52716
52716
52725
52733
52735
52736
52739
52740
52747
52751
52751
52763
52767
52772
52778
52784
52806
52834
52839
52840
52855
52855
52872
52874
52876
52880
52887
52888
52895
52902
52911
52914
52915
52923
52932
52942
52944
52949
52959
52979
52987
53000
53000
53006
53012
53022
53025
53030
53033
53042
53044
53048
53051
53054
53054
53057
53058
53067
53070
53070
53076
53101
53110
53110
53117
53117
53118
53125
53132
53143
53145
53156
53177
53178
53178
53179
53182
53183
53188
53209
53225
53228
53230
53236
53240
53245
53250
53250
53253
53272
53281
53284
53292
53297
53314
53315
53323
53327
53327
53336
53342
53343
53344
53366
53367
53373
53376
53377
53378
53383
53383
53392
53400
53402
53403
53411
53413
53416
53420
53427
53432
53440
53440
53444
53456
53458
53481
53482
53487
53488
53497
53500
53505
53505
53518
53520
53520
53522
53531
53536
53547
53548
53553
53555
53559
53569
53576
53583
53585
53587
53590
53599
53600
53601
53608
53608
53636
53659
53661
53661
53665
53671
53680
53694
53705
53708
53729
53747
53747
53754
53759
53775
53779
53791
53793
53809
53818
53825
53833
53841
53851
53853
53866
53868
53907
53908
53924
53928
53935
53940
53948
53957
53960
53966
53967
53968
53972
53973
53983
53983
53985
53987
53997
53999
54009
54017
54021
54023
54042
54048
54050
54050
54066
54067
54072
54076
54076
54088
54091
54092
54097
54115
54138
54146
54150
54158
54159
54161
54183
54203
54204
54206
54215
54226
54232
54233
54235
54241
54251
54256
54259
54263
54264
54270
54274
54275
54284
54286
54306
54313
54315
54323
54331
54334
54335
54336
54337
54349
54349
54359
54382
54394
54397
54399
54401
54420
54440
54447
54447
54464
54465
54467
54479
54482
54482
54488
54508
54516
54518
54535
54540
54541
54548
54555
54588
54591
54596
54603
54603
54616
54624
54626
54630
54632
54635
54641
54647
54651
54680
54683
54693
54694
54701
54707
54711
54715
54722
54732
54738
54740
54745
54752
54756
54757
54757
54763
54773
54774
54779
54792
54794
54796
54799
54808
54809
54810
54817
54823
54840
54847
54850
54852
54865
54881
54881
54896
54903
54918
54920
54931
54933
54936
54936
54942
54943
54948
54950
54951
54958
54973
54973
54976
54978
54990
54997
55004
55006
55009
55012
55014
55045
55048
55051
55052
55053
55055
55060
55063
55069
55090
55093
55099
55104
55116
55117
55128
55138
55142
55142
55148
55158
55165
55171
55176
55184
55189
55191
55191
55199
55221
55225
55228
55228
55234
55270
55274
55274
55275
55279
55279
55291
55294
55323
55329
55343
55353
55385
55386
55395
55397
55405
55414
55422
55431
55435
55436
55456
55458
55463
55469
55472
55476
55478
55483
55487
55487
55499
55504
55521
55522
55524
55551
55563
55564
55565
55568
55582
55586
55587
55602
55607
55619
55624
55627
55640
55645
55655
55667
55671
55671
55677
55689
55698
55706
55721
55721
55722
55725
55733
55746
55750
55752
55758
55772
55780
55782
55793
55798
55814
55814
55817
55826
55827
55827
55828
55845
55845
55848
55851
55854
55859
55861
55866
55868
55870
55872
55877
55882
55885
55896
55903
55903
55904
55904
55914
55916
55927
55931
55933
55936
55938
55944
55952
55974
55974
55983
55995
56004
56007
56008
56017
56018
56021
56025
56026
56026
56032
56036
56037
56044
56045
56062
56063
56071
56073
56081
56092
56098
56107
56112
56123
56127
56129
56137
56155
56171
56172
56173
56190
56191
56192
56193
56203
56208
56218
56218
56223
56224
56232
56236
56245
56248
56255
56256
56262
56273
56287
56290
56296
56316
56321
56327
56342
56377
56386
56389
56395
56399
56405
56406
56409
56409
56410
56411
56411
56430
56434
56437
56459
56482
56489
56495
56506
56508
56509
56510
56514
56515
56515
56520
56524
56532
56539
56542
56560
56562
56567
56581
56583
56604
56605
56613
56618
56619
56620
56621
56633
56641
56654
56656
56666
56672
56677
56684
56703
56704
56709
56717
56717
56730
56730
56731
56732
56739
56747
56753
56755
56772
56773
56773
56776
56776
56779
56791
56794
56799
56802
56809
56814
56820
56825
56851
56856
56871
56882
56883
56885
56902
56906
56909
56911
56913
56917
56919
56921
56932
56934
56948
56949
56955
56957
56957
56957
56962
56963
56969
56969
56981
56985
56986
57013
57039
57039
57058
57064
57064
57066
57072
57077
57078
57082
57085
57086
57088
57090
57103
57115
57124
57133
57142
57160
57167
57179
57187
57202
57203
57205
57220
57222
57222
57223
57226
57227
57228
57238
57246
57250
57252
57258
57265
57288
57308
57309
57313
57323
57333
57338
57339
57345
57347
57350
57350
57367
57373
57380
57381
57382
57387
57390
57417
57434
57435
57440
57442
57453
57455
57459
57465
57473
57474
57478
57490
57491
57499
57506
57510
57530
57534
57540
57568
57585
57590
57600
57601
57608
57618
57620
57626
57627
57629
57629
57639
57653
57665
57665
57670
57671
57672
57678
57683
57684
57684
57691
57710
57713
57715
57736
57745
57751
57769
57772
57773
57773
57775
57785
57788
57801
57802
57804
57809
57811
57812
57813
57819
57825
57826
57847
57854
57854
57860
57865
57865
57869
57878
57891
57891
57893
57894
57901
57906
57913
57927
57932
57935
57938
57939
57943
57947
57948
57954
57954
57963
57967
57968
57968
57988
58018
58028
58042
58056
58072
58082
58083
58087
58093
58098
58113
58123
58131
58141
58160
58161
58162
58170
58172
58180
58195
58197
58203
58217
58221
58226
58230
58230
58236
58238
58257
58269
58276
58280
58287
58291
58295
58305
58306
58306
58313
58313
58322
58326
58328
58330
58330
58337
58337
58348
58349
58360
58362
58371
58390
58392
58395
58399
58409
58414
58417
58450
58451
58455
58460
58462
58473
58482
58486
58497
58499
58503
58504
58509
58528
58536
58542
58548
58561
58564
58568
58574
58574
58576
58588
58598
58605
58616
58629
58647
58650
58655
58661
58667
58667
58675
58675
58679
58681
58687
58691
58695
58699
58701
58720
58740
58743
58750
58752
58759
58764
58778
58781
58788
58799
58800
58810
58817
58817
58821
58832
58847
58848
58858
58864
58871
58874
58881
58906
58917
58919
58923
58940
58951
58953
58955
58963
58969
58973
58974
58980
58992
58999
59004
59010
59012
59025
59026
59027
59034
59039
59044
59047
59055
59063
59064
59067
59076
59084
59089
59091
59103
59116
59117
59120
59121
59129
59130
59143
59151
59166
59170
59182
59201
59204
59215
59215
59219
59230
59233
59248
59260
59263
59268
59277
59281
59296
59298
59306
59311
59311
59311
59328
59339
59368
59369
59370
59384
59387
59387
59390
59400
59400
59411
59416
59420
59421
59425
59440
59444
59453
59457
59464
59486
59488
59491
59498
59501
59507
59519
59528
59556
59582
59598
59599
59601
59602
59607
59610
59622
59624
59627
59641
59644
59648
59649
59649
59651
59653
59658
59667
59668
59670
59691
59693
59697
59698
59701
59705
59714
59714
59732
59732
59737
59745
59750
59763
59769
59773
59776
59782
59786
59795
59797
59804
59807
59839
59862
59862
59863
59868
59869
59869
59870
59872
59876
59881
59882
59888
59904
59923
59927
59933
59935
59936
59939
59948
59953
59959
59978
59979
59982
60001
60014
60028
60032
60033
60033
60035
60038
60068
60071
60086
60094
60098
60110
60111
60121
60129
60136
60139
60168
60169
60174
60188
60203
60209
60211
60216
60220
60225
60232
60233
60242
60244
60247
60248
60249
60250
60252
60259
60264
60267
60268
60283
60290
60305
60307
60336
60344
60348
60351
60357
60358
60368
60376
60379
60397
60402
60403
60405
60406
60414
60432
60433
60469
60470
60475
60505
60505
60513
60525
60534
60550
60554
60558
60560
60581
60588
60588
60589
60591
60592
60592
60598
60601
60601
60609
60617
60632
60643
60643
60643
60644
60650
60653
60664
60671
60679
60687
60688
60696
60697
60701
60704
60746
60755
60780
60782
60787
60791
60809
60811
60812
60827
60852
60872
60872
60876
60886
60889
60894
60896
60896
60903
60906
60937
60937
60939
60940
60952
60952
60966
60972
60980
60986
60995
60996
60997
60997
61001
61010
61011
61021
61022
61034
61045
61052
61066
61073
61074
61075
61076
61084
61089
61092
61093
61093
61099
61100
61102
61105
61106
61106
61111
61111
61117
61117
61136
61141
61153
61154
61175
61198
61203
61208
61230
61237
61244
61244
61247
61251
61257
61260
61266
61273
61276
61278
61284
61290
61295
61299
61299
61303
61319
61325
61334
61342
61343
61348
61363
61365
61365
61371
61378
61391
61394
61405
61406
61420
61421
61435
61436
61438
61450
61454
61454
61458
61463
61469
61475
61477
61497
61499
61504
61505
61525
61530
61531
61533
61538
61539
61553
61556
61562
61569
61572
61579
61587
61587
61594
61609
61615
61623
61625
61627
61629
61636
61637
61639
61640
61640
61648
61653
61655
61656
61664
61668
61678
61688
61693
61702
61710
61715
61723
61726
61727
61749
61750
61757
61778
61784
61786
61791
61807
61807
61812
61834
61842
61870
61882
61899
61905
61924
61931
61948
61956
61959
61963
61967
61997
62002
62002
62013
62017
62018
62025
62030
62060
62065
62068
62068
62070
62077
62098
62115
62117
62119
62127
62145
62151
62155
62174
62179
62192
62195
62196
62215
62216
62217
62223
62228
62231
62238
62246
62249
62252
62270
62289
62300
62301
62305
62321
62331
62335
62339
62344
62345
62371
62371
62374
62376
62384
62388
62395
62409
62417
62426
62433
62442
62449
62471
62476
62476
62483
62494
62495
62496
62496
62503
62507
62508
62513
62521
62533
62537
62545
62545
62549
62551
62562
62568
62572
62580
62586
62587
62590
62591
62622
62623
62624
62627
62628
62628
62630
62631
62637
62650
62658
62666
62667
62669
62678
62682
62682
62690
62698
62706
62707
62719
62726
62733
62733
62734
62740
62746
62749
62750
62752
62752
62753
62758
62760
62761
62771
62774
62777
62781
62786
62787
62801
62803
62809
62809
62815
62816
62816
62820
62826
62841
62847
62850
62859
62869
62881
62885
62891
62895
62897
62900
62910
62927
62937
62952
62968
62968
62983
62983
62984
62997
62997
63007
63016
63018
63018
63019
63019
63027
63030
63042
63043
63057
63063
63072
63076
63086
63091
63094
63097
63103
63103
63109
63111
63115
63122
63126
63131
63142
63150
63157
63161
63167
63168
63170
63172
63175
63176
63177
63178
63180
63188
63197
63200
63251
63254
63262
63268
63276
63289
63299
63315
63317
63327
63350
63353
63356
63362
63364
63368
63370
63376
63396
63396
63400
63423
63425
63432
63452
63456
63461
63465
63478
63487
63491
63494
63500
63507
63508
63512
63517
63518
63521
63525
63531
63537
63538
63539
63543
63552
63553
63565
63571
63573
63576
63578
63581
63585
63601
63604
63609
63621
63621
63627
63628
63629
63649
63650
63658
63658
63664
63675
63683
63687
63697
63705
63706
63710
63718
63719
63722
63733
63733
63742
63743
63745
63748
63761
63764
63766
63771
63780
63792
63852
63855
63863
63868
63870
63871
63872
63876
63881
63885
63887
63889
63908
63923
63928
63929
63929
63938
63939
63941
63945
63960
63962
63966
63967
63970
63971
63972
63973
63975
63980
63987
64000
64008
64008
64012
64022
64034
64037
64041
64042
64047
64074
64084
64093
64093
64094
64106
64110
64117
64122
64128
64133
64142
64143
64148
64161
64162
64170
64170
64179
64185
64188
64190
64195
64198
64198
64202
64203
64214
64215
64218
64227
64237
64239
64244
64247
64251
64252
64264
64283
64283
64296
64302
64317
64319
64321
64323
64334
64346
64354
64355
64362
64376
64382
64382
64390
64394
64400
64404
64408
64409
64412
64414
64423
64436
64437
64437
64450
64452
64456
64470
64481
64485
64488
64515
64517
64526
64530
64542
64542
64543
64546
64547
64547
64555
64555
64575
64582
64586
64588
64590
64592
64594
64596
64597
64598
64614
64616
64617
64617
64627
64629
64638
64641
64644
64647
64650
64665
64668
64670
64672
64673
64676
64685
64707
64709
64719
64723
64727
64731
64731
64736
64748
64756
64760
64771
64777
64782
64786
64791
64792
64798
64799
64808
64821
64823
64860
64875
64878
64881
64893
64908
64934
64937
64939
64954
64955
64957
64965
64969
64989
64998
65009
65025
65029
65031
65034
65037
65037
65039
65040
65053
65053
65061
65062
65062
65062
65068
65081
65093
65104
65105
65119
65127
65128
65134
65149
65155
65167
65180
65206
65207
65209
65215
65233
65236
65252
65252
65255
65256
65256
65273
65275
65276
65277
65277
65280
65281
65290
65292
65298
65310
65312
65322
65325
65334
65334
65336
65336
65338
65340
65345
65346
65357
65358
65360
65367
65371
65376
65383
65393
65397
65411
65421
65426
65429
65434
65435
65471
65485
65486
65495
65505
65514
65515
65526
65526
65529
65530
65535
65542
65549
65552
65554
65558
65559
65560
65570
65580
65587
65593
65601
65610
65611
65624
65627
65627
65629
65642
65662
65682
65687
65689
65696
65696
65700
65700
65700
65704
65706
65733
65736
65739
65745
65746
65747
65749
65755
65760
65763
65764
65796
65798
65802
65808
65821
65834
65853
65866
65868
65883
65890
65891
65892
65894
65899
65901
65904
65913
65921
65924
65925
65927
65936
65936
65947
65948
65960
65963
65963
65973
65978
65986
65990
66002
66007
66009
66020
66036
66042
66050
66056
66063
66068
66071
66078
66080
66111
66112
66113
66114
66119
66120
66125
66128
66140
66141
66143
66152
66152
66153
66162
66168
66172
66199
66206
66211
66211
66212
66216
66221
66241
66248
66261
66275
66276
66279
66282
66290
66297
66304
66305
66309
66312
66314
66315
66319
66325
66363
66377
66378
66382
66400
66412
66425
66432
66451
66457
66468
66469
66473
66475
66479
66487
66497
66499
66507
66517
66518
66530
66544
66553
66559
66564
66564
66578
66581
66589
66596
66600
66609
66613
66650
66656
66660
66662
66665
66678
66694
66699
66716
66721
66723
66723
66738
66750
66751
66757
66781
66789
66797
66798
66804
66838
66839
66840
66855
66868
66875
66878
66879
66888
66899
66906
66908
66911
66927
66945
66963
66977
66980
66986
66986
66990
66994
66995
66998
66999
67006
67006
67023
67035
67039
67045
67067
67079
67085
67090
67098
67099
67104
67105
67117
67122
67141
67151
67154
67156
67169
67189
67192
67199
67202
67202
67204
67208
67214
67216
67230
67237
67237
67240
67242
67245
67246
67254
67256
67268
67276
67282
67288
67292
67301
67308
67316
67324
67328
67329
67336
67361
67371
67371
67382
67384
67385
67385
67385
67404
67410
67416
67424
67427
67427
67437
67442
67446
67449
67465
67467
67468
67486
67487
67490
67490
67498
67503
67507
67525
67530
67534
67553
67567
67567
67584
67586
67592
67595
67602
67607
67615
67622
67624
67627
67627
67629
67637
67646
67653
67656
67657
67658
67663
67664
67669
67674
67680
67685
67694
67695
67700
67707
67710
67717
67717
67730
67747
67756
67756
67764
67766
67768
67778
67781
67798
67805
67809
67810
67825
67827
67831
67859
67871
67871
67876
67889
67894
67895
67910
67917
67922
67932
67940
67947
67952
67956
67961
67986
67986
67987
67992
67992
67993
68007
68012
68017
68043
68048
68053
68055
68056
68059
68078
68100
68104
68134
68137
68144
68145
68149
68162
68167
68174
68177
68182
68184
68184
68184
68188
68189
68191
68199
68221
68231
68232
68234
68236
68242
68245
68256
68260
68269
68278
68310
68316
68332
68332
68336
68351
68351
68355
68375
68378
68379
68381
68389
68396
68405
68411
68412
68415
68432
68435
68440
68456
68471
68478
68483
68486
68496
68497
68501
68524
68526
68530
68538
68541
68543
68545
68545
68547
68549
68551
68555
68560
68564
68565
68567
68567
68567
68589
68607
68608
68613
68618
68621
68622
68622
68637
68639
68643
68646
68647
68650
68664
68692
68712
68741
68741
68741
68751
68758
68763
68764
68777
68791
68797
68798
68800
68811
68812
68818
68837
68845
68857
68861
68863
68863
68879
68889
68891
68891
68900
68905
68906
68907
68921
68921
68929
68935
68937
68941
68947
68950
68955
68957
68961
68963
68966
69002
69004
69017
69019
69020
69025
69028
69034
69037
69047
69067
69069
69070
69097
69104
69114
69115
69117
69127
69135
69147
69167
69179
69184
69185
69191
69193
69219
69223
69225
69231
69238
69248
69250
69254
69262
69267
69277
69278
69287
69292
69297
69298
69304
69305
69310
69329
69335
69342
69346
69348
69349
69352
69360
69367
69390
69391
69392
69403
69405
69407
69419
69420
69424
69443
69444
69446
69448
69462
69463
69465
69465
69466
69468
69473
69481
69482
69497
69501
69502
69514
69515
69519
69529
69569
69580
69581
69596
69599
69606
69607
69617
69627
69631
69634
69654
69658
69686
69686
69701
69704
69712
69721
69724
69726
69727
69735
69757
69761
69780
69788
69791
69793
69799
69802
69809
69817
69818
69836
69844
69854
69862
69862
69868
69884
69886
69898
69900
69907
69908
69939
69942
69950
69951
69955
69958
69962
69966
69978
69991
70008
70025
70042
70057
70057
70061
70067
70074
70074
70077
70080
70093
70129
70136
70144
70145
70154
70164
70182
70185
70200
70212
70221
70227
70229
70241
70252
70260
70266
70267
70274
70278
70289
70294
70297
70302
70304
70319
70323
70338
70345
70348
70354
70355
70358
70367
70368
70388
70395
70410
70426
70428
70429
70438
70444
70451
70452
70454
70465
70471
70478
70480
70489
70492
70500
70512
70520
70538
70540
70548
70556
70559
70569
70572
70572
70575
70577
70583
70590
70604
70610
70611
70619
70619
70627
70645
70648
70658
70684
70684
70686
70695
70702
70713
70722
70724
70731
70733
70736
70740
70755
70759
70759
70764
70766
70770
70773
70773
70788
70799
70808
70828
70830
70830
70853
70855
70857
70864
70868
70875
70882
70886
70923
70935
70948
70950
70954
70963
71016
71031
71032
71040
71043
71054
71060
71060
71073
71080
71086
71091
71098
71104
71107
71108
71127
71133
71137
71142
71151
71159
71163
71164
71164
71165
71165
71167
71167
71178
71193
71195
71200
71201
71203
71214
71228
71229
71241
71247
71253
71259
71282
71289
71300
71303
71308
71310
71317
71324
71326
71328
71332
71341
71367
71369
71375
71388
71391
71394
71395
71397
71405
71407
71407
71412
71418
71425
71425
71435
71449
71455
71459
71473
71484
71489
71495
71516
71528
71540
71540
71558
71562
71574
71577
71578
71581
71583
71594
71605
71611
71620
71620
71623
71634
71645
71648
71651
71661
71669
71671
71677
71687
71692
71694
71697
71701
71704
71705
71727
71738
71762
71764
71766
71768
71779
71785
71787
71794
71806
71812
71817
71832
71838
71841
71842
71846
71853
71853
71854
71874
71877
71897
71898
71901
71904
71910
71915
71917
71921
71924
71926
71935
71940
71952
71956
71970
71975
71976
71985
71987
71987
72032
72037
72047
72048
72051
72054
72075
72078
72078
72081
72082
72088
72104
72107
72108
72110
72128
72133
72146
72168
72172
72172
72183
72187
72203
72217
72224
72225
72231
72232
72239
72248
72250
72250
72260
72264
72267
72268
72275
72282
72287
72289
72291
72301
72306
72330
72348
72349
72362
72368
72378
72397
72449
72457
72461
72462
72474
72481
72482
72484
72484
72501
72502
72518
72528
72531
72536
72539
72542
72548
72548
72556
72558
72565
72570
72571
72577
72578
72583
72588
72590
72596
72598
72599
72600
72611
72611
72620
72628
72629
72636
72637
72637
72638
72658
72660
72663
72672
72675
72686
72696
72712
72724
72762
72762
72775
72777
72783
72795
72799
72800
72804
72809
72825
72831
72833
72836
72839
72845
72852
72875
72879
72886
72889
72891
72898
72904
72908
72911
72918
72924
72930
72932
72932
72942
72945
72946
72959
72960
72970
72972
72983
72994
73004
73005
73012
73015
73017
73017
73018
73023
73029
73032
73034
73035
73036
73040
73041
73048
73052
73053
73057
73063
73070
73086
73087
73096
73096
73121
73130
73140
73145
73145
73146
73155
73166
73168
73173
73185
73191
73195
73197
73199
73202
73210
73223
73232
73244
73253
73265
73266
73273
73275
73282
73285
73285
73286
73306
73326
73328
73332
73332
73332
73356
73358
73368
73368
73392
73432
73441
73442
73442
73448
73451
73452
73462
73465
73468
73473
73504
73531
73534
73540
73542
73548
73549
73550
73550
73562
73563
73567
73579
73581
73585
73592
73597
73624
73626
73628
73635
73640
73662
73670
73670
73678
73682
73686
73698
73704
73710
73710
73711
73713
73717
73725
73726
73758
73762
73762
73764
73775
73779
73803
73807
73816
73828
73832
73833
73834
73835
73839
73842
73864
73868
73875
73880
73894
73895
73908
73909
73925
73933
73946
73958
73959
73960
73963
73965
73967
73975
73989
73990
74007
74009
74029
74038
74044
74050
74055
74058
74059
74064
74067
74072
74072
74085
74086
74095
74100
74106
74109
74116
74124
74136
74138
74139
74141
74159
74172
74178
74186
74194
74205
74228
74235
74241
74248
74252
74253
74271
74275
74277
74283
74288
74288
74289
74302
74312
74312
74314
74325
74330
74338
74348
74374
74376
74380
74388
74392
74394
74397
74406
74422
74425
74446
74454
74466
74485
74490
74492
74527
74543
74545
74551
74555
74567
74593
74595
74598
74604
74614
74623
74624
74631
74643
74646
74651
74654
74659
74663
74666
74675
74705
74710
74731
74736
74739
74745
74747
74748
74756
74759
74781
74789
74799
74802
74803
74812
74819
74820
74826
74826
74846
74848
74857
74859
74862
74869
74872
74875
74883
74899
74899
74906
74908
74910
74922
74926
74927
74929
74940
74942
74945
74961
74969
74977
74978
74995
74998
75000
75006
75025
75034
75042
75051
75053
75057
75062
75071
75072
75073
75084
75086
75087
75088
75089
75093
75104
75113
75115
75117
75118
75134
75137
75142
75147
75148
75150
75155
75158
75158
75185
75185
75186
75191
75192
75194
75195
75196
75201
75203
75227
75233
75253
75257
75298
75305
75309
75309
75310
75312
75312
75315
75333
75337
75342
75344
75350
75353
75358
75359
75364
75367
75372
75375
75383
75390
75403
75418
75430
75437
75451
75456
75458
75461
75462
75471
75478
75480
75484
75497
75515
75515
75523
75526
75527
75529
75531
75535
75537
75545
75554
75561
75566
75585
75588
75590
75591
75591
75594
75594
75594
75611
75613
75624
75640
75642
75646
75646
75659
75678
75696
75697
75699
75699
75700
75704
75711
75740
75747
75748
75759
75766
75774
75775
75793
75801
75801
75822
75824
75825
75825
75830
75838
75849
75850
75852
75875
75884
75886
75896
75898
75898
75919
75919
75926
75930
75936
75946
75961
76003
76006
76016
76024
76028
76034
76034
76042
76044
76050
76057
76058
76063
76071
76075
76083
76093
76101
76117
76117
76124
76138
76142
76179
76181
76185
76190
76201
76210
76214
76216
76216
76219
76223
76227
76251
76254
76259
76263
76266
76270
76285
76286
76290
76301
76301
76305
76312
76314
76315
76322
76327
76344
76359
76362
76365
76388
76394
76397
76400
76403
76411
76415
76427
76427
76434
76439
76449
76451
76455
76469
76477
76486
76503
76504
76505
76506
76508
76513
76517
76523
76534
76536
76543
76546
76547
76565
76577
76584
76590
76594
76599
76605
76621
76623
76624
76629
76631
76635
76644
76648
76649
76663
76675
76677
76687
76687
76704
76723
76728
76733
76734
76741
76749
76751
76753
76765
76770
76783
76784
76788
76789
76792
76793
76794
76800
76806
76824
76824
76826
76851
76855
76859
76864
76864
76888
76891
76900
76901
76901
76912
76923
76988
76991
76992
77017
77026
77041
77045
77048
77057
77066
77078
77097
77098
77100
77122
77127
77130
77132
77136
77136
77145
77158
77177
77182
77185
77186
77203
77212
77220
77227
77236
77257
77258
77266
77276
77280
77281
77281
77282
77285
77288
77296
77311
77314
77318
77320
77325
77327
77338
77339
77342
77344
77376
77376
77378
77378
77380
77396
77400
77408
77418
77429
77434
77437
77438
77443
77443
77452
77461
77462
77466
77477
77481
77483
77485
77498
77505
77521
77525
77543
77546
77546
77547
77549
77554
77554
77556
77557
77581
77581
77596
77604
77611
77616
77620
77622
77635
77656
77664
77670
77676
77682
77692
77693
77702
77705
77709
77710
77710
77711
77725
77730
77738
77747
77754
77756
77766
77768
77811
77816
77816
77823
77836
77841
77846
77853
77865
77875
77889
77891
77897
77902
77911
77923
77931
77932
77932
77937
77946
77952
77973
77981
77993
78016
78046
78048
78051
78056
78060
78065
78067
78072
78080
78090
78100
78109
78124
78132
78133
78156
78162
78171
78175
78186
78188
78194
78216
78217
78219
78219
78233
78236
78239
78248
78256
78258
78264
78265
78275
78280
78285
78287
78287
78298
78306
78321
78339
78345
78357
78360
78368
78375
78394
78396
78401
78403
78409
78417
78419
78421
78424
78424
78438
78474
78476
78486
78488
78504
78517
78525
78531
78532
78534
78535
78537
78549
78550
78555
78568
78569
78573
78581
78582
78592
78593
78603
78604
78609
78610
78632
78633
78640
78643
78646
78648
78648
78649
78649
78655
78656
78661
78662
78666
78668
78673
78687
78695
78697
78700
78702
78705
78708
78714
78719
78725
78739
78739
78740
78743
78754
78758
78767
78780
78787
78813
78818
78819
78827
78840
78845
78855
78881
78882
78885
78898
78911
78925
78937
78959
78961
78972
78973
78978
78989
78993
78994
78994
78996
79004
79023
79029
79035
79037
79044
79053
79061
79062
79069
79070
79073
79075
79082
79086
79086
79093
79093
79096
79112
79117
79119
79148
79151
79157
79159
79169
79172
79183
79187
79188
79205
79215
79223
79236
79239
79242
79253
79256
79268
79290
79292
79308
79309
79313
79343
79401
79409
79418
79422
79427
79433
79442
79442
79443
79450
79477
79500
79515
79534
79536
79539
79549
79553
79553
79556
79566
79572
79581
79587
79589
79590
79590
79603
79607
79608
79623
79628
79630
79630
79633
79637
79641
79643
79651
79655
79663
79667
79676
79713
79720
79730
79743
79762
79764
79765
79784
79794
79794
79795
79797
79805
79805
79805
79818
79823
79829
79834
79835
79847
79848
79854
79858
79873
79875
79891
79892
79893
79901
79901
79905
79911
79923
79942
79943
79957
79958
79959
79969
79970
79979
79981
79982
79983
79984
79991
80004
80004
80007
80008
80010
80019
80022
80022
80031
80033
80036
80040
80052
80061
80066
80067
80083
80086
80097
80106
80126
80129
80136
80156
80163
80167
80180
80199
80201
80202
80204
80227
80232
80233
80240
80242
80250
80255
80257
80262
80265
80269
80273
80273
80275
80286
80287
80288
80297
80310
80310
80316
80333
80334
80335
80343
80348
80356
80360
80362
80374
80380
80384
80388
80393
80397
80400
80401
80407
80414
80417
80426
80440
80449
80450
80460
80467
80475
80479
80495
80502
80508
80529
80546
80548
80560
80565
80568
80584
80591
80606
80630
80632
80636
80639
80645
80647
80652
80652
80664
80666
80666
80672
80673
80682
80687
80693
80695
80698
80707
80712
80713
80735
80746
80746
80746
80750
80750
80762
80779
80788
80806
80816
80818
80818
80829
80830
80842
80848
80848
80856
80856
80877
80886
80888
80890
80894
80894
80897
80901
80901
80902
80907
80914
80915
80925
80939
80942
80971
80985
80986
80993
80996
81002
81008
81012
81017
81021
81031
81043
81054
81080
81081
81089
81099
81104
81105
81106
81108
81120
81140
81141
81167
81177
81177
81180
81181
81187
81189
81198
81204
81209
81215
81219
81227
81239
81245
81245
81248
81253
81258
81261
81288
81294
81294
81300
81305
81306
81307
81338
81354
81356
81356
81366
81399
81399
81400
81413
81420
81423
81426
81431
81433
81437
81449
81457
81461
81462
81463
81485
81490
81491
81496
81498
81498
81500
81501
81502
81505
81509
81512
81517
81521
81525
81553
81560
81560
81566
81572
81580
81589
81597
81609
81615
81616
81620
81621
81630
81631
81633
81637
81664
81666
81670
81679
81685
81687
81695
81705
81721
81721
81724
81735
81738
81746
81752
81753
81761
81767
81772
81775
81776
81776
81778
81780
81782
81792
81798
81806
81809
81810
81812
81818
81821
81835
81840
81845
81846
81857
81858
81878
81880
81891
81892
81895
81895
81900
81907
81915
81924
81925
81932
81958
81975
81978
81995
81995
81996
82001
82008
82010
82012
82015
82018
82029
82048
82062
82062
82090
82090
82092
82096
82098
82101
82107
82110
82113
82116
82119
82120
82123
82123
82125
82126
82134
82137
82141
82146
82147
82152
82165
82177
82179
82183
82200
82200
82201
82203
82206
82210
82214
82219
82253
82259
82275
82278
82281
82282
82292
82293
82294
82298
82321
82340
82347
82358
82361
82371
82372
82375
82384
82396
82398
82404
82404
82406
82410
82421
82427
82447
82462
82467
82470
82472
82473
82473
82475
82476
82478
82478
82490
82491
82500
82502
82507
82526
82559
82564
82570
82571
82578
82582
82597
82599
82602
82608
82625
82637
82641
82647
82648
82656
82658
82692
82694
82697
82711
82711
82714
82736
82738
82747
82753
82757
82761
82768
82773
82775
82779
82799
82814
82826
82854
82870
82883
82886
82888
82888
82900
82904
82914
82926
82937
82939
82941
82944
82946
82948
82948
82954
82964
82985
82991
82994
83003
83010
83011
83015
83016
83016
83019
83024
83026
83036
83045
83055
83077
83082
83085
83096
83100
83101
83130
83158
83177
83185
83226
83229
83230
83239
83250
83251
83253
83256
83258
83270
83274
83281
83290
83296
83298
83301
83309
83326
83331
83339
83342
83342
83395
83404
83412
83414
83418
83449
83458
83459
83465
83468
83470
83472
83477
83479
83485
83488
83493
83493
83495
83497
83502
83507
83513
83517
83529
83532
83532
83541
83543
83546
83548
83552
83554
83555
83563
83570
83572
83576
83583
83584
83587
83593
83593
83596
83601
83606
83616
83627
83631
83632
83635
83636
83637
83640
83648
83668
83672
83681
83682
83688
83689
83698
83700
83701
83705
83719
83730
83731
83732
83784
83785
83799
83804
83820
83824
83827
83843
83852
83860
83861
83863
83864
83867
83875
83881
83881
83890
83897
83901
83906
83925
83945
83951
83969
83971
83971
83978
83991
83994
83996
84020
84030
84032
84036
84044
84047
84052
84069
84079
84082
84084
84086
84096
84114
84135
84136
84137
84146
84151
84159
84162
84169
84182
84183
84187
84206
84209
84211
84223
84228
84231
84236
84239
84278
84284
84301
84307
84317
84319
84321
84327
84364
84376
84378
84384
84387
84387
84391
84404
84411
84412
84414
84418
84426
84428
84443
84458
84458
84465
84478
84480
84493
84498
84499
84503
84504
84505
84514
84518
84518
84519
84529
84536
84552
84553
84555
84557
84561
84569
84577
84580
84583
84593
84596
84597
84609
84619
84620
84633
84638
84642
84642
84648
84652
84652
84657
84700
84705
84721
84723
84764
84765
84766
84766
84769
84778
84779
84780
84783
84792
84803
84813
84815
84821
84827
84831
84835
84841
84875
84878
84889
84894
84897
84900
84908
84909
84922
84939
84943
84949
84950
84979
84979
84991
85033
85035
85037
85038
85051
85056
85058
85058
85068
85069
85071
85074
85075
85102
85108
85110
85115
85121
85132
85134
85136
85146
85149
85160
85162
85162
85169
85173
85181
85182
85183
85185
85187
85193
85193
85195
85199
85200
85206
85206
85212
85234
85237
85237
85254
85255
85260
85268
85286
85307
85332
85336
85350
85369
85378
85387
85399
85402
85414
85414
85421
85426
85434
85435
85440
85441
85455
85455
85455
85478
85498
85501
85505
85506
85514
85514
85521
85521
85521
85526
85529
85533
85538
85542
85545
85551
85552
85556
85576
85585
85587
85587
85592
85612
85627
85629
85636
85645
85648
85648
85651
85660
85661
85670
85671
85679
85696
85705
85707
85710
85716
85725
85745
85747
85750
85752
85782
85790
85796
85813
85816
85821
85836
85853
85870
85876
85882
85883
85885
85903
85909
85913
85915
85918
85925
85934
85935
85948
85956
85972
85980
85984
85991
85992
85993
85993
85997
86002
86006
86009
86019
86022
86025
86039
86040
86048
86063
86064
86067
86068
86074
86077
86079
86079
86086
86090
86090
86095
86096
86097
86100
86105
86105
86108
86108
86114
86119
86121
86123
86124
86131
86142
86165
86170
86185
86193
86198
86206
86207
86217
86218
86221
86234
86235
86244
86244
86251
86252
86259
86273
86276
86277
86280
86283
86286
86287
86291
86298
86344
86345
86347
86358
86368
86382
86383
86395
86401
86413
86433
86434
86438
86450
86453
86455
86456
86461
86464
86464
86469
86470
86474
86476
86476
86479
86495
86502
86502
86503
86508
86512
86513
86534
86545
86547
86559
86571
86573
86576
86578
86584
86593
86593
86596
86611
86613
86616
86621
86623
86651
86664
86673
86689
86704
86707
86715
86720
86726
86734
86735
86736
86741
86742
86748
86751
86752
86759
86769
86771
86788
86790
86794
86801
86803
86805
86807
86810
86814
86829
86862
86866
86869
86870
86883
86886
86886
86907
86910
86918
86924
86940
86944
86947
86949
86950
86950
86987
86995
86997
87006
87018
87019
87023
87036
87069
87080
87085
87091
87099
87102
87115
87123
87125
87132
87141
87143
87145
87174
87183
87189
87190
87191
87192
87196
87207
87214
87216
87228
87230
87235
87240
87248
87252
87258
87267
87274
87280
87281
87290
87296
87304
87304
87311
87317
87321
87323
87323
87324
87329
87329
87339
87340
87349
87369
87390
87394
87399
87419
87434
87442
87447
87451
87472
87499
87516
87525
87525
87525
87525
87530
87537
87544
87558
87559
87561
87568
87581
87582
87582
87602
87609
87616
87637
87637
87659
87659
87660
87672
87672
87680
87690
87703
87703
87704
87749
87751
87755
87763
87767
87771
87774
87776
87778
87786
87788
87792
87793
87797
87823
87832
87835
87846
87847
87854
87860
87864
87864
87870
87873
87893
87894
87900
87901
87904
87905
87918
87924
87927
87946
87947
87949
87950
87957
87967
87996
88000
88008
88015
88022
88026
88031
88038
88042
88046
88056
88056
88058
88062
88075
88082
88090
88096
88102
88120
88127
88135
88139
88142
88146
88147
88149
88160
88169
88172
88180
88202
88205
88213
88217
88220
88225
88241
88242
88242
88247
88261
88268
88270
88273
88287
88297
88300
88304
88308
88309
88314
88322
88325
88370
88373
88376
88377
88394
88421
88422
88426
88433
88436
88439
88440
88443
88470
88480
88489
88494
88497
88501
88508
88513
88513
88516
88536
88538
88555
88556
88558
88558
88565
88571
88575
88579
88581
88582
88587
88597
88599
88602
88602
88606
88612
88612
88615
88633
88645
88645
88650
88661
88680
88682
88683
88684
88708
88715
88715
88717
88719
88720
88721
88724
88754
88757
88759
88772
88774
88776
88778
88788
88795
88799
88804
88804
88820
88829
88831
88842
88843
88845
88859
88860
88863
88868
88870
88885
88902
88904
88907
88915
88919
88929
88938
88938
88943
88946
88948
88962
88963
88969
88973
88991
89000
89002
89004
89005
89009
89017
89039
89045
89046
89047
89049
89053
89060
89073
89077
89081
89095
89110
89118
89118
89120
89129
89130
89135
89139
89140
89145
89157
89166
89173
89173
89184
89188
89200
89209
89219
89241
89253
89271
89271
89273
89276
89278
89282
89283
89287
89294
89295
89305
89335
89337
89344
89353
89391
89393
89409
89410
89410
89414
89415
89417
89436
89438
89439
89440
89449
89449
89458
89462
89466
89472
89477
89480
89495
89497
89499
89502
89508
89525
89544
89550
89559
89569
89571
89590
89626
89637
89655
89660
89674
89684
89684
89691
89700
89702
89706
89733
89736
89738
89747
89748
89763
89766
89767
89769
89782
89789
89792
89794
89809
89810
89811
89813
89821
89822
89823
89827
89828
89828
89841
89849
89854
89868
89883
89884
89888
89897
89900
89908
89914
89927
89947
89948
89958
89965
89968
89973
89983
89988
90003
90007
90012
90015
90026
90028
90028
90037
90039
90046
90050
90054
90059
90066
90071
90078
90087
90108
90115
90128
29820
18462
43942
68951
32746
46102
60399
1679
13987
11988
91009
99305
6588
72922
92309
76310
19868
88717
54171
74525
2223
19867
82360
374
96812
79021
95338
14319
65624
37854
23713
95444
72668
67656
64396
5414
13758
41147
23446
27745
53135
14455
43402
76076
87377
35711
52386
23597
40781
22910
98122
59356
59129
80482
59730
55942
75855
71420
70261
41479
25626
93975
53276
98294
77983
34024
20061
8093
75171
43507
35839
28306
57962
95593
4382
61691
31305
73121
85288
88438
12383
99762
47794
71512
96596
23877
27454
88804
95297
14068
46635
20924
24395
99911
35570
2378
33935
55631
10471
25458
99138
62662
53765
73452
74608
74499
51495
5913
47620
53135
10703
76355
52897
74849
47868
65846
98726
91674
71002
94024
5742
17637
31300
30137
33901
66870
48867
84188
22502
75691
9647
37992
54705
79764
11445
29313
54263
62940
51578
18236
16076
78633
94591
85325
53483
42459
67523
52209
50486
38525
62585
56228
56163
93885
2718
90064
60756
67937
90604
99610
59980
251
37602
14686
80015
65399
60351
34279
28340
28282
68867
60768
6915
63458
46093
60398
22270
29969
12608
72756
68494
75193
45336
41009
85431
64406
47425
62539
32344
38030
62149
8676
38281
16103
23362
34649
81503
66
85280
9843
28348
54147
86963
51615
17605
49408
28366
39875
79377
40974
28983
47872
32519
74320
88881
34302
38726
36307
96841
87422
74337
58990
96099
28970
75094
35813
63619
56597
52231
48899
82792
96931
3046
86107
48547
37004
35515
76913
93231
14893
34239
22215
62765
83110
12887
67998
17413
67965
4305
14254
71740
94994
89597
67839
23965
81043
20004
87584
37640
72236
52836
36784
85519
55882
22891
50418
9238
58406
27331
2470
89651
77922
41037
52416
61033
53924
36767
94798
38241
41072
25404
9981
52419
15001
94172
76384
96044
14177
80320
50036
2765
33156
3172
88284
5391
42415
38703
14629
17174
82386
33451
6825
76661
74488
75594
54046
44764
12361
48844
83006
69785
74248
92987
22204
5602
87160
98588
1646
17689
95261
68035
20454
28417
71207
25090
50160
13623
80145
64790
47149
62532
14593
53974
39193
89082
29568
9591
50198
58281
58435
49556
28067
49035
42544
50271
54637
46056
65212
72636
80097
76825
40671
16903
21594
28230
41993
71755
58205
38491
52897
5354
17375
67490
75681
72920
72924
5249
82511
39475
79883
40946
89031
7950
6333
47927
74573
60971
93983
56137
49959
90432
32962
90630
7335
70909
35212
65681
42664
9770
4172
11913
15124
21547
95755
7157
94467
68680
12407
76978
24507
8642
34276
13538
16592
40609
61466
7517
17932
71801
80007
67891
62234
29321
74873
85921
230
26438
51602
42894
36208
55774
71159
67684
93673
66915
74842
4492
51947
3601
81470
76454
12243
32098
89992
45187
89060
51458
52704
6992
39612
32711
91236
1846
78385
66109
87767
78615
92547
55722
37862
45107
11496
9021
12792
21522
75936
87634
26014
27883
91235
23837
4337
19830
55935
94330
65017
61347
62140
34073
68340
1752
83137
59576
19950
61522
42037
24070
40137
50937
79792
77999
96044
7640
3373
8836
29162
79309
12822
71529
23545
4057
95366
27882
40239
67653
38564
5256
29001
17057
39330
13693
35161
22467
73269
55112
83989
31658
95534
40478
82595
91678
34830
78640
99318
38203
3828
44833
17512
16651
16362
57409
37060
28080
1644
77300
95733
40208
98908
24734
73617
38238
38427
8779
77057
28048
80243
77398
76059
92129
17877
58654
83807
52707
53646
99477
90910
57475
60662
24774
90478
93376
82184
27538
21456
83828
21190
33542
40388
20099
74628
30358
74689
29408
39137
51747
57456
35732
45497
49867
27861
79726
8522
28020
32433
78520
27497
39695
52347
4512
80822
42825
97888
79358
86716
35697
79538
7906
69239
36278
44357
43867
66636
19047
73275
22125
70794
47084
74209
32643
96951
18422
12370
21825
46442
61155
346
90292
17203
52693
94804
14377
11871
92692
93735
98587
28389
89625
22845
13980
25903
67203
57848
8892
2602
31123
31017
73396
94559
21579
22391
91511
40001
34761
13336
86444
95917
13682
93088
13120
82728
87892
27497
94599
96936
37584
9538
41678
27209
48735
55658
69464
32290
29858
78356
34892
77334
25726
24640
71893
47305
47032
63404
87306
98145
93093
90102
94062
6775
83190
23534
5855
87434
67383
16806
84371
21319
42696
42401
64880
91432
98059
34345
40074
27918
29053
74967
5252
54779
15959
77145
18436
62991
56902
22095
61137
49995
12197
71551
73122
11740
11438
78978
99174
95173
12136
99897
16493
54833
42298
81373
62617
56710
32070
2691
84628
61124
94010
6232
32255
9970
99729
67044
89313
56631
89139
66802
22978
17688
54706
96101
45780
66144
91431
61307
61317
3567
61204
94162
58400
19855
75536
37369
76565
23958
40061
61193
1434
50423
83777
33690
60393
83506
734
66059
56490
6225
32861
79468
40265
3919
91921
86046
70063
83352
47353
47733
86920
8557
41895
61672
28412
33783
99042
21329
57742
55455
82522
59176
5878
82651
9218
82624
66158
26304
65035
39000
32529
14248
18468
72795
18168
10390
75193
88231
10094
22546
52316
97014
47455
94212
75039
75868
44347
74081
97197
18441
45888
96072
93970
68118
95075
19540
50742
77585
45845
15777
16585
94726
46378
51406
83873
64546
78148
59066
69129
88242
81612
21446
1609
45420
32010
76648
37640
76357
67081
34837
11151
12969
47261
5121
81087
58689
24661
48182
36274
70506
80311
69212
81585
26689
20618
65458
7587
15118
40877
76717
3360
38841
98163
21321
84261
30173
97969
21901
22882
81402
73091
34033
10723
36704
39154
8163
95393
80168
56345
48020
67026
53008
17232
48611
96050
37850
30422
3637
52968
87651
80354
72680
26492
78517
94002
27106
25042
8323
49007
47925
89726
38450
98310
449
91507
53817
24964
86900
33985
81309
51272
1011
50670
68504
65975
46720
22706
12749
50357
92026
400
30712
64707
43244
25581
75061
70350
50624
83384
35710
14901
89462
90512
13211
6264
82019
67028
31228
85272
17365
28890
36544
34729
79560
5049
704
26280
27755
29805
76637
19782
46557
23701
841
89801
49283
75902
76504
99907
75638
28566
14808
81453
35430
44371
87717
17450
11400
35297
19074
28765
64187
55618
63494
43747
77019
80550
86379
21127
10355
79369
57261
73264
3070
74454
63066
52353
50356
55922
68612
42346
84488
99772
23799
36270
44144
11516
53720
71896
63166
89146
17013
27353
61117
80508
87453
38136
77410
73832
75615
4118
69553
32876
77382
72624
7330
56800
41329
74038
12722
9942
16385
13562
9714
40184
49833
70210
68053
19905
42106
31219
9052
59120
74924
70169
55980
62377
24657
49742
52562
273
53860
22115
49501
47595
11091
56832
4395
52421
47222
33470
78715
63607
47032
4781
20144
13217
74992
4549
49475
17098
52120
58527
92570
27044
45048
48550
5774
86057
98293
74688
86330
68505
13155
35832
16100
24247
9016
20496
93020
56238
70318
88087
36198
17350
92868
72694
46920
67860
77243
96395
1311
45715
54922
10233
89111
16322
75136
94885
2379
73429
85925
5062
58286
99081
57246
74387
39680
66262
11235
49052
38852
81553
37139
91402
15255
46359
64096
62175
14220
57691
58570
31883
3406
29844
42116
92518
62518
17252
3755
81250
7033
89681
86312
81672
5114
43558
56059
61146
26172
83646
10198
81376
81551
63689
72779
13158
10048
36875
91686
40620
10919
50256
88855
14325
96453
30972
23195
75323
64576
43303
56573
87962
49336
59237
69634
54450
19147
42045
31948
45319
25691
42146
43048
23594
22187
15827
53104
48587
69054
44790
89208
96325
11399
78063
10651
24204
25387
50198
99527
89964
93501
56101
77926
42837
15338
47560
13639
34486
89605
45587
96157
31648
4085
55557
71594
42624
71384
24698
91212
56791
85841
96772
53116
97240
74835
80119
21444
16575
46670
20971
6539
40171
93424
817
99361
25115
64729
29352
75953
70686
91292
72110
18686
11729
27668
90280
70706
15404
31330
61918
88547
17171
58690
58016
30763
49877
54487
52207
66452
1157
89531
89343
57681
82955
6512
73394
24422
71241
2746
375
58279
10390
88838
76965
38472
32858
83597
9178
64614
14928
71096
53162
48451
46138
27530
79215
96015
82017
47774
78820
83175
37305
68163
40856
36613
74676
14250
61035
62269
33348
77763
20549
60091
66601
97514
98563
99459
81112
24093
64073
12392
11541
33587
77195
57679
61117
72762
70046
43135
20537
48866
42662
74194
33382
99870
27159
24410
30472
88195
86679
63820
65958
7228
40263
48911
21095
55178
48370
2207
79271
28795
30951
90812
62383
8146
64843
39852
97261
34890
99339
17798
108
42001
8344
49842
41871
35504
74252
72343
40051
60932
52516
22361
84512
9131
71272
5607
64310
35994
24166
43581
64789
55117
50746
43524
79616
15589
83377
76877
66831
82716
11027
83292
41070
35723
33134
82941
87579
23739
71637
27630
84671
40505
66343
69183
49636
37615
91143
13946
89961
15309
73880
71103
70427
24626
14627
66395
56567
98004
59624
39751
97073
87003
39395
38143
22726
88881
37436
26658
12620
25425
54288
13643
65930
20632
99179
15567
74599
90322
45865
80913
21983
19745
52016
8762
60723
66643
75157
33643
81000
51133
89746
94425
38136
45493
48920
77215
34374
2708
3873
63347
28134
74513
76990
10416
11497
92521
25983
2449
99195
88201
83362
21179
7946
35378
29941
85022
18373
21451
35017
15725
72584
24763
10150
10721
70256
59070
4288
4630
61779
24513
84329
6265
99026
77672
16681
10524
70193
59017
12973
69389
47218
12687
6920
55164
64417
36861
56538
82790
58312
91555
98516
47249
16318
25018
57970
2926
84089
78610
23909
62220
3123
8238
