0
22
30
40
60
60
96
96
97
109
112
113
115
133
137
155
157
169
178
181
181
182
187
192
193
214
216
217
217
225
226
250
251
269
276
278
284
295
297
305
342
349
358
359
368
369
390
393
396
405
406
411
419
447
449
460
475
476
494
507
545
548
556
559
576
585
588
610
616
625
626
640
640
641
654
654
665
670
674
680
700
747
753
761
769
770
772
788
794
796
797
808
811
813
816
824
829
856
859
863
881
899
903
916
925
945
967
970
980
986
1024
1042
1053
1069
1081
1086
1092
1099
1107
1109
1132
1142
1153
1154
1187
1189
1193
1200
1214
1232
1235
1251
1253
1254
1264
1265
1285
1299
1301
1363
1371
1382
1398
1407
1420
1430
1438
1444
1467
1467
1475
1478
1479
1484
1487
1501
1504
1513
1523
1529
1533
1542
1549
1551
1553
1562
1563
1563
1582
1591
1596
1606
1638
1648
1656
1704
1704
1733
1757
1767
1768
1770
1772
1786
1799
1812
1836
1860
1892
1893
1897
1902
1937
1940
1962
1985
1998
2014
2027
2029
2057
2060
2094
2098
2103
2145
2159
2168
2179
2187
2212
2214
2215
2218
2240
2266
2275
2283
2312
2346
2351
2354
2412
2451
2460
2462
2462
2470
2483
2489
2497
2504
2506
2510
2511
2511
2512
2528
2548
2568
2571
2591
2597
2607
2616
2667
2671
2674
2687
2696
2696
2699
2721
2736
2745
2748
2753
2756
2770
2771
2776
2777
2789
2797
2797
2851
2860
2862
2866
2872
2874
2890
2898
2901
2926
2936
2938
2941
2947
2952
2963
2963
2968
2969
3006
3009
3026
3043
3052
3082
3086
3089
3089
3098
3109
3111
3118
3132
3139
3148
3157
3158
3192
3201
3203
3205
3213
3230
3241
3242
3256
3263
3264
3273
3282
3297
3298
3301
3313
3322
3327
3327
3332
3342
3355
3370
3373
3414
3425
3444
3467
3469
3472
3472
3509
3512
3522
3524
3526
3542
3547
3556
3580
3583
3601
3623
3624
3626
3642
3645
3649
3671
3674
3683
3687
3703
3707
3707
3721
3722
3723
3727
3736
3748
3757
3764
3767
3768
3779
3787
3796
3798
3807
3857
3870
3873
3874
3897
3898
3902
3910
3919
3925
3927
3942
3961
3964
3964
3967
3986
3987
3998
4006
4011
4021
4032
4033
4075
4082
4095
4102
4127
4141
4178
4200
4208
4208
4210
4225
4231
4232
4236
4238
4241
4243
4254
4256
4279
4280
4283
4288
4300
4320
4331
4343
4379
4384
4392
4404
4433
4435
4438
4448
4453
4459
4475
4481
4498
4500
4520
4547
4549
4560
4595
4601
4602
4618
4628
4640
4655
4670
4686
4688
4697
4699
4703
4704
4728
4735
4736
4736
4746
4746
4760
4786
4789
4789
4791
4794
4798
4803
4806
4816
4823
4830
4830
4841
4862
4862
4863
4896
4909
4911
4923
4925
4926
4936
4937
4953
4958
4959
4968
4974
4975
4976
5001
5011
5015
5030
5036
5037
5062
5067
5076
5086
5086
5088
5096
5102
5102
5119
5124
5127
5129
5131
5134
5136
5143
5144
5151
5159
5163
5176
5216
5218
5244
5257
5262
5284
5293
5307
5321
5326
5329
5345
5349
5349
5358
5378
5409
5410
5411
5419
5429
5434
5450
5459
5481
5488
5490
5502
5531
5540
5558
5561
5567
5580
5586
5586
5590
5646
5649
5660
5679
5709
5724
5727
5763
5764
5766
5771
5777
5778
5799
5822
5840
5855
5856
5861
5871
5872
5875
5878
5897
5901
5906
5912
5913
5924
5961
5967
5968
5977
5989
6009
6024
6033
6036
6041
6049
6073
6084
6084
6088
6100
6105
6113
6130
6150
6156
6168
6173
6177
6177
6195
6195
6196
6221
6222
6223
6225
6259
6273
6277
6289
6309
6322
6358
6364
6382
6403
6412
6428
6442
6447
6465
6466
6470
6500
6506
6509
6549
6579
6579
6591
6600
6604
6609
6616
6618
6638
6663
6664
6678
6679
6693
6704
6709
6713
6716
6726
6742
6762
6765
6768
6772
6787
6794
6836
6849
6849
6857
6863
6902
6924
6926
6927
6929
6938
6953
6953
6968
6968
6976
6982
7003
7020
7021
7022
7024
7035
7039
7050
7053
7081
7084
7114
7119
7125
7134
7141
7146
7152
7177
7205
7212
7246
7249
7266
7269
7270
7275
7283
7288
7299
7320
7327
7331
7332
7334
7336
7341
7360
7362
7389
7391
7397
7398
7410
7417
7422
7425
7436
7450
7462
7466
7467
7477
7485
7532
7535
7538
7559
7563
7571
7576
7596
7618
7619
7620
7622
7650
7652
7663
7674
7677
7693
7704
7708
7710
7717
7752
7764
7766
7783
7787
7788
7811
7813
7818
7820
7822
7823
7825
7832
7835
7836
7836
7859
7861
7868
7869
7879
7881
7900
7948
7968
7971
7977
7989
7997
8001
8006
8025
8028
8033
8043
8043
8051
8072
8080
8114
8114
8115
8120
8121
8138
8142
8152
8164
8210
8211
8217
8221
8226
8246
8296
8305
8318
8324
8346
8365
8374
8380
8384
8394
8401
8406
8411
8421
8424
8432
8436
8441
8441
8476
8480
8502
8504
8517
8523
8524
8547
8565
8566
8581
8624
8657
8659
8666
8681
8689
8690
8716
8727
8736
8759
8764
8766
8767
8773
8776
8779
8805
8812
8820
8848
8848
8860
8867
8873
8874
8894
8895
8905
8914
8922
8922
8939
8945
8970
9009
9035
9050
9050
9077
9097
9119
9122
9123
9135
9142
9169
9173
9174
9193
9199
9201
9201
9212
9224
9225
9238
9239
9241
9247
9257
9262
9264
9268
9279
9279
9282
9283
9287
9302
9312
9330
9336
9338
9349
9369
9371
9374
9381
9407
9410
9413
9423
9426
9442
9442
9446
9448
9455
9460
9464
9475
9478
9481
9484
9485
9518
9523
9539
9556
9565
9597
9609
9617
9621
9635
9638
9640
9640
9651
9651
9660
9680
9705
9721
9729
9754
9784
9785
9812
9816
9836
9837
9839
9840
9843
9843
9855
9857
9862
9869
9880
9891
9892
9963
9968
9971
9996
10029
10034
10042
10046
10056
10059
10060
10071
10074
10082
10106
10116
10118
10125
10128
10149
10155
10170
10173
10173
10181
10198
10210
10211
10218
10219
10220
10226
10251
10254
10260
10265
10270
10282
10287
10287
10290
10307
10308
10309
10315
10323
10338
10369
10375
10395
10446
10450
10470
10474
10483
10493
10498
10519
10523
10524
10553
10563
10607
10616
10624
10636
10644
10646
10649
10701
10715
10735
10745
10749
10751
10753
10767
10773
10789
10807
10813
10825
10833
10837
10840
10855
10863
10865
10868
10868
10870
10873
10876
10880
10889
10890
10894
10903
10909
10942
10974
10977
10979
10980
10988
11009
11010
11013
11020
11033
11036
11050
11072
11075
11090
11104
11127
11135
11144
11147
11149
11161
11166
11169
11175
11178
11180
11203
11204
11214
11215
11228
11234
11242
11263
11269
11289
11301
11308
11310
11317
11319
11319
11322
11324
11334
11371
11385
11385
11388
11388
11402
11403
11405
11405
11408
11410
11411
11448
11450
11458
11466
11467
11476
11477
11483
11492
11496
11537
11543
11546
11546
11566
11569
11575
11591
11600
11604
11621
11629
11636
11637
11645
11660
11686
11716
11743
11749
11752
11761
11764
11769
11798
11798
11801
11803
11807
11812
11825
11838
11851
11861
11865
11866
11894
11904
11936
11954
11958
11981
11996
12002
12017
12021
12024
12030
12035
12039
12060
12070
12083
12093
12104
12112
12118
12158
12164
12180
12190
12208
12214
12219
12243
12257
12266
12291
12299
12306
12318
12318
12322
12328
12339
12351
12371
12432
12432
12434
12454
12460
12462
12476
12480
12496
12538
12554
12566
12584
12586
12591
12602
12614
12628
12656
12665
12666
12677
12681
12681
12683
12686
12720
12723
12732
12734
12764
12770
12772
12776
12793
12796
12804
12807
12822
12833
12839
12854
12856
12868
12868
12880
12898
12898
12918
12921
12933
12938
12946
12958
12962
12965
12976
12978
12982
12993
12997
12998
13012
13065
13088
13092
13105
13110
13110
13117
13118
13135
13158
13167
13194
13200
13216
13218
13235
13242
13250
13258
13264
13274
13281
13295
13303
13310
13310
13312
13322
13323
13325
13336
13341
13344
13355
13389
13397
13400
13427
13436
13440
13452
13470
13475
13493
13502
13506
13507
13544
13555
13559
13566
13586
13596
13628
13639
13640
13647
13648
13658
13661
13673
13678
13726
13742
13742
13753
13754
13777
13780
13782
13789
13805
13807
13814
13825
13834
13835
13840
13860
13862
13864
13872
13876
13889
13890
13892
13895
13900
13913
13950
13951
13960
13962
13969
13971
13977
13986
13990
14000
14012
14036
14038
14046
14066
14070
14070
14086
14104
14105
14113
14115
14131
14141
14150
14158
14161
14161
14161
14191
14209
14213
14238
14246
14253
14275
14306
14316
14319
14355
14359
14360
14390
14393
14400
14404
14405
14417
14418
14425
14434
14455
14472
14475
14481
14498
14504
14506
14517
14524
14533
14543
14544
14560
14561
14564
14568
14582
14582
14607
14613
14617
14633
14640
14678
14683
14718
14723
14739
14739
14743
14758
14771
14776
14777
14783
14789
14800
14807
14821
14828
14837
14847
14854
14855
14862
14882
14896
14907
14908
14914
14924
14931
14935
14935
14935
14936
14944
14969
14980
15010
15017
15030
15031
15041
15050
15064
15067
15068
15069
15079
15081
15093
15093
15095
15105
15126
15130
15131
15137
15167
15182
15184
15191
15195
15198
15212
15245
15255
15259
15264
15270
15275
15285
15306
15317
15318
15318
15333
15335
15339
15342
15345
15371
15378
15402
15402
15404
15422
15434
15447
15458
15461
15464
15523
15526
15530
15546
15546
15546
15552
15562
15563
15579
15589
15591
15602
15603
15609
15619
15630
15638
15639
15655
15658
15679
15696
15702
15709
15715
15740
15765
15773
15774
15784
15787
15789
15789
15791
15792
15808
15810
15833
15838
15841
15852
15855
15862
15878
15890
15898
15900
15924
15938
15957
15983
15983
15984
15993
16012
16024
16040
16052
16056
16057
16059
16066
16071
16078
16079
16097
16127
16137
16140
16143
16158
16159
16160
16163
16169
16172
16181
16207
16238
16241
16263
16281
16288
16296
16317
16319
16323
16350
16356
16363
16384
16402
16421
16425
16427
16434
16435
16446
16446
16457
16461
16483
16490
16499
16507
16519
16525
16534
16540
16557
16572
16576
16627
16629
16630
16637
16650
16656
16659
16660
16662
16666
16682
16706
16712
16712
16739
16739
16739
16762
16767
16772
16789
16813
16815
16818
16820
16826
16829
16843
16846
16854
16856
16878
16906
16908
16912
16920
16925
16955
16978
17019
17039
17073
17081
17104
17108
17130
17131
17137
17139
17151
17182
17220
17227
17234
17234
17251
17259
17259
17335
17341
17342
17359
17374
17378
17378
17381
17400
17402
17412
17416
17421
17442
17445
17448
17496
17515
17519
17525
17558
17572
17580
17590
17592
17602
17608
17635
17692
17696
17704
17716
17718
17721
17726
17743
17750
17759
17770
17771
17796
17810
17828
17843
17844
17858
17858
17867
17873
17877
17882
17902
17905
17911
17919
17920
17922
17925
17935
17971
17977
17998
18024
18048
18056
18068
18077
18080
18090
18097
18107
18161
18167
18210
18212
18221
18237
18237
18241
18245
18253
18257
18259
18262
18275
18276
18281
18301
18304
18319
18324
18335
18343
18364
18392
18399
18413
18425
18427
18431
18434
18458
18462
18496
18520
18524
18524
18533
18535
18552
18557
18563
18586
18592
18596
18621
18639
18645
18648
18652
18659
18667
18673
18675
18700
18703
18706
18711
18717
18721
18722
18726
18731
18740
18744
18757
18773
18792
18817
18867
18881
18881
18891
18909
18918
18925
18938
18950
18959
18964
18984
18987
18988
18991
19051
19054
19063
19084
19094
19102
19105
19116
19149
19150
19155
19155
19181
19184
19211
19224
19238
19238
19243
19247
19256
19278
19280
19291
19299
19329
19345
19360
19368
19372
19395
19402
19405
19407
19432
19437
19448
19459
19471
19486
19490
19497
19524
19524
19549
19559
19560
19580
19581
19585
19585
19590
19596
19597
19616
19618
19665
19707
19710
19716
19725
19752
19755
19763
19764
19772
19789
19792
19817
19818
19821
19841
19852
19855
19858
19865
19871
19877
19890
19894
19896
19911
19915
19916
19922
19930
19933
19935
19946
19950
19955
19958
19962
19976
19982
19993
19994
19994
19999
20021
20048
20051
20060
20062
20095
20111
20123
20132
20151
20166
20173
20180
20185
20187
20191
20211
20223
20246
20253
20263
20265
20270
20279
20282
20312
20322
20325
20343
20358
20361
20362
20370
20378
20389
20419
20430
20443
20452
20476
20481
20486
20493
20501
20505
20511
20527
20528
20532
20545
20547
20560
20563
20569
20586
20591
20594
20607
20614
20615
20621
20633
20657
20698
20702
20707
20720
20721
20735
20745
20745
20754
20758
20766
20772
20786
20790
20803
20808
20809
20810
20821
20839
20879
20887
20892
20893
20910
20917
20917
20922
20926
20950
20962
20964
20972
20974
20986
20998
21002
21023
21040
21041
21048
21048
21049
21058
21069
21074
21077
21083
21084
21105
21112
21114
21119
21126
21126
21132
21143
21163
21169
21174
21182
21188
21189
21195
21204
21219
21219
21226
21237
21260
21261
21266
21273
21285
21290
21291
21320
21338
21342
21345
21345
21354
21369
21375
21382
21387
21396
21425
21435
21442
21455
21457
21466
21468
21469
21490
21544
21546
21560
21565
21570
21592
21599
21612
21619
21647
21647
21649
21669
21679
21680
21682
21689
21705
21709
21715
21716
21717
21759
21763
21780
21796
21815
21827
21839
21875
21888
21906
21925
21931
21945
21950
21952
21952
21961
21961
21965
21966
21983
21992
21996
22020
22023
22054
22070
22070
22079
22104
22104
22111
22112
22127
22130
22132
22146
22151
22168
22187
22196
22199
22200
22214
22223
22231
22236
22246
22263
22268
22278
22289
22295
22296
22297
22298
22301
22311
22327
22348
22350
22367
22375
22406
22407
22410
22412
22431
22438
22452
22464
22474
22474
22487
22499
22499
22504
22507
22522
22530
22531
22542
22545
22557
22563
22564
22571
22577
22586
22597
22599
22617
22618
22627
22641
22663
22674
22703
22705
22706
22709
22716
22768
22769
22774
22778
22807
22807
22852
22900
22908
22911
22931
22936
22941
22942
22946
22959
22974
22975
22976
22987
22992
23027
23035
23039
23049
23051
23054
23056
23063
23064
23066
23067
23071
23103
23104
23104
23104
23118
23134
23141
23153
23179
23193
23199
23199
23201
23202
23205
23206
23211
23230
23238
23248
23253
23253
23266
23293
23296
23298
23307
23312
23313
23317
23319
23324
23326
23328
23351
23367
23369
23370
23379
23386
23399
23402
23410
23424
23450
23452
23456
23470
23478
23482
23487
23489
23490
23494
23503
23506
23518
23520
23530
23532
23542
23543
23547
23557
23578
23593
23625
23644
23650
23652
23663
23668
23679
23687
23696
23696
23713
23726
23728
23750
23751
23777
23781
23782
23784
23813
23840
23845
23847
23854
23857
23871
23895
23900
23916
23926
23930
23932
23934
23938
23941
23950
23959
23967
23990
24000
24001
24002
24008
24011
24013
24018
24025
24028
24036
24037
24056
24067
24081
24085
24089
24102
24107
24115
24128
24143
24144
24147
24148
24159
24176
24177
24182
24199
24200
24204
24213
24217
24225
24226
24231
24271
24289
24298
24298
24335
24335
24339
24341
24343
24348
24359
24362
24375
24389
24391
24393
24396
24404
24409
24411
24418
24428
24438
24482
24487
24492
24497
24501
24513
24519
24540
24540
24540
24542
24551
24551
24551
24564
24597
24598
24604
24605
24622
24637
24646
24648
24661
24664
24673
24682
24688
24693
24699
24702
24705
24727
24754
24772
24780
24792
24807
24824
24834
24851
24893
24925
24925
24945
24968
24973
24973
24981
24984
24991
24993
24997
24999
25001
25006
25007
25009
25027
25039
25040
25041
25052
25070
25079
25079
25102
25112
25115
25116
25128
25128
25140
25148
25155
25157
25184
25190
25193
25194
25198
25200
25200
25202
25204
25211
25214
25225
25251
25257
25274
25274
25275
25279
25293
25299
25307
25309
25319
25322
25324
25330
25338
25342
25352
25372
25374
25396
25398
25427
25446
25458
25466
25466
25473
25498
25498
25505
25512
25526
25529
25534
25549
25550
25555
25555
25562
25568
25574
25605
25631
25633
25638
25671
25671
25675
25679
25692
25696
25698
25702
25707
25713
25720
25738
25744
25778
25797
25799
25800
25813
25814
25820
25827
25832
25837
25846
25851
25854
25855
25871
25894
25905
25910
25913
25913
25914
25920
25941
25956
25956
25972
25979
25984
25986
26000
26006
26011
26043
26044
26069
26069
26076
26088
26090
26106
26107
26154
26179
26181
26188
26207
26215
26218
26222
26223
26225
26228
26231
26236
26246
26262
26267
26274
26279
26287
26289
26291
26294
26298
26310
26310
26342
26351
26391
26418
26420
26432
26435
26444
26451
26460
26485
26495
26497
26510
26522
26526
26532
26539
26542
26543
26546
26546
26557
26557
26570
26577
26583
26593
26595
26605
26620
26630
26634
26639
26642
26662
26675
26677
26683
26684
26694
26697
26706
26651
8701
15736
23613
274
558
28172
8671
17375
24698
11199
8254
20456
29271
23689
26657
2928
9472
10386
14053
1529
29337
20240
4477
6743
9825
20105
21704
22351
28620
27883
25355
13673
13620
25320
20299
20530
29844
28971
14257
24542
16522
22512
21351
22146
22553
18008
25074
2026
4746
15479
3555
4084
5719
14385
17179
15544
4490
15236
14248
3110
13119
15955
23135
3091
11275
13434
23622
11119
18757
14231
12014
11632
6743
3365
3778
5649
27725
5204
14027
2471
20684
23934
12907
26403
8319
87
18300
12809
21675
8900
22271
11146
24855
21758
14238
6130
5193
14212
23601
302
28443
5615
11934
11539
15332
22064
23540
13057
27269
7567
21881
24305
1501
4788
27060
9821
11227
15360
28982
9254
24260
27606
20401
25467
19364
10991
1597
24557
25203
1551
24860
29998
7166
13146
17889
28851
5211
11429
18260
8832
18996
10141
3137
26850
21282
197
6671
8861
21910
12005
24468
22522
9611
14869
17990
28976
25860
19587
23533
27415
21138
24745
3765
4657
14244
28007
9860
25807
9436
28120
10991
4785
14614
14128
1635
5896
20677
8306
21109
12587
20311
15577
5110
6275
446
23100
5251
2658
19039
5136
6425
16530
29882
16543
27539
20478
14550
7399
16285
338
11871
27276
5123
26485
17756
6758
2381
8433
21416
29843
27373
18080
15420
8835
24355
22219
8287
29606
1229
27326
4742
7655
20208
10976
550
17747
1454
21452
1498
24091
21790
13370
27719
26914
16207
21827
3672
24941
6613
25089
24784
10338
19521
10204
19173
13876
2423
27460
19834
3653
1138
24576
17660
21347
11905
24562
15446
19711
16014
23297
20155
7804
13019
17874
4718
29226
16054
14743
24167
22667
16184
18951
3005
5705
5508
28530
25933
14283
25990
15767
24288
3480
16695
18300
24827
28600
12862
16626
18312
5228
9923
14819
13033
22942
2693
24103
28520
25099
8846
