0
9
11
13
19
23
25
35
40
45
48
50
51
53
55
65
67
73
86
86
88
88
89
107
111
118
119
120
126
138
139
140
151
162
165
167
167
169
180
188
220
232
237
242
249
252
253
255
255
258
258
260
269
270
271
279
279
282
290
305
310
320
320
321
324
337
342
342
350
354
367
386
396
409
414
422
429
431
431
433
445
451
454
474
474
477
489
495
495
495
498
509
510
525
532
534
536
543
546
550
561
579
584
594
604
613
639
645
646
649
651
653
655
660
661
669
672
673
686
691
707
711
717
723
733
739
748
750
758
761
770
775
786
794
795
799
801
805
805
807
813
814
820
829
837
841
849
849
853
880
889
930
933
940
946
950
951
970
972
974
979
990
991
1003
1018
1032
1036
1039
1043
1050
1053
1057
1058
1061
1063
1068
1068
1074
1075
1078
1083
1097
1098
1100
1103
1128
1132
1138
1141
1144
1152
1153
1176
1177
1190
1190
1191
1208
1214
1230
1235
1246
1254
1274
1276
1280
1283
1290
1292
1294
1303
1303
1306
1310
1316
1316
1316
1331
1341
1341
1351
1352
1366
1378
1392
1393
1396
1400
1403
1408
1426
1430
1433
1434
1443
1445
1450
1451
1451
1453
1463
1464
1478
1489
1490
1496
1502
1505
1510
1523
1539
1546
1555
1558
1560
1569
1572
1579
1588
1588
1591
1606
1608
1612
1615
1626
1642
1646
1655
1657
1660
1670
1676
1677
1692
1693
1710
1711
1717
1717
1730
1730
1732
1733
1734
1736
1737
1741
1742
1746
1756
1756
1759
1784
1787
1790
1792
1794
1795
1801
1804
1808
1819
1822
1828
1833
1833
1849
1855
1871
1882
1885
1886
1886
1889
1891
1898
1902
1902
1906
1911
1912
1913
1920
1924
1926
1928
1929
1929
1934
1945
1947
1951
1959
1967
1976
1977
1983
1987
1992
1995
1998
2005
2021
2024
2025
2037
2048
2050
2054
2059
2065
2069
2071
2072
2074
2083
2104
2106
2110
2117
2122
2127
2128
2130
2134
2143
2153
2159
2173
2178
2181
2184
2184
2193
2195
2208
2208
2208
2219
2223
2230
2241
2242
2251
2254
2266
2269
2275
2276
2279
2281
2286
2288
2288
2296
2302
2313
2316
2324
2324
2338
2338
2343
2349
2351
2352
2357
2364
2368
2370
2382
2385
2388
2388
2417
2427
2437
2442
2442
2447
2447
2455
2455
2459
2464
2466
2475
2482
2487
2514
2534
2541
2545
2554
2564
2566
2575
2590
2595
2598
2601
2613
2631
2632
2633
2637
2644
2645
2649
2651
2651
2663
2665
2665
2667
2670
2682
2682
2692
2701
2703
2708
2716
2734
2736
2752
2755
2755
2770
2770
2772
2776
2778
2781
2784
2791
2800
2806
2808
2818
2827
2828
2838
2843
2848
2851
2855
2864
2864
2867
2868
2875
2887
2888
2907
2916
2921
2927
2932
2938
2961
2962
2967
2972
2979
2986
2994
3000
3005
3013
3017
3033
3043
3052
3055
3064
3074
3075
3080
3082
3089
3094
3097
3099
3102
3137
3137
3145
3146
3163
3163
3163
3163
3163
3168
3191
3197
3198
3199
3205
3207
3214
3215
3229
3239
3261
3262
3269
3269
3278
3287
3290
3292
3301
3301
3305
3310
3310
3313
3315
3321
3321
3339
3344
3349
3349
3369
3374
3375
3380
3383
3397
3402
3415
3416
3418
3424
3430
3444
3463
3464
3465
3478
3481
3488
3496
3499
3501
3505
3511
3515
3517
3530
3531
3533
3546
3547
3552
3554
3558
3570
3585
3589
3595
3596
3604
3605
3608
3612
3623
3637
3638
3641
3642
3665
3684
3689
3691
3695
3703
3703
3714
3716
3726
3731
3732
3734
3738
3755
3763
3763
3763
3764
3765
3769
3770
3772
3777
3788
3798
3799
3822
3824
3852
3852
3855
3866
3867
3872
3879
3887
3891
3896
3897
3902
3904
3905
3908
3912
3914
3915
3916
3922
3924
3926
3929
3939
3942
3945
3951
3955
3962
3963
3975
3980
3981
3982
3998
4002
4015
4026
4032
4035
4041
4043
4050
4060
4063
4070
4076
4086
4093
4098
4117
4132
4146
4152
4153
4155
4156
4157
4164
4194
4197
4206
4208
4213
4215
4216
4216
4218
4220
4231
4244
4247
4248
4267
4273
4287
4290
4297
4302
4304
4306
4313
4317
4323
4335
4337
4341
4347
4349
4354
4361
4362
4364
4381
4382
4383
4388
4388
4391
4397
4402
4412
4415
4422
4423
4435
4446
4448
4450
4451
4456
4459
4473
4476
4498
4501
4502
4503
4505
4509
4513
4519
4525
4529
4547
4564
4568
4580
4583
4590
4595
4597
4599
4599
4621
4630
4632
4633
4651
4663
4671
4683
4689
4697
4713
4716
4723
4728
4742
4745
4752
4754
4758
4768
4769
4780
4787
4787
4790
4810
4826
4828
4831
4831
4836
4836
4837
4839
4839
4840
4841
4857
4866
4869
4871
4872
4903
4904
4904
4911
4912
4916
4924
4935
4938
4971
4989
5011
5024
5038
5042
5050
5052
5063
5082
5094
5098
5100
5106
5107
5108
5110
5117
5117
5123
5150
5153
5164
5165
5192
5193
5196
5210
5210
5223
5234
5247
5248
5258
5262
5266
5274
5290
5291
5296
5303
5305
5308
5309
5310
5312
5318
5323
5324
5330
5361
5365
5367
5370
5377
5379
5382
5386
5402
5414
5418
5423
5433
5434
5453
5458
5469
5469
5471
5473
5477
5481
5485
5495
5496
5505
5508
5514
5528
5539
5546
5567
5570
5572
5576
5577
5590
5590
5593
5596
5605
5615
5621
5633
5633
5637
5644
5650
5650
5663
5664
5665
5667
5673
5675
5675
5680
5682
5684
5690
5694
5704
5704
5704
5705
5723
5723
5738
5742
5746
5750
5751
5757
5762
5769
5774
5790
5790
5797
5804
5810
5814
5814
5823
5830
5830
5837
5845
5849
5869
5881
5885
5893
5893
5894
5896
5905
5910
5927
5934
5938
5947
5950
5952
5960
5975
5981
5982
5982
5986
5987
5987
5987
5989
5989
6000
6011
6015
6027
6040
6040
6050
6051
6061
6063
6076
6093
6094
6104
6108
6109
6119
6131
6137
6148
6151
6154
6154
6157
6176
6177
6182
6183
6185
6188
6196
6203
6203
6203
6212
6221
6230
6245
6251
6251
6255
6256
6258
6268
6270
6279
6291
6302
6308
6312
6314
6316
6331
6333
6334
6344
6347
6349
6354
6362
6365
6379
6381
6387
6390
6392
6395
6397
6404
6419
6428
6435
6437
6444
6450
6456
6465
6468
6470
6471
6474
6474
6481
6498
6498
6500
6509
6538
6543
6561
6570
6575
6589
6592
6594
6598
6601
6615
6618
6639
6645
6648
6648
6651
6657
6665
6668
6680
6687
6693
6700
6729
6750
6753
6764
6779
6781
6787
6796
6804
6817
6818
6825
6828
6837
6848
6849
6861
6880
6887
6887
6896
6906
6911
6913
6914
6925
6934
6938
6943
6943
6944
6951
6958
6966
6970
6980
6985
6985
6992
6993
6997
7023
7037
7048
7057
7062
7089
7093
7099
7102
7109
7124
7134
7147
7151
7156
7162
7164
7165
7181
7181
7184
7195
7208
7215
7217
7218
7220
7222
7227
7228
7248
7256
7259
7281
7283
7291
7307
7311
7312
7313
7313
7313
7316
7321
7324
7332
7335
7343
7359
7367
7373
7377
7378
7381
7393
7394
7415
7416
7419
7421
7437
7439
7440
7443
7467
7467
7478
7484
7490
7503
7528
7533
7548
7553
7557
7559
7566
7569
7575
7583
7588
7611
7611
7613
7624
7630
7630
7638
7640
7653
7657
7659
7665
7667
7681
7681
7682
7686
7690
7693
7698
7701
7702
7709
7711
7717
7718
7723
7725
7734
7736
7743
7756
7763
7763
7765
7772
7774
7776
7782
7787
7798
7811
7825
7825
7826
7828
7844
7846
7847
7858
7858
7874
7874
7877
7879
7881
7896
7909
7912
7916
7925
7944
7950
7953
7962
7971
7971
7978
7986
7987
7992
8007
8012
8023
8027
8028
8034
8034
8042
8044
8071
8072
8074
8087
8092
8095
8097
8099
8110
8119
8131
8133
8135
8136
8143
8147
8149
8156
8168
8175
8175
8190
8191
8191
8209
8221
8229
8236
8242
8246
8251
8261
8262
8262
8265
8268
8269
8279
8281
8282
8283
8290
8305
8306
8309
8313
8325
8335
8339
8339
8340
8344
8349
8356
8357
8363
8367
8374
8380
8385
8398
8419
8421
8422
8425
8431
8445
8445
8446
8459
8479
8488
8489
8497
8516
8523
8524
8527
8527
8529
8558
8561
8561
8566
8571
8574
8580
8584
8591
8592
8593
8600
8609
8610
8611
8613
8628
8631
8632
8635
8637
8637
8647
8648
8654
8657
8661
8662
8666
8673
8688
8690
8694
8701
8704
8709
8712
8713
8719
8723
8726
8731
8743
8761
8764
8765
8768
8777
8780
8786
8787
8801
8801
8812
8831
8850
8850
8874
8878
8881
8886
8892
8897
8901
8901
8902
8905
8910
8915
8916
8923
8935
8956
8968
8969
8974
8974
8981
8982
8995
8998
9004
9005
9013
9013
9014
9015
9016
9028
9032
9038
9038
9039
9041
9051
9054
9055
9061
9075
9077
9081
9100
9111
9114
9119
9123
9131
9132
9134
9137
9147
9149
9152
9156
9164
9174
9176
9178
9180
9183
9186
9190
9192
9210
9214
9217
9223
9240
9245
9253
9255
9256
9277
9286
9301
9306
9306
9310
9327
9330
9333
9345
9346
9359
9363
9364
9365
9366
9369
9381
9385
9389
9392
9394
9405
9414
9415
9416
9418
9423
9429
9431
9433
9441
9443
9456
9457
9459
9463
9466
9477
9486
9497
9501
9501
9515
9521
9541
9548
9551
9557
9561
9567
9567
9592
9593
9597
9605
9610
9621
9622
9629
9638
9638
9640
9641
9644
9648
9658
9659
9672
9674
9675
9678
9678
9683
9684
9698
9702
9704
9709
9715
9716
9719
9721
9722
9724
9728
9731
9735
9740
9743
9753
9755
9777
9779
9780
9783
9796
9796
9806
9809
9813
9815
9825
9831
9846
9846
9861
9863
9864
9877
9886
9892
9892
9895
9900
9901
9906
9912
9916
9919
9928
9929
9929
9935
9937
9948
9964
9976
9988
9994
9996
10012
10034
10039
10039
10045
10046
10047
10049
10051
10068
10074
10085
10088
10092
10099
10100
10103
10105
10143
10149
10153
10158
10162
10164
10167
10173
10180
10180
10181
10184
10186
10190
10195
10198
10206
10207
10207
10210
10213
10216
10246
10251
10259
10261
10265
10267
10270
10311
10312
10331
10336
10341
10342
10354
10359
10362
10365
10375
10380
10404
10413
10421
10426
10439
10442
10445
10448
10455
10457
10463
10471
10474
10478
10481
10483
10501
10503
10503
10507
10512
10513
10522
10525
10534
10557
10567
10567
10568
10569
10575
10576
10576
10582
10584
10590
10593
10593
10595
10595
10598
10613
10617
10622
10634
10646
10652
10653
10698
10704
10709
10710
10735
10735
10735
10736
10736
10736
10743
10747
10755
10778
10779
10786
10796
10796
10798
10804
10805
10806
10807
10808
10813
10814
10814
10818
10824
10832
10840
10856
10878
10884
10885
10889
10892
10895
10895
10920
10931
10933
10937
10949
10970
10978
10989
10993
10998
11003
11004
11015
11019
11022
11029
11037
11047
11049
11050
11051
11054
11056
11057
11058
11062
11064
11065
11075
11076
11077
11081
11090
11111
11134
11138
11140
11146
11149
11155
11159
11166
11173
11181
11201
11210
11217
11227
11230
11236
11238
11241
11252
11258
11268
11274
11275
11283
11286
11290
11296
11314
11316
11318
11321
11340
11359
11361
11378
11381
11383
11390
11397
11402
11422
11423
11423
11427
11430
11431
11432
11433
11437
11458
11464
11469
11469
11470
11477
11479
11501
11502
11527
11531
11538
11539
11543
11547
11553
11571
11571
11579
11587
11589
11598
11602
11608
11612
11618
11635
11639
11643
11643
11644
11652
11672
11678
11694
11694
11695
11702
11707
11707
11716
11721
11725
11732
11738
11755
11755
11758
11762
11770
11773
11777
11779
11780
11783
11791
11808
11810
11815
11816
11820
11820
11825
11830
11832
11838
11839
11846
11848
11851
11867
11878
11889
11891
11896
11898
11905
11912
11925
11925
11930
11939
11950
11953
11967
11968
11976
11980
12000
12019
12020
12032
12035
12043
12051
12060
12063
12065
12067
12068
12068
12070
12090
12095
12107
12108
12109
12110
12110
12124
12127
12135
12139
12139
12140
12140
12141
12149
12154
12172
12194
12196
12207
12212
12212
12220
12221
12232
12250
12257
12266
12286
12286
12286
12289
12291
12296
12299
12308
12308
12312
12323
12329
12333
12342
12350
12361
12367
12367
12369
12370
12372
12390
12398
12402
12403
12412
12414
12419
12426
12434
12435
12445
12464
12465
12466
12475
12477
12482
12487
12491
12493
12499
12519
12522
12526
12527
12528
12536
12539
12561
12564
12583
12588
12590
12592
12593
12602
12603
12610
12619
12634
12638
12659
12672
12676
12676
12678
12689
12706
12716
12740
12751
12756
12757
12757
12759
12760
12761
12763
12773
12777
12779
12781
12788
12798
12801
12812
12812
12814
12815
12818
12822
12832
12833
12842
12842
12847
12856
12864
12865
12865
12871
12881
12893
12895
12896
12899
12913
12917
12921
12923
12923
12926
12937
12952
12958
12959
12964
12974
12977
12983
12989
12998
13000
13005
13005
13014
13020
13021
13046
13059
13068
13089
13108
13123
13125
13127
13129
13142
13158
13159
13173
13177
13180
13185
13187
13192
13203
13204
13204
13225
13242
13247
13251
13256
13259
13260
13262
13271
13278
13281
13287
13290
13305
13316
13330
13347
13348
13349
13359
13359
13361
13363
13370
13379
13380
13381
13387
13391
13391
13395
13402
13421
13438
13438
13441
13447
13448
13452
13464
13466
13474
13485
13487
13488
13489
13500
13503
13511
13513
13517
13535
13547
13548
13550
13551
13555
13570
13571
13590
13590
13590
13591
13596
13597
13617
13630
13635
13650
13651
13654
13661
13662
13662
13674
13681
13682
13690
13690
13703
13709
13709
13710
13710
13714
13719
13724
13750
13763
13763
13775
13781
13791
13791
13793
13805
13808
13815
13823
13829
13832
13840
13854
13861
13863
13868
13873
13879
13883
13891
13893
13897
13903
13905
13906
13910
13910
13921
13922
13926
13934
13937
13953
13958
13970
13972
13973
13992
14001
14004
14004
14008
14013
14019
14022
14023
14029
14039
14044
14058
14069
14078
14079
14079
14083
14089
14105
14116
14117
14119
14121
14125
14131
14135
14137
14139
14144
14150
14150
14157
14160
14160
14160
14164
14170
14175
14184
14188
14195
14203
14206
14206
14209
14215
14220
14234
14238
14240
14240
14241
14242
14244
14248
14252
14258
14262
14266
14268
14271
14278
14287
14294
14318
14326
14330
14342
14346
14348
14349
14350
14352
14354
14359
14364
14374
14377
14378
14383
14384
14389
14402
14412
14428
14428
14431
14444
14453
14466
14472
14477
14485
14489
14491
14503
14514
14516
14520
14532
14543
14554
14557
14560
14562
14566
14566
14572
14588
14600
14603
14613
14614
14616
14622
14623
14626
14628
14639
14640
14645
14646
14654
14657
14662
14662
14663
14667
14677
14679
14679
14689
14706
14724
14724
14729
14735
14743
14764
14773
14774
14778
14783
14793
14798
14805
14807
14816
14823
14836
14840
14855
14862
14878
14896
14896
14909
14910
14910
14912
14918
14920
14920
14925
14929
14929
14941
14954
14960
14965
14968
14972
14980
14986
14996
15000
15007
15013
15015
15026
15027
15028
15032
15059
15072
15075
15079
15093
15096
15102
15114
15115
15120
15140
15145
15154
15165
15166
15167
15174
15175
15190
15191
15195
15197
15206
15215
15226
15233
15233
15236
15237
15239
15244
15249
15287
15289
15291
15292
15293
15297
15301
15308
15310
15313
15315
15325
15330
15330
15339
15342
15343
15348
15352
15352
15373
15375
15382
15382
15405
15410
15415
15416
15423
15423
15425
15426
15433
15433
15460
15477
15479
15489
15491
15497
15505
15507
15511
15520
15524
15525
15535
15537
15541
15547
15551
15564
15566
15575
15583
15593
15594
15596
15597
15606
15625
15629
15636
15636
15640
15640
15641
15645
15657
15659
15660
15675
15676
15678
15686
15688
15688
15689
15699
15701
15708
15714
15715
15723
15735
15739
15744
15749
15757
15766
15772
15781
15784
15789
15807
15814
15840
15841
15844
15849
15854
15857
15860
15862
15862
15880
15889
15891
15891
15893
15897
15901
15914
15922
15922
15926
15937
15938
15948
15956
15960
15964
15973
15973
15980
15981
15996
15999
16005
16005
16006
16015
16019
16022
16035
16049
16055
16068
16070
16079
16093
16095
16098
16098
16112
16113
16113
16114
16133
16139
16150
16151
16161
16170
16171
16171
16184
16187
16193
16197
16201
16215
16222
16226
16226
16227
16229
16239
16253
16258
16262
16269
16272
16272
16274
16274
16275
16312
16319
16322
16325
16325
16326
16335
16344
16348
16361
16366
16374
16374
16379
16391
16394
16400
16403
16430
16432
16433
16436
16442
16445
16450
16452
16457
16475
16478
16490
16493
16494
16504
16504
16516
16521
16523
16548
16552
16554
16554
16560
16563
16590
16594
16595
16597
16601
16608
16613
16617
16618
16620
16639
16650
16654
16661
16668
16669
16680
16683
16704
16706
16710
16712
16718
16720
16722
16724
16725
16730
16734
16742
16749
16754
16759
16761
16763
16768
16768
16776
16785
16786
16787
16788
16798
16799
16811
16814
16821
16823
16825
16828
16828
16829
16833
16837
16838
16849
16863
16865
16869
16876
16879
16880
16881
16882
16887
16890
16901
16911
16916
16925
16927
16933
16934
16935
16938
16938
16942
16943
16956
16973
16978
16993
17008
17010
17015
17019
17021
17023
17039
17039
17044
17044
17052
17053
17054
17054
17055
17058
17062
17064
17080
17090
17095
17110
17112
17115
17126
17130
17135
17148
17155
17159
17170
17181
17182
17182
17186
17197
17206
17210
17212
17217
17224
17234
17253
17258
17259
17263
17264
17270
17274
17315
17327
17328
17333
17335
17337
17337
17346
17346
17356
17358
17367
17379
17398
17405
17406
17407
17409
17416
17426
17428
17428
17429
17431
17437
17437
17439
17448
17452
17460
17460
17469
17473
17473
17478
17483
17489
17490
17493
17507
17513
17516
17521
17526
17536
17539
17539
17539
17545
17547
17552
17556
17566
17571
17579
17617
17617
17626
17629
17637
17638
17643
17656
17665
17690
17691
17696
17706
17714
17734
17743
17745
17759
17767
17769
17769
17772
17775
17785
17789
17797
17804
17809
17815
17816
17818
17820
17822
17824
17831
17837
17837
17841
17842
17866
17873
17879
17889
17913
17913
17917
17920
17923
17927
17932
17937
17951
17956
17958
17961
17961
17962
17964
17964
17964
17982
17989
17991
17998
18009
18021
18027
18043
18053
18055
18065
18068
18098
18106
18113
18115
18115
18122
18123
18135
18140
18141
18153
18162
18166
18178
18180
18182
18183
18186
18193
18198
18208
18210
18210
18212
18217
18217
18223
18225
18231
18235
18238
18240
18248
18252
18254
18258
18259
18259
18268
18273
18274
18283
18284
18310
18319
18320
18330
18340
18350
18353
18357
18357
18370
18372
18374
18375
18390
18393
18397
18400
18416
18437
18439
18444
18447
18456
18459
18462
18466
18486
18502
18512
18521
18535
18542
18545
18548
18549
18559
18568
18570
18572
18575
18579
18581
18585
18592
18592
18595
18600
18600
18606
18609
18623
18626
18627
18630
18631
18634
18640
18642
18654
18669
18677
18677
18682
18684
18685
18698
18707
18708
18710
18712
18719
18743
18747
18747
18749
18750
18751
18751
18755
18757
18759
18761
18764
18773
18774
18780
18784
18788
18791
18791
18792
18802
18802
18808
18817
18840
18847
18856
18863
18863
18866
18867
18868
18875
18877
18877
18880
18881
18888
18889
18895
18900
18901
18905
18908
18920
18929
18949
18950
18951
18958
18976
18998
19001
19001
19002
19003
19012
19022
19022
19023
19037
19039
19045
19046
19058
19060
19070
19084
19099
19109
19110
19120
19126
19133
19135
19136
19136
19136
19157
19162
19164
19166
19173
19173
19174
19180
19188
19195
19200
19201
19204
19211
19222
19224
19237
19240
19244
19246
19251
19253
19259
19260
19273
19273
19276
19277
19280
19284
19295
19307
19308
19316
19319
19323
19332
19340
19349
19360
19379
19379
19387
19406
19419
19424
19435
19439
19441
19449
19461
19464
19464
19465
19476
19481
19483
19490
19491
19491
19497
19507
19517
19518
19564
19564
19565
19565
19571
19583
19586
19591
19593
19598
19611
19611
19620
19621
19634
19636
19651
19675
19677
19686
19693
19696
19696
19699
19705
19705
19706
19718
19735
19753
19755
19755
19756
19758
19772
19776
19781
19782
19789
19792
19801
19803
19805
19812
19824
19828
19829
19830
19831
19835
19840
19840
19849
19858
19860
19867
19868
19881
19882
19886
19893
19895
19909
19922
19930
19934
19939
19939
19948
19949
19959
19965
19966
19968
19973
19979
19981
19981
19990
19996
19999
20000
20001
20012
20016
20016
20018
20022
20022
20033
20050
20052
20057
20079
20083
20085
20092
20093
20110
20123
20124
20125
20143
20147
20155
20157
20169
20172
20176
20179
20215
20225
20235
20236
20244
20251
20254
20255
20255
20264
20274
20300
20302
20302
20305
20316
20320
20321
20329
20344
20347
20349
20354
20354
20355
20356
20365
20365
20369
20376
20384
20410
20418
20419
20420
20425
20436
20440
20444
20445
20466
20472
20474
20486
20490
20492
20497
20499
20514
20521
20524
20527
20538
20547
20559
20566
20568
20571
20576
20589
20616
20620
20632
20634
20645
20646
20653
20662
20665
20676
20677
20677
20681
20688
20691
20692
20697
20697
20698
20701
20703
20717
20718
20726
20738
20742
20745
20746
20762
20770
20785
20805
20813
20819
20822
20824
20826
20828
20835
20849
20867
20869
20872
20872
20895
20896
20899
20908
20915
20917
20921
20927
20941
20944
20949
20954
20955
20964
20971
20972
20972
20977
20989
20994
20998
21003
21006
21007
21010
21015
21020
21023
21024
21024
21029
21041
21041
21058
21062
21066
21073
21075
21079
21079
21082
21084
21088
21088
21090
21092
21113
21117
21123
21125
21126
21130
21132
21140
21147
21182
21187
21193
21197
21199
21202
21205
21209
21212
21223
21224
21231
21236
21251
21253
21269
21275
21281
21288
21293
21304
21304
21312
21312
21314
21315
21317
21325
21345
21351
21352
21360
21360
21362
21367
21368
21370
21371
21374
21394
21414
21416
21427
21435
21447
21449
21471
21475
21476
21479
21485
21494
21499
21538
21541
21548
21561
21562
21571
21579
21584
21587
21591
21597
21600
21606
21608
21614
21616
21651
21653
21656
21661
21666
21671
21676
21687
21688
21699
21705
21708
21710
21713
21714
21724
21731
21747
21759
21771
21772
21773
21789
21795
21797
21809
21821
21823
21823
21829
21835
21835
21836
21843
21843
21845
21847
21853
21856
21865
21875
21880
21888
21890
21900
21905
21921
21923
21925
21934
21935
21949
21966
21966
21992
21999
21999
22002
22016
22020
22036
22038
22041
22050
22058
22062
22062
22067
22076
22081
22083
22086
22118
22139
22140
22141
22163
22169
22170
22171
22171
22185
22188
22197
22206
22217
22218
22221
22225
22225
22234
22238
22241
22246
22246
22250
22252
22261
22262
22264
22302
22311
22312
22317
22331
22334
22345
22358
22358
22366
22370
22371
22377
22377
22380
22381
22430
22433
22441
22448
22448
22451
22455
22456
22461
22462
22467
22467
22479
22493
22499
22503
22507
22508
22513
22514
22516
22523
22525
22528
22549
22569
22569
22573
22582
22604
22611
22615
22630
22638
22656
22660
22663
22663
22669
22676
22677
22682
22696
22711
22717
22720
22732
22741
22742
22744
22749
22750
22762
22765
22769
22777
22783
22787
22797
22800
22802
22805
22816
22818
22821
22847
22851
22860
22864
22869
22869
22883
22913
22916
22921
22927
22938
22938
22939
22946
22947
22948
22959
22964
22969
22971
22971
22974
22977
22984
22996
23007
23008
23009
23020
23023
23026
23030
23032
23032
23033
23038
23043
23051
23052
23053
23071
23090
23091
23098
23105
23115
23117
23123
23131
23134
23135
23135
23138
23156
23157
23161
23172
23173
23185
23188
23191
23193
23194
23194
23199
23199
23202
23202
23202
23206
23222
23229
23230
23247
23253
23270
23274
23276
23278
23279
23293
23297
23304
23308
23312
23321
23331
23333
23334
23335
23338
23339
23345
23347
23349
23354
23359
23363
23366
23367
23370
23372
23380
23380
23381
23391
23395
23399
23409
23412
23413
23422
23422
23428
23440
23446
23447
23453
23467
23483
23487
23489
23497
23497
23502
23502
23504
23515
23516
23520
23526
23537
23537
23537
23541
23542
23545
23557
23562
23572
23576
23598
23599
23604
23606
23609
23614
23615
23615
23621
23627
23633
23634
23634
23635
23643
23663
23665
23667
23675
23688
23703
23706
23706
23711
23726
23731
23733
23736
23743
23747
23750
23759
23764
23770
23786
23789
23791
23801
23801
23820
23822
23823
23839
23841
23866
23870
23876
23884
23898
23901
23903
23917
23922
23932
23933
23936
23942
23943
23949
23957
23961
23962
23971
23972
23975
23979
23980
23980
23981
23984
23986
24009
24031
24034
24040
24058
24065
24071
24078
24085
24107
24117
24124
24126
24152
24152
24156
24157
24163
24168
24178
24206
24207
24219
24228
24228
24232
24235
24237
24245
24250
24254
24261
24263
24265
24265
24266
24277
24277
24298
24304
24309
24323
24331
24339
24340
24354
24369
24378
24379
24381
24384
24385
24400
24402
24405
24407
24413
24422
24430
24433
24434
24441
24443
24445
24461
24494
24509
24510
24511
24511
24516
24534
24549
24550
24555
24560
24561
24580
24587
24588
24596
24602
24605
24617
24624
24627
24628
24634
24646
24649
24659
24667
24670
24675
24682
24683
24695
24704
24706
24713
24724
24728
24735
24750
24765
24767
24776
24778
24779
24780
24781
24781
24792
24795
24796
24803
24811
24813
24815
24816
24818
24818
24821
24823
24826
24833
24837
24838
24849
24886
24892
24896
24899
24900
24904
24908
24917
24922
24939
24947
24951
24961
24962
24969
24970
24980
24982
24983
24985
24986
24994
25002
25005
25009
25013
25027
25029
25039
25041
25058
25063
25064
25065
25080
25080
25099
25103
25109
25115
25121
25125
25131
25139
25145
25164
25165
25167
25167
25168
25169
25171
25174
25175
25181
25184
25193
25212
25220
25223
25224
25226
25229
25232
25244
25245
25249
25251
25258
25259
25263
25266
25271
25271
25276
25277
25282
25287
25287
25307
25312
25312
25314
25334
25337
25346
25355
25382
25387
25390
25399
25402
25403
25406
25412
25423
25425
25428
25444
25448
25455
25457
25459
25461
25462
25463
25467
25476
25483
25487
25493
25497
25512
25552
25553
25566
25574
25577
25590
25597
25603
25616
25618
25627
25627
25630
25635
25638
25649
25662
25665
25685
25687
25698
25698
25703
25711
25728
25733
25736
25741
25758
25773
25774
25786
25790
25796
25811
25812
25814
25815
25820
25825
25826
25832
25835
25836
25842
25848
25850
25853
25865
25871
25880
25881
25887
25912
25922
25924
25932
25940
25947
25956
25969
25970
25976
25978
25979
25988
25988
25989
25990
25992
26015
26024
26028
26030
26037
26038
26040
26040
26044
26044
26050
26051
26055
26085
26089
26093
26094
26106
26112
26119
26120
26122
26122
26128
26132
26147
26151
26155
26155
26156
26165
26166
26174
26175
26182
26182
26186
26189
26189
26193
26205
26217
26218
26220
26222
26225
26239
26240
26242
26247
26255
26266
26270
26270
26281
26283
26288
26297
26306
26312
26317
26348
26350
26352
26353
26360
26361
26376
26397
26406
26417
26419
26424
26433
26435
26436
26442
26443
26452
26456
26469
26478
26506
26507
26511
26512
26517
26521
26521
26528
26534
26538
26547
26547
26555
26557
26560
26562
26568
26574
26578
26581
26586
26587
26588
26589
26595
26599
26602
26602
26606
26610
26619
26624
26627
26628
26630
26636
26637
26639
26648
26648
26655
26659
26660
26661
26668
26675
26678
26685
26690
26691
26707
26707
26713
26721
26727
26730
26732
26733
26734
26737
26738
26740
26743
26750
26752
26760
26773
26794
26803
26805
26806
26809
26812
26816
26823
26827
26833
26836
26849
26850
26851
26858
26862
26880
26885
26887
26895
26897
26901
26907
26912
26913
26914
26921
26935
26947
26977
26983
26988
27004
27006
27009
27011
27014
27026
27027
27028
27029
27038
27039
27051
27055
27057
27063
27065
27069
27082
27086
27090
27105
27106
27111
27120
27122
27123
27126
27133
27137
27138
27139
27139
27148
27160
27163
27166
27169
27170
23852
12266
16832
15408
27690
26869
23214
1729
27194
14307
18
14658
7778
5998
14992
21861
27033
26826
3072
3958
29264
18569
7355
1209
9716
12292
19458
17089
16334
24663
26822
16539
13281
13655
8299
10971
10524
1513
19052
14071
22172
19071
28729
29950
1421
13721
28163
4806
16899
1236
8764
22516
26157
22471
23725
12225
11115
13183
29314
3801
14198
26137
20340
27479
16144
28639
14802
26668
6505
3854
10739
5029
29277
15820
11332
7050
5894
9495
11856
22793
17083
26972
15309
19593
19443
15386
1818
558
4921
7485
4360
19119
3622
1052
22950
19766
6044
7752
22786
12549
17959
9878
23930
17236
2050
5262
24287
7944
21110
12495
7090
8193
9468
28751
4138
28911
14138
12309
5822
19059
19794
16534
8179
29768
23938
7481
25886
29982
15234
25024
18883
3193
11254
12814
26781
13305
18076
21068
27601
9186
3564
4691
23732
19384
3443
4222
24647
17581
16531
469
12992
12677
23355
27523
18797
17294
5005
21035
17276
20239
16060
6160
29784
3666
18974
26565
16971
13402
23986
14573
28941
3902
25616
22673
23286
29059
3247
17933
22992
26131
24755
12337
8808
18110
9860
3958
5404
14865
24993
29033
11456
17405
5193
11240
21072
519
14158
14395
13921
8144
28968
19214
12046
937
11887
5332
29996
21487
23265
29341
17618
24372
11678
2778
12483
21538
6736
24239
12756
1730
23272
564
25487
4817
11805
16559
5336
25963
955
25610
10459
6275
14824
22505
7212
3064
4189
13561
903
3806
19254
18521
28179
932
21299
10662
28822
4388
4901
17930
6118
4526
18495
1605
9343
6652
24517
21032
8967
25472
22994
19426
8099
7818
11931
15312
17234
22472
5225
18137
26278
24479
13010
24457
1763
4310
5119
6937
8698
16373
24868
21168
27251
13363
29125
6594
20015
23642
3978
5334
25466
26972
24760
3566
11143
13043
25230
28377
5515
455
22867
1793
1286
5877
26251
3049
16539
7722
9986
1589
447
4854
22757
27698
24569
28235
10645
20936
28229
14623
26270
48
17948
27382
3614
29091
10425
5196
3820
22292
12003
3039
24086
13289
8917
26689
22690
1808
10763
2676
3398
11211
13883
2507
15261
8452
742
25906
5741
5324
16882
8363
5372
4830
5746
15338
10273
22523
20534
14093
14816
8889
17133
8902
22178
2402
5591
14868
4210
22706
23896
13960
3917
7779
16468
25531
22584
23562
21437
28325
5238
14671
13040
10610
25853
18786
2300
6126
11310
22834
26572
26126
1723
20057
11380
253
22459
23323
15121
3021
16029
9018
16982
26299
23149
9802
21830
15733
9716
19619
20410
21307
4291
3451
1917
6496
28589
4218
18975
16251
3404
21899
18729
11480
11956
109
18085
10767
29784
9559
13788
15814
24929
7122
12113
18078
23276
10295
10164
9345
29914
574
652
10557
10377
8921
17054
15319
19491
12381
1570
22896
4280
26652
10728
16236
26761
28813
27003
26546
8372
17143
18712
3301
618
7177
27732
23894
17472
7896
9591
23738
14822
10243
4296
1552
19165
27702
16871
8656
10083
24793
7904
14363
21445
24984
6951
24559
150
10306
27457
14874
3801
22521
24528
4419
29698
22260
4666
23522
