0
3
10
13
14
18
19
25
27
34
36
38
38
39
39
43
49
49
52
58
60
60
72
74
83
94
96
97
101
106
115
115
120
122
135
136
137
143
145
146
151
156
161
161
161
163
169
170
180
183
187
191
193
193
196
198
200
208
214
219
224
228
230
232
233
234
235
241
242
246
248
249
251
252
253
255
273
275
282
293
301
305
311
320
323
329
340
348
349
350
353
357
361
363
369
379
384
390
392
394
414
419
423
428
428
441
445
462
462
462
463
465
470
471
474
477
481
487
489
495
498
499
501
501
509
509
512
516
517
524
528
530
539
539
542
547
547
556
556
559
565
569
569
574
581
583
598
599
603
611
618
626
628
635
646
649
649
660
660
662
662
670
671
679
684
685
686
694
701
702
706
706
706
724
730
733
740
744
745
746
748
749
756
759
765
766
767
768
769
770
775
777
780
781
783
784
788
789
790
791
795
795
796
801
804
821
828
829
834
841
846
848
849
851
852
857
861
862
862
865
866
881
884
907
910
929
929
940
943
946
952
955
963
964
965
966
969
974
975
978
979
979
980
983
983
987
989
991
999
1005
1011
1016
1018
1030
1032
1037
1040
1040
1045
1048
1051
1054
1055
1059
1060
1067
1071
1082
1087
1092
1094
1094
1100
1106
1115
1115
1129
1134
1138
1141
1147
1150
1151
1161
1166
1181
1182
1197
1203
1204
1206
1207
1212
1214
1216
1224
1227
1231
1242
1247
1249
1257
1263
1281
1284
1286
1301
1307
1321
1322
1328
1330
1330
1340
1345
1347
1348
1352
1352
1354
1354
1355
1356
1362
1366
1368
1369
1370
1371
1371
1371
1372
1376
1382
1386
1391
1396
1408
1429
1440
1447
1448
1452
1457
1481
1483
1484
1484
1493
1498
1510
1510
1514
1514
1528
1533
1544
1546
1549
1559
1566
1567
1587
1596
1599
1599
1613
1623
1626
1626
1628
1629
1635
1640
1642
1642
1643
1647
1648
1653
1656
1656
1657
1670
1671
1674
1680
1680
1688
1691
1694
1706
1710
1711
1711
1714
1722
1723
1725
1725
1728
1732
1745
1748
1753
1754
1755
1762
1763
1763
1770
1773
1786
1794
1796
1796
1802
1806
1807
1810
1819
1820
1825
1830
1831
1831
1833
1846
1863
1865
1869
1869
1877
1877
1881
1882
1885
1889
1895
1899
1908
1910
1916
1922
1924
1924
1926
1930
1934
1936
1936
1953
1954
1957
1961
1974
1974
1984
1987
1992
1995
2001
2001
2013
2018
2027
2028
2028
2030
2032
2033
2035
2036
2040
2041
2041
2042
2046
2047
2050
2051
2065
2079
2084
2089
2091
2092
2095
2096
2098
2105
2105
2107
2107
2109
2114
2118
2119
2131
2131
2131
2133
2136
2138
2145
2149
2150
2155
2163
2174
2177
2179
2183
2185
2187
2192
2200
2205
2207
2208
2220
2221
2225
2232
2241
2249
2254
2260
2278
2284
2294
2301
2301
2307
2309
2315
2319
2321
2324
2326
2327
2328
2331
2331
2336
2337
2337
2340
2342
2348
2349
2354
2354
2359
2362
2363
2365
2370
2370
2379
2389
2389
2400
2403
2404
2406
2409
2411
2412
2417
2422
2429
2434
2447
2449
2452
2462
2468
2475
2478
2484
2486
2489
2490
2495
2498
2501
2503
2503
2506
2506
2507
2508
2523
2524
2527
2528
2538
2539
2540
2544
2551
2562
2563
2565
2570
2570
2571
2573
2578
2593
2596
2597
2613
2624
2636
2640
2641
2642
2649
2649
2652
2656
2668
2681
2698
2704
2709
2711
2713
2720
2727
2728
2728
2757
2765
2766
2766
2768
2770
2771
2778
2780
2784
2787
2796
2799
2801
2802
2815
2844
2849
2850
2852
2852
2869
2869
2872
2874
2882
2884
2886
2891
2899
2899
2906
2909
2910
2911
2912
2913
2917
2918
2922
2923
2926
2931
2932
2935
2943
2945
2956
2958
2960
2961
2965
2970
2974
2976
2983
2984
2984
2985
2986
2991
2994
2997
2998
3003
3014
3016
3018
3023
3027
3028
3031
3039
3055
3059
3062
3071
3079
3080
3081
3097
3099
3104
3114
3116
3121
3123
3131
3133
3136
3137
3137
3139
3140
3143
3147
3151
3162
3164
3172
3184
3185
3190
3191
3205
3209
3214
3227
3227
3230
3231
3236
3243
3244
3245
3252
3256
3257
3262
3264
3267
3268
3279
3281
3282
3282
3283
3284
3287
3288
3293
3294
3295
3295
3299
3303
3314
3323
3324
3328
3330
3350
3353
3355
3358
3372
3374
3378
3384
3390
3391
3392
3395
3402
3405
3406
3409
3410
3414
3426
3430
3432
3435
3442
3447
3450
3452
3456
3457
3463
3466
3468
3470
3471
3478
3479
3484
3491
3498
3505
3508
3510
3522
3529
3535
3539
3541
3543
3544
3552
3554
3554
3555
3564
3565
3567
3572
3576
3579
3579
3581
3586
3588
3594
3595
3596
3599
3603
3607
3608
3616
3616
3617
3618
3624
3627
3628
3632
3651
3657
3658
3671
3687
3690
3691
3695
3701
3715
3716
3717
3722
3731
3738
3745
3746
3751
3752
3759
3760
3760
3763
3769
3769
3771
3772
3772
3777
3778
3786
3788
3790
3794
3801
3801
3804
3829
3831
3838
3841
3850
3851
3869
3871
3876
3879
3880
3892
3894
3895
3899
3901
3905
3909
3911
3918
3921
3921
3921
3924
3937
3938
3956
3967
3968
3972
3972
3981
3984
3984
3988
4002
4003
4004
4006
4008
4015
4016
4018
4024
4029
4035
4037
4039
4040
4041
4044
4062
4062
4066
4071
4091
4093
4095
4099
4103
4104
4106
4115
4130
4131
4145
4152
4152
4153
4161
4168
4171
4175
4177
4184
4187
4188
4198
4210
4232
4235
4237
4240
4241
4244
4247
4254
4257
4258
4259
4267
4269
4273
4274
4276
4277
4279
4287
4289
4303
4303
4305
4311
4317
4319
4324
4325
4336
4339
4344
4346
4347
4349
4349
4350
4357
4363
4363
4364
4364
4371
4373
4373
4383
4388
4389
4406
4410
4415
4420
4421
4428
4430
4433
4436
4437
4440
4446
4448
4461
4463
4465
4467
4469
4470
4472
4474
4480
4504
4505
4512
4514
4514
4516
4517
4517
4522
4532
4532
4534
4535
4544
4556
4562
4565
4567
4580
4583
4583
4586
4589
4599
4602
4603
4604
4625
4627
4629
4630
4631
4632
4638
4642
4654
4658
4658
4666
4670
4674
4676
4677
4680
4682
4682
4694
4696
4701
4703
4705
4714
4716
4718
4720
4721
4731
4736
4738
4738
4739
4744
4744
4747
4751
4755
4755
4763
4774
4783
4783
4790
4792
4802
4807
4808
4811
4821
4827
4832
4840
4846
4851
4862
4866
4871
4871
4878
4881
4884
4884
4896
4897
4921
4931
4932
4944
4945
4955
4962
4967
4970
4972
4982
4983
4990
4990
4991
4998
5004
5005
5026
5032
5032
5034
5036
5038
5042
5044
5046
5053
5055
5057
5062
5065
5068
5073
5087
5091
5097
5099
5103
5104
5105
5111
5124
5128
5135
5139
5157
5164
5165
5165
5165
5166
5167
5178
5186
5191
5194
5199
5204
5208
5210
5212
5238
5244
5245
5256
5256
5262
5265
5277
5279
5285
5293
5305
5307
5311
5321
5322
5329
5331
5332
5333
5334
5335
5340
5343
5358
5359
5362
5366
5367
5372
5373
5377
5378
5378
5379
5383
5394
5396
5402
5403
5404
5410
5414
5430
5432
5434
5444
5452
5456
5459
5460
5461
5471
5473
5485
5485
5493
5501
5530
5533
5537
5539
5554
5559
5560
5562
5568
5574
5576
5578
5584
5584
5587
5589
5589
5592
5600
5605
5612
5618
5623
5628
5632
5636
5647
5648
5653
5664
5672
5674
5674
5680
5681
5689
5692
5693
5693
5696
5700
5703
5704
5707
5709
5710
5714
5716
5727
5731
5734
5742
5748
5748
5757
5760
5785
5790
5790
5791
5791
5792
5793
5794
5803
5807
5808
5810
5813
5820
5823
5826
5828
5830
5834
5836
5843
5853
5855
5858
5859
5861
5863
5873
5884
5885
5886
5889
5908
5912
5917
5926
5929
5932
5933
5935
5938
5939
5942
5944
5951
5954
5962
5963
5969
5978
5980
5985
5994
5999
6005
6013
6014
6023
6023
6023
6027
6035
6037
6037
6047
6050
6055
6056
6061
6064
6066
6066
6068
6071
6078
6085
6086
6099
6102
6113
6114
6121
6127
6130
6132
6135
6136
6142
6143
6149
6150
6152
6154
6157
6165
6182
6182
6184
6185
6189
6199
6204
6207
6210
6211
6211
6212
6214
6215
6221
6227
6233
6234
6235
6237
6252
6253
6255
6256
6256
6261
6263
6265
6265
6268
6270
6271
6273
6284
6288
6288
6290
6292
6293
6300
6303
6305
6306
6307
6316
6325
6326
6326
6332
6338
6343
6352
6373
6373
6376
6376
6377
6383
6389
6394
6407
6417
6417
6420
6420
6428
6431
6435
6443
6443
6449
6450
6450
6453
6456
6458
6462
6463
6464
6466
6468
6469
6474
6474
6475
6475
6476
6481
6482
6485
6486
6487
6490
6498
6500
6508
6512
6513
6527
6528
6535
6539
6540
6542
6547
6551
6551
6552
6558
6560
6568
6571
6580
6582
6593
6594
6599
6602
6604
6613
6621
6626
6630
6631
6633
6636
6641
6643
6648
6652
6655
6656
6660
6663
6667
6673
6673
6685
6699
6701
6717
6728
6729
6734
6735
6742
6747
6755
6756
6756
6758
6761
6761
6762
6767
6777
6781
6798
6802
6807
6814
6822
6822
6825
6831
6834
6841
6842
6844
6846
6865
6866
6867
6870
6873
6880
6892
6893
6899
6900
6901
6901
6903
6909
6916
6916
6935
6936
6947
6948
6955
6957
6959
6960
6964
6964
6969
6971
6972
6974
6975
6976
6978
6979
6981
6982
6998
7008
7012
7017
7024
7024
7025
7031
7041
7042
7055
7059
7060
7062
7063
7064
7064
7068
7069
7071
7072
7078
7079
7081
7084
7087
7088
7089
7092
7096
7101
7102
7105
7105
7107
7109
7121
7129
7132
7135
7141
7144
7145
7147
7151
7159
7162
7165
7170
7170
7170
7171
7173
7182
7183
7185
7191
7193
7201
7203
7207
7208
7208
7209
7214
7217
7218
7221
7224
7227
7229
7237
7239
7243
7244
7248
7259
7262
7264
7264
7265
7281
7284
7285
7286
7287
7295
7298
7301
7305
7306
7306
7308
7308
7314
7315
7318
7319
7322
7323
7325
7340
7341
7341
7343
7348
7349
7351
7352
7360
7360
7362
7363
7366
7400
7402
7403
7404
7407
7409
7410
7416
7429
7432
7440
7441
7458
7460
7462
7464
7479
7482
7484
7488
7500
7505
7507
7511
7513
7514
7524
7530
7534
7558
7559
7568
7570
7580
7580
7583
7588
7589
7593
7595
7600
7600
7606
7610
7611
7612
7617
7620
7624
7631
7633
7636
7638
7639
7639
7641
7652
7659
7660
7662
7713
7715
7719
7720
7726
7728
7731
7736
7741
7742
7743
7745
7749
7750
7754
7757
7761
7766
7767
7780
7782
7789
7793
7794
7804
7810
7813
7820
7830
7830
7848
7856
7860
7862
7875
7892
7893
7906
7911
7917
7936
7939
7942
7943
7953
7953
7957
7960
7967
7974
7974
7977
7982
7986
7987
7992
7995
7998
8001
8001
8002
8004
8014
8022
8025
8034
8044
8049
8055
8056
8057
8058
8065
8067
8074
8080
8082
8084
8090
8094
8096
8097
8099
8101
8101
8102
8104
8104
8106
8106
8107
8117
8119
8121
8122
8128
8134
8139
8140
8141
8143
8148
8155
8157
8157
8158
8163
8172
8174
8175
8177
8182
8196
8200
8210
8211
8213
8213
8222
8225
8225
8228
8230
8235
8236
8236
8236
8247
8248
8251
8251
8255
8256
8257
8257
8260
8265
8266
8268
8275
8284
8287
8294
8300
8302
8309
8311
8331
8333
8335
8339
8342
8344
8346
8350
8351
8355
8355
8366
8368
8372
8376
8385
8388
8390
8392
8396
8399
8404
8412
8415
8416
8419
8420
8422
8426
8431
8433
8440
8442
8447
8448
8452
8452
8462
8462
8470
8475
8476
8487
8489
8491
8492
8494
8499
8522
8523
8524
8527
8529
8532
8537
8538
8539
8541
8543
8547
8550
8551
8553
8559
8561
8562
8564
8571
8572
8575
8576
8580
8581
8592
8597
8598
8600
8605
8606
8613
8615
8620
8624
8624
8624
8629
8639
8646
8647
8647
8656
8657
8661
8664
8669
8681
8688
8693
8714
8717
8718
8719
8719
8720
8725
8727
8734
8756
8760
8765
8766
8778
8783
8786
8786
8787
8794
8800
8801
8813
8814
8814
8822
8824
8835
8838
8839
8840
8841
8845
8846
8848
8850
8853
8856
8857
8860
8864
8866
8866
8873
8883
8887
8890
8895
8899
8903
8904
8906
8906
8906
8907
8913
8919
8924
8930
8933
8936
8940
8950
8965
8966
8968
8969
8974
8984
8985
8994
9001
9003
9006
9006
9010
9027
9028
9029
9029
9030
9036
9036
9046
9047
9048
9057
9063
9064
9068
9083
9088
9090
9091
9103
9104
9105
9110
9111
9112
9119
9119
9121
9122
9122
9123
9126
9139
9148
9152
9153
9156
9159
9159
9161
9163
9181
9185
9185
9191
9196
9210
9211
9213
9214
9215
9216
9218
9219
9230
9233
9233
9235
9239
9240
9241
9243
9244
9244
9245
9260
9263
9265
9265
9268
9270
9273
9274
9278
9279
9284
9284
9293
9294
9294
9315
9315
9317
9319
9324
9326
9327
9338
9350
9350
9353
9354
9359
9362
9363
9364
9367
9378
9379
9386
9391
9401
9404
9404
9409
9411
9411
9413
9429
9432
9434
9440
9440
9443
9446
9448
9457
9460
9469
9480
9488
9494
9498
9501
9501
9506
9509
9512
9515
9515
9520
9524
9530
9536
9547
9554
9554
9558
9561
9575
9576
9595
9604
9607
9613
9614
9619
9619
9620
9625
9626
9626
9627
9629
9638
9639
9644
9649
9657
9658
9665
9666
9667
9669
9672
9680
9690
9690
9693
9700
9708
9710
9711
9716
9727
9730
9730
9731
9734
9735
9737
9745
9750
9757
9761
9768
9769
9770
9771
9772
9785
9786
9786
9787
9791
9792
9799
9801
9802
9808
9810
9813
9814
9816
9818
9819
9824
9826
9826
9831
9833
9835
9839
9839
9839
9841
9847
9848
9850
9852
9858
9865
9868
9870
9875
9876
9880
9881
9885
9885
9890
9891
9894
9910
9912
9913
9914
9918
9920
9932
9938
9942
9943
9948
9956
9961
9968
9969
9976
9982
9985
9987
9992
9994
9996
10002
10003
10003
10005
10006
10021
10023
10023
10026
10030
10030
10031
10033
10040
10041
10043
10050
10051
10054
10058
10061
10062
10066
10069
10074
10079
10081
10082
10083
10088
10102
10104
10111
10111
10115
10122
10126
10127
10131
10133
10138
10143
10146
10151
10154
10155
10157
10163
10172
10174
10175
10187
10189
10197
10218
10233
10246
10255
10259
10265
10273
10275
10280
10289
10290
10298
10303
10303
10305
10306
10307
10311
10318
10324
10331
10332
10341
10349
10349
10349
10359
10370
10380
10382
10384
10395
10398
10403
10406
10416
10421
10423
10427
10431
10432
10433
10439
10448
10449
10453
10455
10456
10458
10458
10462
10462
10473
10484
10493
10494
10497
10501
10504
10511
10519
10523
10526
10526
10529
10538
10541
10544
10546
10549
10553
10554
10555
10567
10568
10570
10573
10577
10579
10582
10585
10585
10587
10587
10591
10592
10595
10595
10600
10600
10603
10604
10607
10620
10624
10624
10630
10633
10636
10642
10643
10644
10653
10656
10659
10660
10669
10671
10678
10684
10689
10692
10693
10700
10711
10717
10719
10727
10735
10736
10736
10739
10739
10753
10757
10765
10770
10794
10805
10805
10806
10808
10810
10813
10814
10815
10815
10816
10817
10818
10823
10823
10825
10827
10832
10838
10845
10845
10846
10848
10852
10857
10857
10861
10864
10866
10867
10874
10880
10890
10891
10892
10898
10908
10909
10919
10924
10928
10936
10945
10949
10962
10968
10979
10985
10986
10987
10992
10993
10999
11003
11007
11008
11010
11013
11017
11017
11029
11033
11034
11046
11060
11063
11070
11070
11078
11080
11084
11089
11090
11094
11095
11100
11104
11111
11119
11123
11125
11128
11129
11132
11144
11157
11160
11164
11164
11165
11166
11172
11177
11183
11183
11201
11211
11212
11217
11227
11229
11238
11238
11255
11265
11268
11269
11275
11276
11279
11279
11290
11290
11299
11301
11304
11304
11304
11305
11307
11307
11316
11317
11318
11318
11320
11322
11331
11341
11343
11350
11353
11363
11380
11380
11381
11387
11388
11391
11400
11403
11406
11409
11409
11417
11427
11430
11434
11435
11439
11441
11443
11445
11455
11458
11466
11471
11474
11475
11477
11492
11492
11496
11496
11497
11499
11503
11503
11511
11520
11521
11528
11538
11539
11540
11542
11549
11556
11559
11561
11562
11566
11586
11587
11588
11592
11594
11595
11598
11600
11600
11607
11610
11610
11611
11618
11626
11627
11628
11629
11638
11640
11641
11642
11648
11652
11656
11657
11660
11680
11691
11693
11700
11702
11711
11715
11715
11720
11724
11729
11734
11739
11742
11747
11752
11759
11759
11773
11776
11778
11779
11779
11781
11793
11794
11800
11809
11817
11836
11842
11847
11869
11877
11879
11884
11884
11886
11890
11901
11902
11903
11912
11916
11917
11921
11927
11928
11928
11931
11933
11934
11949
11952
11958
11964
11964
11969
11971
11979
11981
11982
11992
11995
11997
11999
12003
12004
12005
12010
12023
12026
12031
12038
12040
12053
12058
12067
12085
12100
12100
12101
12101
12106
12106
12107
12109
12114
12123
12132
12136
12138
12142
12144
12145
12148
12153
12155
12156
12159
12163
12169
12173
12179
12183
12191
12193
12195
12197
12202
12203
12205
12207
12213
12215
12229
12239
12241
12248
12248
12248
12249
12249
12261
12262
12265
12266
12267
12270
12275
12276
12282
12284
12298
12305
12308
12310
12310
12323
12331
12331
12348
12349
12351
12361
12366
12366
12373
12374
12378
12384
12389
12389
12400
12401
12404
12405
12406
12419
12422
12423
12425
12428
12431
12441
12443
12457
12457
12458
12463
12465
12485
12497
12498
12508
12516
12519
12531
12542
12545
12557
12560
12563
12565
12578
12581
12584
12586
12589
12593
12596
12598
12600
12606
12606
12626
12635
12638
12642
12649
12649
12652
12656
12663
12665
12665
12668
12672
12675
12688
12689
12699
12702
12704
12707
12709
12714
12719
12733
12735
12736
12740
12747
12748
12758
12758
12762
12781
12783
12784
12784
12793
12794
12796
12797
12801
12805
12811
12822
12829
12830
12837
12838
12842
12844
12848
12856
12865
12866
12869
12869
12869
12871
12872
12897
12902
12905
12912
12916
12916
12917
12919
12923
12923
12925
12929
12933
12941
12944
12944
12946
12961
12962
12967
12972
12976
12977
12981
12990
12991
12995
12996
13001
13005
13010
13012
13018
13019
13022
13026
13027
13035
13039
13040
13041
13043
13047
13050
13050
13053
13068
13071
13077
13090
13093
13093
13094
13096
13103
13110
13112
13115
13124
13125
13126
13129
13133
13140
13147
13149
13153
13153
13164
13166
13171
13171
13175
13177
13178
13188
13188
13190
13191
13193
13194
13194
13206
13209
13211
13215
13215
13216
13219
13221
13224
13227
13229
13232
13246
13247
13248
13250
13250
13251
13254
13282
13283
13286
13292
13299
13302
13311
13312
13329
13330
13334
13341
13344
13349
13351
13361
13362
13362
13364
13365
13368
13376
13383
13388
13390
13390
13394
13394
13394
13395
13395
13404
13405
13430
13432
13438
13441
13458
13462
13465
13470
13474
13474
13475
13487
13492
13502
13510
13511
13512
13519
13522
13523
13540
13554
13563
13568
13569
13571
13575
13578
13578
13583
13590
13591
13596
13610
13611
13612
13612
13615
13615
13617
13622
13634
13635
13644
13651
13653
13662
13662
13664
13670
13685
13689
13690
13711
13712
13712
13725
13726
13730
13730
13733
13734
13738
13741
13742
13744
13749
13750
13757
13762
13762
13765
13770
13777
13784
13794
13795
13802
13806
13807
13810
13814
13823
13824
13827
13834
13835
13835
13836
13836
13840
13840
13849
13850
13851
13853
13854
13867
13901
13905
13906
13910
13915
13919
13923
13924
13926
13934
13949
13954
13985
13986
13987
13987
13989
13993
14000
14001
14002
14013
14020
14021
14029
14031
14032
14033
14039
14042
14049
14051
14059
14068
14075
14080
14085
14088
14092
14092
14096
14098
14099
14099
14100
14108
14109
14113
14116
14128
14129
14129
14133
14134
14159
14160
14163
14166
14174
14183
14195
14196
14202
14206
14211
14216
14230
14233
14234
14253
14255
14272
14292
14292
14293
14300
14302
14302
14312
14316
14316
14323
14324
14330
14333
14336
14340
14340
14344
14345
14354
14356
14364
14377
14387
14394
14395
14400
14400
14403
14403
14407
14410
14413
14414
14427
14428
14434
14436
14438
14447
14447
14459
14466
14469
14469
14488
14488
14490
14491
14494
14502
14506
14509
14512
14517
14519
14526
14527
14530
14542
14547
14550
14551
14556
14560
14561
14586
14595
14600
14607
14608
14609
14616
14617
14617
14627
14631
14636
14636
14640
14641
14642
14642
14643
14643
14649
14656
14666
14674
14675
14681
14690
14694
14695
14695
14699
14703
14703
14703
14709
14731
14731
14734
14734
14738
14745
14748
14756
14761
14763
14767
14782
14789
14795
14800
14801
14814
14821
14829
14839
14843
14844
14846
14848
14848
14852
14855
14855
14856
14857
14862
14866
14868
14868
14870
14871
14872
14877
14882
14892
14893
14895
14910
14913
14920
14922
14925
14926
14934
14939
14940
14944
14950
14965
14971
14978
14982
14987
14995
14997
15000
15000
15002
15008
15013
15014
15019
15020
15020
15020
15021
15024
15029
15031
15031
15039
15040
15041
15050
15053
15056
15060
15063
15067
15069
15076
15078
15082
15083
15083
15090
15095
15096
15099
15099
15111
15119
15129
15130
15131
15131
15132
15139
15142
15142
15147
15154
15156
15180
15181
15182
15182
15188
15190
15192
15195
15203
15204
15207
15208
15210
15225
15226
15236
15237
15238
15238
15240
15240
15244
15244
15244
15246
15247
15249
15250
15258
15262
15272
15283
15289
15298
15304
15306
15307
15311
15315
15323
15331
15334
15338
15340
15341
15346
15347
15350
15350
15354
15364
15368
15385
15388
15390
15395
15402
15406
15406
15407
15416
15426
15435
15439
15444
15446
15446
15450
15451
15456
15462
15464
15470
15474
15478
15479
15480
15480
15482
15484
15484
15489
15497
15501
15505
15508
15511
15512
15513
15514
15515
15516
15523
15523
15529
15538
15553
15556
15556
15564
15565
15565
15575
15581
15591
15603
15605
15607
15609
15613
15617
15619
15625
15626
15629
15632
15634
15634
15641
15646
15659
15660
15661
15661
15663
15664
15670
15674
15676
15676
15680
15681
15681
15684
15686
15689
15693
15694
15696
15697
15705
15718
15725
15729
15731
15732
15732
15746
15747
15749
15749
15763
15770
15774
15778
15785
15785
15785
15786
15789
15793
15793
15794
15795
15801
15808
15808
15812
15812
15816
15818
15821
15823
15827
15829
15830
15834
15849
15851
15852
15854
15856
15858
15866
15871
15873
15884
15886
15887
15890
15899
15906
15907
15915
15916
15922
15929
15933
15934
15943
15948
15951
15951
15953
15963
15964
15969
15984
15994
16006
16006
16010
16024
16025
16036
16036
16038
16042
16042
16048
16067
16077
16079
16100
16102
16107
16110
16110
16112
16112
16116
16126
16130
16137
16137
16139
16173
16175
16176
16183
16189
16194
16195
16200
16203
16209
16217
16218
16223
16223
16228
16231
16236
16255
16259
16259
16259
16260
16267
16269
16274
16280
16281
16286
16287
16288
16300
16301
16305
16313
16315
16318
16321
16328
16331
16339
16344
16345
16346
16349
16357
16360
16361
16369
16371
16388
16392
16407
16423
16436
16436
16438
16439
16446
16450
16452
16466
16475
16475
16481
16487
16496
16497
16508
16509
16515
16519
16528
16535
16535
16552
16553
16560
16561
16562
16564
16573
16577
16580
16584
16588
16592
16599
16600
16604
16606
16607
16609
16619
16620
16634
16636
16636
16644
16650
16655
16657
16660
16668
16670
16682
16684
16688
16690
16699
16705
16706
16712
16712
16715
16715
16716
16717
16720
16725
16730
16730
16740
16741
16741
16743
16747
16755
16755
16757
16763
16767
16788
16792
16794
16798
16802
16809
16809
16814
16816
16817
16820
16829
16838
16840
16846
16847
16849
16859
16860
16862
16869
16873
16874
16876
16884
16886
16887
16890
16892
16894
16897
16904
16905
16908
16909
16909
16915
16919
16921
16923
16924
16932
16933
16940
16940
16941
16947
16953
16959
16960
16964
16966
16969
16969
16977
16979
16991
16994
16995
17001
17005
17007
17008
17008
17015
17016
17018
17019
17021
17024
17035
17042
17043
17043
17043
17044
17044
17048
17050
17052
17058
17066
17069
17075
17078
17080
17088
17104
17107
17116
17117
17119
17138
17140
17142
17151
17153
17155
17168
17169
17178
17179
17179
17180
17188
17193
17195
17199
17208
17211
17212
17213
17214
17222
17238
17241
17241
17242
17242
17243
17245
17248
17257
17263
17268
17278
17280
17287
17289
17296
17296
17299
17313
17322
17338
17345
17362
17369
17371
17378
17380
17392
17413
17415
17422
17424
17426
17430
17432
17434
17434
17438
17445
17449
17452
17454
17456
17459
17461
17467
17470
17471
17475
17476
17479
17479
17482
17483
17486
17487
17490
17493
17506
17507
17512
17513
17520
17522
17522
17525
17536
17538
17544
17545
17550
17553
17554
17556
17561
17571
17577
17579
17591
17592
17598
17599
17600
17602
17605
17607
17617
17622
17629
17644
17650
17651
17653
17653
17659
17659
17669
17671
17672
17685
17691
17694
17702
17705
17706
17716
17717
17726
17732
17735
17740
17746
17750
17752
17762
17762
17763
17769
17774
17778
17783
17787
17793
17793
17801
17802
17803
17805
17807
17808
17809
17813
17817
17818
17821
17828
17830
17835
17835
17840
17842
17842
17846
17848
17848
17849
17853
17861
17864
17866
17866
17871
17872
17873
17876
17898
17901
17906
17907
17907
17907
17923
17923
17924
17925
17946
17947
17951
17968
17971
17974
17975
17976
17979
17981
17982
17999
18001
18002
18004
18010
18024
18025
18026
18029
18033
18035
18037
18046
18056
18057
18058
18066
18080
18082
18085
18086
18096
18105
18110
18114
18132
18133
18134
18146
18146
18152
18154
18155
18167
18176
18176
18178
18180
18181
18184
18188
18190
18191
18197
18200
18203
18207
18218
18225
18228
18229
18231
18231
18235
18241
18255
18258
18261
18261
18265
18265
18271
18278
18279
18280
18287
18292
18293
18297
18304
18307
18313
18317
18319
18327
18334
18336
18337
18341
18347
18348
18350
18359
18363
18367
18369
18376
18380
18382
18382
18383
18385
18390
18390
18391
18391
18394
18399
18408
18409
18415
18430
18430
18436
18441
18449
18453
18454
18478
18483
18486
18501
18503
18504
18506
18507
18524
18527
18531
18532
18533
18534
18536
18536
18541
18547
18548
18549
18550
18556
18557
18566
18575
18588
18598
18602
18603
18605
18605
18607
18609
18611
18617
18618
18620
18628
18631
18637
18645
18652
18662
18664
18674
18676
18676
18678
18701
18710
18712
18714
18724
18725
18727
18745
18746
18747
18753
18758
18758
18764
18764
18767
18772
18782
18783
18806
18806
18807
18814
18829
18829
18833
18836
18840
18846
18847
18847
18849
18852
18857
18860
18866
18876
18877
18880
18880
18883
18887
18892
18896
18901
18906
18906
18908
18908
18908
18912
18914
18920
18926
18931
18933
18934
18936
18936
18946
18950
18953
18954
18954
18964
18964
18967
18972
18979
18984
18990
18996
19001
19007
19010
19017
19022
19026
19026
19032
19036
19038
19039
19042
19047
19056
19056
19059
19077
19081
19083
19090
19093
19095
19102
19103
19105
19108
19115
19126
19131
19135
19144
19152
19157
19160
19165
19166
19175
19176
19181
19182
19187
19188
19189
19192
19192
19193
19197
19198
19199
19201
19206
19207
19209
19212
19216
19217
19219
19222
19227
19232
19233
19235
19238
19244
19249
19268
19269
19274
19284
19284
19289
19290
19293
19301
19304
19304
19304
19305
19310
19314
19315
19323
19329
19331
19332
19335
19343
19344
19347
19352
19356
19359
19362
19363
19364
19365
19370
19387
19388
19392
19408
19425
19429
19437
19437
19439
19446
19457
19459
19462
19466
19467
19469
19477
19480
19489
19495
19499
19503
19504
19521
19523
19525
19528
19528
19529
19538
19540
19543
19544
19548
19551
19553
19553
19555
19560
19562
19580
19581
19585
19588
19590
19595
19598
19598
19621
19626
19631
19639
19642
19647
19652
19656
19658
19660
19673
19679
19680
19683
19693
19700
19703
19703
19706
19711
19714
19716
19717
19736
19736
19759
19762
19775
19778
19779
19780
19782
19793
19795
19803
19804
19810
19814
19820
19827
19828
19830
19832
19836
19841
19843
19850
19851
19852
19862
19868
19869
19870
19880
19880
19880
19886
19886
19891
19893
19894
19896
19899
19901
19918
19922
19924
19927
19927
19927
19935
19947
19949
19952
19952
19956
19957
19962
19965
19971
19972
19977
19981
19984
19985
19985
19999
20005
20007
20011
20014
20026
20028
20030
20034
20038
20041
20045
20046
20051
20053
20057
20057
20058
20071
20077
20087
20088
20091
20096
20111
20122
20127
20130
20130
20131
20138
20140
20144
20148
20150
20168
20169
20173
20175
20178
20179
20187
20188
20189
20201
20203
20217
20218
20219
20220
20229
20231
20235
20240
20251
20252
20262
20266
20269
20269
20275
20287
20290
20290
20297
20298
20302
20304
20308
20310
20311
20316
20317
20317
20321
20332
20334
20340
20341
20349
20356
20356
20358
20358
20358
20370
20374
20374
20376
20377
20378
20392
20392
20394
20394
20395
20399
20400
20410
20413
20414
20416
20426
20430
20431
20437
20439
20442
20444
20447
20470
20472
20475
20475
20482
20500
20502
20505
20505
20509
20511
20515
20517
20519
20530
20536
20537
20538
20543
20547
20557
20557
20563
20565
20568
20578
20584
20586
20586
20589
20593
20598
20599
20609
20611
20614
20615
20615
20615
20619
20631
20635
20645
20653
20654
20655
20656
20659
20664
20666
20668
20668
20677
20678
20681
20695
20698
20699
20722
20723
20726
20726
20733
20734
20736
20744
20751
20763
20775
20782
20783
20785
20785
20786
20786
20789
20793
20797
20798
20802
20802
20802
20814
20825
20832
20835
20836
20840
20846
20847
20848
20855
20856
20860
20863
20864
20868
20871
20877
20877
20878
20885
20887
20894
20898
20903
20905
20910
20916
20922
20925
20928
20929
20931
20936
20943
20943
20947
20948
20962
20967
20978
20978
20980
20983
20989
20991
20993
20994
20995
20999
21012
21014
21015
21019
21023
21023
21026
21029
21030
21034
21035
21040
21046
21052
21054
21057
21058
21059
21068
21071
21072
21072
21075
21084
21085
21093
21104
21104
21113
21120
21121
21121
21121
21124
21127
21129
21131
21133
21142
21146
21147
21147
21149
21151
21155
21162
21171
21172
21177
21179
21183
21192
21196
21212
21217
21224
21230
21233
21235
21244
21244
21250
21254
21254
21255
21259
21260
21270
21270
21270
21273
21278
21287
21290
21298
21301
21303
21304
21307
21313
21319
21324
21334
21334
21336
21338
21343
21345
21349
21350
21355
21357
21357
21358
21366
21366
21371
21371
21372
21375
21376
21391
21393
21393
21396
21402
21403
21404
21408
21408
21410
21420
21425
21428
21437
21437
21444
21452
21458
21465
21469
21478
21486
21487
21487
21496
21505
21514
21514
21514
21516
21523
21525
21528
21529
21534
21536
21537
21540
21546
21553
21558
21558
21559
21561
21572
21576
21579
21586
21594
21597
21598
21602
21604
21604
21608
21612
21614
21622
21622
21623
21628
21628
21629
21636
21638
21639
21641
21641
21644
21646
21648
21649
21658
21668
21669
21676
21677
21677
21680
21685
21686
21702
21706
21708
21708
21710
21714
21717
21720
21732
21732
21736
21754
21755
21759
21772
21773
21773
21774
21783
21793
21807
21809
21810
21813
21823
21833
21833
21846
21847
21853
21853
21855
21855
21862
21863
21880
21880
21884
21884
21886
21887
21887
21892
21893
21905
21909
21913
21914
21916
21917
21923
21923
21925
21940
21943
21947
21967
21976
21981
21981
21985
21997
22006
22006
22014
22018
22020
22026
22035
22038
22042
22048
22050
22056
22059
22066
22068
22073
22075
22078
22084
22086
22088
22093
22095
22097
22098
22101
22104
22106
22110
22112
22118
22134
22137
22140
22146
22146
22146
22152
22155
22157
22160
22162
22169
22170
22178
22182
22185
22188
22190
22196
22197
22199
22200
22206
22211
22213
22216
22218
22224
22228
22232
22237
22253
22258
22261
22268
22269
22271
22279
22286
22286
22289
22290
22293
22305
22307
22312
22313
22315
22320
22325
22332
22353
22357
22363
22368
22375
22383
22385
22393
22404
22414
22414
22415
22416
22418
22433
22435
22435
22440
22450
22450
22459
22460
22464
22481
22483
22488
22493
22493
22495
22497
22506
22508
22509
22516
22521
22521
22535
22541
22543
22550
22550
22560
22563
22565
22568
22579
22580
22587
22591
22596
22596
22598
22602
22606
22610
22612
22612
22616
22617
22621
22622
22623
22629
22633
22634
22638
22659
22660
22660
22664
22679
22679
22682
22690
22700
22714
22715
22734
22741
22743
22744
22750
22751
22757
22765
22770
22772
22779
22779
22781
22796
22798
22799
22803
22803
22803
22804
22809
22809
22810
22814
22828
22831
22832
22833
22834
22834
22837
22837
22846
22849
22856
22857
22859
22861
22862
22880
22883
22887
22889
22889
22890
22896
22911
22913
22913
22923
22927
22927
22929
22932
22933
22933
22935
22942
22951
22957
22958
22960
22969
22971
22971
22975
22976
22981
22984
22999
23001
23001
23021
23025
23029
23029
23032
23034
23036
23041
23043
23048
23048
23048
23051
23053
23055
23056
23060
23076
23087
23088
23090
23091
23091
23091
23093
23094
23098
23099
23102
23107
23114
23117
23129
23129
23132
23133
23134
23136
23144
23145
23149
23155
23157
23158
23159
23167
23172
23172
23176
23180
23194
23195
23195
23202
23208
23211
23212
23215
23218
23246
23258
23265
23265
23267
23274
23283
23287
23289
23297
23298
23299
23304
23309
23319
23324
23333
23340
23341
23343
23347
23361
23365
23369
23383
23383
23384
23385
23395
23400
23418
23422
23422
23436
23440
23445
23455
23460
23475
23480
23482
23494
23509
23510
23512
23512
23514
23517
23520
23531
23531
23532
23534
23540
23542
23543
23548
23548
23548
23550
23552
23558
23559
23561
23561
23564
23570
23573
23576
23580
23586
23586
23586
23596
23602
23608
23608
23614
23622
23631
23639
23640
23642
23644
23661
23664
23670
23671
23673
23680
23681
23682
23684
23689
23704
23706
23710
23713
23716
23718
23727
23727
23730
23733
23735
23735
23737
23744
23746
23746
23747
23747
23748
23751
23753
23753
23753
23760
23762
23771
23776
23777
23781
23782
23786
23791
23797
23802
23804
23808
23818
23821
23821
23824
23828
23841
23842
23843
23852
23855
23857
23858
23859
23861
23871
23874
23877
23883
23886
23891
23893
23894
23897
23904
23905
23910
23914
23926
23932
23942
23950
23952
23955
23960
23962
23969
23974
23974
23985
23987
23988
24003
24009
24018
24027
24042
24053
24054
24063
24068
24074
24075
24079
24080
24089
24097
24101
24108
24108
24110
24111
24118
24124
24127
24129
24129
24129
24130
24131
24134
24136
24142
24142
24146
24146
24147
24151
24154
24158
24158
24161
24164
24165
24166
24168
24171
24179
24187
24190
24193
24199
24205
24208
24211
24212
24221
24221
24227
24229
24235
24238
24238
24244
24245
24245
24249
24253
24256
24257
24260
24269
24269
24272
24273
24273
24275
24283
24286
24287
24316
24318
24319
24334
24334
24335
24336
24337
24344
24348
24349
24351
24357
24358
24369
24371
24379
24379
24379
24386
24393
24397
24398
24399
24405
24405
24415
24419
24421
24422
24423
24429
24429
24432
24441
24453
24461
24461
24465
24466
24468
24470
24471
24471
24484
24490
24493
24508
24528
24529
24540
24541
24544
24550
24557
24558
24562
24562
24564
24573
24576
24581
24585
24585
24588
24588
24604
24609
24618
24630
24631
24634
24650
24653
24655
24656
24657
24667
24681
24686
24688
24691
24697
24703
24708
24709
24709
24710
24712
24720
24724
24735
24735
24736
24737
24742
24744
24755
24757
24760
24762
24762
24764
24768
24769
24770
24770
24785
24789
24793
24798
24805
24820
24823
24827
24828
24835
24841
24842
24850
24853
24856
24864
24873
24877
24880
24882
24889
24895
24897
24898
24900
24900
24909
24912
24912
24916
24917
24923
24924
24925
24930
24931
24936
24940
24944
24957
24960
24965
24966
24970
24980
24988
24995
24996
24997
25002
25008
25014
25014
25014
25019
25020
25022
25023
25034
25035
25044
25044
25045
25046
25047
25050
25053
25054
25065
25066
25068
25079
25081
25084
25088
25088
25091
25097
25106
25109
25110
25121
25125
25127
25134
25142
25142
25145
25155
25158
25164
25173
25175
25175
25175
25177
25192
25192
25193
25197
25198
25202
25205
25205
25210
25215
25216
25220
25224
25226
25227
25230
25232
25234
25238
25239
25250
25253
25256
25256
25258
25259
25260
25262
25263
25272
25272
25277
25277
25278
25282
25285
25294
25300
25304
25310
25312
25314
25325
25326
25334
25340
25343
25344
25351
25357
25360
25375
25380
25381
25384
25388
25395
25397
25408
25410
25412
25418
25420
25421
25428
25445
25446
25446
25447
25448
25452
25453
25457
25457
25464
25465
25466
25471
25473
25477
25480
25480
25502
25504
25517
25521
25524
25524
25529
25533
25537
25538
25542
25559
25559
25560
25563
25573
25573
25577
25579
25580
25583
25585
25585
25593
25595
25599
25602
25607
25609
25612
25613
25616
25617
25623
25633
25635
25637
25637
25638
25638
25644
25645
25647
25650
25652
25655
25666
25666
25670
25670
25674
25675
25678
25692
25711
25716
25721
25725
25729
25736
25742
25751
25756
25756
25759
25767
25767
25773
25783
25783
25784
25787
25791
25798
25799
25799
25800
25803
25805
25820
25820
25828
25829
25834
25842
25849
25863
25870
25870
25872
25872
25876
25878
25880
25890
25893
25895
25897
25900
25911
25911
25911
25914
25915
25919
25920
25922
25924
25924
25927
25929
25939
25942
25956
25961
25966
25968
25971
25976
25989
26001
26027
26028
26036
26038
26042
26048
26049
26051
26061
26064
26065
26066
26068
26072
26081
26084
26091
26107
26111
26116
26117
26119
26119
26133
26140
26142
26142
26147
26149
26150
26155
26156
26162
26178
26179
26182
26190
26193
26200
26206
26208
26209
26210
26212
26213
26216
26221
26223
26225
26229
26230
26235
26240
26243
26243
26245
26258
26263
26266
26278
26279
26283
26286
26286
26290
26295
26299
26310
26314
26314
26317
26317
26319
26330
26330
26331
26337
26342
26342
26347
26355
26357
26358
26359
26360
26375
26380
26386
26387
26392
26395
26398
26398
26404
26406
26406
26411
26419
26419
26424
26431
26435
26445
26452
26459
26462
26463
26465
26469
26473
26474
26481
26485
26494
26496
26496
26501
26502
26503
26507
26508
26513
26516
26524
26533
26533
26542
26543
26544
26546
26548
26552
26555
26558
26558
26560
26564
26565
26566
26568
26573
26576
26577
26585
26585
26591
26603
26605
26608
26609
26613
26615
26621
26622
26622
26624
26627
26628
26629
26634
26635
26641
26643
26656
26657
26659
26666
26668
26678
26682
26693
26694
26706
26707
26714
26714
26722
26722
26725
26749
26752
26756
26757
26760
26765
26765
26766
26768
26775
26778
26783
26790
26808
26809
26816
26816
26817
26822
26828
26829
26833
26840
26844
26851
26854
26861
26863
26870
26871
26873
26881
26881
26888
26890
26890
26892
26897
26903
26909
26911
26913
26913
26914
26914
26922
26923
26924
26926
26927
26930
26933
26935
26938
26940
26944
26946
26947
26949
26950
26951
26961
26970
26982
26983
8399
21026
29003
9921
16109
4004
3412
21688
364
27749
4469
15732
13576
635
26734
2548
3989
13490
9253
20657
11249
171
28135
10915
18140
12398
10236
8715
22716
7978
11707
7468
29005
10710
23741
15114
21067
3505
13155
27783
1254
17624
13515
14831
24611
16601
23731
4952
6443
2984
25610
17692
3155
23745
4959
27647
12495
15196
12715
11563
29526
24422
19031
28531
11484
19125
19998
2551
22630
3153
334
23885
27129
20201
15068
21741
13154
8799
26693
19597
18135
28655
7289
21291
22400
12249
18938
4895
3797
8005
16459
3323
2427
11842
8207
20264
967
4557
29167
29950
14062
29502
23835
11191
26055
15255
9284
9210
24054
12330
5159
12189
10985
12449
9832
3386
1050
5123
14633
11199
13128
1092
20874
15556
12935
5433
12172
20254
9990
11339
20204
24052
17193
20391
11596
13249
5646
20880
28811
6052
3210
3970
24594
20548
22771
4426
23934
173
9549
8567
17724
29030
16012
8599
14586
5299
20384
3110
25553
375
14449
22110
779
1643
18853
12375
21244
24500
3256
26407
552
12818
6729
25146
3366
29501
5925
3652
6026
21826
18572
23751
20856
10936
8702
11794
16235
29086
14904
18140
29461
5706
10250
6593
7349
29104
18968
4945
29956
28576
7704
6860
17747
14433
8359
27465
13934
14284
1118
26313
6110
26042
20064
26967
6978
28766
8761
29565
27852
18
17705
3666
5724
27956
10259
19425
3412
5579
722
3368
4156
8426
16580
21903
22859
24939
19368
13146
9223
26838
9459
21686
29232
29523
25005
12562
4641
10118
12127
8845
10136
29833
18863
15860
4141
5474
11637
13905
11054
12359
23625
21562
20785
10205
19817
19997
5145
15537
3143
20720
18728
12602
12406
17960
18477
13763
6875
23118
23882
19002
8315
10370
25187
27179
2583
5680
2653
14220
19585
13707
26580
13210
11621
23717
23416
1438
13714
4913
16976
16857
25633
5704
5811
14392
16
24288
28155
6891
23758
28389
2246
2074
8760
27433
5605
11343
9466
8258
1915
29051
28318
4847
18614
9939
28565
18382
17730
18631
23295
4706
11841
18928
16762
17652
9672
16778
18293
7828
23670
18403
12569
2268
26829
21329
6053
2434
9024
15519
17045
17292
20923
21715
22139
9537
8006
27056
27919
25736
15688
21214
442
3881
16494
23556
21533
26167
10335
16178
10347
10357
4582
29268
12625
7763
26950
18678
10198
5974
10550
3595
23266
1473
25310
21758
11010
3316
18814
15281
29053
10854
12847
5847
14735
5693
29404
12621
8212
16091
28799
24911
2800
9733
24180
21777
17497
21130
16807
4047
3456
27357
13994
3075
28830
9304
24833
16192
18972
19999
7825
18025
854
20672
225
21941
26366
5981
4562
4578
28424
9714
29490
1224
19447
22
23001
13296
21152
16160
23695
24608
13518
7689
27683
18700
16993
28868
11245
12318
18868
19070
343
26074
9743
6920
18015
12461
19253
22578
23391
17677
8644
22881
18901
28091
29255
18254
17740
20407
4415
11435
15016
24285
19125
19051
12985
12470
24272
24230
24788
13140
13301
1484
9214
29396
14756
3581
11857
4010
2511
11600
21687
11155
10834
16941
15599
10089
11547
3339
497
22314
14774
21865
16599
10251
17268
29585
29074
11540
167
214
24680
19820
8050
10246
19216
22807
20180
7425
26817
22691
19026
24856
10199
29860
18149
25798
9949
29697
29137
10446
22011
20263
8663
8611
515
25932
14548
5941
7472
21067
6155
8505
10888
20558
25103
6456
13365
15283
13882
16534
14327
2908
17742
24526
9120
5892
20324
19069
5589
25813
5868
3952
16076
20883
18915
22943
16815
3463
28884
640
883
11392
9145
11771
1950
10600
18227
21667
25884
8461
8201
16563
17721
25943
11089
26841
8187
7765
22263
20128
3578
4483
24081
19654
25366
12996
12598
18534
22812
17834
19174
23695
29226
4671
11818
1176
15271
45
29195
11155
14859
7396
27718
2580
9692
15159
29422
24231
22924
28037
14360
2854
2520
8441
22509
4238
27789
11459
22772
20601
29293
11946
20648
4872
16617
2466
12400
8241
8864
11596
25748
23723
25344
29819
26303
11388
14978
2077
5620
14255
6466
19980
17109
8986
28421
15970
19577
26210
27429
12349
23164
3075
648
13812
7947
23617
22631
26699
1858
1495
8295
27607
1570
3640
27426
4225
15028
18756
12655
20648
3011
19121
16980
20121
28108
15401
6091
17685
17964
9873
6386
11128
12948
7034
24940
27247
652
17571
23946
8862
