0
2
20
33
48
49
77
79
86
87
99
105
113
124
126
146
156
178
211
222
223
282
286
288
302
344
367
404
419
421
438
477
478
493
516
518
519
532
534
546
559
574
576
577
585
591
594
616
621
627
634
642
659
664
666
688
698
704
730
735
767
779
795
804
818
822
840
841
847
860
865
876
885
893
918
919
968
970
975
993
996
1009
1016
1020
1024
1058
1067
1068
1075
1076
1085
1092
1109
1122
1133
1142
1146
1151
1152
1152
1166
1182
1184
1220
1229
1236
1254
1258
1283
1285
1285
1293
1294
1327
1337
1338
1355
1355
1358
1370
1371
1386
1387
1388
1404
1417
1420
1428
1439
1441
1451
1461
1466
1468
1482
1493
1498
1506
1509
1523
1533
1563
1565
1570
1580
1586
1590
1592
1597
1613
1623
1630
1699
1699
1707
1714
1730
1744
1745
1748
1761
1764
1770
1781
1783
1784
1785
1789
1796
1806
1808
1835
1842
1856
1865
1867
1879
1885
1901
1916
1931
1939
1940
1958
1966
1973
2036
2043
2063
2090
2106
2117
2118
2126
2140
2155
2163
2171
2188
2190
2205
2219
2221
2234
2245
2256
2261
2266
2275
2282
2294
2306
2309
2340
2340
2414
2424
2437
2462
2468
2475
2489
2492
2510
2510
2514
2521
2528
2529
2544
2549
2551
2565
2571
2574
2580
2593
2641
2647
2659
2667
2668
2684
2693
2698
2699
2719
2729
2736
2742
2742
2748
2758
2760
2765
2767
2789
2807
2843
2843
2863
2864
2868
2869
2880
2881
2891
2892
2902
2916
2919
2923
2963
2980
2993
2994
2999
3012
3019
3021
3026
3027
3029
3039
3046
3053
3065
3074
3085
3085
3090
3093
3100
3104
3106
3114
3120
3134
3147
3160
3166
3184
3189
3193
3210
3212
3213
3238
3241
3244
3260
3274
3313
3340
3341
3347
3347
3350
3355
3359
3370
3392
3393
3415
3423
3436
3440
3440
3445
3454
3460
3462
3477
3488
3488
3489
3496
3520
3523
3524
3525
3526
3534
3535
3541
3550
3557
3558
3575
3586
3612
3637
3638
3640
3642
3651
3658
3660
3663
3671
3682
3683
3687
3700
3703
3703
3713
3724
3729
3744
3761
3771
3774
3777
3777
3780
3792
3796
3801
3812
3813
3816
3829
3836
3852
3854
3857
3861
3879
3882
3885
3901
3912
3913
3920
3924
3927
3943
3953
3966
3975
3979
3983
3984
3986
3987
3999
4029
4033
4034
4044
4049
4054
4060
4079
4089
4100
4112
4118
4128
4157
4160
4171
4193
4198
4198
4199
4222
4229
4230
4231
4234
4235
4246
4254
4276
4276
4281
4288
4289
4290
4308
4315
4325
4328
4329
4336
4348
4389
4391
4415
4425
4442
4443
4447
4447
4454
4473
4478
4493
4508
4508
4508
4508
4515
4518
4549
4553
4594
4595
4597
4615
4627
4627
4647
4649
4651
4683
4685
4707
4711
4711
4739
4753
4759
4759
4761
4770
4772
4773
4799
4809
4819
4842
4843
4863
4883
4892
4901
4903
4909
4924
4932
4936
4938
4972
4973
4998
5003
5011
5018
5030
5057
5076
5078
5087
5093
5107
5134
5142
5152
5158
5177
5188
5202
5207
5228
5232
5241
5254
5257
5272
5277
5291
5296
5312
5316
5319
5327
5329
5332
5335
5338
5344
5360
5379
5380
5393
5400
5405
5414
5462
5464
5475
5476
5490
5496
5504
5523
5531
5543
5545
5545
5547
5554
5561
5570
5570
5575
5600
5625
5668
5674
5685
5686
5690
5700
5715
5720
5721
5725
5731
5746
5747
5753
5755
5769
5786
5788
5793
5800
5804
5839
5843
5843
5872
5879
5888
5888
5889
5900
5916
5917
5943
5967
6005
6021
6043
6047
6050
6053
6058
6078
6082
6090
6090
6110
6119
6174
6180
6181
6217
6221
6225
6231
6233
6234
6241
6280
6281
6282
6329
6329
6360
6394
6422
6426
6433
6438
6445
6447
6456
6485
6486
6492
6497
6515
6519
6531
6539
6544
6551
6552
6570
6570
6574
6575
6575
6586
6592
6617
6627
6641
6651
6657
6657
6670
6670
6688
6689
6742
6743
6751
6751
6765
6767
6770
6787
6791
6794
6826
6856
6866
6871
6880
6891
6894
6908
6912
6929
6936
6938
6953
6965
6972
6974
6985
7017
7043
7048
7060
7060
7061
7069
7087
7089
7089
7102
7105
7113
7124
7143
7170
7171
7182
7198
7205
7220
7236
7261
7266
7278
7279
7282
7284
7338
7349
7370
7372
7377
7386
7388
7398
7401
7404
7408
7417
7420
7422
7457
7471
7476
7487
7512
7519
7530
7545
7545
7555
7566
7579
7587
7608
7634
7637
7637
7639
7649
7651
7706
7712
7716
7716
7718
7723
7724
7728
7750
7755
7757
7808
7817
7830
7850
7863
7866
7869
7876
7891
7900
7903
7917
7918
7923
7938
7942
7959
7961
7984
7993
7996
8001
8007
8013
8029
8073
8073
8074
8076
8081
8097
8105
8115
8115
8123
8125
8126
8132
8134
8135
8136
8147
8151
8158
8164
8166
8173
8176
8182
8199
8215
8232
8233
8236
8237
8253
8255
8255
8273
8289
8298
8298
8322
8327
8329
8347
8367
8372
8375
8394
8406
8412
8418
8418
8430
8440
8457
8462
8464
8469
8470
8473
8479
8483
8486
8494
8495
8498
8514
8536
8539
8562
8562
8592
8596
8602
8602
8640
8642
8651
8668
8685
8704
8714
8717
8718
8727
8727
8761
8762
8773
8776
8776
8780
8793
8802
8805
8809
8847
8851
8854
8862
8869
8890
8901
8920
8926
8933
8935
8937
8939
8947
8949
8980
8991
9030
9031
9034
9039
9074
9120
9131
9140
9153
9157
9159
9169
9171
9171
9174
9176
9177
9178
9190
9229
9230
9231
9233
9244
9250
9258
9267
9272
9286
9287
9290
9304
9305
9309
9313
9313
9315
9317
9353
9355
9361
9367
9375
9387
9387
9395
9396
9403
9405
9406
9408
9416
9416
9427
9444
9446
9451
9472
9486
9501
9509
9511
9519
9534
9535
9536
9541
9545
9555
9567
9571
9571
9574
9575
9582
9598
9598
9599
9599
9600
9612
9618
9631
9646
9651
9664
9675
9677
9689
9704
9707
9712
9715
9733
9736
9741
9767
9775
9781
9786
9823
9836
9847
9849
9862
9869
9874
9877
9882
9891
9893
9899
9911
9945
9972
9974
9994
9999
9999
10024
10036
10067
10070
10093
10094
10096
10104
10105
10107
10124
10137
10141
10186
10231
10236
10241
10246
10250
10254
10260
10263
10282
10292
10311
10321
10339
10357
10367
10371
10380
10387
10388
10397
10412
10415
10415
10416
10420
10447
10477
10481
10495
10502
10530
10536
10536
10548
10552
10571
10589
10593
10607
10621
10636
10637
10644
10657
10662
10700
10701
10719
10726
10729
10732
10741
10746
10753
10764
10769
10783
10789
10792
10798
10803
10810
10813
10814
10820
10839
10839
10842
10845
10846
10867
10872
10883
10929
10962
10971
10980
11006
11016
11029
11035
11046
11084
11087
11104
11108
11123
11127
11132
11148
11149
11151
11163
11197
11205
11215
11225
11227
11228
11230
11239
11239
11243
11267
11289
11302
11319
11324
11326
11337
11343
11347
11350
11362
11383
11389
11396
11396
11400
11403
11432
11438
11462
11463
11468
11488
11490
11491
11496
11518
11523
11536
11539
11542
11546
11548
11558
11558
11565
11571
11577
11597
11605
11619
11620
11636
11659
11662
11719
11730
11731
11754
11765
11787
11794
11798
11801
11846
11854
11889
11894
11907
11908
11911
11916
11927
11930
11939
11951
11961
11961
11973
11976
12007
12017
12026
12037
12046
12050
12055
12057
12057
12066
12082
12104
12164
12174
12187
12194
12213
12219
12221
12227
12228
12235
12262
12263
12268
12270
12274
12282
12286
12301
12324
12325
12332
12334
12344
12359
12391
12392
12399
12423
12427
12432
12438
12441
12447
12463
12502
12503
12504
12507
12517
12518
12529
12531
12535
12544
12547
12556
12559
12564
12565
12567
12586
12596
12598
12628
12653
12654
12657
12659
12669
12685
12713
12720
12724
12725
12728
12758
12770
12771
12772
12778
12790
12836
12842
12850
12864
12888
12899
12910
12916
12926
12944
12959
12960
12984
12984
12985
12986
13015
13016
13019
13027
13034
13048
13060
13079
13093
13105
13108
13113
13120
13127
13127
13128
13138
13167
13188
13193
13219
13224
13224
13250
13255
13277
13290
13306
13306
13330
13343
13346
13349
13355
13355
13365
13382
13392
13394
13401
13407
13413
13418
13421
13447
13458
13462
13463
13474
13483
13491
13502
13508
13519
13526
13552
13610
13619
13625
13648
13650
13676
13701
13708
13720
13723
13732
13735
13759
13763
13774
13777
13780
13807
13817
13818
13837
13842
13861
13873
13875
13884
13888
13894
13895
13907
13922
13925
13925
13940
13977
13980
13988
13992
14009
14018
14020
14021
14029
14039
14059
14062
14086
14093
14104
14107
14111
14113
14114
14120
14132
14136
14142
14144
14152
14162
14168
14174
14185
14186
14218
14221
14240
14245
14247
14257
14257
14257
14261
14265
14269
14321
14321
14323
14327
14337
14347
14353
14362
14363
14366
14378
14378
14395
14410
14414
14424
14430
14435
14435
14438
14446
14461
14468
14487
14494
14526
14546
14552
14567
14579
14586
14599
14602
14609
14649
14651
14666
14667
14679
14689
14701
14702
14721
14731
14734
14735
14749
14775
14776
14796
14798
14811
14812
14812
14836
14860
14862
14882
14896
14901
14922
14942
14947
14952
14962
14979
14986
15007
15015
15033
15058
15068
15088
15105
15105
15115
15127
15135
15137
15144
15149
15151
15155
15178
15203
15209
15230
15243
15247
15264
15278
15279
15283
15290
15292
15298
15327
15331
15340
15352
15364
15373
15387
15391
15411
15414
15445
15457
15466
15475
15502
15507
15529
15531
15561
15564
15567
15580
15583
15589
15595
15600
15642
15645
15649
15657
15669
15700
15711
15722
15752
15761
15771
15785
15787
15803
15812
15835
15837
15837
15853
15855
15875
15876
15878
15881
15893
15900
15901
15902
15904
15915
15922
15927
15930
15931
15936
15938
15939
15957
15960
15971
15978
15981
15991
15992
16028
16037
16067
16082
16082
16082
16109
16112
16112
16121
16180
16192
16194
16196
16202
16224
16259
16277
16281
16289
16322
16323
16335
16343
16344
16380
16381
16386
16400
16407
16413
16422
16430
16431
16436
16438
16439
16450
16455
16466
16486
16499
16507
16518
16552
16558
16565
16571
16584
16592
16600
16604
16610
16615
16629
16637
16643
16645
16645
16652
16667
16671
16677
16683
16714
16723
16725
16737
16745
16746
16783
16803
16805
16815
16824
16828
16837
16840
16848
16865
16867
16868
16884
16900
16901
16915
16934
16941
16942
16948
16952
16953
16955
16960
16960
16985
16992
16996
16998
17024
17031
17033
17041
17041
17058
17059
17065
17076
17124
17142
17149
17151
17152
17155
17212
17243
17260
17262
17268
17272
17280
17293
17314
17318
17318
17330
17336
17337
17344
17349
17352
17383
17385
17393
17405
17405
17416
17421
17428
17449
17450
17455
17464
17472
17511
17517
17526
17548
17553
17573
17583
17585
17636
17636
17636
17638
17654
17665
17682
17705
17714
17729
17736
17744
17751
17763
17764
17788
17800
17829
17832
17839
17850
17864
17874
17879
17890
17901
17904
17916
17926
17939
17941
17953
17965
17973
18029
18043
18046
18051
18075
18083
18086
18100
18121
18163
18167
18182
18220
18236
18241
18243
18246
18247
18252
18269
18270
18273
18288
18289
18307
18318
18330
18335
18342
18344
18353
18370
18371
18383
18385
18405
18423
18448
18472
18478
18487
18528
18532
18548
18552
18594
18598
18607
18614
18629
18642
18645
18658
18661
18689
18690
18693
18703
18712
18714
18716
18723
18725
18732
18735
18743
18743
18751
18758
18762
18770
18776
18786
18791
18804
18806
18821
18823
18829
18830
18853
18867
18868
18884
18885
18888
18889
18907
18950
18963
18971
18974
18980
18995
19010
19011
19012
19021
19056
19057
19062
19064
19073
19077
19078
19086
19091
19095
19118
19130
19131
19132
19143
19150
19151
19154
19156
19171
19174
19197
19216
19218
19220
19222
19244
19250
19272
19295
19304
19304
19304
19308
19316
19327
19344
19349
19358
19358
19365
19370
19375
19395
19401
19402
19404
19484
19497
19502
19512
19524
19542
19557
19563
19564
19584
19585
19618
19618
19628
19638
19638
19663
19665
19670
19676
19695
19696
19735
19736
19744
19749
19751
19760
19761
19763
19764
19769
19778
19778
19788
19799
19812
19814
19814
19817
19830
19831
19840
19842
19842
19859
19864
19865
19868
19874
19879
19896
19897
19937
19940
19957
19961
19999
20026
20035
20037
20038
20044
20051
20109
20129
20135
20139
20151
20158
20159
20182
20190
20194
20195
20210
20211
20244
20244
20255
20262
20272
20275
20282
20283
20287
20292
20301
20321
20350
20358
20370
20375
20399
20400
20401
20420
20430
20431
20447
20448
20453
20454
20461
20467
20476
20493
20500
20503
20514
20514
20537
20540
20559
20593
20613
20618
20639
20642
20643
20647
20657
20662
20662
20676
20689
20701
20703
20706
20720
20732
20736
20737
20758
20769
20774
20777
20787
20787
20819
20852
20871
20883
20894
20909
20921
20931
20952
20960
20973
20974
20975
21001
21005
21014
21017
21025
21039
21058
21062
21067
21071
21115
21117
21123
21132
21138
21166
21194
21202
21206
21206
21229
21247
21269
21271
21276
21283
21290
21303
21312
21318
21328
21347
21350
21390
21396
21400
21417
21425
21431
21432
21435
21446
21456
21463
21466
21473
21479
21481
21496
21528
21542
21552
21553
21573
21573
21603
21629
21637
21645
21653
21665
21681
21685
21691
21692
21704
21714
21727
21738
21749
21775
21784
21784
21786
21791
21795
21805
21807
21814
21828
21831
21850
21850
21858
21883
21905
21908
21929
21933
21934
21935
21947
21960
21967
21970
22003
22017
22027
22047
22066
22086
22090
22090
22095
22101
22111
22117
22125
22128
22129
22134
22134
22150
22156
22158
22161
22177
22181
22183
22193
22200
22203
22216
22222
22238
22241
22272
22325
22337
22338
22338
22345
22352
22352
22356
22356
22363
22363
22385
22385
22416
22418
22432
22435
22436
22450
22458
22474
22486
22508
22509
22510
22522
22535
22558
22563
22576
22580
22587
22591
22599
22610
22611
22613
22624
22647
22650
22699
22699
22700
22707
22723
22749
22749
22761
22772
22778
22780
22790
22804
22806
22810
22832
22840
22843
22855
22872
22879
22906
22908
22925
22927
22938
22943
22965
22977
22983
22986
23010
23012
23013
23014
23020
23028
23036
23052
23059
23067
23110
23117
23131
23132
23134
23157
23165
23174
23182
23203
23205
23208
23209
23211
23227
23252
23255
23261
23276
23292
23293
23304
23311
23316
23318
23324
23330
23330
23331
23331
23355
23361
23365
23366
23389
23395
23398
23412
23414
23425
23429
23434
23436
23439
23453
23464
23464
23465
23484
23489
23491
23492
23494
23511
23514
23523
23536
23540
23590
23603
23608
23609
23636
23660
23680
23683
23689
23693
23700
23706
23710
23714
23718
23721
23732
23743
23746
23749
23752
23764
23784
23784
23784
23807
23817
23823
23835
23847
23852
23856
23865
23872
23895
23912
23913
23929
23930
23937
23942
23954
23988
24018
24033
24039
24045
24060
24060
24065
24066
24069
24073
24074
24076
24078
24099
24103
24106
24123
24126
24135
24140
24153
24155
24179
24182
24185
24198
24214
24221
24224
24236
24240
24264
24274
24283
24284
24289
24302
24309
24311
24318
24334
24360
24369
24376
24385
24386
24390
24400
24416
24434
24438
24439
24450
24452
24458
24458
24469
24470
24471
24487
24491
24501
24507
24508
24523
24528
24533
24536
24559
24566
24569
24587
24590
24596
24611
24628
24645
24647
24651
24652
24653
24655
24669
24676
24680
24688
24707
24711
24715
24715
24715
24727
24737
24743
24753
24787
24805
24822
24829
24841
24844
24863
24872
24893
24928
24947
24956
24959
24969
24981
24987
24988
24992
24995
25001
25010
25035
25042
25043
25044
25046
25067
25069
25071
25085
25094
25121
25146
25148
25160
25160
25164
25177
25177
25182
25189
25196
25199
25210
25228
25249
25265
25271
25306
25308
25320
25335
25340
25355
25359
25368
25372
25419
25424
25431
25450
25457
25465
25468
25481
25483
25485
25486
25491
25508
25548
25555
25567
25578
25582
25585
25588
25594
25597
25630
25630
25636
25644
25652
25660
25670
25689
25690
25700
25727
25733
25742
25752
25756
25758
25775
25786
25796
25797
25813
25826
25856
25859
25861
25871
25875
25897
25897
25908
25910
25910
25917
25922
25923
25927
25938
25941
25948
25951
25964
25964
25973
25979
26067
26115
26116
26121
26129
26134
26145
26156
26164
26166
26167
26198
26201
26215
26229
26251
26252
26262
26264
26267
26313
26313
26322
26337
26337
26353
26365
26365
26382
26388
26389
26404
26418
26432
26443
26460
26464
26467
26503
26506
26511
26524
26528
26536
26538
26541
26547
26548
26575
26577
26577
26580
26581
26588
26611
26631
26631
26661
26661
26676
26676
26677
26707
26709
26725
26735
26739
26747
26753
26781
26786
26799
26800
26803
26826
26829
26878
26885
26889
26903
26930
26981
26986
26996
27005
27007
27019
27027
27041
27048
27053
27057
27072
27082
27084
27088
27094
27119
27123
27141
27166
27180
27187
27190
27201
27209
27211
27212
27219
27219
27221
27236
27237
27240
27257
27267
27292
27305
27315
27319
27326
27331
27333
27349
27351
27352
27359
27366
27377
27389
27398
27398
27407
27417
27421
27425
27426
27432
27473
27504
27505
27522
27537
27547
27557
27573
27578
27579
27588
27603
27611
27612
27624
27635
27637
27643
27652
27694
27694
27695
27702
27716
27718
27741
27748
27751
27768
27771
27778
27786
27788
27789
27796
27826
27839
27848
27849
27850
27850
27854
27863
27866
27877
27877
27891
27937
27940
27942
27961
27973
27973
27975
27996
28005
28014
28020
28021
28023
28037
28042
28045
28049
28050
28063
28081
28085
28113
28119
28172
28174
28186
28188
28231
28242
28242
28246
28258
28260
28295
28295
28312
28313
28332
28333
28359
28359
28372
28373
28377
28385
28405
28412
28419
28425
28438
28450
28467
28499
28500
28515
28523
28557
28560
28571
28600
28608
28610
28612
28613
28621
28625
28634
28648
28648
28656
28664
28677
28683
28713
28715
28723
28744
28746
28750
28761
28784
28796
28820
28830
28832
28833
28834
28836
28869
28877
28926
28954
28955
28971
28976
28982
29006
29024
29034
29035
29062
29066
29069
29070
29072
29112
29125
29144
29145
29151
29155
29170
29189
29191
29217
29225
29226
29226
29243
29269
29294
29305
29309
29317
29319
29333
29342
29353
29353
29364
29366
29367
29368
29388
29393
29395
29415
29415
29426
29435
29443
29449
29457
29465
29481
29482
29495
29503
29521
29523
29525
29538
29545
29550
29552
29589
29595
29602
29620
29621
29631
29631
29647
29664
29668
29670
29677
29684
29687
29701
29717
29739
29748
29753
29753
29781
29783
29803
29821
29829
29840
29846
29852
29854
29854
29871
29871
29880
29885
29905
29924
29925
29957
29970
29979
29991
29993
30005
30008
30010
30035
30059
30072
30079
30080
30092
30093
30095
30146
30152
30155
30163
30163
30166
30178
30209
30209
30243
30264
30265
30265
30269
30285
30305
30312
30339
30342
30345
30346
30369
30371
30373
30377
30380
30382
30387
30388
30394
30394
30397
30407
30408
30424
30436
30443
30466
30469
30473
30497
30517
30520
30523
30530
30541
30541
30600
30602
30623
30631
30635
30637
30648
30658
30667
30667
30697
30714
30720
30726
30736
30741
30775
30782
30789
30793
30798
30801
30810
30844
30868
30869
30880
30888
30901
30901
30914
30924
30940
30952
30955
30970
30978
30983
30984
30985
30988
30997
31001
31012
31017
31019
31023
31029
31038
31053
31068
31092
31099
31126
31136
31139
31144
31145
31155
31178
31183
31190
31192
31205
31206
31207
31214
31215
31216
31227
31230
31273
31296
31301
31319
31321
31322
31327
31343
31355
31365
31377
31378
31381
31381
31384
31401
31402
31407
31411
31412
31414
31423
31427
31443
31464
31472
31477
31479
31484
31488
31499
31529
31531
31532
31538
31539
31541
31546
31551
31555
31567
31587
31591
31599
31602
31608
31618
31657
31676
31677
31703
31722
31746
31747
31749
31765
31765
31780
31787
31812
31855
31862
31878
31897
31900
31911
31918
31921
31940
31947
31963
31966
31969
31982
31983
32001
32006
32006
32011
32014
32019
32026
32034
32039
32045
32083
32118
32130
32135
32164
32171
32182
32199
32202
32226
32227
32238
32249
32252
32252
32258
32276
32289
32289
32313
32325
32334
32350
32358
32385
32395
32402
32408
32454
32457
32490
32492
32505
32508
32512
32532
32540
32548
32550
32590
32596
32613
32638
32646
32678
32688
32700
32708
32716
32789
32811
32816
32819
32822
32829
32832
32834
32838
32839
32847
32853
32859
32860
32877
32907
32907
32911
32914
32927
32943
32977
32988
33014
33018
33019
33028
33038
33042
33045
33045
33098
33099
33108
33111
33115
33132
33159
33180
33181
33188
33195
33197
33206
33234
33237
33237
33241
33245
33250
33259
33264
33276
33283
33294
33297
33308
33312
33318
33320
33342
33352
33356
33362
33363
33366
33391
33400
33401
33430
33444
33449
33460
33468
33475
33493
33511
33523
33523
33548
33551
33552
33572
33575
33585
33594
33607
33608
33609
33623
33632
33633
33642
33650
33650
33660
33681
33702
33727
33742
33753
33755
33763
33780
33782
33785
33791
33799
33803
33811
33813
33822
33824
33835
33847
33856
33861
33861
33863
33880
33894
33897
33913
33938
33952
33992
33999
34011
34030
34031
34033
34042
34043
34063
34091
34094
34116
34185
34193
34194
34197
34206
34209
34225
34235
34235
34266
34266
34294
34298
34306
34333
34334
34338
34342
34366
34393
34393
34436
34446
34451
34458
34485
34510
34550
34561
34564
34574
34581
34582
34592
34596
34603
34614
34618
34620
34628
34647
34654
34667
34677
34693
34705
34744
34748
34752
34762
34839
34847
34859
34860
34869
34870
34877
34881
34892
34896
34900
34913
34918
34932
34936
34965
34987
35001
35009
35017
35019
35049
35072
35101
35105
35106
35116
35125
35135
35168
35173
35173
35180
35184
35184
35189
35192
35199
35241
35242
35246
35274
35300
35303
35305
35311
35327
35358
35380
35392
35402
35405
35408
35409
35411
35421
35425
35434
35442
35451
35486
35503
35510
35514
35530
35537
35547
35553
35579
35580
35583
35584
35587
35589
35600
35607
35623
35631
35633
35652
35663
35689
35702
35707
35719
35721
35728
35730
35746
35757
35778
35786
35795
35796
35797
35799
35805
35822
35831
35864
35868
35869
35878
35878
35889
35904
35904
35933
35934
35935
35949
35950
35959
35985
35997
35999
36006
36030
36034
36044
36054
36056
36057
36058
36063
36064
36078
36111
36116
36119
36126
36140
36148
36162
36167
36175
36183
36198
36213
36221
36283
36305
36305
36314
36324
36327
36368
36371
36377
36378
36381
36407
36429
36432
36433
36435
36441
36460
36467
36470
36470
36475
36485
36488
36514
36521
36524
36529
36540
36550
36551
36564
36583
36589
36590
36590
36601
36616
36616
36637
36640
36656
36674
36683
36694
36697
36714
36738
36746
36771
36774
36812
36815
36817
36827
36834
36853
36857
36878
36882
36888
36906
36909
36939
36949
36961
36967
36981
36984
36989
37001
37005
37009
37050
37050
37060
37064
37081
37099
37106
37110
37120
37158
37162
37167
37181
37191
37192
37215
37225
37225
37232
37238
37239
37246
37253
37263
37265
37279
37282
37286
37295
37309
37311
37330
37335
37340
37358
37361
37365
37365
37393
37402
37411
37413
37428
37435
37437
37440
37455
37460
37466
37474
37480
37499
37513
37527
37532
37540
37542
37542
37544
37559
37559
37560
37568
37570
37583
37587
37597
37606
37620
37621
37640
37645
37663
37664
37679
37680
37681
37692
37713
37716
37737
37744
37746
37748
37756
37761
37766
37780
37781
37785
37803
37818
37834
37840
37841
37856
37860
37863
37868
37885
37887
37892
37896
37913
37946
37948
37949
37950
37952
37953
37960
37974
37994
38022
38041
38045
38051
38052
38066
38066
38066
38070
38098
38104
38105
38127
38134
38141
38147
38151
38157
38170
38187
38189
38193
38196
38200
38211
38212
38223
38235
38235
38236
38238
38248
38249
38251
38254
38259
38271
38275
38294
38339
38346
38348
38356
38365
38378
38423
38443
38448
38452
38474
38481
38481
38482
38487
38532
38549
38562
38594
38602
38603
38622
38629
38646
38648
38648
38653
38667
38669
38675
38685
38690
38690
38723
38724
38727
38731
38732
38751
38757
38770
38773
38777
38783
38788
38792
38805
38812
38817
38823
38835
38853
38855
38866
38875
38876
38883
38886
38920
38941
38953
38958
38964
38967
38974
38977
38979
38994
38994
39007
39018
39019
39019
39036
39044
39063
39064
39071
39072
39088
39092
39094
39107
39125
39127
39132
39135
39153
39153
39162
39170
39179
39183
39193
39196
39200
39210
39216
39216
39222
39224
39226
39227
39230
39243
39250
39262
39274
39274
39279
39283
39311
39334
39344
39363
39374
39383
39390
39391
39399
39410
39418
39426
39428
39446
39450
39472
39472
39474
39477
39518
39532
39541
39561
39564
39565
39593
39596
39600
39609
39623
39626
39631
39640
39652
39653
39663
39666
39670
39685
39689
39689
39690
39701
39710
39723
39728
39742
39752
39785
39845
39856
39875
39876
39881
39886
39934
39943
39944
39949
39958
39971
39993
39997
40017
40029
40040
40055
40079
40079
40091
40102
40143
40155
40160
40163
40176
40195
40219
40242
40249
40252
40270
40289
40291
40298
40301
40314
40318
40332
40335
40341
40347
40367
40384
40387
40391
40421
40437
40438
40442
40450
40451
40456
40458
40467
40482
40507
40515
40516
40518
40526
40531
40539
40539
40542
40542
40548
40550
40552
40590
40600
40620
40622
40627
40627
40631
40633
40637
40668
40673
40679
40697
40704
40712
40715
40723
40761
40763
40768
40773
40780
40780
40782
40783
40783
40834
40845
40845
40858
40860
40877
40905
40914
40916
40917
40932
40950
40971
40983
40986
41004
41004
41021
41036
41039
41044
41050
41063
41069
41077
41085
41111
41114
41151
41159
41176
41179
41181
41197
41207
41221
41230
41231
41233
41244
41254
41261
41263
41287
41290
41295
41310
41318
41325
41351
41370
41374
41374
41380
41380
41381
41389
41398
41409
41411
41421
41423
41434
41444
41446
41477
41488
41515
41522
41529
41531
41541
41541
41556
41588
41602
41602
41603
41604
41634
41664
41667
41670
41671
41700
41715
41718
41721
41722
41745
41752
41768
41773
41786
41803
41807
41828
41842
41843
41852
41852
41865
41889
41890
41915
41929
41935
41947
41967
41972
41983
41990
42003
42005
42018
42022
42043
42056
42056
42065
42089
42090
42097
42102
42102
42103
42111
42115
42124
42130
42132
42138
42144
42144
42150
42158
42159
42167
42195
42209
42216
42225
42235
42245
42273
42275
42277
42280
42285
42290
42293
42313
42327
42328
42333
42343
42344
42353
42361
42373
42379
42387
42392
42406
42419
42423
42438
42465
42466
42468
42469
42470
42494
42495
42501
42501
42516
42522
42534
42535
42540
42551
42562
42575
42576
42588
42588
42593
42594
42605
42612
42628
42629
42638
42642
42652
42653
42656
42677
42680
42682
42684
42691
42694
42696
42707
42753
42772
42837
42844
42853
42860
42870
42877
42881
42895
42900
42914
42919
42936
42940
42943
42950
42955
42959
42969
43012
43016
43019
43049
43049
43062
43063
43086
43105
43112
43116
43121
43130
43133
43171
43172
43174
43178
43182
43183
43187
43202
43209
43211
43272
43278
43281
43288
43290
43293
43299
43308
43308
43312
43332
43334
43335
43335
43340
43349
43352
43357
43388
43393
43393
43401
43412
43417
43431
43432
43433
43444
43478
43490
43494
43494
43502
43533
43538
43543
43543
43550
43571
43585
43597
43608
43618
43623
43623
43623
43633
43634
43668
43668
43686
43691
43741
43742
43755
43774
43777
43786
43798
43811
43818
43825
43826
43837
43840
43844
43845
43858
43888
43893
43895
43897
43909
43912
43922
43941
43943
43945
43971
43983
43991
44027
44050
44051
44052
44064
44069
44080
44082
44090
44106
44110
44122
44126
44220
44241
44253
44258
44261
44267
44297
44298
44299
44307
44329
44334
44335
44337
44357
44367
44385
44389
44396
44399
44406
44408
44413
44415
44416
44421
44427
44428
44447
44448
44455
44497
44498
44518
44529
44534
44543
44544
44559
44571
44572
44583
44584
44587
44588
44602
44602
44622
44622
44623
44624
44627
44636
44639
44644
44660
44667
44672
44676
44686
44693
44716
44716
44726
44726
44735
44743
44748
44755
44764
44772
44814
44818
44827
44837
44839
44852
44859
44876
44878
44880
44892
44925
44933
44939
44973
44981
44994
45004
45015
45016
45038
45039
45045
45061
45066
45068
45084
45084
45101
45119
45135
45140
45151
45152
45173
45179
45181
45185
45195
45198
45205
45214
45217
45219
45222
45224
45241
45256
45263
45267
45269
45275
45304
45307
45313
45313
45318
45326
45352
45357
45367
45370
45387
45420
45425
45444
45450
45492
45497
45503
45512
45523
45529
45530
45572
45589
45592
45603
45605
45614
45639
45640
45652
45667
45678
45698
45704
45711
45712
45726
45729
45751
45761
45764
45772
45793
45814
45814
45824
45829
45881
45883
45889
45893
45908
45914
45936
45941
45944
45963
45964
45969
45987
46016
46032
46041
46042
46047
46047
46049
46060
46066
46081
46093
46101
46123
46132
46132
46148
46152
46168
46175
46202
46220
46224
46225
46234
46235
46237
46247
46248
46256
46257
46264
46266
46281
46290
46306
46310
46312
46314
46315
46337
46340
46345
46351
46353
46358
46366
46370
46392
46401
46405
46406
46417
46429
46461
46462
46497
46499
46507
46513
46527
46534
46541
46541
46546
46551
46560
46565
46566
46568
46624
46628
46631
46638
46640
46640
46643
46644
46672
46689
46704
46714
46730
46742
46750
46770
46786
46798
46829
46829
46840
46844
46848
46849
46854
46854
46864
46875
46882
46887
46891
46892
46925
46935
46941
46947
46951
46958
46969
46971
46990
47027
47030
47072
47078
47081
47089
47092
47098
47104
47108
47109
47118
47167
47169
47175
47182
47187
47200
47205
47208
47215
47217
47247
47247
47250
47253
47270
47305
47308
47314
47317
47318
47320
47325
47326
47340
47349
47365
47367
47377
47381
47388
47394
47397
47402
47428
47435
47436
47451
47452
47476
47484
47487
47489
47493
47493
47502
47506
47517
47528
47544
47552
47567
47570
47585
47601
47606
47610
47611
47619
47619
47647
47653
47655
47661
47668
47687
47714
47733
47746
47750
47750
47754
47768
47769
47771
47777
47778
47783
47784
47786
47788
47825
47842
47850
47853
47881
47883
47885
47902
47914
47915
47927
47933
47943
47944
47948
47971
47996
47997
47999
48001
48001
48017
48022
48048
48064
48075
48084
48094
48103
48110
48119
48127
48129
48131
48158
48160
48165
48173
48179
48199
48200
48204
48206
48219
48225
48227
48232
48236
48244
48249
48251
48254
48265
48279
48285
48285
48287
48292
48295
48296
48298
48322
48335
48348
48355
48359
48360
48363
48389
48412
48419
48421
48422
48436
48446
48463
48464
48477
48483
48493
48500
48515
48530
48530
48544
48549
48552
48564
48567
48570
48585
48590
48599
48604
48616
48616
48618
48627
48635
48660
48674
48674
48678
48684
48687
48715
48717
48727
48732
48737
48745
48751
48758
48803
48832
48839
48855
48874
48878
48881
48883
48883
48887
48889
48893
48900
48912
48937
48939
48948
48956
48964
48980
48984
48985
48994
48999
49002
49030
49076
49102
49102
49112
49144
49155
49157
49164
49167
49176
49190
49201
49211
49243
49249
49258
49260
49265
49281
49282
49283
49287
49288
49313
49313
49342
49350
49363
49370
49374
49381
49381
49386
49400
49425
49425
49453
49453
49460
49472
49487
49502
49519
49520
49536
49564
49573
49574
49592
49593
49593
49621
49625
49632
49637
49647
49675
49691
49723
49738
49745
49752
49760
49762
49766
49768
49772
49784
49784
49789
49833
49841
49874
49888
49897
49918
49944
49950
49950
49956
49964
49967
49975
49976
49983
49990
49995
49995
49997
50002
50024
50040
50050
50057
50068
50077
50077
50078
50084
50094
50101
50102
50140
50141
50149
50151
50158
50171
50171
50179
50194
50196
50200
50207
50214
50215
50216
50244
50253
50254
50258
50271
50289
50300
50310
50318
50338
50344
50352
50364
50378
50381
50393
50397
50407
50440
50452
50454
50455
50466
50467
50477
50479
50484
50490
50502
50532
50539
50580
50590
50598
50603
50608
50609
50616
50639
50641
50644
50645
50651
50660
50668
50687
50699
50700
50706
50709
50719
50721
50722
50732
50735
50747
50749
50753
50762
50765
50773
50803
50812
50818
50822
50831
50843
50846
50876
50882
50882
50882
50896
50898
50925
50930
50939
50988
50994
51002
51009
51011
51018
51022
51023
51063
51074
51079
51086
51097
51102
51130
51142
51143
51152
51159
51179
51199
51199
51223
51233
51233
51235
51239
51249
51261
51271
51274
51289
51297
51298
51321
51327
51328
51332
51345
51350
51352
51371
51375
51375
51379
51387
51394
51397
51435
51448
51465
51498
51503
51504
51506
51508
51517
51521
51534
51550
51556
51573
51588
51596
51616
51632
51633
51660
51675
51692
51711
51718
51720
51721
51722
51723
51734
51738
51751
51753
51756
51789
51793
51819
51820
51833
51854
51857
51895
51899
51901
51901
51901
51921
51933
51949
51952
51956
51971
51990
51991
51998
51999
52005
52013
52015
52026
52027
52034
52050
52056
52067
52077
52100
52103
52111
52113
52125
52128
52154
52155
52169
52173
52177
52223
52238
52240
52260
52274
52278
52308
52312
52329
52332
52347
52349
52382
52388
52390
52396
52397
52408
52424
52426
52428
52428
52432
52437
52454
52468
52488
52496
52499
52504
52506
52513
52526
52541
52558
52580
52589
52594
52605
52685
52697
52709
52721
52737
52738
52742
52744
52768
52777
52786
52797
52826
52832
52841
52844
52853
52858
52866
52873
52873
52915
52936
52940
52945
52947
52949
52964
52967
52970
52971
52972
52994
53019
53033
53038
53045
53049
53053
53056
53065
53067
53101
53105
53107
53131
53154
53159
53160
53165
53184
53203
53205
53217
53223
53229
53231
53254
53256
53257
53260
53262
53273
53275
53303
53306
53313
53332
53333
53338
53364
53389
53401
53401
53409
53418
53426
53443
53448
53466
53466
53467
53498
53510
53512
53515
53538
53542
53545
53547
53566
53588
53602
53602
53627
53629
53629
53633
53643
53648
53650
53685
53687
53688
53709
53712
53716
53726
53726
53732
53733
53741
53764
53769
53772
53776
53777
53797
53808
53817
53839
53848
53860
53866
53867
53872
53874
53898
53900
53900
53901
53922
53953
53967
53982
54007
54035
54039
54042
54046
54057
54070
54093
54102
54103
54111
54115
54116
54123
54132
54136
54136
54159
54161
54163
54175
54199
54205
54210
54217
54235
54244
54268
54270
54282
54282
54300
54302
54315
54323
54331
54367
54371
54371
54380
54386
54386
54396
54410
54412
54414
54426
54429
54434
54435
54443
54446
54455
54463
54468
54473
54507
54515
54520
54530
54570
54576
54580
54609
54618
54630
54659
54700
54700
54705
54715
54729
54749
54765
54767
54769
54814
54819
54872
54911
54941
54949
54950
54956
54967
54979
54982
54988
54992
54993
54998
55003
55004
55012
55014
55037
55038
55064
55070
55091
55104
55112
55114
55153
55156
55170
55170
55171
55189
55195
55213
55219
55224
55231
55234
55238
55240
55253
55254
55254
55256
55259
55265
55268
55287
55291
55302
55315
55345
55353
55369
55381
55383
55383
55395
55406
55456
55495
55496
55507
55512
55513
55514
55518
55519
55535
55548
55551
55575
55581
55620
55635
55636
55644
55658
55672
55680
55719
55720
55731
55735
55738
55752
55755
55766
55768
55792
55803
55807
55810
55816
55820
55836
55839
55851
55855
55885
55892
55899
55900
55901
55903
55905
55908
55913
55928
55935
55952
55962
55977
55987
56042
56069
56077
56082
56085
56095
56113
56131
56134
56147
56160
56178
56214
56217
56221
56234
56264
56264
56267
56271
56280
56339
56345
56346
56372
56389
56396
56396
56416
56463
56487
56488
56491
56493
56504
56507
56514
56522
56527
56535
56556
56565
56576
56583
56587
56595
56597
56605
56627
56640
56643
56686
56692
56705
56706
56707
56742
56749
56750
56756
56768
56802
56814
56831
56838
56854
56864
56877
56893
56894
56898
56899
56907
56934
56940
56950
56950
56957
56995
56997
57021
57028
57050
57050
57064
57082
57095
57100
57102
57107
57110
57112
57113
57116
57121
57128
57128
57137
57159
57166
57218
57228
57229
57247
57249
57251
57269
57275
57289
57299
57336
57343
57359
57397
57412
57414
57420
57427
57446
57456
57469
57473
57482
57485
57488
57496
57497
57504
57511
57529
57531
57541
57546
57560
57581
57590
57598
57608
57612
57626
57627
57634
57647
57654
57661
57673
57683
57686
57694
57701
57708
57751
57757
57762
57770
57773
57781
57785
57786
57787
57813
57815
57822
57830
57834
57842
57845
57846
57857
57861
57864
57867
57871
57874
57881
57885
57896
57899
57936
57939
57942
57943
57948
57951
57963
57963
57985
58008
58013
58021
58036
58041
58044
58063
58065
58090
58099
58120
58123
58124
58138
58140
58148
58169
58171
58190
58210
58214
58224
58231
58261
58263
58314
58334
58349
58351
58385
58392
58406
58421
58428
58431
58436
58461
58472
58479
58481
58490
58491
58492
58494
58524
58524
58525
58542
58583
58594
58602
58612
58614
58614
58619
58628
58628
58629
58631
58645
58650
58651
58656
58675
58710
58745
58756
58764
58803
58803
58806
58823
58833
58836
58839
58848
58849
58850
58870
58871
58893
58904
58912
58921
58922
58927
58946
58996
59001
59002
59003
59006
59010
59015
59033
59036
59044
59047
59066
59067
59080
59081
59087
59090
59099
59103
59104
59134
59136
59154
59164
59166
59167
59173
59174
59176
59178
59199
59199
59236
59251
59286
59295
59333
59338
59340
59344
59347
59385
59386
59386
59394
59394
59437
59441
59455
59463
59470
59487
59499
59528
59531
59532
59539
59547
59548
59553
59571
59577
59589
59611
59611
59624
59631
59651
59660
59666
59668
59669
59681
59700
59712
59748
59748
59756
59760
59789
59794
59806
59835
59874
59877
59916
59923
59931
59943
59952
59963
59965
59970
59973
59975
59975
59993
59994
60006
60009
60043
60048
60065
60069
60084
60090
60094
60100
60106
60125
60149
60154
60157
60175
60175
60180
60185
60197
60209
60226
60235
60241
60256
60304
60315
60325
60338
60351
60367
60369
60377
60381
60388
60389
60397
60408
60414
60422
60436
60454
60461
60462
60464
60468
60495
60520
60521
60522
60539
60558
60574
60615
60624
60631
60666
60667
60668
60682
60693
60697
60703
60721
60738
60746
60765
60766
60767
60768
60777
60778
60789
60793
60793
60820
60820
60832
60835
60848
60850
60858
60876
60881
60888
60903
60910
60925
60970
60976
60978
60990
61010
61028
61035
61035
61040
61052
61061
61097
61101
61103
61109
61128
61145
61159
61171
61173
61188
61198
61216
61243
61246
61248
61260
61261
61267
61267
61294
61298
61304
61320
61320
61335
61338
61340
61344
61361
61407
61413
61433
61444
61458
61461
61474
61476
61483
61494
61494
61520
61534
61542
61554
61567
61585
61588
61601
61606
61610
61615
61617
61618
61620
61625
61628
61637
61651
61657
61657
61658
61688
61700
61703
61715
61717
61736
61741
61744
61752
61757
61758
61769
61781
61789
61790
61832
61903
61911
61920
61932
61932
61959
61959
61968
61990
62007
62011
62013
62018
62030
62030
62038
62039
62055
62059
62066
62077
62110
62112
62122
62129
62131
62157
62176
62184
62199
62199
62202
62217
62226
62255
62257
62258
62278
62294
62295
62296
62310
62316
62324
62337
62339
62349
62352
62363
62379
62380
62381
62405
62433
62456
62459
62465
62467
62476
62483
62485
62489
62496
62502
62504
62528
62528
62552
62560
62566
62570
62577
62579
62582
62595
62601
62616
62622
62651
62659
62687
62691
62694
62696
62698
62711
62723
62723
62730
62736
62738
62744
62761
62762
62772
62795
62798
62802
62816
62831
62856
62859
62897
62921
62932
62942
62953
62963
62976
62979
62979
62985
62986
62988
62990
62990
62996
63008
63015
63024
63028
63060
63094
63150
63158
63179
63182
63194
63212
63222
63236
63258
63259
63271
63284
63285
63304
63306
63307
63310
63328
63330
63330
63334
63345
63355
63395
63398
63405
63409
63434
63439
63449
63454
63468
63477
63483
63508
63512
63513
63526
63551
63566
63581
63602
63621
63622
63624
63649
63658
63659
63681
63697
63713
63738
63743
63781
63783
63814
63823
63834
63840
63853
63870
63881
63893
63901
63925
63956
63965
63967
63968
63974
64001
64005
64008
64019
64039
64043
64047
64074
64089
64100
64123
64124
64141
64145
64150
64151
64152
64180
64184
64185
64192
64192
64194
64212
64229
64237
64248
64251
64251
64260
64261
64263
64271
64296
64304
64314
64318
64325
64328
64334
64340
64342
64356
64365
64366
64373
64402
64407
64416
64417
64437
64438
64457
64461
64462
64470
64479
64487
64500
64500
64502
64513
64605
64605
64627
64632
64650
64654
64660
64672
64679
64685
64688
64689
64694
64699
64718
64724
64739
64765
64765
64766
64774
64776
64784
64787
64800
64806
64812
64820
64832
64847
64849
64853
64863
64863
64865
64868
64879
64881
64884
64903
64910
64934
64958
64970
65002
65025
65027
65037
65051
65059
65065
65073
65097
65109
65122
65124
65126
65134
65138
65144
65152
65154
65158
65165
65179
65190
65192
65193
65208
65224
65247
65250
65254
65264
65280
65300
65300
65301
65329
65369
65392
65408
65417
65423
65455
65472
65478
65479
65482
65489
65490
65491
65499
65519
65524
65541
65564
65577
65593
65615
65633
65646
65647
65648
65658
65665
65671
65674
65708
65728
65741
65782
65785
65804
65804
65812
65824
65830
65832
65843
65845
65857
65868
65877
65896
65906
65915
65920
65925
65932
65936
65942
65943
65947
65981
65986
65990
66007
66012
66015
66031
66043
66052
66061
66071
66080
66092
66110
66112
66115
66116
66118
66121
66131
66144
66145
66146
66156
66174
66176
66201
66223
66240
66243
66250
66270
66279
66294
66294
66297
66298
66303
66321
66355
66360
66375
66396
66405
66425
66428
66431
66445
66446
66449
66452
66463
66469
66505
66506
66532
66537
66563
66567
66598
66605
66615
66627
66633
66636
66638
66639
66646
66652
66665
66673
66676
66677
66683
66688
66691
66698
66698
66710
66727
66740
66776
66778
66790
66798
66807
66819
66830
66851
66853
66871
66877
66886
66890
66898
66904
66911
66922
66930
66937
66938
66945
66946
66949
66963
66963
66965
66965
66973
66973
67010
67013
67013
67050
67050
67058
67060
67085
67093
67094
67098
67099
67114
67127
67135
67141
67146
67147
67150
67178
67179
67203
67204
67205
67232
67246
67264
67293
67308
67320
67343
67352
67363
67364
67371
67378
67391
67405
67426
67433
67456
67459
67468
67470
67474
67484
67486
67492
67513
67523
67524
67526
67526
67531
67545
67568
67575
67576
67588
67592
67593
67619
67626
67666
67671
67691
67691
67699
67718
67718
67727
67728
67738
67774
67790
67791
67801
67805
67807
67808
67809
67811
67815
67817
67823
67824
67827
67835
67835
67837
67840
67870
67876
67894
67900
67906
67930
67931
67942
67950
67951
67952
67970
67976
67982
67983
68001
68017
68018
68032
68040
68047
68076
68081
68111
68127
68132
68136
68141
68150
68154
68161
68175
68191
68196
68217
68223
68227
68228
68232
68233
68271
68277
68290
68293
68301
68307
68331
68335
68343
68344
68347
68351
68363
68363
68376
68384
68385
68389
68389
68398
68400
68440
68440
68442
68467
68468
68474
68483
68502
68508
68513
68521
68524
68568
68568
68573
68590
68597
68602
68612
68622
68632
68632
68647
68666
68679
68689
68692
68698
68738
68754
68772
68784
68786
68803
68823
68823
68831
68831
68836
68840
68845
68852
68852
68852
68859
68864
68866
68872
68875
68876
68892
68905
68927
68929
68932
68936
68938
68942
68954
68960
68979
68987
68988
68989
68994
68995
69009
69021
69023
69023
69027
69057
69063
69073
69077
69083
69101
69105
69117
69117
69146
69160
69169
69170
69183
69210
69214
69215
69224
69225
69225
69252
69254
69267
69267
69274
69284
69297
69297
69301
69310
69327
69367
69375
69378
69383
69394
69418
69431
69433
69454
69518
69520
69531
69532
69547
69564
69571
69574
69584
69593
69594
69597
69598
69604
69622
69631
69632
69653
69659
69662
69663
69665
69670
69673
69678
69685
69687
69706
69718
69759
69770
69794
69797
69803
69803
69805
69812
69823
69840
69849
69855
69856
69862
69862
69863
69867
69868
69869
69870
69875
69889
69890
69893
69894
69899
69909
69920
69926
69938
69941
69970
69988
70002
70028
70035
70054
70057
70058
70065
70066
70090
70108
70122
70137
70138
70154
70160
70162
70175
70191
70192
70193
70207
70220
70245
70257
70264
70272
70284
70319
70341
70347
70357
70366
70372
70377
70419
70442
70444
70453
70477
70490
70504
70508
70515
70529
70533
70560
70571
70608
70629
70630
70632
70637
70643
70648
70687
70694
70721
70726
70727
70727
70732
70735
70741
70750
70754
70756
70758
70763
70763
70779
70784
70802
70811
70861
70879
70890
70892
70897
70898
70902
70914
70920
70923
70932
70965
70973
70973
71001
71015
71021
71024
71046
71050
71074
71089
71114
71124
71138
71152
71159
71160
71166
71171
71184
71195
71197
71206
71213
71217
71221
71239
71248
71251
71255
71283
71283
71285
71295
71301
71303
71312
71312
71317
71319
71322
71354
71360
71369
71402
71432
71434
71449
71454
71454
71469
71471
71504
71523
71536
71539
71569
71574
71588
71588
71594
71597
71599
71600
71618
71625
71633
71661
71661
71677
71704
71729
71738
71752
71758
71758
71759
71770
71774
71787
71819
71830
71842
71842
71866
71869
71873
71878
71883
71886
71923
71926
71945
71971
71987
71987
72010
72037
72046
72049
72052
72060
72070
72072
72097
72117
72123
72152
72152
72159
72161
72161
72177
72182
72184
72192
72206
72214
72216
72232
72242
72252
72290
72293
72295
72306
72312
72315
72317
72318
72324
72351
72355
72407
72414
72446
72453
72454
72457
72457
72467
72468
72468
72475
72481
72494
72497
72506
72514
72525
72528
72547
72550
72551
72566
72566
72604
72613
72616
72619
72631
72637
72638
72646
72647
72650
72653
72662
72664
72674
72677
72689
72692
72700
72761
72765
72776
72783
72784
72786
72814
72826
72843
72850
72892
72931
72944
72981
72982
72986
72991
73005
73008
73011
73026
73041
73048
73079
73092
73103
73104
73110
73124
73128
73129
73132
73132
73153
73165
73170
73176
73186
73195
73201
73206
73255
73257
73258
73263
73267
73301
73310
73315
73325
73348
73352
73357
73362
73365
73370
73375
73398
73405
73414
73421
73430
73456
73461
73468
73496
73498
73500
73531
73535
73540
73571
73577
73579
73593
73606
73616
73624
73625
73663
73664
73667
73669
73675
73681
73682
73685
73695
73715
73716
73723
73731
73732
73733
73742
73760
73773
73774
73792
73796
73798
73817
73823
73830
73870
73875
73880
73883
73933
73938
73941
73951
73956
73966
73981
73990
73991
73995
74001
74012
74014
74022
74031
74038
74039
74050
74053
74057
74069
74072
74086
74100
74101
74106
74121
74125
74131
74146
74168
74169
74211
74213
74222
74240
74256
74257
74274
74276
74284
74310
74313
74323
74376
74381
74397
74398
74412
74415
74438
74445
74449
74451
74464
74476
74481
74483
74492
74501
74503
74516
74517
74540
74544
74554
74557
74561
74587
74603
74613
74629
74631
74642
74644
74646
74650
74657
74679
74680
74698
74701
74703
74709
74715
74718
74728
74759
74775
74800
74801
74813
74828
74828
74829
74854
74858
74859
74863
74871
74880
74929
74939
74942
74943
74955
74971
74976
74976
75000
75015
75021
75021
75023
75023
75028
75031
75036
75039
75051
75051
75059
75067
75072
75076
75090
75102
75102
75103
75108
75114
75121
75138
75151
75152
75158
75163
75167
75170
75171
75179
75224
75249
75260
75267
75269
75299
75311
75324
75327
75327
75334
75350
75351
75367
75370
75381
75386
75399
75406
75407
75472
75510
75515
75516
75524
75531
75561
75563
75564
75570
75570
75571
75580
75605
75608
75621
75624
75627
75628
75638
75667
75673
75674
75683
75697
75716
75716
75730
75750
75756
75757
75778
75784
75804
75810
75813
75822
75827
75837
75838
75848
75860
75874
75877
75881
75882
75894
75912
75928
75930
75937
75942
75944
75946
75963
75966
75996
76010
76011
76030
76041
76044
76048
76061
76070
76076
76080
76095
76107
76112
76121
76122
76129
76131
76137
76143
76149
76156
76157
76158
76163
76165
76174
76184
76188
76192
76192
76200
76216
76224
76227
76228
76237
76238
76266
76268
76269
76271
76272
76280
76297
76302
76306
76308
76313
76321
76329
76331
76332
76337
76337
76352
76363
76381
76385
76396
76422
76438
76440
76472
76480
76487
76488
76492
76493
76494
76507
76520
76527
76535
76567
76568
76586
76587
76593
76603
76622
76625
76627
76628
76639
76648
76659
76663
76664
76678
76680
76689
76697
76717
76721
76721
76726
76728
76738
76767
76776
76776
76782
76796
76817
76825
76827
76832
76843
76857
76870
76872
76887
76908
76929
76936
76958
76980
76987
76989
76993
76993
76995
76995
77024
77028
77032
77033
77043
77064
77065
77076
77079
77081
77081
77086
77092
77096
77097
77101
77110
77110
77152
77161
77175
77176
77189
77204
77210
77214
77216
77233
77245
77246
77269
77281
77302
77304
77329
77358
77363
77375
77388
77394
77398
77400
77403
77407
77426
77444
77447
77454
77463
77470
77477
77477
77482
77490
77494
77504
77507
77508
77514
77543
77549
77551
77553
77577
77616
77617
77626
77632
77641
77700
77702
77704
77709
77717
77721
77721
77722
77737
77738
77746
77758
77769
77772
77776
77780
77785
77791
77797
77838
77840
77845
77861
77864
77892
77894
77899
77906
77917
77937
77937
77940
77950
77955
77962
77985
77990
77999
78005
78017
78048
78064
78066
78067
78079
78081
78099
78108
78111
78149
78151
78157
78174
78184
78184
78202
78219
78229
78233
78241
78244
78262
78262
78275
78287
78298
78315
78322
78326
78334
78359
78372
78379
78388
78396
78404
78433
78451
78463
78470
78472
78487
78503
78516
78536
78536
78541
78544
78552
78555
78572
78579
78597
78599
78657
78664
78669
78695
78719
78723
78724
78727
78730
78736
78764
78785
78791
78799
78809
78837
78891
78892
78910
78915
78935
78949
78950
78951
78960
78961
78979
79021
79028
79029
79036
79059
79086
79118
79119
79135
79146
79162
79167
79171
79173
79195
79210
79214
79215
79218
79243
79246
79256
79262
79271
79286
79297
79309
79310
79316
79317
79321
79331
79346
79349
79369
79370
79375
79388
79395
79395
79401
79404
79404
79405
79415
79422
79423
79424
79431
79434
79437
79457
79465
79478
79479
79488
79492
79514
79520
79524
79525
79526
79527
79532
79542
79553
79554
79571
79573
79589
79594
79637
79639
79643
79653
79656
79657
79663
79669
79684
79685
79701
79715
79723
79734
79734
79741
79749
79760
79774
79789
79801
79818
79824
79893
79895
79914
79924
79940
79958
79967
79968
79969
79974
79977
79990
79997
79999
80008
80010
80037
80041
80051
80071
80075
80079
80113
80120
80159
80161
80164
80183
80184
80187
80194
80194
80203
80234
80247
80253
80256
80257
80260
80261
80276
80277
80309
80315
80319
80336
80343
80360
80361
80368
80376
80384
80385
80391
80393
80395
80402
80402
80406
80408
80410
80416
80428
80432
80447
80455
80458
80466
80467
80471
80474
80474
80474
80480
80489
80507
80533
80537
80542
80545
80561
80566
80595
80597
80599
80600
80605
80611
80617
80629
80631
80639
80654
80657
80661
80664
80675
80693
80694
80702
80702
80702
80706
80714
80726
80748
80761
80762
80768
80802
80804
80814
80817
80820
80822
80829
80829
80830
80831
80850
80854
80854
80863
80868
80888
80892
80896
80905
80908
80912
80913
80923
80932
80952
80955
80956
80972
81007
81014
81015
81019
81031
81032
81032
81077
81078
81084
81092
81120
81121
81125
81129
81133
81134
81139
81150
81152
81169
81181
81188
81195
81196
81201
81216
81266
81271
81278
81286
81295
81311
81320
81329
81376
81383
81404
81408
81412
81427
81434
81435
81438
81440
81446
81462
81468
81472
81473
81474
81520
81530
81543
81557
81557
81566
81567
81572
81587
81592
81610
81615
81617
81626
81636
81637
81647
81661
81687
81695
81697
81722
81725
81737
81753
81777
81813
81845
81845
81847
81851
81883
81896
81945
81946
82011
82013
82019
82049
82061
82069
82071
82088
82108
82119
82122
82127
82130
82138
82165
82169
82176
82181
82192
82196
82204
82217
82220
82222
82224
82235
82242
82248
82277
82284
82308
82312
82318
82332
82341
82342
82345
82363
82365
82380
82404
82405
82407
82428
82455
82464
82472
82480
82483
82495
82497
82510
82512
82524
82524
82525
82525
82543
82547
82563
82567
82570
82593
82596
82605
82619
82627
82648
82652
82652
82661
82664
82671
82678
82702
82702
82722
82749
82759
82771
82789
82795
82826
82832
82835
82835
82864
82866
82867
82877
82910
82918
82925
82927
82954
82958
82962
82970
82971
82973
82983
82987
83007
83015
83036
83053
83054
83060
83077
83077
83099
83104
83130
83133
83135
83148
83159
83168
83173
83179
83201
83206
83219
83230
83253
83254
83279
83282
83283
83283
83325
83339
83352
83355
83385
83386
83389
83394
83412
83417
83426
83427
83430
83449
83463
83468
83469
83470
83487
83494
83501
83504
83506
83523
83537
83538
83544
83548
83554
83556
83577
83583
83602
83624
83632
83649
83653
83661
83666
83669
83678
83685
83686
83687
83695
83696
83726
83729
83730
83744
83751
83761
83766
83767
83776
83783
83790
83805
83807
83811
83817
83843
83844
83856
83857
83864
83873
83874
83887
83893
83896
83907
83916
83917
83923
83927
83929
83940
83942
83960
83961
83962
83966
83967
83991
84019
84026
84037
84041
84043
84050
84052
84054
84061
84069
84082
84150
84156
84168
84179
84182
84186
84211
84218
84249
84266
84269
84270
84273
84276
84277
84286
84296
84296
84304
84327
84331
84370
84373
84374
84379
84395
84395
84399
84399
84421
84439
84448
84451
84458
84460
84468
84475
84477
84483
84488
84492
84506
84511
84513
84526
84529
84534
84534
84541
84566
84570
84581
84581
84582
84600
84603
84607
84619
84627
84660
84668
84686
84691
84716
84717
84719
84721
84730
84760
84794
84821
84829
84835
84858
84861
84874
84888
84899
84902
84903
84911
84948
84948
84959
84960
84985
84991
85004
85017
85035
85039
85051
85062
85069
85077
85082
85090
85098
85104
85106
85113
85116
85121
85124
85130
85140
85150
85169
85220
85227
85229
85240
85268
85279
85295
85300
85317
85317
85332
85348
85348
85350
85365
85370
85388
85401
85407
85410
85491
85499
85500
85502
85509
85510
85510
85510
85565
85580
85587
85590
85592
85594
85605
85625
85630
85634
85635
85652
85699
85713
85718
85723
85728
85767
85767
85782
85800
85806
85806
85809
85822
85825
85825
85832
85840
85858
85859
85867
85876
85887
85891
85905
85908
85917
85932
85951
85966
85968
85980
85991
85999
86003
86028
86044
86048
86049
86050
86053
86064
86076
86097
86099
86100
86120
86137
86140
86144
86154
86175
86181
86194
86200
86212
86212
86225
86225
86228
86247
86251
86269
86279
86297
86306
86308
86333
86357
86370
86373
86373
86380
86391
86406
86422
86424
86430
86451
86458
86465
86473
86473
86476
86487
86501
86506
86516
86521
86530
86539
86614
86661
86696
86713
86728
86758
86765
86766
86774
86793
86794
86802
86824
86829
86835
86839
86845
86851
86868
86878
86883
86893
86899
86928
86934
86934
86948
86948
86967
86968
86993
86995
87015
87028
87043
87044
87047
87049
87061
87062
87090
87092
87099
87110
87112
87147
87149
87150
87162
87166
87182
87189
87209
87226
87226
87230
87243
87244
87245
87266
87277
87282
87294
87309
87330
87334
87334
87372
87382
87390
87410
87414
87418
87420
87447
87470
87478
87488
87492
87500
87512
87529
87535
87553
87553
87558
87569
87576
87579
87592
87595
87601
87617
87622
87638
87653
87655
87673
87680
87695
87710
87714
87727
87729
87765
87767
87783
87790
87797
87808
87826
87843
87843
87846
87846
87854
87873
87876
87893
87895
87906
87909
87912
87925
87929
87937
87954
87963
88006
88010
88025
88031
88046
88047
88056
88056
88068
88080
88094
88097
88122
88133
88159
88167
88172
88183
88187
88191
88211
88216
88219
88236
88237
88257
88258
88271
88281
88305
88348
88376
88380
88388
88398
88400
88418
88419
88429
88433
88440
88442
88465
88486
88486
88496
88501
88502
88511
88529
88535
88537
88548
88559
88562
88562
88566
88570
88596
88600
88602
88608
88610
88612
88619
88627
88634
88634
88660
88676
88681
88727
88737
88741
88750
88750
88760
88763
88767
88786
88792
88799
88828
88831
88836
88840
88844
88846
88886
88892
88898
88907
88925
88940
88944
88946
88951
88961
88982
88989
88994
88997
89020
89033
89034
89046
89049
89065
89066
89066
89072
89097
89118
89118
89133
89140
89141
89162
89163
89163
89176
89179
89182
89183
89187
89201
89203
89205
89209
89212
89218
89220
89244
89245
89273
89275
89278
89281
89298
89305
89307
89312
89314
89336
89336
89367
89367
89393
89398
89401
89442
89449
89456
89457
89461
89476
89507
89520
89520
89528
89540
89551
89551
89581
89585
89594
89597
89610
89638
89647
89650
89670
89678
89686
89705
89716
89717
89729
89743
89743
89771
89774
89809
89832
89834
89846
89851
89863
89864
89873
89875
89900
89932
89939
89939
89969
89970
89977
89992
89994
5690
74218
98103
1856
55631
93622
15335
80847
98343
75368
51858
22482
71310
32215
65996
91841
35233
28972
92193
38132
45251
7212
7494
11591
96491
8098
12203
20230
23132
99914
83291
45174
74132
81394
63382
46116
75016
78717
26963
89712
70438
78821
12194
41748
27389
94542
33589
62622
23515
42134
17107
85118
49346
24601
13061
62189
49051
41616
82420
88535
41530
65711
50062
32014
63458
13444
78130
54826
92162
5093
44538
78952
267
73084
20700
44008
83979
70641
6630
23846
12775
40089
25316
78473
81042
38377
40662
30093
96345
39434
18629
54227
5146
68691
86241
84956
82135
80724
39782
90649
2169
84321
85953
2436
73757
6653
46444
57736
77294
69427
97934
6421
25868
23250
84894
6911
77979
25557
37004
74324
64991
71985
28551
86489
40676
31145
71445
39164
11869
27580
46165
30390
28253
32119
49179
2010
55124
95623
76099
32419
81402
74033
38840
23623
97284
40087
30534
75263
65644
83890
65940
46987
55876
10843
49829
96552
41988
37626
52068
70209
65206
98234
16952
93459
46705
66131
11822
1829
78106
87921
50600
75861
78306
5793
99484
75590
45880
30018
67206
27876
13908
33146
74863
69784
60341
24692
82689
2330
62319
51109
88891
27525
49343
5843
37337
12400
88326
49159
14230
66433
53432
81182
42294
31738
86975
41778
7329
49207
71796
90887
77083
2056
40385
51947
88193
726
92991
70882
19408
71662
21991
24652
99188
87687
46847
52877
16439
35174
2036
47021
1607
55468
28204
43901
87206
31531
2031
10887
80739
90179
18126
57822
92235
58511
26121
80428
75590
35465
67662
94998
7127
6006
19650
22667
10045
66498
75544
26484
18024
93932
73506
19631
65752
1710
79884
69311
33241
98267
80198
30332
88446
14677
4507
97033
89540
46980
93814
65130
82445
61476
60129
89573
83834
96131
28592
93879
78981
4137
20364
97005
14421
93870
16636
80174
95580
12872
49485
45173
11139
46035
91858
15937
60712
96365
12971
50253
59697
6785
15383
42143
84613
91864
48068
68448
87996
93012
62327
66977
97149
82691
63983
27923
76561
96971
8097
88493
26196
57582
50019
37335
19969
58229
53273
80682
70946
82596
47287
30643
89381
79022
72786
73994
70887
37206
42442
75235
30219
21122
58564
43720
3813
22547
71643
96727
35871
96092
1572
62067
70026
67943
15754
89996
26172
85379
70678
97118
67975
34317
27762
73708
13339
16900
64055
578
70459
22849
75813
678
43971
50730
60750
47785
73277
48746
60864
25500
44838
78788
87567
14865
46732
19674
4861
72904
5053
91891
86375
89381
42560
14137
63089
55899
47389
27144
72830
17848
49994
64995
34878
10317
15725
11981
74454
5355
60727
35318
30855
21917
14107
34775
36782
60839
54449
57995
50095
75854
66238
36470
81587
8798
66959
44677
81050
14349
88173
70232
48549
54519
35227
83428
64837
67305
95409
39291
72660
72488
90962
19867
94405
5069
54642
47540
82260
25443
21887
48707
17650
88126
1530
99237
13276
68489
60266
10678
99190
48440
80910
47740
19311
32490
31168
84148
99795
42929
39792
88807
15417
30754
8674
9822
52175
79669
57362
50787
5112
79250
99494
39114
83728
1024
38352
13356
85866
14970
24035
85056
63410
21297
32796
99074
70139
63964
99574
69934
23245
39366
75093
38662
86472
83768
48485
38647
63437
22199
89434
84901
17801
5281
24016
1529
6305
78720
31238
92171
93690
55273
77228
73453
92922
26376
88879
63062
6693
88453
49348
29938
27820
24442
68601
14292
24562
33438
69292
87999
55637
58726
89252
73439
64007
13268
91320
86665
8340
22558
95188
18383
94183
88768
8188
87106
15145
97067
66520
21838
85520
32220
51776
29692
56662
36729
60337
81224
70167
29629
85575
25805
4707
74828
15596
85067
4448
6916
88084
29141
45827
83272
47524
40010
72041
55712
43468
3538
69131
9988
25376
71003
42209
93504
696
15223
30234
77385
12800
401
23366
98375
42558
28073
73203
74506
29492
94004
81423
17576
23145
27250
17201
87021
83612
5594
42733
27081
9132
28216
37069
50860
99219
95630
60716
16267
10854
90950
93652
23654
7704
17018
38381
66614
61444
27937
41121
90936
21941
38896
24865
45086
82498
58418
32107
66110
64012
91192
93191
89496
35760
46613
56708
34979
42243
17424
67599
69449
24727
61251
9455
48783
94622
47837
31749
56066
75774
89222
63354
97715
28118
4571
59153
26968
62989
7612
93079
43353
15156
2622
49201
50916
49235
22261
2247
7831
56038
69846
77280
97117
47450
86736
62252
42072
34573
94001
98138
26699
83224
77844
40766
27694
98768
99919
71015
61757
23883
64094
21463
39039
83068
87016
6307
48656
9278
8554
56487
65316
78401
50119
62433
25851
36855
24685
84275
87780
35038
98765
14479
34614
76609
55245
78661
75377
71516
49676
53487
95399
30122
91302
50790
13190
78318
57097
61846
87596
65652
34685
69264
60405
84805
48049
2608
38012
89086
86883
25793
40477
85648
40272
75091
78609
11870
53752
70339
83386
3428
40178
95138
49902
31480
45928
63093
26150
3026
41291
30099
68678
92329
99363
45435
77134
63765
48043
15146
52851
51278
57291
93328
53278
13916
84772
31887
25786
54876
18578
25524
58305
58756
20662
24559
6588
66591
87652
32739
69617
45296
62838
54647
37625
78553
82
31111
42318
64477
62609
11522
32107
19901
4850
85385
33817
5974
33624
59603
60851
52203
1479
35508
27311
22142
60067
33900
88733
64072
66639
74702
25720
45829
29349
79697
24382
45783
10808
66701
26612
89769
78223
75071
9670
99425
60456
59839
21752
10432
35794
82603
78987
37274
18111
6299
59416
94530
56551
64501
58602
39542
39203
84322
85371
84904
80371
9753
47039
91179
92806
90003
80949
87381
65074
6971
3159
41882
66811
24911
52314
2605
7514
31302
56231
41977
53953
15647
36507
10504
80148
11462
50046
35703
12136
51769
36959
92508
77874
83998
39
70681
74001
97340
74414
55427
4312
77573
97309
87475
2484
49624
6432
26350
97278
62664
68327
51231
94663
21187
61735
91164
32649
28133
26867
61137
79902
63827
53645
57776
64177
70037
44809
54531
67377
19224
9958
71689
96797
7268
75516
99282
73244
81949
41984
70522
60965
10312
38105
55628
47851
16192
46792
96852
44325
90012
57989
40579
70191
27987
14707
34368
98024
59517
88899
65401
95093
15210
53443
91890
38830
28959
7524
12074
27260
49509
98948
4577
76173
53405
76558
24024
69597
39702
20876
30274
29714
95217
70853
99905
23204
