0
9
19
37
45
49
49
50
55
56
56
60
62
68
69
74
76
90
92
96
102
109
118
120
127
128
132
151
154
158
160
168
179
186
203
204
219
221
225
227
231
234
249
264
267
270
276
277
281
281
282
311
315
318
323
328
340
342
346
352
353
358
366
374
378
385
390
390
405
411
418
426
433
434
435
441
444
450
454
457
463
476
481
497
499
508
511
514
520
545
546
549
553
557
560
561
569
571
590
602
606
615
626
629
631
632
638
640
642
652
659
660
665
675
679
680
686
686
686
708
713
719
720
727
729
730
734
735
738
757
769
777
777
779
784
785
789
793
793
804
811
812
817
823
827
829
851
858
858
867
868
869
872
873
875
878
887
890
895
896
896
897
902
904
915
932
934
935
938
940
949
956
958
971
976
976
981
983
984
992
1027
1036
1049
1060
1063
1063
1066
1068
1069
1073
1084
1089
1093
1100
1107
1111
1119
1126
1138
1139
1141
1144
1179
1184
1184
1185
1191
1197
1200
1206
1207
1208
1210
1216
1216
1218
1227
1231
1234
1251
1273
1273
1278
1294
1297
1316
1318
1328
1342
1348
1355
1357
1358
1363
1367
1381
1386
1394
1396
1401
1401
1411
1412
1417
1421
1421
1422
1436
1441
1448
1479
1486
1487
1494
1495
1500
1517
1519
1523
1523
1531
1539
1558
1571
1572
1577
1581
1598
1607
1607
1615
1635
1643
1647
1649
1652
1652
1673
1678
1707
1710
1726
1732
1736
1741
1747
1751
1755
1760
1764
1766
1767
1779
1789
1791
1805
1805
1810
1812
1815
1829
1831
1837
1858
1863
1863
1866
1870
1872
1892
1896
1896
1911
1913
1922
1934
1937
1945
1947
1947
1955
1956
1959
1980
1980
1984
1986
1988
1993
1995
1998
1999
2005
2009
2014
2029
2032
2033
2035
2041
2050
2057
2060
2068
2073
2078
2078
2079
2082
2090
2108
2111
2117
2119
2121
2126
2133
2140
2157
2166
2168
2169
2171
2173
2175
2185
2191
2191
2195
2203
2207
2218
2227
2231
2232
2243
2246
2251
2257
2258
2269
2278
2291
2294
2299
2321
2324
2326
2330
2341
2344
2346
2353
2355
2361
2367
2368
2374
2384
2400
2401
2403
2403
2409
2411
2427
2439
2443
2448
2449
2463
2470
2470
2477
2482
2485
2502
2506
2506
2515
2515
2518
2519
2523
2535
2553
2563
2583
2589
2594
2601
2606
2606
2610
2611
2614
2614
2620
2620
2620
2622
2635
2635
2676
2682
2695
2721
2721
2723
2732
2756
2766
2772
2779
2794
2795
2801
2803
2806
2807
2808
2816
2816
2817
2837
2840
2843
2848
2849
2851
2864
2876
2879
2881
2898
2900
2905
2912
2923
2934
2938
2938
2939
2944
2944
2948
2949
2950
2965
2968
2971
2974
2975
2975
2978
2981
3001
3005
3014
3016
3043
3060
3078
3085
3089
3091
3095
3104
3115
3125
3128
3134
3135
3141
3151
3163
3164
3170
3189
3192
3204
3206
3208
3209
3210
3212
3226
3232
3236
3246
3247
3249
3265
3278
3282
3291
3294
3295
3311
3316
3317
3319
3327
3327
3332
3345
3346
3371
3375
3385
3388
3392
3393
3394
3396
3415
3423
3424
3424
3435
3436
3440
3455
3459
3460
3466
3469
3470
3471
3473
3480
3482
3485
3488
3492
3494
3494
3495
3513
3535
3549
3570
3578
3582
3584
3587
3593
3594
3594
3599
3604
3612
3618
3631
3632
3639
3646
3671
3682
3695
3698
3700
3703
3706
3721
3725
3729
3733
3737
3746
3754
3756
3757
3771
3789
3790
3796
3799
3813
3814
3838
3842
3863
3869
3880
3885
3886
3892
3892
3894
3896
3914
3925
3928
3932
3940
3974
3978
3988
3992
4002
4009
4010
4015
4026
4055
4055
4063
4071
4076
4078
4079
4080
4082
4087
4087
4101
4111
4122
4125
4126
4129
4129
4133
4134
4137
4140
4167
4173
4176
4182
4186
4188
4191
4212
4229
4231
4237
4237
4240
4241
4244
4247
4251
4253
4261
4262
4266
4277
4278
4282
4291
4295
4304
4321
4333
4334
4336
4337
4340
4365
4366
4371
4376
4378
4381
4391
4396
4398
4402
4406
4434
4439
4440
4441
4455
4457
4468
4470
4475
4488
4491
4491
4504
4513
4514
4517
4519
4526
4534
4536
4539
4555
4557
4557
4557
4560
4568
4570
4579
4582
4589
4592
4608
4616
4623
4634
4634
4637
4647
4650
4652
4653
4662
4666
4667
4671
4676
4682
4696
4701
4704
4707
4724
4729
4732
4732
4737
4740
4743
4746
4762
4762
4770
4778
4779
4782
4783
4786
4787
4791
4793
4804
4805
4806
4810
4815
4818
4825
4832
4836
4865
4872
4877
4879
4906
4936
4954
4959
4965
4967
4967
4972
4985
4998
5003
5015
5036
5043
5047
5047
5052
5061
5068
5081
5085
5086
5098
5100
5107
5113
5116
5141
5153
5156
5166
5169
5175
5176
5177
5181
5186
5189
5192
5209
5215
5219
5219
5228
5233
5253
5253
5254
5261
5263
5267
5269
5273
5288
5295
5306
5307
5310
5318
5320
5322
5324
5325
5328
5329
5352
5352
5357
5365
5368
5374
5375
5378
5392
5395
5412
5416
5426
5441
5446
5448
5463
5470
5485
5488
5489
5489
5496
5502
5514
5515
5521
5547
5551
5555
5555
5571
5574
5577
5584
5596
5598
5600
5602
5616
5627
5634
5635
5637
5640
5647
5670
5674
5683
5695
5699
5702
5708
5719
5730
5744
5747
5760
5777
5777
5786
5786
5788
5792
5801
5806
5811
5813
5816
5822
5827
5844
5853
5856
5859
5861
5861
5880
5883
5884
5890
5898
5908
5909
5914
5920
5926
5934
5938
5946
5951
5959
5965
5967
5968
5971
5982
5995
6001
6001
6006
6007
6008
6021
6026
6042
6043
6050
6066
6070
6074
6085
6092
6101
6107
6123
6139
6145
6165
6167
6187
6189
6190
6197
6199
6200
6210
6218
6222
6227
6228
6232
6235
6236
6239
6245
6248
6249
6260
6261
6265
6274
6274
6283
6291
6308
6312
6312
6317
6328
6329
6347
6363
6369
6378
6389
6396
6401
6403
6415
6422
6429
6434
6441
6446
6449
6451
6464
6500
6502
6517
6524
6531
6538
6541
6550
6556
6592
6593
6617
6619
6619
6620
6622
6625
6626
6632
6645
6653
6654
6670
6676
6684
6694
6694
6706
6725
6726
6736
6736
6736
6737
6749
6756
6756
6764
6767
6769
6775
6775
6776
6784
6788
6788
6806
6810
6825
6829
6829
6837
6841
6846
6846
6851
6853
6855
6862
6867
6868
6873
6881
6882
6892
6896
6907
6910
6911
6917
6918
6928
6937
6976
6976
7006
7015
7028
7030
7031
7032
7037
7050
7052
7060
7060
7061
7066
7079
7080
7085
7087
7090
7091
7094
7107
7112
7115
7115
7127
7137
7139
7151
7172
7173
7182
7185
7194
7195
7213
7223
7223
7227
7229
7233
7245
7247
7264
7268
7269
7304
7316
7334
7344
7360
7363
7371
7387
7395
7398
7399
7417
7422
7429
7438
7439
7458
7465
7466
7469
7472
7481
7505
7513
7523
7524
7534
7538
7539
7545
7549
7560
7564
7586
7587
7591
7593
7597
7613
7620
7624
7638
7639
7642
7651
7671
7673
7674
7691
7694
7697
7698
7698
7700
7710
7717
7718
7720
7722
7734
7738
7748
7757
7757
7765
7776
7778
7783
7798
7799
7808
7822
7832
7838
7848
7851
7857
7862
7865
7866
7878
7885
7889
7911
7924
7928
7932
7933
7943
7943
7944
7950
7976
8007
8016
8019
8032
8038
8047
8048
8050
8051
8059
8068
8070
8072
8079
8088
8091
8093
8096
8101
8119
8142
8145
8159
8159
8160
8162
8177
8196
8199
8200
8203
8211
8212
8212
8216
8221
8222
8228
8253
8255
8261
8261
8264
8264
8281
8283
8290
8290
8296
8296
8305
8313
8319
8323
8331
8357
8365
8371
8374
8374
8378
8378
8380
8381
8388
8389
8400
8402
8402
8405
8405
8415
8435
8460
8462
8466
8479
8480
8488
8490
8492
8509
8518
8538
8557
8571
8573
8576
8577
8577
8591
8595
8598
8601
8609
8612
8622
8633
8633
8639
8670
8672
8675
8678
8683
8685
8692
8693
8695
8707
8708
8713
8715
8718
8725
8733
8738
8746
8747
8768
8772
8772
8785
8794
8806
8812
8812
8821
8828
8833
8854
8865
8866
8867
8881
8883
8898
8904
8904
8922
8938
8942
8943
8968
8978
8996
9013
9013
9018
9022
9023
9028
9032
9045
9048
9051
9055
9061
9061
9065
9075
9076
9080
9094
9096
9097
9100
9102
9112
9120
9140
9142
9146
9154
9173
9175
9178
9185
9186
9187
9213
9218
9219
9220
9223
9232
9235
9254
9257
9259
9263
9272
9284
9287
9288
9293
9294
9296
9318
9321
9324
9325
9329
9337
9341
9347
9353
9355
9357
9365
9367
9371
9380
9381
9381
9384
9384
9388
9393
9416
9424
9439
9457
9464
9464
9467
9468
9476
9485
9488
9488
9494
9502
9504
9504
9504
9507
9509
9522
9533
9542
9545
9554
9560
9561
9573
9573
9573
9574
9578
9578
9579
9582
9582
9586
9586
9605
9609
9613
9614
9618
9621
9622
9628
9642
9657
9666
9671
9676
9683
9687
9713
9726
9729
9733
9735
9740
9747
9751
9751
9756
9757
9785
9788
9795
9804
9805
9816
9838
9838
9843
9844
9850
9851
9855
9856
9871
9874
9885
9888
9891
9895
9899
9903
9908
9913
9916
9919
9919
9921
9923
9935
9938
9944
9966
9978
9983
9984
9995
10002
10014
10018
10019
10022
10024
10024
10040
10042
10052
10061
10061
10064
10076
10090
10091
10093
10097
10114
10114
10119
10123
10130
10140
10145
10155
10157
10162
10162
10168
10177
10177
10194
10201
10201
10209
10210
10211
10223
10229
10235
10242
10244
10245
10246
10262
10288
10291
10305
10308
10312
10317
10322
10325
10333
10337
10340
10344
10345
10346
10348
10361
10377
10377
10379
10384
10386
10398
10398
10403
10405
10406
10419
10422
10436
10455
10458
10464
10465
10470
10473
10474
10478
10494
10497
10500
10502
10510
10517
10519
10532
10533
10540
10547
10548
10552
10558
10565
10566
10571
10571
10573
10577
10579
10579
10582
10582
10591
10595
10603
10610
10620
10636
10638
10655
10661
10665
10699
10700
10706
10707
10710
10711
10728
10729
10749
10768
10780
10780
10790
10793
10802
10805
10816
10820
10847
10849
10852
10860
10862
10875
10880
10884
10886
10892
10904
10907
10926
10931
10931
10938
10949
10956
10958
10966
10966
10966
10975
10982
10991
10998
11003
11005
11005
11015
11021
11029
11031
11039
11042
11044
11049
11051
11055
11058
11064
11066
11075
11080
11110
11113
11114
11114
11120
11125
11127
11128
11137
11139
11140
11144
11162
11162
11166
11172
11174
11179
11181
11190
11192
11207
11207
11221
11232
11234
11241
11242
11260
11271
11275
11278
11278
11283
11294
11300
11306
11308
11319
11324
11338
11354
11355
11359
11361
11367
11382
11383
11391
11404
11408
11416
11427
11437
11437
11442
11445
11451
11466
11467
11481
11486
11486
11497
11500
11520
11521
11523
11530
11535
11538
11545
11554
11558
11570
11589
11600
11605
11624
11635
11638
11638
11645
11658
11660
11662
11663
11682
11692
11696
11702
11721
11721
11727
11728
11733
11738
11741
11745
11745
11750
11751
11758
11759
11761
11783
11790
11804
11819
11822
11832
11832
11837
11843
11843
11860
11863
11867
11887
11891
11897
11898
11909
11912
11914
11918
11927
11930
11934
11937
11940
11940
11963
11965
11987
11990
11992
11992
11992
11993
12000
12013
12022
12061
12062
12076
12077
12112
12125
12126
12131
12135
12149
12151
12152
12152
12156
12182
12193
12198
12199
12201
12207
12214
12226
12244
12256
12258
12275
12276
12277
12283
12287
12301
12305
12305
12305
12310
12327
12328
12329
12334
12340
12343
12345
12359
12377
12388
12389
12390
12396
12407
12408
12419
12419
12422
12428
12429
12431
12433
12435
12443
12447
12457
12457
12458
12462
12466
12471
12479
12488
12493
12498
12503
12504
12508
12511
12514
12530
12534
12562
12569
12574
12580
12585
12589
12589
12591
12602
12605
12611
12623
12641
12645
12648
12653
12654
12665
12684
12685
12709
12718
12731
12768
12773
12777
12777
12784
12785
12798
12807
12810
12818
12821
12832
12864
12867
12879
12883
12889
12894
12906
12915
12924
12925
12933
12940
12943
12943
12948
12956
12959
12963
12963
12980
12994
13012
13016
13019
13021
13024
13035
13042
13049
13055
13056
13065
13072
13075
13076
13079
13079
13084
13086
13090
13099
13114
13117
13119
13120
13124
13149
13153
13160
13188
13191
13193
13195
13204
13242
13244
13245
13250
13256
13263
13274
13275
13278
13283
13284
13289
13294
13295
13309
13316
13329
13330
13331
13340
13341
13346
13348
13348
13348
13351
13358
13371
13373
13374
13379
13388
13389
13389
13391
13395
13403
13406
13412
13419
13420
13426
13435
13436
13438
13439
13440
13466
13470
13479
13482
13484
13495
13499
13505
13505
13511
13522
13529
13531
13532
13534
13534
13536
13538
13561
13563
13569
13580
13581
13581
13584
13590
13594
13595
13618
13623
13625
13633
13635
13651
13664
13673
13706
13714
13716
13721
13727
13734
13756
13756
13763
13780
13788
13789
13793
13798
13802
13809
13810
13816
13818
13820
13821
13822
13822
13823
13829
13832
13838
13839
13858
13858
13859
13869
13887
13901
13904
13905
13922
13925
13929
13939
13940
13949
13952
13963
13984
13985
13987
13987
13987
13988
14000
14002
14009
14029
14029
14035
14044
14044
14048
14052
14058
14066
14070
14072
14075
14076
14078
14082
14099
14113
14122
14126
14129
14139
14140
14145
14146
14151
14158
14160
14161
14178
14182
14214
14217
14217
14233
14246
14249
14261
14270
14280
14280
14291
14302
14305
14306
14308
14310
14310
14326
14327
14332
14339
14349
14351
14364
14367
14379
14382
14392
14396
14408
14413
14422
14426
14433
14444
14454
14462
14463
14470
14473
14473
14498
14501
14509
14519
14522
14534
14535
14536
14541
14543
14544
14552
14570
14575
14577
14588
14611
14614
14617
14623
14625
14630
14637
14638
14639
14642
14645
14657
14659
14661
14670
14678
14683
14683
14684
14684
14692
14693
14700
14701
14706
14710
14719
14735
14738
14742
14744
14764
14773
14774
14791
14810
14818
14818
14826
14828
14835
14839
14845
14847
14867
14874
14878
14880
14908
14922
14922
14930
14939
14941
14943
14952
14962
14963
14974
14976
14989
14990
14996
15000
15004
15005
15008
15020
15032
15051
15059
15062
15067
15072
15072
15073
15080
15084
15089
15095
15109
15117
15121
15123
15136
15136
15139
15143
15144
15152
15155
15160
15161
15166
15173
15192
15212
15216
15221
15235
15243
15247
15286
15298
15304
15311
15323
15327
15330
15340
15340
15344
15350
15350
15394
15401
15410
15413
15420
15422
15423
15427
15429
15440
15442
15446
15471
15482
15509
15510
15514
15514
15517
15527
15529
15539
15557
15560
15566
15567
15570
15571
15572
15579
15583
15593
15594
15601
15606
15606
15607
15616
15616
15616
15618
15623
15634
15636
15636
15640
15647
15655
15657
15680
15685
15685
15692
15693
15695
15697
15698
15713
15715
15716
15719
15727
15729
15734
15747
15748
15748
15755
15771
15773
15779
15782
15784
15788
15795
15796
15800
15805
15807
15817
15833
15839
15840
15842
15850
15869
15870
15876
15876
15913
15916
15920
15931
15939
15951
15954
15960
15961
15962
15976
15980
15983
15987
15988
15990
15998
15999
16002
16005
16013
16018
16020
16020
16022
16029
16037
16040
16042
16050
16056
16060
16065
16069
16071
16076
16093
16098
16100
16102
16104
16108
16113
16134
16135
16139
16146
16152
16154
16157
16161
16168
16169
16187
16194
16197
16197
16214
16239
16255
16266
16282
16282
16318
16330
16347
16356
16356
16361
16365
16368
16377
16382
16391
16395
16396
16414
16420
16422
16422
16432
16449
16456
16460
16476
16480
16480
16488
16497
16498
16498
16510
16516
16518
16519
16519
16520
16522
16523
16528
16530
16541
16573
16582
16582
16591
16593
16599
16601
16606
16606
16612
16620
16621
16622
16631
16634
16644
16661
16663
16681
16681
16682
16696
16698
16705
16726
16731
16738
16752
16757
16781
16784
16785
16806
16817
16822
16829
16831
16842
16852
16859
16878
16888
16892
16895
16911
16914
16916
16931
16933
16948
16951
16952
16956
16969
16979
16982
16985
16994
16995
17002
17011
17015
17021
17021
17026
17030
17030
17030
17042
17043
17048
17055
17059
17060
17061
17073
17073
17081
17092
17096
17097
17102
17106
17118
17137
17145
17155
17159
17163
17171
17194
17201
17227
17228
17237
17248
17250
17254
17263
17275
17285
17287
17287
17295
17304
17318
17330
17331
17338
17343
17348
17349
17351
17352
17358
17364
17369
17372
17381
17382
17392
17396
17406
17408
17410
17415
17415
17416
17424
17429
17439
17453
17465
17477
17490
17490
17490
17491
17499
17502
17504
17508
17511
17523
17529
17542
17546
17552
17555
17562
17572
17589
17602
17610
17617
17623
17626
17659
17660
17668
17683
17696
17703
17719
17727
17728
17729
17730
17733
17752
17753
17777
17785
17787
17788
17793
17805
17813
17834
17849
17851
17857
17861
17864
17871
17875
17876
17878
17895
17895
17897
17900
17901
17907
17921
17927
17942
17944
17945
17947
17949
17951
17952
17964
17968
17982
17990
17994
17995
18002
18002
18007
18010
18020
18020
18039
18052
18055
18062
18065
18069
18078
18087
18093
18094
18097
18104
18124
18133
18143
18166
18180
18182
18198
18199
18232
18240
18255
18259
18263
18289
18300
18302
18302
18303
18306
18320
18332
18355
18358
18364
18369
18370
18373
18383
18397
18405
18408
18411
18412
18429
18436
18440
18443
18446
18454
18457
18461
18463
18465
18471
18471
18473
18474
18479
18492
18504
18504
18506
18512
18522
18528
18532
18544
18548
18554
18556
18588
18591
18595
18597
18598
18609
18611
18621
18626
18628
18635
18643
18651
18652
18653
18654
18669
18672
18674
18681
18685
18692
18700
18706
18711
18712
18719
18720
18724
18733
18733
18737
18748
18751
18769
18778
18779
18782
18792
18808
18814
18819
18825
18837
18838
18867
18867
18869
18875
18878
18885
18892
18898
18903
18910
18940
18946
18960
18965
18969
18976
18979
18981
18985
19006
19006
19017
19017
19021
19024
19032
19045
19046
19051
19055
19057
19058
19064
19065
19072
19080
19083
19086
19092
19102
19124
19132
19139
19140
19161
19167
19195
19198
19199
19217
19240
19241
19247
19259
19262
19276
19277
19282
19282
19288
19290
19293
19303
19323
19330
19333
19336
19336
19352
19355
19358
19359
19384
19415
19421
19422
19423
19429
19440
19473
19474
19486
19487
19488
19499
19508
19511
19516
19522
19524
19530
19533
19539
19543
19561
19578
19593
19601
19601
19616
19625
19627
19637
19638
19638
19642
19660
19662
19667
19687
19694
19695
19699
19701
19703
19707
19719
19722
19738
19740
19751
19754
19754
19757
19758
19764
19786
19797
19802
19819
19827
19836
19845
19849
19854
19865
19872
19872
19874
19875
19887
19893
19896
19907
19912
19916
19920
19925
19927
19934
19937
19940
19946
19983
19986
19990
19991
19993
19998
19999
20000
20014
20022
20023
20040
20056
20067
20070
20071
20076
20079
20085
20086
20100
20106
20125
20128
20131
20137
20153
20161
20168
20169
20170
20191
20194
20196
20212
20213
20218
20230
20256
20260
20263
20273
20277
20286
20295
20301
20303
20316
20325
20328
20340
20342
20353
20360
20363
20393
20393
20397
20406
20409
20411
20426
20441
20458
20458
20481
20483
20485
20498
20500
20508
20508
20520
20529
20531
20537
20537
20539
20540
20541
20542
20548
20549
20578
20579
20586
20588
20589
20593
20595
20606
20607
20609
20613
20621
20628
20636
20648
20665
20669
20677
20688
20694
20701
20702
20712
20713
20719
20726
20727
20729
20733
20742
20745
20747
20749
20754
20756
20764
20772
20776
20790
20792
20792
20797
20801
20809
20811
20815
20826
20829
20836
20838
20841
20849
20850
20854
20858
20867
20886
20891
20916
20925
20926
20929
20933
20942
20952
20952
20960
20960
20961
20961
20963
20970
20971
20973
20975
20994
21000
21007
21013
21021
21042
21050
21070
21078
21082
21082
21086
21094
21095
21096
21099
21108
21116
21126
21137
21151
21158
21160
21196
21198
21201
21208
21211
21220
21221
21223
21229
21253
21254
21257
21264
21273
21274
21279
21279
21292
21303
21319
21326
21331
21346
21352
21353
21356
21370
21386
21386
21393
21394
21394
21397
21412
21415
21416
21421
21422
21430
21434
21435
21436
21441
21455
21462
21468
21471
21490
21491
21503
21513
21513
21517
21540
21542
21544
21547
21548
21557
21565
21578
21579
21584
21588
21593
21601
21616
21621
21621
21640
21640
21641
21651
21656
21658
21659
21660
21661
21664
21665
21669
21678
21680
21688
21690
21691
21693
21694
21694
21695
21728
21732
21737
21740
21741
21750
21758
21777
21783
21786
21793
21795
21810
21823
21843
21858
21868
21869
21869
21874
21878
21880
21881
21885
21896
21907
21910
21915
21917
21926
21941
21944
21958
21959
21975
21979
22001
22006
22007
22011
22013
22014
22022
22057
22064
22066
22069
22071
22075
22081
22112
22114
22115
22116
22131
22138
22185
22199
22226
22237
22238
22239
22240
22246
22251
22254
22254
22270
22271
22274
22274
22275
22276
22279
22290
22295
22297
22324
22331
22335
22336
22342
22346
22349
22351
22355
22356
22358
22371
22382
22387
22395
22404
22432
22439
22444
22449
22450
22459
22464
22473
22477
22490
22494
22531
22538
22553
22559
22563
22567
22573
22584
22586
22589
22594
22594
22603
22609
22610
22619
22622
22624
22634
22637
22637
22640
22640
22642
22650
22656
22658
22659
22665
22681
22682
22694
22698
22701
22704
22705
22708
22712
22717
22717
22725
22727
22741
22755
22763
22764
22767
22767
22768
22771
22772
22782
22782
22798
22811
22812
22830
22837
22853
22857
22866
22868
22873
22874
22886
22889
22889
22897
22898
22906
22915
22922
22931
22939
22939
22941
22949
22957
22959
22962
22962
22966
22979
22979
22983
23004
23026
23031
23040
23044
23055
23073
23078
23100
23100
23104
23105
23107
23109
23114
23122
23126
23126
23143
23159
23162
23165
23170
23171
23171
23181
23208
23210
23210
23215
23225
23247
23257
23257
23262
23266
23271
23277
23279
23280
23282
23283
23284
23291
23293
23299
23304
23318
23318
23336
23338
23354
23364
23374
23386
23388
23433
23443
23445
23452
23463
23472
23474
23489
23499
23501
23505
23513
23516
23525
23525
23539
23544
23562
23563
23567
23581
23603
23606
23608
23612
23617
23619
23627
23628
23628
23633
23637
23639
23644
23647
23647
23653
23654
23674
23675
23676
23696
23699
23699
23705
23707
23713
23719
23721
23725
23728
23732
23764
23764
23764
23765
23766
23771
23780
23783
23790
23804
23820
23826
23826
23833
23835
23838
23847
23854
23867
23876
23889
23895
23903
23910
23911
23928
23929
23931
23934
23935
23954
23964
23984
23990
23998
24002
24005
24013
24014
24015
24019
24030
24034
24039
24064
24066
24069
24086
24116
24119
24127
24135
24138
24141
24146
24156
24157
24161
24183
24194
24217
24237
24237
24242
24243
24244
24258
24259
24266
24276
24295
24308
24334
24348
24352
24356
24372
24374
24376
24385
24400
24400
24403
24404
24406
24409
24410
24421
24433
24443
24451
24460
24461
24466
24468
24471
24472
24480
24490
24503
24503
24515
24534
24542
24550
24553
24553
24567
24569
24570
24574
24581
24584
24590
24590
24591
24595
24597
24600
24604
24608
24615
24617
24621
24657
24658
24678
24679
24681
24700
24702
24703
24707
24707
24709
24712
24715
24720
24724
24727
24733
24736
24736
24740
24752
24755
24763
24767
24784
24787
24792
24797
24809
24810
24829
24832
24837
24865
24867
24873
24881
24888
24892
24893
24893
24902
24903
24904
24925
24931
24933
24934
24938
24940
24945
24945
24959
24980
25001
25022
25026
25028
25047
25059
25091
25115
25126
25180
25181
25187
25190
25201
25205
25206
25217
25231
25232
25233
25243
25255
25259
25266
25266
25269
25284
25288
25288
25304
25304
25304
25309
25322
25333
25341
25346
25353
25368
25376
25378
25383
25386
25397
25419
25433
25434
25439
25441
25450
25456
25457
25479
25486
25487
25489
25504
25507
25515
25518
25518
25524
25529
25549
25549
25551
25551
25566
25576
25582
25583
25588
25591
25592
25602
25611
25616
25619
25623
25625
25633
25637
25641
25649
25654
25657
25661
25667
25668
25672
25679
25681
25698
25705
25705
25713
25739
25747
25747
25754
25756
25760
25772
25773
25785
25786
25787
25790
25799
25801
25803
25804
25809
25819
25821
25825
25862
25864
25886
25896
25913
25918
25930
25930
25932
25954
25959
25978
25979
25989
25994
25994
26018
26040
26042
26052
26056
26066
26071
26086
26108
26112
26114
26114
26116
26121
26122
26122
26132
26136
26136
26143
26146
26152
26157
26160
26162
26170
26176
26182
26185
26187
26200
26230
26231
26249
26250
26260
26261
26263
26271
26303
26310
26313
26317
26320
26323
26323
26329
26330
26331
26335
26336
26350
26351
26356
26361
26362
26372
26376
26379
26380
26388
26404
26407
26410
26425
26426
26428
26429
26431
26434
26464
26472
26484
26486
26499
26502
26514
26514
26516
26521
26529
26541
26550
26561
26563
26572
26582
26589
26597
26597
26598
26600
26608
26617
26630
26633
26638
26643
26646
26651
26660
26662
26662
26666
26667
26673
26679
26683
26687
26692
26696
26699
26708
26717
26719
26725
26725
26732
26732
26750
26756
26757
26761
26763
26777
26779
26785
26812
26824
26826
26842
26843
26844
26844
26857
26860
26863
26872
26891
26894
26896
26903
26909
26913
26916
26917
26935
26935
26960
26962
26969
26969
26970
26979
26980
26987
27002
27014
27023
27024
27036
27042
27048
27050
27051
27056
27079
27088
27091
27095
27098
27105
27117
27118
27125
27126
27153
27158
27174
27178
27185
27188
27194
27194
27201
27214
27219
27235
27256
27259
27260
27267
27280
27281
27282
27289
27300
27304
27305
27309
27309
27323
27340
27352
27355
27363
27371
27372
27377
27379
27381
27387
27397
27404
27407
27416
27420
27427
27431
27434
27441
27445
27447
27448
27452
27458
27459
27465
27467
27469
27472
27476
27478
27479
27497
27502
27510
27513
27513
27524
27533
27535
27535
27539
27547
27552
27553
27558
27564
27595
27598
27619
27630
27637
27640
27641
27650
27654
27654
27657
27663
27668
27672
27675
27677
27694
27699
27700
27702
27711
27714
27715
27733
27752
27761
27772
27778
27785
27787
27788
27789
27789
27797
27803
27811
27817
27824
27831
27832
27833
27837
27840
27841
27843
27844
27864
27874
27876
27882
27884
27893
27898
27900
27905
27906
27917
27918
27921
27930
27932
27933
27945
27946
27946
27953
27959
27970
27993
27993
28004
28005
28034
28035
28037
28045
28048
28048
28049
28065
28082
28099
28116
28118
28121
28123
28130
28133
28134
28140
28142
28142
28151
28152
28164
28166
28176
28178
28180
28182
28185
28192
28198
28203
28207
28216
28225
28236
28245
28248
28258
28277
28278
28280
28285
28297
28300
28306
28310
28311
28314
28315
28316
28317
28331
28346
28349
28354
28356
28362
28367
28368
28370
28374
28376
28377
28381
28382
28384
28397
28398
28399
28405
28414
28420
28423
28427
28453
28454
28468
28470
28477
28482
28485
28485
28489
28493
28504
28514
28516
28531
28540
28550
28564
28566
28570
28577
28592
28600
28610
28610
28611
28615
28616
28626
28632
28635
28637
28642
28646
28646
28673
28675
28707
28730
28738
28743
28749
28758
28771
28772
28778
28788
28792
28793
28797
28799
28815
28815
28836
28844
28851
28866
28868
28868
28873
28874
28887
28893
28899
28902
28914
28917
28924
28938
28945
28954
28964
28967
28969
28974
28996
29006
29007
29009
29012
29013
29015
29020
29023
29030
29031
29032
29038
29047
29052
29067
29068
29074
29098
29103
29103
29112
29116
29127
29135
29137
29138
29139
29150
29153
29169
29171
29181
29188
29191
29193
29213
29216
29221
29221
29244
29259
29259
29267
29271
29281
29297
29297
29297
29298
29312
29327
29335
29349
29352
29359
29370
29374
29376
29378
29379
29384
29384
29386
29388
29390
29414
29421
29432
29447
29450
29452
29476
29491
29502
29505
29510
29512
29517
29543
29547
29557
29559
29566
29572
29577
29581
29581
29581
29590
29596
29597
29602
29604
29609
29614
29627
29628
29628
29628
29635
29636
29637
29638
29640
29659
29660
29663
29672
29672
29680
29681
29681
29681
29688
29698
29703
29708
29710
29717
29718
29723
29728
29729
29739
29744
29745
29757
29771
29779
29784
29791
29797
29811
29815
29822
29837
29855
29863
29864
29885
29895
29903
29904
29918
29932
29933
29940
29941
29947
29949
29958
29964
29968
29973
29989
29993
29996
30008
30008
30009
30016
30022
30034
30050
30069
30070
30071
30075
30075
30080
30094
30097
30099
30109
30135
30141
30142
30185
30196
30216
30223
30231
30247
30247
30251
30268
30273
30274
30282
30283
30286
30298
30306
30311
30319
30331
30334
30336
30348
30349
30356
30360
30377
30380
30398
30399
30399
30399
30402
30428
30429
30431
30454
30462
30467
30472
30476
30478
30482
30486
30488
30490
30497
30499
30504
30505
30512
30518
30522
30523
30531
30532
30540
30561
30582
30591
30593
30602
30607
30614
30616
30621
30622
30627
30640
30653
30662
30670
30688
30692
30698
30703
30717
30724
30731
30732
30758
30762
30765
30773
30785
30801
30809
30810
30817
30821
30821
30835
30848
30852
30852
30854
30861
30869
30872
30875
30876
30878
30879
30901
30907
30907
30918
30936
30943
30944
30952
30955
30956
30957
30967
30968
30986
30986
31000
31004
31020
31027
31041
31050
31051
31065
31072
31076
31080
31089
31105
31108
31113
31117
31122
31127
31131
31159
31163
31166
31169
31189
31211
31217
31221
31227
31230
31239
31240
31249
31252
31255
31255
31258
31259
31271
31279
31287
31294
31295
31296
31297
31298
31301
31321
31321
31327
31335
31344
31348
31354
31360
31374
31385
31385
31387
31392
31393
31395
31396
31397
31402
31409
31412
31414
31437
31442
31446
31450
31459
31501
31503
31511
31517
31532
31555
31570
31572
31574
31591
31592
31601
31612
31616
31622
31623
31624
31635
31648
31654
31658
31661
31663
31670
31685
31694
31709
31710
31711
31723
31735
31741
31751
31756
31773
31781
31788
31790
31799
31808
31816
31821
31822
31835
31837
31841
31857
31871
31890
31892
31894
31897
31898
31911
31927
31930
31931
31934
31938
31942
31944
31950
31951
31951
31952
31969
31974
31997
32001
32005
32015
32019
32023
32023
32035
32038
32055
32057
32061
32066
32071
32075
32083
32083
32096
32097
32103
32112
32114
32126
32128
32146
32162
32169
32177
32194
32201
32205
32208
32210
32224
32228
32229
32234
32238
32240
32243
32244
32258
32259
32269
32294
32298
32305
32333
32334
32334
32340
32342
32344
32352
32359
32373
32380
32397
32397
32404
32406
32406
32416
32417
32419
32455
32468
32476
32484
32489
32497
32499
32502
32515
32534
32535
32557
32563
32577
32577
32583
32587
32596
32601
32601
32624
32646
32647
32651
32660
32662
32665
32673
32674
32677
32694
32694
32707
32709
32709
32723
32739
32742
32742
32763
32764
32772
32772
32787
32787
32787
32789
32791
32808
32812
32818
32834
32838
32840
32841
32851
32874
32885
32885
32893
32896
32897
32904
32905
32915
32915
32924
32925
32929
32953
32964
32982
32987
32990
33001
33002
33012
33023
33026
33032
33037
33046
33051
33054
33060
33061
33069
33100
33111
33113
33146
33149
33153
33158
33160
33162
33165
33167
33172
33176
33178
33179
33184
33186
33192
33204
33212
33218
33237
33245
33246
33252
33273
33279
33285
33320
33322
33323
33341
33346
33364
33374
33380
33386
33390
33392
33407
33412
33425
33426
33430
33434
33435
33443
33449
33452
33455
33467
33467
33471
33472
33477
33481
33482
33482
33487
33487
33493
33539
33544
33546
33546
33557
33560
33566
33578
33580
33600
33604
33609
33626
33631
33654
33683
33687
33692
33698
33717
33726
33731
33735
33746
33759
33768
33786
33799
33807
33808
33817
33817
33819
33831
33834
33835
33839
33841
33841
33846
33854
33863
33870
33874
33883
33893
33913
33914
33925
33930
33937
33941
33949
33977
33982
34017
34028
34032
34033
34044
34062
34068
34077
34078
34085
34086
34094
34094
34097
34103
34121
34122
34125
34130
34140
34143
34149
34155
34176
34180
34191
34193
34194
34197
34198
34198
34207
34207
34214
34217
34219
34236
34237
34242
34249
34249
34263
34291
34291
34294
34301
34305
34306
34318
34319
34321
34332
34360
34363
34381
34382
34385
34392
34400
34402
34405
34414
34422
34432
34447
34464
34466
34472
34480
34496
34497
34500
34516
34532
34541
34547
34554
34555
34565
34572
34585
34589
34595
34606
34609
34618
34627
34640
34653
34657
34662
34668
34668
34673
34693
34693
34708
34711
34713
34714
34718
34723
34723
34732
34740
34746
34751
34753
34758
34759
34772
34780
34781
34782
34797
34798
34812
34815
34816
34820
34820
34822
34829
34841
34848
34853
34858
34859
34875
34877
34883
34884
34893
34900
34921
34922
34928
34944
34965
34972
34981
34986
34990
34992
35008
35015
35015
35020
35025
35043
35044
35051
35060
35068
35074
35083
35126
35141
35154
35166
35172
35179
35186
35187
35196
35197
35205
35206
35212
35217
35219
35222
35226
35227
35228
35241
35241
35247
35267
35274
35277
35295
35307
35319
35323
35326
35338
35342
35346
35351
35354
35356
35362
35382
35388
35412
35414
35427
35438
35455
35474
35478
35480
35482
35499
35516
35518
35520
35530
35549
35553
35556
35560
35565
35566
35567
35572
35591
35592
35597
35607
35607
35608
35658
35662
35662
35664
35677
35679
35689
35693
35694
35696
35712
35726
35747
35759
35767
35771
35792
35801
35814
35819
35825
35848
35856
35860
35862
35872
35873
35879
35890
35891
35892
35899
35907
35912
35915
35917
35917
35926
35930
35935
35936
35937
35966
35968
35971
35977
35988
35994
35995
35998
36010
36012
36017
36020
36026
36035
36040
36053
36065
36067
36079
36089
36090
36092
36092
36097
36111
36114
36125
36131
36134
36141
36145
36148
36148
36155
36164
36167
36169
36173
36175
36182
36187
36189
36191
36191
36196
36196
36198
36202
36250
36252
36256
36262
36265
36272
36277
36280
36281
36303
36303
36307
36318
36331
36333
36337
36342
36345
36345
36350
36357
36359
36366
36376
36381
36386
36395
36404
36404
36416
36417
36425
36436
36436
36437
36444
36455
36457
36480
36496
36508
36511
36549
36553
36554
36554
36559
36559
36562
36563
36567
36567
36569
36571
36584
36585
36590
36604
36610
36611
36619
36623
36624
36626
36642
36655
36660
36662
36663
36684
36719
36720
36723
36728
36730
36739
36742
36744
36746
36766
36768
36770
36785
36787
36802
36814
36817
36824
36826
36832
36837
36840
36846
36849
36850
36857
36860
36866
36872
36873
36885
36890
36901
36909
36915
36916
36916
36927
36941
36942
36943
36944
36949
36954
36969
36973
36974
36983
36988
37000
37009
37021
37022
37023
37070
37078
37084
37090
37093
37099
37100
37105
37107
37116
37118
37124
37128
37138
37143
37144
37150
37156
37168
37172
37178
37180
37183
37191
37197
37197
37199
37203
37206
37208
37210
37210
37211
37232
37232
37244
37252
37253
37256
37276
37281
37291
37301
37308
37310
37314
37315
37325
37327
37331
37334
37336
37344
37349
37351
37366
37372
37383
37385
37393
37394
37397
37399
37399
37401
37413
37415
37417
37417
37420
37424
37424
37430
37437
37438
37445
37464
37484
37485
37485
37486
37493
37495
37502
37524
37556
37562
37577
37587
37597
37618
37619
37624
37630
37633
37645
37654
37671
37673
37679
37683
37689
37701
37701
37701
37708
37717
37733
37744
37747
37754
37757
37763
37773
37798
37800
37808
37818
37824
37827
37830
37830
37850
37854
37855
37861
37887
37888
37910
37912
37922
37926
37930
37938
37942
37944
37944
37956
37957
37962
37984
37986
37992
37994
38005
38006
38024
38036
38041
38050
38052
38058
38060
38060
38066
38067
38068
38074
38080
38084
38084
38090
38108
38111
38117
38122
38132
38145
38151
38155
38165
38188
38196
38200
38207
38213
38218
38227
38242
38246
38248
38254
38258
38264
38269
38274
38276
38277
38282
38285
38287
38294
38299
38314
38326
38346
38368
38376
38381
38386
38403
38409
38421
38438
38456
38458
38463
38465
38469
38470
38472
38474
38494
38498
38507
38508
38510
38510
38517
38517
38520
38525
38535
38539
38542
38550
38551
38551
38556
38592
38594
38611
38621
38621
38627
38628
38637
38641
38656
38657
38662
38670
38675
38686
38688
38691
38700
38701
38703
38709
38723
38723
38724
38727
38731
38731
38731
38735
38736
38740
38743
38744
38745
38747
38783
38787
38798
38803
38808
38815
38821
38823
38831
38831
38835
38838
38842
38843
38853
38859
38865
38865
38873
38876
38881
38881
38892
38896
38903
38906
38914
38929
38930
38938
38943
38944
38946
38946
38955
38957
38957
38963
38963
38970
38985
38986
38997
39017
39018
39038
39057
39068
39071
39080
39081
39094
39110
39112
39116
39121
39133
39138
39146
39153
39157
39158
39159
39181
39182
39183
39185
39189
39194
39194
39200
39203
39204
39204
39224
39243
39249
39250
39264
39268
39276
39296
39298
39307
39312
39319
39320
39331
39331
39338
39339
39342
39350
39355
39358
39368
39373
39373
39378
39380
39387
39395
39399
39401
39401
39401
39403
39418
39467
39478
39484
39493
39497
39501
39507
39510
39515
39521
39529
39534
39541
39543
39555
39557
39564
39564
39567
39569
39582
39586
39587
39592
39593
39597
39601
39606
39617
39651
39656
39660
39672
39674
39703
39705
39708
39716
39723
39730
39735
39740
39742
39749
39750
39763
39763
39768
39778
39778
39805
39813
39818
39830
39831
39838
39849
39876
39879
39889
39893
39894
39897
39898
39905
39909
39923
39928
39929
39932
39932
39952
39962
39966
39969
39976
39985
39988
39993
39995
40004
40016
40019
40021
40036
40058
40060
40082
40091
40093
40115
40118
40121
40125
40131
40136
40149
40151
40152
40158
40173
40183
40188
40191
40193
40198
40200
40206
40220
40231
40231
40233
40237
40249
40250
40267
40274
40276
40276
40278
40301
40302
40310
40315
40321
40326
40330
40337
40342
40346
40349
40359
40364
40365
40367
40368
40369
40375
40383
40384
40390
40391
40408
40410
40414
40418
40420
40429
40435
40469
40469
40490
40497
40504
40509
40509
40523
40528
40532
40537
40540
40545
40548
40550
40558
40561
40565
40566
40569
40585
40587
40593
40594
40608
40611
40626
40630
40637
40642
40646
40651
40655
40662
40676
40679
40692
40699
40704
40717
40722
40729
40729
40736
40744
40746
40756
40757
40769
40779
40780
40783
40799
40815
40818
40824
40844
40845
40847
40853
40856
40868
40875
40883
40891
40911
40912
40914
40915
40915
40919
40927
40928
40938
40941
40974
40982
40986
40991
41008
41012
41013
41022
41024
41029
41039
41046
41050
41053
41063
41072
41078
41079
41100
41119
41120
41122
41125
41131
41134
41135
41145
41146
41148
41148
41169
41189
41193
41213
41221
41225
41231
41233
41256
41256
41259
41263
41264
41266
41268
41270
41278
41285
41285
41297
41302
41305
41311
41326
41349
41351
41356
41358
41367
41382
41384
41386
41391
41399
41408
41417
41425
41428
41432
41438
41452
41459
41479
41487
41491
41494
41496
41498
41502
41503
41507
41527
41528
41529
41530
41537
41544
41546
41549
41550
41556
41575
41575
41576
41578
41591
41610
41624
41635
41636
41662
41677
41701
41703
41706
41710
41714
41718
41721
41733
41734
41739
41742
41743
41744
41748
41784
41790
41792
41800
41806
41820
41821
41826
41826
41829
41829
41833
41841
41842
41871
41876
41883
41886
41891
41892
41895
41896
41896
41900
41920
41922
41941
41950
41956
41957
41959
41966
41973
41973
41973
41975
41975
42003
42011
42015
42023
42029
42032
42038
42052
42064
42070
42090
42095
42108
42124
42135
42149
42158
42167
42167
42168
42175
42177
42205
42246
42257
42261
42262
42265
42266
42268
42273
42289
42299
42305
42309
42315
42325
42326
42330
42355
42365
42374
42381
42381
42386
42394
42405
42408
42413
42417
42423
42431
42434
42449
42454
42460
42466
42473
42474
42475
42482
42484
42486
42494
42503
42508
42517
42518
42531
42538
42539
42544
42548
42555
42561
42568
42571
42573
42582
42599
42604
42606
42610
42623
42627
42636
42637
42642
42662
42665
42668
42673
42675
42676
42681
42682
42683
42683
42691
42694
42704
42710
42717
42727
42737
42750
42759
42778
42778
42780
42781
42788
42793
42797
42798
42799
42815
42816
42816
42818
42828
42833
42835
42838
42841
42842
42844
42848
42855
42861
42877
42895
42897
42899
42902
42907
42916
42925
42929
42934
42934
42944
42944
42948
42950
42967
42971
42976
42998
43012
43012
43021
43028
43030
43038
43041
43058
43086
43118
43120
43122
43127
43129
43134
43137
43160
43160
43162
43169
43184
43185
43185
43190
43196
43206
43208
43209
43212
43234
43235
43237
43266
43281
43281
43287
43293
43296
43297
43298
43300
43301
43326
43328
43334
43339
43350
43355
43355
43361
43362
43371
43381
43390
43394
43408
43425
43428
43429
43435
43436
43476
43482
43505
43517
43530
43534
43540
43543
43550
43550
43568
43571
43573
43578
43579
43581
43583
43596
43599
43606
43615
43625
43647
43654
43656
43660
43689
43690
43698
43699
43707
43714
43718
43728
43729
43731
43747
43754
43761
43762
43762
43764
43783
43783
43796
43796
43806
43811
43813
43820
43822
43827
43833
43843
43850
43860
43861
43863
43865
43865
43872
43887
43900
43921
43934
43946
43948
43953
43953
43954
43972
43976
43978
43982
43991
44011
44013
44032
44062
44065
44067
44074
44088
44088
44106
44106
44107
44108
44114
44120
44121
44124
44126
44126
44127
44132
44146
44147
44150
44163
44179
44190
44191
44195
44224
44224
44230
44231
44259
44260
44285
44295
44300
44308
44309
44318
44326
44328
44352
44353
44353
44355
44363
44368
44373
44376
44392
44396
44397
44401
44406
44408
44420
44423
44440
44446
44455
44455
44470
44481
44482
44507
44507
44511
44523
44529
44541
44549
44552
44552
44557
44558
44562
44571
44576
44578
44581
44582
44600
44602
44603
44603
44603
44605
44606
44607
44609
44610
44612
44617
44625
44626
44627
44633
44652
44655
44656
44669
44675
44682
44683
44688
44691
44695
44702
44703
44719
44719
44733
44735
44748
44755
44770
44772
44785
44789
44795
44809
44842
44845
44849
44849
44869
44881
44896
44915
44917
44920
44928
44930
44933
44944
44945
44948
44954
44955
44979
44985
44994
44995
44997
45004
45006
45012
45030
45030
45035
45046
45063
45065
45066
45075
45075
45091
45092
45097
45109
45117
45118
45118
45118
45122
45123
45125
45129
45137
45151
45160
45166
45172
45174
45174
45175
45179
45180
45184
45196
45208
45210
45219
45231
45236
45268
45274
45278
45280
45291
45300
45301
45331
45335
45339
45342
45367
45381
45382
45384
45387
45391
45394
45399
45407
45430
45433
45437
45439
45440
45449
45451
45456
45477
45479
45486
45487
45489
45493
45494
45500
45511
45513
45518
45522
45524
45525
45529
45535
45537
45538
45566
45577
45578
45583
45589
45594
45599
45600
45604
45612
45617
45623
45628
45632
45647
45649
45650
45654
45663
45664
45673
45676
45677
45681
45683
45690
45692
45701
45703
45707
45717
45718
45720
45724
45729
45749
45758
45761
45772
45779
45780
45786
45791
45799
45803
45820
45823
45843
45854
45856
45860
45864
45882
45884
45885
45888
45895
45900
45915
45915
45919
45922
45928
45930
45930
45932
45950
45950
45957
45962
45970
45994
46000
46008
46012
46016
46019
46020
46022
46029
46039
46045
46045
46053
46061
46062
46081
46096
46112
46112
46123
46130
46131
46147
46161
46163
46174
46181
46187
46189
46202
46208
46209
46216
46228
46229
46237
46240
46244
46245
46252
46254
46270
46284
46286
46292
46293
46297
46310
46317
46332
46337
46355
46360
46364
46366
46368
46369
46371
46376
46385
46397
46415
46417
46432
46438
46443
46456
46458
46461
46472
46488
46489
46489
46493
46497
46499
46501
46512
46521
46535
46536
46541
46544
46547
46547
46551
46555
46570
46575
46577
46589
46594
46595
46614
46624
46630
46633
46638
46638
46643
46644
46649
46650
46651
46658
46671
46673
46685
46686
46701
46702
46712
46713
46724
46727
46730
46733
46742
46744
46748
46750
46757
46758
46763
46767
46791
46791
46797
46797
46800
46803
46804
46808
46808
46812
46829
46843
46844
46857
46863
46876
46880
46882
46904
46906
46906
46908
46917
46920
46921
46922
46924
46937
46941
46945
46951
46971
46972
46974
46981
46982
46987
46990
46998
47005
47006
47007
47012
47037
47049
47058
47060
47063
47065
47075
47077
47096
47096
47098
47102
47103
47111
47112
47113
47114
47131
47141
47150
47152
47157
47160
47162
47165
47170
47177
47178
47201
47210
47211
47217
47227
47238
47255
47256
47268
47271
47286
47299
47303
47303
47310
47318
47335
47350
47354
47364
47367
47403
47427
47445
47445
47447
47454
47458
47461
47464
47467
47478
47481
47492
47495
47510
47516
47516
47516
47545
47558
47559
47566
47567
47585
47597
47598
47603
47614
47615
47618
47620
47630
47647
47648
47654
47655
47672
47712
47720
47724
47726
47727
47730
47761
47772
47788
47797
47808
47809
47811
47823
47827
47828
47829
47832
47833
47849
47852
47853
47857
47863
47883
47885
47897
47906
47907
47914
47917
47927
47930
47934
47935
47948
47955
47961
47969
47973
47977
47979
48002
48005
48007
48023
48027
48028
48049
48049
48061
48073
48077
48081
48118
48127
48130
48130
48131
48151
48153
48161
48169
48189
48204
48209
48211
48223
48237
48250
48257
48268
48274
48274
48277
48277
48281
48285
48308
48319
48329
48329
48340
48348
48350
48358
48364
48370
48372
48373
48375
48379
48403
48407
48409
48412
48429
48429
48432
48433
48442
48443
48445
48448
48450
48453
48454
48454
48468
48476
48476
48479
48480
48480
48483
48502
48509
48524
48550
48555
48567
48567
48579
48580
48581
48586
48594
48596
48619
48637
48640
48656
48657
48664
48664
48669
48671
48686
48702
48713
48714
48715
48720
48722
48725
48729
48742
48747
48755
48764
48768
48769
48776
48780
48781
48782
48794
48802
48802
48811
48814
48816
48816
48821
48824
48841
48848
48858
48859
48860
48864
48864
48879
48880
48882
48887
48902
48903
48907
48907
48911
48918
48932
48942
48949
48963
48967
48972
48993
48998
48998
49007
49022
49025
49025
49026
49037
49052
49055
49061
49062
49065
49075
49077
49107
49109
49113
49117
49124
49124
49125
49138
49139
49171
49183
49185
49197
49201
49205
49205
49210
49212
49230
49240
49248
49250
49252
49260
49270
49272
49276
49285
49286
49294
49308
49312
49329
49329
49330
49335
49336
49341
49357
49358
49373
49375
49382
49389
49400
49408
49415
49417
49424
49428
49430
49433
49437
49461
49487
49489
49491
49500
49504
49508
49514
49524
49527
49529
49542
49545
49573
49581
49586
49586
49591
49611
49614
49615
49620
49642
49647
49652
49653
49653
49659
49661
49683
49692
49700
49726
49734
49736
49740
49747
49759
49764
49769
49776
49782
49796
49798
49802
49818
49819
49824
49825
49830
49831
49835
49836
49866
49869
49874
49890
49890
49896
49906
49917
49922
49926
49932
49939
49952
49960
49964
49991
49995
49997
50003
50005
50011
50014
50015
50017
50030
50035
50045
50046
50048
50052
50056
50057
50057
50059
50059
50063
50066
50067
50074
50096
50103
50103
50115
50121
50125
50135
50140
50141
50145
50147
50152
50156
50170
50170
50173
50175
50181
50183
50184
50185
50185
50187
50215
50217
50222
50233
50234
50237
50240
50243
50243
50244
50251
50252
50256
50256
50272
50305
50307
50317
50319
50329
50348
50367
50396
50403
50410
50416
50435
50436
50442
50447
50450
50460
50473
50478
50482
50490
50498
50498
50502
50504
50517
50520
50520
50538
50539
50546
50548
50564
50566
50580
50581
50582
50615
50617
50620
50625
50629
50642
50643
50650
50653
50661
50667
50667
50669
50672
50687
50689
50716
50720
50723
50724
50732
50735
50735
50743
50749
50765
50770
50773
50774
50777
50777
50779
50781
50788
50797
50800
50803
50809
50811
50815
50818
50824
50826
50840
50841
50852
50869
50871
50878
50895
50900
50905
50914
50918
50924
50934
50946
50950
50950
50954
50982
50985
51007
51008
51008
51009
51010
51039
51041
51042
51044
51047
51055
51060
51080
51084
51100
51130
51131
51136
51152
51161
51176
51189
51191
51194
51205
51211
51220
51221
51221
51233
51235
51235
51244
51245
51272
51282
51284
51286
51294
51301
51307
51312
51321
51321
51332
51332
51333
51346
51357
51364
51371
51371
51375
51378
51387
51387
51393
51397
51398
51400
51407
51408
51419
51432
51453
51457
51458
51458
51462
51477
51478
51488
51490
51491
51493
51493
51496
51498
51503
51505
51509
51509
51515
51524
51543
51548
51550
51552
51571
51590
51592
51595
51617
51619
51624
51628
51629
51632
51635
51639
51641
51647
51655
51658
51664
51669
51670
51673
51695
51696
51697
51704
51705
51705
51710
51717
51720
51722
51727
51743
51757
51761
51776
51788
51789
51790
51793
51808
51814
51815
51821
51828
51833
51853
51859
51867
51872
51878
51882
51894
51897
51904
51908
51908
51926
51930
51931
51936
51946
51948
51957
51964
51971
51971
51975
51995
51997
52000
52003
52005
52009
52012
52027
52038
52038
52038
52040
52044
52045
52046
52050
52051
52071
52073
52076
52080
52095
52096
52098
52099
52107
52117
52118
52134
52136
52140
52146
52147
52158
52170
52173
52174
52201
52205
52210
52217
52221
52221
52224
52228
52229
52231
52231
52248
52249
52261
52289
52295
52297
52298
52307
52317
52318
52320
52323
52331
52337
52364
52364
52366
52366
52366
52371
52389
52404
52418
52440
52442
52446
52447
52448
52450
52453
52466
52470
52475
52484
52486
52489
52492
52516
52519
52531
52534
52534
52535
52543
52545
52546
52549
52549
52556
52564
52565
52575
52579
52589
52589
52615
52632
52639
52649
52656
52661
52664
52666
52675
52690
52698
52704
52707
52715
52726
52730
52733
52737
52771
52779
52790
52801
52807
52808
52814
52815
52816
52817
52819
52825
52825
52831
52861
52863
52865
52868
52874
52878
52879
52884
52887
52898
52899
52900
52901
52904
52911
52922
52929
52931
52935
52939
52942
52944
52957
52959
52962
52963
52972
52980
52987
52995
52997
53012
53014
53023
53025
53033
53035
53055
53073
53077
53083
53084
53118
53119
53138
53138
53140
53150
53151
53153
53168
53168
53175
53196
53197
53200
53202
53204
53210
53220
53232
53246
53249
53261
53270
53272
53272
53282
53297
53301
53324
53326
53332
53341
53356
53360
53360
53372
53379
53380
53381
53395
53396
53401
53413
53417
53429
53444
53446
53447
53450
53450
53463
53474
53481
53492
53495
53502
53507
53507
53509
53509
53511
53516
53517
53521
53524
53529
53557
53562
53571
53582
53583
53587
53614
53615
53624
53627
53630
53633
53635
53644
53652
53658
53664
53695
53696
53699
53702
53718
53740
53783
53811
53831
53838
53842
53852
53860
53863
53869
53883
53895
53899
53904
53911
53914
53915
53925
53936
53941
53942
53948
53960
53970
53974
53977
53983
53986
53993
53993
53997
54005
54008
54009
54010
54013
54022
54026
54030
54032
54037
54041
54046
54055
54063
54064
54087
54099
54099
54125
54132
54133
54147
54162
54170
54175
54184
54186
54187
54200
54201
54202
54216
54218
54222
54226
54227
54230
54233
54237
54253
54262
54263
54266
54268
54270
54279
54280
54284
54289
54290
54297
54308
54309
54323
54325
54333
54336
54339
54341
54349
54349
54351
54352
54358
54367
54368
54369
54375
54376
54377
54380
54387
54396
54396
54397
54398
54405
54419
54419
54425
54430
54434
54446
54463
54463
54470
54486
54489
54503
54506
54512
54520
54521
54524
54525
54533
54539
54543
54556
54559
54560
54563
54573
54584
54586
54601
54606
54610
54612
54615
54617
54619
54624
54629
54635
54637
54640
54641
54645
54653
54656
54668
54668
54675
54683
54697
54701
54714
54720
54724
54726
54736
54757
54759
54777
54780
54789
54790
54794
54813
54823
54827
54841
54842
54864
54867
54884
54896
54904
54914
54925
54929
54932
54937
54938
54939
54942
54943
54947
54963
54963
54968
54981
54988
54992
55000
55021
55034
55039
55045
55055
55065
55066
55068
55072
55079
55079
55081
55090
55097
55100
55105
55116
55124
55137
55147
55154
55162
55168
55185
55187
55191
55192
55209
55209
55214
55223
55234
55237
55239
55239
55244
55258
55267
55268
55282
55292
55293
55300
55315
55321
55324
55334
55338
55342
55342
55350
55362
55368
55376
55387
55389
55392
55394
55394
55398
55404
55409
55412
55419
55435
55437
55441
55444
55453
55460
55462
55463
55467
55472
55479
55480
55482
55488
55517
55517
55527
55528
55537
55541
55551
55558
55558
55564
55578
55580
55581
55583
55587
55589
55591
55593
55617
55624
55634
55640
55642
55646
55653
55663
55666
55667
55669
55669
55673
55675
55675
55679
55682
55683
55684
55694
55698
55698
55705
55722
55724
55734
55741
55772
55813
55814
55819
55823
55835
55842
55849
55857
55860
55868
55872
55874
55874
55876
55885
55891
55915
55928
55941
55943
55944
55958
55960
55964
55971
55975
55998
56000
56018
56020
56020
56020
56024
56025
56027
56030
56032
56032
56035
56038
56049
56057
56058
56060
56061
56065
56068
56077
56104
56140
56143
56145
56152
56154
56156
56170
56174
56183
56188
56188
56189
56191
56193
56203
56205
56216
56218
56239
56247
56254
56257
56258
56260
56262
56262
56265
56275
56276
56276
56281
56292
56298
56309
56336
56337
56339
56341
56356
56359
56380
56389
56390
56403
56408
56418
56418
56420
56424
56428
56446
56457
56476
56478
56480
56480
56485
56492
56496
56497
56509
56509
56518
56523
56523
56532
56535
56539
56545
56554
56562
56572
56573
56578
56588
56588
56589
56590
56590
56593
56597
56602
56604
56610
56611
56628
56630
56635
56647
56666
56667
56668
56691
56692
56693
56701
56709
56710
56719
56722
56724
56724
56733
56735
56738
56744
56745
56750
56751
56776
56784
56807
56808
56813
56819
56823
56828
56830
56837
56838
56839
56844
56850
56856
56863
56865
56896
56903
56911
56912
56924
56933
56936
56940
56941
56960
56963
56966
56974
56978
56981
56982
56985
56997
56998
57006
57008
57012
57015
57023
57063
57064
57066
57082
57082
57084
57085
57092
57117
57128
57141
57145
57160
57164
57167
57171
57183
57203
57214
57221
57222
57222
57240
57250
57256
57265
57266
57271
57282
57283
57309
57316
57330
57339
57345
57347
57351
57365
57366
57368
57370
57387
57390
57395
57420
57433
57437
57445
57456
57456
57459
57469
57482
57484
57493
57504
57504
57506
57507
57509
57509
57513
57520
57522
57530
57531
57548
57553
57567
57570
57571
57572
57574
57574
57577
57584
57587
57589
57590
57603
57603
57610
57612
57634
57637
57647
57649
57650
57675
57681
57684
57687
57693
57699
57702
57704
57710
57728
57735
57737
57752
57761
57765
57771
57794
57799
57802
57821
57831
57837
57840
57846
57850
57863
57868
57874
57875
57875
57885
57894
57928
57935
57935
57937
57938
57944
57946
57949
57950
57950
57957
57995
58005
58015
58022
58024
58028
58041
58042
58053
58067
58073
58074
58075
58075
58075
58079
58102
58105
58108
58114
58115
58129
58132
58148
58149
58152
58153
58155
58157
58157
58161
58168
58168
58169
58174
58209
58219
58223
58228
58239
58247
58251
58253
58255
58260
58261
58262
58271
58273
58278
58280
58292
58300
58300
58326
58345
58348
58352
58359
58360
58379
58381
58395
58401
58404
58409
58414
58416
58417
58417
58418
58419
58425
58448
58453
58475
58483
58486
58486
58487
58487
58495
58503
58522
58529
58540
58541
58559
58569
58585
58587
58589
58613
58614
58615
58624
58630
58635
58635
58647
58653
58661
58671
58672
58673
58679
58694
58696
58700
58700
58730
58739
58739
58752
58754
58762
58772
58780
58792
58795
58795
58796
58798
58800
58807
58812
58827
58831
58833
58833
58836
58836
58837
58838
58839
58846
58855
58859
58864
58865
58880
58882
58885
58885
58900
58905
58914
58929
58948
58949
58975
58979
58987
58991
58994
58997
58998
59000
59006
59008
59016
59016
59027
59029
59029
59033
59043
59045
59047
59047
59047
59070
59078
59083
59089
59094
59096
59118
59120
59130
59172
59172
59175
59178
59178
59193
59194
59198
59202
59204
59204
59205
59205
59213
59220
59227
59241
59246
59254
59257
59267
59274
59283
59287
59291
59299
59300
59305
59312
59315
59328
59328
59330
59330
59348
59351
59352
59354
59363
59364
59379
59379
59380
59386
59391
59405
59427
59427
59429
59433
59454
59459
59466
59472
59472
59478
59484
59488
59489
59505
59513
59515
59530
59532
59541
59545
59546
59546
59566
59566
59570
59580
59581
59584
59600
59609
59620
59620
59622
59634
59643
59651
59654
59666
59668
59669
59674
59680
59681
59683
59713
59727
59732
59751
59751
59755
59763
59763
59766
59769
59780
59781
59788
59794
59795
59810
59812
59818
59821
59824
59824
59826
59831
59835
59847
59861
59867
59871
59888
59891
59894
59897
59900
59902
59909
59920
59930
59931
59939
59958
59986
59993
59996
59997
60018
60029
60031
60037
60038
60048
60050
60054
60055
60057
60060
60061
60064
60071
60080
60093
60095
60104
60104
60105
60105
60105
60106
60107
60114
60121
60135
60141
60143
60146
60169
60171
60174
60180
60210
60212
60219
60219
60220
60221
60224
60227
60233
60250
60250
60262
60266
60267
60269
60271
60278
60291
60295
60309
60317
60322
60335
60355
60358
60366
60367
60367
60372
60378
60381
60383
60400
60404
60436
60437
60448
60451
60456
60460
60476
60476
60482
60482
60484
60485
60488
60489
60492
60497
60500
60502
60506
60520
60526
60527
60529
60545
60555
60570
60571
60579
60587
60590
60600
60613
60615
60631
60639
60652
60654
60668
60677
60683
60684
60685
60690
60692
60703
60704
60710
60715
60716
60724
60725
60731
60740
60748
60750
60750
60773
60775
60785
60791
60792
60793
60802
60812
60824
60844
60849
60855
60856
60864
60865
60867
60869
60884
60898
60913
60915
60916
60951
60955
60959
60959
60971
60973
60978
60983
60987
60990
60991
61007
61011
61022
61025
61041
61043
61051
61052
61077
61089
61113
61116
61125
61148
61149
61152
61159
61163
61165
61168
61169
61172
61183
61197
61202
61204
61208
61211
61212
61238
61240
61256
61264
61264
61267
61268
61273
61274
61287
61289
61297
61307
61308
61315
61315
61319
61327
61328
61338
61345
61351
61360
61363
61366
61372
61389
61404
61422
61424
61431
61453
61456
61462
61464
61468
61477
61483
61492
61505
61507
61508
61508
61509
61539
61541
61542
61552
61556
61560
61568
61574
61578
61588
61596
61598
61622
61625
61627
61635
61636
61642
61644
61646
61647
61652
61657
61673
61675
61679
61691
61691
61695
61699
61700
61705
61725
61728
61737
61744
61752
61752
61762
61773
61780
61788
61799
61801
61802
61804
61804
61813
61816
61825
61825
61832
61833
61836
61846
61848
61853
61866
61888
61898
61928
61929
61931
61935
61936
61938
61942
61946
61949
61964
61969
61983
61992
62012
62029
62030
62035
62039
62042
62042
62056
62068
62070
62081
62083
62108
62117
62127
62141
62144
62149
62153
62169
62169
62175
62177
62195
62206
62219
62228
62234
62234
62240
62247
62261
62268
62278
62282
62288
62291
62291
62298
62301
62312
62313
62319
62323
62324
62326
62334
62348
62351
62366
62391
62409
62410
62418
62419
62426
62428
62435
62438
62444
62451
62453
62457
62460
62461
62488
62498
62505
62535
62537
62537
62543
62551
62555
62558
62560
62568
62568
62583
62595
62597
62600
62614
62616
62624
62648
62650
62657
62676
62685
62686
62694
62706
62713
62721
62722
62723
62724
62734
62746
62755
62759
62764
62771
62774
62776
62786
62787
62791
62810
62810
62813
62818
62818
62832
62838
62839
62844
62848
62855
62862
62870
62871
62872
62886
62886
62913
62915
62938
62951
62958
62964
62970
62979
62980
62982
62984
63005
63020
63034
63041
63057
63058
63065
63066
63067
63075
63076
63077
63078
63081
63081
63085
63092
63097
63098
63100
63101
63120
63146
63148
63153
63154
63156
63159
63174
63175
63178
63182
63193
63194
63194
63195
63222
63234
63241
63245
63255
63257
63261
63273
63283
63289
63291
63296
63301
63311
63313
63316
63337
63339
63348
63356
63362
63384
63388
63399
63425
63427
63442
63451
63452
63457
63457
63459
63469
63471
63477
63480
63483
63486
63487
63493
63494
63510
63511
63514
63516
63524
63530
63550
63563
63563
63565
63566
63574
63578
63585
63590
63601
63602
63603
63606
63617
63626
63629
63632
63632
63646
63650
63652
63654
63667
63673
63674
63677
63679
63684
63685
63690
63695
63701
63724
63728
63730
63736
63741
63742
63746
63747
63749
63762
63764
63765
63770
63772
63775
63776
63785
63788
63792
63795
63820
63834
63838
63840
63845
63847
63856
63864
63868
63893
63905
63907
63913
63914
63925
63944
63947
63967
63974
63974
63985
64002
64015
64018
64029
64037
64038
64055
64061
64073
64078
64084
64090
64095
64099
64104
64105
64113
64135
64137
64140
64144
64146
64146
64147
64150
64152
64153
64154
64157
64161
64165
64171
64182
64185
64185
64188
64193
64195
64195
64206
64229
64231
64238
64248
64263
64266
64278
64294
64298
64306
64307
64308
64317
64323
64330
64338
64338
64341
64342
64344
64349
64358
64360
64367
64372
64395
64406
64406
64410
64421
64425
64426
64433
64434
64441
64451
64453
64454
64461
64466
64470
64481
64482
64486
64501
64505
64509
64512
64512
64520
64528
64539
64541
64548
64557
64568
64573
64574
64587
64621
64644
64662
64706
64707
64729
64730
64742
64755
64762
64770
64773
64775
64780
64785
64792
64800
64815
64838
64866
64871
64873
64876
64877
64888
64894
64900
64908
64918
64925
64951
64951
64953
64963
64964
64966
64971
64981
64985
64986
64995
64999
65001
65005
65006
65010
65010
65034
65035
65044
65048
65054
65059
65060
65061
65064
65069
65070
65089
65089
65093
65094
65100
65101
65101
65113
65122
65126
65130
65131
65133
65140
65145
65153
65159
65165
65168
65171
65181
65181
65183
65196
65201
65203
65215
65219
65220
65225
65227
65238
65240
65252
65254
65257
65260
65261
65262
65264
65272
65276
65288
65293
65295
65296
65304
65304
65305
65308
65334
65352
65355
65356
65371
65383
65403
65406
65411
65426
65427
65433
65437
65440
65455
65460
65460
65468
65472
65472
65476
65482
65499
65500
65500
65502
65506
65508
65509
65511
65511
65512
65514
65515
65528
65543
65547
65549
65559
65561
65564
65565
65576
65578
65583
65586
65587
65590
65592
65596
65598
65603
65607
65618
65619
65628
65634
65640
65641
65642
65645
65654
65666
65671
65676
65677
65705
65715
65718
65722
65730
65730
65742
65742
65742
65743
65744
65745
65756
65766
65772
65786
65786
65791
65792
65799
65805
65810
65814
65826
65828
65832
65834
65843
65844
65855
65855
65859
65862
65870
65872
65902
65909
65922
65926
65945
65948
65949
65957
65961
65961
65964
65967
65968
65969
65971
65971
65975
65991
65994
65995
65999
66001
66011
66019
66021
66036
66037
66039
66039
66040
66041
66054
66057
66058
66062
66062
66063
66069
66075
66075
66081
66095
66106
66109
66110
66113
66115
66120
66122
66129
66138
66138
66139
66140
66142
66147
66173
66185
66185
66189
66192
66211
66240
66250
66257
66257
66264
66272
66278
66280
66285
66293
66317
66319
66331
66332
66333
66334
66339
66341
66342
66347
66350
66360
66361
66367
66370
66385
66398
66403
66426
66429
66440
66443
66447
66466
66468
66472
66474
66481
66488
66504
66521
66521
66524
66525
66527
66533
66540
66551
66583
66593
66593
66599
66604
66609
66618
66618
66619
66622
66623
66629
66631
66634
66637
66641
66653
66660
66667
66673
66674
66679
66688
66693
66698
66698
66699
66703
66716
66718
66718
66721
66729
66730
66731
66739
66744
66747
66752
66753
66759
66769
66772
66775
66776
66776
66787
66788
66794
66794
66797
66808
66815
66819
66841
66844
66850
66862
66869
66885
66892
66900
66911
66912
66913
66930
66932
66943
66959
66962
66962
66965
66968
66974
66974
66993
66995
66999
66999
67007
67014
67024
67028
67029
67029
67049
67064
67071
67074
67076
67081
67087
67093
67103
67109
67127
67130
67134
67138
67145
67146
67155
67162
67163
67172
67175
67177
67181
67195
67204
67206
67210
67211
67216
67219
67230
67232
67233
67237
67238
67251
67286
67287
67290
67297
67305
67311
67342
67360
67363
67368
67398
67399
67406
67412
67426
67426
67435
67444
67448
67461
67482
67486
67486
67491
67500
67500
67505
67506
67507
67527
67529
67532
67535
67544
67573
67585
67591
67598
67614
67620
67629
67639
67643
67647
67652
67655
67663
67667
67677
67685
67695
67705
67716
67717
67725
67733
67740
67748
67754
67768
67788
67788
67789
67789
67791
67793
67805
67807
67807
67811
67826
67834
67847
67853
67869
67870
67874
67880
67881
67887
67914
67926
67928
67942
67944
67952
67954
67962
67969
67972
67973
67981
67984
67985
67987
68001
68002
68005
68005
68030
68037
68041
68042
68042
68061
68063
68068
68075
68078
68081
68092
68100
68107
68108
68109
68151
68155
68157
68158
68175
68179
68184
68185
68192
68193
68195
68208
68211
68216
68222
68224
68224
68228
68232
68232
68243
68248
68262
68274
68276
68281
68286
68287
68291
68295
68324
68327
68327
68336
68338
68352
68358
68359
68366
68374
68381
68397
68403
68414
68417
68424
68434
68437
68438
68444
68458
68468
68487
68490
68494
68497
68499
68500
68500
68514
68516
68518
68528
68531
68550
68570
68571
68575
68582
68585
68589
68622
68638
68639
68657
68663
68670
68676
68680
68684
68685
68685
68690
68701
68706
68719
68720
68723
68745
68755
68755
68785
68792
68813
68816
68817
68821
68822
68822
68825
68825
68833
68836
68848
68849
68853
68864
68881
68884
68884
68895
68895
68899
68913
68915
68928
68937
68969
68973
68974
68995
68997
69000
69000
69000
69004
69005
69014
69015
69015
69016
69031
69037
69037
69043
69043
69049
69053
69082
69083
69092
69102
69106
69107
69110
69120
69125
69127
69129
69131
69133
69144
69147
69150
69151
69167
69180
69186
69189
69203
69210
69218
69221
69222
69222
69224
69237
69282
69283
69284
69292
69298
69310
69312
69320
69320
69330
69339
69346
69353
69356
69360
69361
69365
69376
69385
69408
69414
69422
69423
69428
69439
69446
69451
69465
69490
69490
69496
69497
69508
69512
69513
69513
69527
69528
69536
69543
69551
69553
69553
69557
69571
69573
69584
69590
69595
69595
69598
69606
69612
69615
69616
69639
69662
69669
69670
69691
69703
69722
69730
69736
69747
69753
69761
69761
69764
69770
69784
69784
69790
69797
69798
69807
69811
69812
69813
69820
69822
69833
69834
69835
69838
69844
69845
69845
69850
69863
69867
69879
69917
69946
69952
69964
69964
69978
69984
69988
69988
69994
69995
69999
70006
70006
70024
70025
70025
70026
70043
70044
70048
70052
70063
70067
70081
70091
70092
70096
70099
70099
70116
70121
70123
70124
70136
70137
70145
70146
70152
70162
70162
70162
70164
70173
70174
70181
70186
70211
70237
70239
70243
70243
70255
70265
70271
70275
70278
70285
70304
70319
70324
70337
70347
70351
70356
70356
70358
70360
70367
70384
70391
70395
70406
70410
70422
70433
70444
70444
70448
70451
70466
70480
70495
70495
70495
70505
70506
70521
70529
70537
70558
70577
70579
70580
70585
70589
70601
70616
70633
70634
70642
70645
70654
70669
70674
70675
70692
70708
70709
70718
70722
70732
70750
70753
70759
70767
70769
70789
70790
70803
70813
70823
70829
70834
70859
70871
70879
70882
70888
70898
70905
70906
70910
70915
70920
70921
70926
70934
70934
70940
70942
70949
70949
70950
70953
70979
70988
71005
71011
71017
71020
71023
71027
71030
71031
71035
71037
71039
71040
71040
71043
71048
71056
71067
71069
71069
71072
71079
71084
71088
71090
71107
71114
71120
71125
71141
71142
71144
71146
71155
71156
71160
71174
71175
71182
71202
71223
71232
71235
71257
71262
71268
71282
71286
71290
71316
71326
71337
71342
71359
71379
71380
71384
71397
71417
71423
71437
71455
71462
71470
71478
71491
71492
71495
71508
71518
71520
71520
71527
71548
71570
71591
71596
71596
71597
71603
71613
71618
71618
71628
71634
71635
71653
71655
71656
71659
71660
71662
71663
71670
71677
71680
71681
71684
71689
71689
71707
71711
71718
71719
71725
71736
71746
71747
71749
71752
71753
71769
71771
71782
71783
71794
71796
71797
71798
71823
71828
71843
71882
71887
71890
71914
71915
71923
71925
71926
71928
71932
71933
71935
71937
71939
71944
71945
71956
71956
71957
71958
71976
71980
71987
71994
71995
72026
72027
72030
72037
72050
72054
72057
72072
72077
72088
72089
72091
72095
72101
72103
72119
72119
72120
72140
72143
72144
72145
72146
72162
72162
72171
72175
72186
72188
72188
72202
72202
72203
72217
72222
72227
72228
72229
72245
72269
72281
72282
72289
72298
72302
72317
72318
72330
72331
72339
72356
72359
72398
72398
72407
72418
72421
72424
72427
72433
72434
72436
72442
72443
72454
72460
72466
72468
72469
72472
72482
72490
72499
72503
72506
72509
72526
72535
72537
72543
72544
72552
72562
72580
72585
72595
72596
72598
72600
72621
72623
72633
72637
72638
72641
72642
72644
72644
72648
72657
72662
72670
72673
72673
72682
72688
72690
72705
72705
72706
72719
72740
72741
72752
72753
72753
72759
72767
72773
72788
72792
72795
72796
72799
72801
72803
72820
72822
72834
72836
72838
72852
72858
72858
72864
72875
72876
72879
72889
72889
72892
72893
72902
72903
72905
72907
72908
72921
72924
72930
72931
72935
72953
72969
72969
72972
72975
72979
72980
72980
72986
72998
72999
73000
73020
73026
73026
73029
73036
73040
73044
73053
73057
73068
73071
73080
73083
73087
73087
73097
73098
73103
73113
73115
73117
73130
73132
73138
73146
73152
73160
73160
73164
73166
73169
73170
73173
73189
73189
73193
73200
73203
73214
73218
73228
73230
73236
73259
73259
73263
73264
73272
73272
73278
73291
73295
73299
73312
73318
73325
73332
73339
73340
73342
73350
73350
73350
73359
73370
73380
73381
73382
73384
73391
73402
73404
73405
73414
73416
73435
73449
73466
73479
73483
73508
73510
73523
73525
73544
73546
73555
73558
73564
73565
73580
73582
73587
73589
73601
73603
73619
73622
73628
73642
73647
73648
73650
73654
73657
73676
73690
73691
73694
73702
73706
73711
73715
73719
73732
73735
73737
73741
73751
73755
73759
73763
73783
73783
73791
73795
73797
73800
73803
73828
73831
73843
73847
73849
73850
73851
73854
73861
73862
73881
73884
73885
73902
73915
73918
73918
73924
73940
73940
73974
73980
73985
73989
74007
74013
74017
74020
74032
74044
74047
74055
74067
74069
74071
74081
74082
74092
74126
74127
74128
74128
74129
74130
74135
74136
74144
74151
74156
74164
74165
74166
74173
74182
74190
74191
74197
74201
74201
74205
74212
74217
74221
74229
74238
74243
74245
74245
74251
74266
74269
74269
74272
74273
74276
74295
74300
74307
74327
74329
74338
74342
74359
74359
74370
74375
74383
74387
74390
74394
74396
74400
74406
74425
74454
74458
74465
74472
74477
74477
74487
74527
74527
74528
74531
74532
74543
74546
74555
74557
74580
74583
74586
74596
74604
74605
74609
74640
74645
74647
74661
74683
74694
74696
74708
74714
74729
74734
74736
74740
74747
74750
74750
74757
74784
74789
74800
74804
74807
74809
74810
74812
74813
74835
74840
74847
74862
74874
74876
74882
74888
74899
74905
74906
74911
74929
74934
74936
74939
74946
74959
74965
74974
74974
74992
74995
74998
75002
75002
75006
75008
75012
75015
75030
75035
75035
75036
75047
75052
75053
75065
75069
75073
75088
75093
75095
75110
75121
75125
75125
75127
75131
75136
75137
75137
75140
75146
75148
75163
75173
75179
75180
75183
75184
75185
75187
75191
75197
75209
75212
75215
75222
75228
75229
75249
75250
75253
75257
75266
75275
75286
75292
75302
75310
75311
75326
75328
75332
75338
75346
75365
75368
75377
75378
75384
75385
75394
75401
75411
75420
75427
75431
75440
75444
75456
75476
75479
75483
75484
75485
75488
75510
75511
75519
75526
75526
75531
75541
75543
75545
75559
75568
75571
75576
75577
75580
75582
75583
75584
75589
75603
75620
75622
75628
75637
75640
75641
75641
75650
75655
75659
75670
75671
75677
75683
75689
75692
75697
75728
75734
75743
75752
75759
75773
75775
75776
75776
75777
75781
75784
75802
75809
75815
75821
75842
75854
75855
75861
75875
75902
75903
75907
75921
75922
75934
75956
75981
75981
75982
75987
75993
76003
76006
76010
76021
76023
76024
76025
76030
76048
76048
76051
76059
76072
76074
76078
76083
76085
76087
76087
76089
76092
76103
76106
76110
76111
76113
76118
76120
76125
76127
76130
76130
76136
76138
76149
76151
76165
76171
76176
76180
76180
76191
76196
76197
76198
76199
76201
76210
76215
76217
76218
76227
76231
76237
76242
76244
76249
76267
76271
76272
76276
76279
76294
76301
76301
76306
76309
76310
76310
76318
76335
76348
76353
76355
76366
76371
76372
76372
76373
76374
76376
76381
76387
76408
76415
76419
76424
76424
76437
76438
76443
76459
76483
76491
76511
76512
76513
76515
76524
76526
76528
76540
76552
76567
76573
76574
76582
76585
76590
76594
76597
76598
76609
76611
76642
76650
76651
76651
76655
76658
76661
76662
76664
76666
76667
76705
76709
76723
76725
76732
76738
76739
76752
76758
76765
76776
76778
76786
76791
76806
76813
76815
76822
76832
76841
76841
76848
76853
76856
76857
76863
76864
76866
76872
76876
76887
76889
76902
76912
76921
76921
76934
76940
76947
76953
76955
76973
76996
76997
77002
77003
77013
77019
77020
77026
77028
77039
77054
77059
77073
77075
77094
77097
77108
77113
77114
77118
77123
77126
77128
77131
77132
77134
77134
77136
77139
77146
77153
77165
77169
77175
77207
77215
77215
77216
77229
77238
77246
77248
77254
77272
77273
77276
77282
77294
77296
77298
77317
77322
77323
77324
77328
77336
77336
77340
77350
77355
77357
77367
77368
77382
77390
77393
77393
77406
77430
77431
77431
77458
77468
77468
77472
77475
77477
77480
77490
77498
77500
77505
77512
77514
77521
77524
77526
77540
77547
77550
77566
77567
77581
77582
77588
77591
77597
77600
77616
77623
77638
77650
77670
77682
77684
77686
77695
77701
77703
77714
77716
77717
77729
77731
77741
77763
77763
77777
77789
77800
77801
77817
77822
77823
77840
77841
77847
77849
77856
77867
77867
77890
77894
77896
77897
77903
77913
77919
77920
77921
77923
77928
77935
77936
77939
77940
77944
77950
77952
77959
77960
77961
77987
77988
77989
77990
77991
77993
77993
78000
78000
78009
78023
78029
78034
78045
78061
78064
78071
78090
78093
78098
78100
78106
78126
78131
78141
78143
78155
78158
78162
78175
78190
78191
78195
78202
78207
78211
78215
78217
78234
78236
78239
78259
78260
78268
78271
78272
78274
78282
78283
78300
78305
78313
78316
78323
78324
78340
78342
78372
78372
78373
78392
78396
78403
78407
78408
78420
78435
78464
78483
78488
78491
78495
78500
78511
78517
78525
78527
78549
78550
78551
78563
78574
78594
78598
78626
78628
78633
78634
78636
78637
78638
78647
78657
78657
78663
78674
78680
78684
78684
78685
78694
78744
78754
78757
78766
78775
78776
78783
78787
78794
78808
78812
78814
78824
78842
78848
78855
78870
78871
78877
78880
78887
78902
78907
78910
78912
78913
78926
78927
78936
78936
78948
78951
78951
78962
78973
78989
78998
79009
79009
79012
79017
79018
79022
79023
79035
79043
79054
79067
79080
79082
79082
79082
79087
79094
79096
79099
79100
79113
79116
79128
79134
79141
79148
79149
79153
79155
79168
79173
79174
79178
79189
79192
79192
79207
79209
79210
79219
79240
79245
79259
79280
79282
79282
79285
79290
79293
79294
79308
79315
79323
79325
79328
79336
79337
79341
79356
79359
79359
79364
79370
79375
79380
79385
79401
79407
79409
79429
79431
79438
79440
79442
79468
79468
79481
79484
79493
79499
79504
79506
79514
79526
79533
79535
79559
79575
79587
79597
79601
79618
79622
79626
79632
79632
79639
79645
79655
79656
79664
79670
79671
79672
79672
79674
79693
79697
79715
79722
79725
79733
79742
79747
79751
79757
79759
79761
79762
79764
79767
79767
79768
79769
79769
79775
79785
79797
79801
79808
79823
79830
79832
79863
79867
79874
79874
79879
79888
79895
79896
79914
79915
79916
79917
79931
79932
79935
79950
79955
79984
80004
80013
80021
80022
80040
80041
80051
80056
80068
80073
80074
80076
80079
80087
80089
80091
80093
80093
80099
80109
80112
80117
80132
80134
80142
80142
80154
80158
80168
80185
80196
80198
80198
80218
80223
80240
80245
80264
80266
80274
80276
80277
80280
80283
80297
80300
80305
80305
80316
80322
80325
80335
80335
80349
80368
80381
80384
80386
80388
80403
80414
80425
80429
80430
80430
80435
80444
80444
80446
80448
80450
80465
80470
80474
80475
80491
80496
80496
80513
80515
80519
80523
80539
80540
80559
80578
80578
80583
80590
80612
80614
80635
80639
80650
80651
80667
80673
80683
80691
80693
80708
80709
80710
80714
80716
80731
80760
80770
80770
80772
80775
80777
80782
80784
80788
80790
80794
80794
80808
80814
80815
80829
80838
80842
80867
80876
80892
80907
80923
80926
80927
80928
80940
80941
80946
80949
80954
80957
80961
80965
80972
80973
80981
80982
80989
80991
80996
81002
81003
81011
81011
81025
81038
81046
81057
81058
81060
81079
81091
81105
81126
81140
81141
81153
81156
81156
81158
81159
81175
81181
81183
81196
81201
81202
81214
81215
81218
81222
81228
81230
81239
81241
81243
81246
81256
81257
81263
81266
81278
81283
81296
81308
81310
81313
81316
81316
81324
81327
81328
81344
81350
81352
81356
81365
81378
81378
81380
81399
81421
81425
81445
81462
81464
81466
81466
81482
81485
81491
81497
81497
81510
81511
81512
81521
81521
81523
81538
81541
81550
81553
81569
81582
81587
81593
81597
81605
81608
81612
81627
81629
81633
81635
81635
81636
81642
81645
81683
81694
81708
81714
81719
81720
81738
81739
81741
81745
81745
81747
81748
81758
81758
81760
81770
81772
81775
81778
81784
81785
81788
81790
81799
81801
81803
81803
81806
81822
81823
81829
81834
81835
81839
81843
81845
81847
81858
81868
81872
81883
81884
81900
81906
81917
81925
81931
81933
81935
81939
81956
81960
81964
81964
81966
81981
81990
81993
82009
82014
82019
82022
82026
82027
82030
82030
82030
82040
82058
82061
82062
82064
82083
82096
82098
82105
82113
82123
82132
82141
82148
82148
82158
82162
82175
82177
82180
82181
82181
82201
82208
82232
82232
82260
82269
82273
82274
82280
82280
82286
82287
82288
82293
82299
82302
82302
82304
82305
82305
82318
82323
82327
82331
82332
82335
82340
82360
82364
82370
82373
82381
82393
82394
82396
82397
82412
82414
82415
82419
82421
82425
82430
82433
82435
82435
82436
82436
82445
82446
82447
82453
82454
82454
82459
82466
82469
82476
82487
82501
82502
82505
82505
82521
82524
82532
82535
82535
82550
82573
82579
82585
82588
82588
82591
82591
82618
82645
82657
82657
82666
82683
82687
82702
82721
82722
82724
82752
82754
82754
82755
82774
82777
82779
82780
82789
82804
82809
82810
82816
82827
82832
82840
82843
82849
82850
82864
82869
82869
82872
82891
82892
82901
82904
82907
82907
82921
82928
82949
82950
82951
82954
82956
82961
82982
82988
82992
83023
83024
83037
83038
83044
83049
83063
83071
83072
83076
83089
83096
83096
83099
83110
83113
83116
83116
83116
83116
83126
83137
83153
83154
83155
83161
83171
83183
83190
83191
83192
83195
83202
83204
83214
83227
83229
83235
83246
83257
83258
83258
83259
83273
83273
83288
83300
83311
83321
83324
83326
83334
83338
83339
83340
83343
83346
83348
83349
83351
83365
83379
83381
83391
83394
83395
83403
83412
83420
83424
83427
83429
83430
83431
83443
83451
83456
83463
83467
83468
83476
83477
83486
83498
83508
83525
83547
83551
83552
83559
83560
83561
83564
83574
83578
83582
83594
83597
83599
83600
83604
83607
83626
83637
83639
83640
83645
83650
83659
83660
83661
83680
83685
83692
83693
83693
83695
83703
83735
83741
83744
83746
83749
83753
83761
83768
83773
83774
83782
83810
83812
83835
83839
83842
83851
83852
83854
83857
83859
83860
83867
83869
83875
83876
83892
83893
83896
83896
83897
83901
83902
83908
83916
83921
83930
83937
83941
83969
83974
83977
83988
83998
84023
84025
84026
84037
84039
84054
84057
84067
84073
84074
84088
84089
84091
84099
84108
84110
84113
84119
84122
84135
84137
84160
84165
84166
84178
84192
84201
84206
84208
84209
84211
84218
84218
84219
84223
84226
84232
84248
84254
84257
84261
84265
84276
84286
84298
84303
84317
84318
84323
84330
84330
84335
84335
84353
84356
84357
84358
84370
84371
84391
84396
84398
84403
84406
84419
84425
84428
84450
84457
84468
84469
84484
84484
84487
84499
84503
84512
84519
84533
84535
84535
84546
84547
84558
84566
84586
84596
84602
84620
84621
84625
84627
84629
84650
84652
84657
84664
84669
84675
84676
84678
84679
84685
84687
84697
84703
84704
84710
84713
84729
84731
84740
84743
84752
84769
84780
84788
84791
84799
84800
84802
84803
84804
84810
84815
84826
84826
84830
84830
84834
84843
84843
84862
84868
84882
84885
84887
84889
84892
84894
84902
84906
84933
84941
84942
84942
84960
84963
84967
84984
84984
84998
85009
85011
85037
85039
85041
85047
85047
85051
85056
85060
85065
85067
85077
85079
85087
85113
85119
85130
85131
85136
85138
85169
85171
85173
85174
85174
85176
85180
85180
85185
85194
85211
85241
85246
85257
85258
85259
85283
85287
85300
85305
85309
85309
85311
85316
85325
85327
85339
85348
85356
85360
85371
85385
85396
85400
85407
85416
85423
85424
85444
85456
85460
85470
85473
85480
85487
85496
85497
85502
85514
85515
85518
85540
85557
85558
85566
85577
85588
85594
85597
85609
85614
85644
85648
85651
85652
85660
85665
85665
85673
85674
85679
85686
85688
85692
85692
85702
85704
85708
85715
85722
85728
85733
85739
85743
85745
85754
85764
85781
85786
85787
85792
85807
85807
85811
85811
85822
85825
85826
85829
85831
85831
85832
85839
85840
85845
85848
85850
85858
85858
85865
85869
85871
85882
85893
85913
85919
85931
85943
85948
85957
85958
85959
85960
85982
85990
85995
85998
85998
86003
86006
86011
86014
86016
86016
86028
86031
86031
86034
86037
86045
86050
86061
86065
86067
86075
86084
86086
86090
86091
86104
86110
86116
86118
86134
86151
86164
86165
86183
86185
86199
86208
86211
86215
86225
86235
86273
86284
86301
86303
86319
86324
86368
86375
86378
86380
86382
86383
86385
86386
86397
86397
86398
86404
86407
86411
86411
86412
86412
86412
86434
86455
86467
86473
86481
86484
86486
86495
86502
86506
86507
86510
86536
86546
86547
86566
86568
86570
86571
86586
86596
86596
86599
86601
86605
86616
86619
86631
86631
86633
86633
86646
86647
86653
86663
86679
86679
86684
86693
86698
86710
86712
86721
86722
86728
86731
86739
86743
86748
86754
86758
86760
86770
86774
86781
86784
86786
86793
86801
86808
86813
86814
86817
86820
86824
86828
86830
86833
86847
86850
86851
86862
86864
86870
86874
86885
86894
86896
86898
86904
86905
86909
86927
86939
86940
86946
86946
86960
86961
86964
86974
86999
87015
87022
87076
87079
87079
87096
87099
87107
87108
87119
87120
87121
87122
87132
87149
87158
87170
87177
87195
87196
87198
87214
87214
87232
87241
87242
87245
87249
87252
87263
87273
87278
87285
87287
87317
87332
87337
87337
87348
87350
87373
87375
87376
87381
87406
87409
87417
87419
87450
87452
87455
87462
87468
87478
87478
87500
87501
87529
87540
87543
87549
87551
87563
87563
87565
87569
87570
87571
87577
87579
87580
87582
87608
87608
87616
87623
87625
87626
87627
87638
87646
87647
87679
87682
87686
87686
87688
87694
87697
87697
87700
87700
87701
87707
87708
87712
87717
87733
87746
87748
87755
87756
87758
87770
87787
87791
87799
87802
87819
87825
87827
87829
87834
87835
87837
87846
87847
87848
87851
87868
87868
87870
87880
87882
87889
87890
87901
87903
87907
87914
87925
87929
87935
87947
87947
87952
87952
87971
87977
87978
87985
87987
87997
88002
88008
88009
88010
88013
88014
88027
88030
88046
88048
88048
88048
88053
88065
88065
88066
88075
88076
88076
88080
88088
88090
88094
88097
88099
88120
88129
88133
88143
88144
88153
88161
88167
88183
88185
88188
88202
88205
88211
88227
88237
88240
88251
88272
88287
88289
88291
88294
88299
88309
88310
88310
88315
88331
88335
88340
88344
88352
88361
88365
88368
88378
88382
88393
88395
88396
88402
88406
88419
88420
88421
88425
88438
88439
88444
88459
88472
88479
88485
88497
88501
88502
88508
88513
88514
88527
88530
88553
88566
88566
88590
88590
88603
88604
88608
88616
88617
88617
88622
88642
88645
88649
88665
88670
88680
88681
88682
88683
88708
88712
88712
88722
88724
88727
88727
88730
88733
88744
88747
88755
88757
88759
88769
88790
88798
88821
88822
88832
88841
88856
88857
88857
88861
88889
88898
88904
88912
88919
88946
88954
88960
88982
88987
88989
88995
88998
89001
89002
89023
89028
89036
89039
89057
89060
89060
89067
89072
89087
89088
89115
89120
89135
89154
89159
89180
89190
89192
89218
89225
89228
89241
89259
89260
89264
89264
89266
89278
89292
89317
89348
89349
89350
89355
89368
89392
89394
89398
89416
89427
89430
89437
89439
89444
89446
89454
89455
89459
89460
89461
89479
89480
89492
89508
89518
89520
89522
89528
89546
89564
89576
89580
89581
89589
89598
89604
89611
89612
89614
89617
89626
89647
89648
89656
89660
89661
89671
89674
89683
89695
89697
89709
89711
89715
89718
89718
89721
89731
89731
89735
89736
89739
89751
89754
68485
2149
85910
85166
29025
72456
44183
58350
58197
91401
71037
65117
62918
35454
18330
35808
34597
76643
27364
33113
23892
60034
58131
98214
62961
58572
93176
86870
20792
96299
11460
5629
14800
13723
90796
60178
86179
51331
18528
44376
59085
89566
9493
38355
41372
44175
74163
75969
37170
17879
25434
61062
77914
99918
75628
57227
58490
85156
60449
95635
97807
71909
1264
28960
1984
8412
89138
88163
76096
7666
32539
35181
13584
58384
89888
71309
2560
64051
63630
39730
98283
89065
17145
76197
88983
9125
49776
63825
10634
10225
59460
8441
98486
77077
37401
471
85489
42891
88634
77937
66910
37526
13118
80494
12262
19358
68155
31174
83410
31786
87257
98045
37203
20754
74242
26186
46231
40370
6363
56865
50595
82176
81659
65433
59253
35412
65904
61094
78304
70891
39032
45214
24769
68502
42060
53383
87861
10216
84558
87623
58354
88167
85668
95557
8921
76262
38095
71504
16632
60810
28370
83579
42986
26381
65364
2239
61793
47621
79686
40097
18512
18718
1663
59633
3572
60076
13016
91433
86644
13926
95408
44998
2093
81076
56907
27366
73690
11354
98871
6674
72164
43593
90253
15151
86326
71970
33742
48119
19591
13428
4569
38103
48498
22584
14088
52071
82660
27104
43504
69304
57383
38913
14302
59476
36341
87561
3195
10032
98915
18418
16706
71080
78363
23312
2583
64689
95282
36325
12808
14873
49754
33729
69328
98252
56314
83416
66675
38974
26872
26532
8279
84255
65445
38933
60084
18138
26495
79631
44522
41762
98049
77581
12842
76412
893
15425
41101
12527
68103
70261
43752
17857
3991
29432
32461
76657
12848
15489
15631
56072
42021
40262
56680
23818
95548
33116
41956
22043
12747
86479
80157
10796
64060
93000
3560
81305
24777
61013
10184
92880
47626
53936
27089
67969
83368
75903
44626
12568
7744
76610
84992
49765
16872
41672
73583
12420
74788
31891
50815
87535
34722
30973
14683
15134
40325
34595
96439
81454
11960
22975
90687
59587
76911
34128
27556
76631
26383
88535
5551
34127
65145
90544
244
82017
48568
90179
10790
23357
22071
61605
27244
56793
8930
58280
71928
65607
9227
84719
47062
21188
7695
54101
80775
958
4581
24683
93942
30965
13218
15845
81444
78363
6389
81689
76733
71310
71868
87523
11019
10291
65480
54615
83437
90763
12895
55365
56370
22123
56436
19784
59663
80483
90237
56790
81442
94819
81473
91736
25784
11044
7581
23580
89407
30323
5269
82492
1633
93490
86367
12652
3781
51848
67267
87218
58963
96515
58935
31685
34990
31724
67822
94653
12207
58059
51443
10001
52878
49268
1737
95014
60312
25671
18595
66072
55994
40216
64916
57627
50058
51284
86631
53840
19484
53898
57410
78447
66765
32698
10132
1755
64422
77954
96408
76629
52366
64203
2983
21596
29824
4720
16611
6488
30391
51558
88912
86385
8126
53829
60364
58185
5113
46995
28377
40949
17246
2139
19396
84011
34837
45880
2119
15611
40187
14879
92241
92553
79083
95224
14149
25259
16296
47112
31747
63040
98670
20660
65777
23149
90841
26142
97686
95954
89489
26063
36903
23087
44554
72651
23451
79392
18531
25570
95003
58718
40449
3596
51271
35884
15172
81773
61143
47821
28885
92891
10861
27556
29903
76638
67057
20744
19132
64743
33050
24974
7158
86305
64413
51712
58956
87864
47456
93839
29786
42460
52558
70236
62408
20181
22472
93933
1954
83616
41754
30840
92859
52615
74748
39114
45605
41805
59858
81090
22900
92908
22416
30058
95565
86829
81770
54521
91046
29227
48360
20832
88039
17270
7420
66799
53804
29893
60732
55758
29861
2486
2950
22720
71453
94050
61834
33411
52207
38044
30853
75107
47304
53269
5165
42869
40098
3288
97390
31144
32515
62102
68329
36906
79373
75749
3705
33177
5642
64438
5287
35503
83276
8238
74575
71082
18640
36409
20845
70848
90805
51698
62307
38109
4967
83825
80978
61417
87113
78368
8914
35980
56823
77243
72886
36196
69344
92943
85725
74987
73733
91012
26842
57010
15602
1418
44444
50595
54179
65289
21443
44985
16987
83750
99446
38306
83927
80425
99723
71040
75145
8637
23372
31968
2232
12610
84516
71577
5554
70241
62916
79287
77606
89758
52649
9560
7528
97093
60155
78060
62382
81598
39397
95721
81701
38843
34027
65628
35620
33751
53021
10766
58740
92745
59086
77325
5356
43603
65254
27262
30196
28170
22901
7802
34280
75551
17363
58161
88996
77518
36221
67731
75469
91970
79804
73522
47165
13832
55502
82786
63935
8523
9904
39027
1269
68990
16352
22977
12593
81606
50239
42790
26128
73140
66944
60409
65043
84307
34922
70392
78178
71143
54475
53647
79465
34279
27169
26630
48111
82671
25768
12046
7547
35672
67426
25168
4663
83778
64497
33608
81737
14736
76398
7865
4228
43343
84626
85624
44002
19548
72368
22180
7043
26843
92179
86508
61122
35700
29491
9234
34724
55259
37632
58623
7284
5058
83791
11947
5189
64640
45555
3278
79376
38306
11143
99956
81649
12122
1932
42003
31670
74300
64184
55066
1143
72715
57926
62266
8416
87417
87852
43140
59029
41836
1763
66313
46895
1906
78260
68436
66546
40167
71714
62274
78473
99209
78582
76474
11331
80515
18478
59354
71167
99014
14420
72311
71729
72346
50929
96497
59764
38781
55989
35145
80617
57752
1458
43864
76010
96070
28652
42556
52589
366
21182
31063
99576
99765
23889
27259
96632
58719
86613
67799
74085
1033
56462
45815
73380
7391
58664
49496
62524
14654
84641
43142
88758
2451
3358
64769
14873
32011
23677
67462
48729
44860
14877
64657
60977
55119
91917
73961
13838
78530
41760
87924
95916
98223
50091
85648
21966
8755
51496
84491
39761
36137
43985
28520
54940
47343
93289
86165
95706
16966
53627
44436
78178
84857
9093
55507
56328
17362
29468
70166
12245
71229
74442
8161
85804
40885
10161
24122
65993
61657
8613
5754
97794
68950
34274
69086
32646
43915
55251
28352
60882
25230
89140
55412
26439
14586
10920
82767
31948
56740
69286
60545
44321
43728
68706
30125
966
78867
70600
66959
40524
95565
72713
54670
64516
23340
40108
97162
67255
11711
41866
44489
53294
31007
99902
79733
61945
27174
62501
10245
83914
48139
70791
44588
8219
55849
91065
9185
34717
61665
76144
91593
57231
65210
62616
21747
88550
2724
35261
72157
14436
77127
16647
67730
24486
32901
63815
86431
76427
42668
13029
76693
90807
83820
21281
99027
39669
12347
24564
90738
74012
17061
82332
31243
82271
44948
69342
87173
64024
4603
59330
94812
81731
92329
78894
6217
25230
42710
9001
1657
1730
22030
78351
92538
22202
15984
7917
61871
28331
32481
52610
2344
49542
51294
49939
48165
12594
19282
51690
76618
23885
27373
87783
21968
19702
66677
44538
61285
25739
53539
79294
27470
91921
73997
36360
14123
89982
44277
92346
18313
93110
44956
37009
42653
12602
86949
7170
25196
22583
75213
18167
62820
2586
22302
1141
38640
88979
45679
99925
31071
15570
95572
58541
23843
85921
94901
37966
75903
55530
30312
10569
48640
91621
47578
7645
4223
50879
31168
45772
89814
6381
80291
68987
8967
2593
70128
47607
7924
15807
63885
38995
47729
75809
13888
71572
61730
8789
25890
53986
80671
72554
64555
29312
64175
28485
36957
84751
95717
68125
46875
85531
90858
27166
54518
99825
29759
40998
63785
37683
73157
44022
93031
20886
19831
6919
8810
97913
32061
34700
51899
12732
7255
16454
42044
87782
44940
95354
72533
57009
79831
19408
42540
70690
46574
13411
86867
92685
70761
50652
46721
43919
94674
39752
64805
30857
46671
89968
28771
78732
24668
80670
91465
48275
13477
49861
36058
74769
45215
8591
31778
41399
44352
90670
12089
7278
20433
15308
99964
91195
65961
46685
35114
76987
86437
16271
7845
33108
6239
52968
28193
30908
49990
19658
79183
63467
69519
31593
38236
31087
40185
86366
72486
889
77037
927
8167
97470
16235
8131
88665
98548
71168
40131
75536
73957
56403
99733
23418
62642
52701
51611
9902
19043
87621
5438
82511
57140
37031
37099
4579
93568
23466
93417
94457
503
94344
18977
14325
26932
43460
19343
25480
14629
75826
17368
88586
32229
33453
28356
11224
2506
79967
37478
21550
67588
59268
4061
41081
12652
41160
45660
6220
80978
39078
17030
97833
49774
36007
28511
93058
79467
47854
18539
10448
23680
52259
15387
72262
85713
43743
99838
88219
40063
53668
26121
24003
12937
30182
65084
25589
87695
27097
48161
85025
82527
81543
82859
32301
33902
11370
25360
13370
75576
60251
40170
15608
28862
55557
87870
30927
15653
4060
35499
55716
57729
61620
79719
87018
8155
44804
28959
95850
88253
93472
97227
70780
75016
80086
19433
8918
7808
61145
38640
83384
37748
78811
98993
66611
50720
3215
97538
66373
7276
49389
38441
81357
11010
18161
68375
19165
79317
97334
31367
67570
90806
28594
54702
82174
25033
74135
91093
32841
51633
46085
16226
89381
41248
31571
72344
91969
34786
86235
74694
58414
35624
13136
39771
46634
31297
24498
82151
26966
38184
13518
10888
28991
42113
65590
27517
83498
56077
34962
16339
7710
81048
32565
13444
38648
64136
85788
46969
15275
88375
21664
73689
24000
34800
29813
86986
82449
54311
69138
25767
92496
82656
36655
37839
41121
18597
65356
24619
74674
319
57311
98737
97719
6228
12181
36367
86717
14321
83337
1992
2697
21353
75681
43049
72505
5494
30035
71306
76158
99173
97073
68654
98182
33728
6493
39303
52325
88201
80275
43351
4872
37586
58440
2591
43814
70621
55311
30531
1295
55000
48875
20344
92705
40909
79745
65210
62755
9780
36516
38913
25306
