0
3
7
9
18
27
44
53
55
68
69
87
92
102
105
125
127
146
147
152
154
165
184
185
204
214
235
245
245
248
256
262
276
277
288
299
308
317
333
337
351
381
400
409
410
411
425
427
434
438
439
454
463
466
496
499
512
529
543
552
553
595
599
622
653
678
682
683
716
726
726
726
737
737
744
750
771
797
813
824
828
841
843
845
860
879
882
885
893
901
902
905
906
910
921
922
932
935
942
944
949
954
957
978
979
1002
1006
1018
1048
1049
1064
1083
1085
1101
1113
1115
1138
1149
1152
1157
1170
1178
1192
1233
1233
1245
1246
1248
1285
1286
1300
1321
1322
1326
1337
1358
1376
1377
1377
1383
1385
1404
1413
1414
1421
1424
1464
1465
1465
1467
1517
1520
1522
1551
1567
1573
1581
1589
1597
1612
1618
1634
1639
1648
1651
1652
1664
1683
1690
1691
1700
1707
1711
1726
1787
1800
1826
1858
1862
1868
1869
1871
1872
1874
1896
1905
1910
1914
1921
1922
1929
1938
1940
1943
1969
1973
1985
2005
2010
2011
2022
2028
2028
2029
2032
2038
2066
2069
2091
2104
2107
2120
2122
2126
2130
2136
2146
2147
2147
2147
2148
2151
2154
2173
2184
2189
2194
2209
2223
2247
2248
2282
2311
2319
2331
2335
2336
2340
2359
2362
2375
2389
2394
2394
2397
2399
2408
2429
2448
2450
2452
2471
2474
2477
2498
2506
2511
2518
2523
2532
2547
2566
2568
2598
2603
2622
2643
2648
2670
2670
2671
2698
2702
2703
2707
2744
2746
2763
2765
2769
2831
2831
2835
2843
2848
2849
2853
2888
2908
2912
2914
2915
2920
2923
2926
2959
2977
2978
2986
2993
2998
3004
3019
3024
3028
3037
3054
3078
3098
3108
3128
3130
3140
3146
3152
3156
3174
3174
3177
3187
3190
3196
3196
3199
3203
3233
3234
3239
3258
3300
3302
3308
3328
3334
3342
3343
3349
3369
3371
3373
3374
3375
3375
3382
3392
3392
3396
3406
3428
3447
3448
3449
3454
3457
3474
3501
3512
3516
3523
3529
3540
3562
3565
3578
3582
3596
3597
3605
3617
3621
3641
3646
3658
3672
3691
3692
3693
3714
3722
3727
3731
3764
3766
3790
3821
3854
3864
3881
3889
3889
3903
3913
3917
3918
3924
3936
3942
3945
3969
3970
3998
4009
4025
4047
4070
4070
4076
4081
4085
4118
4139
4151
4154
4160
4163
4166
4167
4179
4186
4189
4197
4206
4206
4211
4216
4224
4232
4236
4245
4245
4265
4268
4282
4283
4284
4303
4311
4313
4321
4332
4353
4355
4369
4406
4415
4416
4422
4429
4438
4465
4492
4512
4518
4520
4544
4549
4574
4578
4579
4582
4630
4637
4638
4653
4684
4685
4689
4693
4702
4713
4714
4718
4722
4729
4768
4769
4789
4795
4799
4826
4836
4838
4845
4867
4918
4926
4940
4944
4964
4978
4995
5001
5018
5036
5046
5070
5072
5091
5097
5106
5136
5149
5161
5168
5188
5209
5218
5223
5249
5249
5271
5275
5290
5307
5309
5316
5321
5345
5347
5353
5365
5367
5379
5381
5387
5391
5407
5412
5431
5434
5445
5473
5486
5494
5504
5516
5525
5531
5532
5542
5579
5581
5591
5593
5621
5625
5630
5643
5659
5667
5671
5682
5701
5703
5704
5713
5731
5740
5741
5748
5752
5758
5763
5763
5766
5771
5774
5785
5787
5792
5801
5814
5831
5832
5838
5842
5856
5858
5871
5873
5878
5964
5967
6003
6018
6018
6021
6022
6046
6051
6055
6061
6066
6083
6089
6089
6099
6100
6111
6112
6140
6145
6152
6153
6159
6162
6176
6185
6186
6189
6203
6208
6223
6253
6269
6290
6351
6355
6364
6376
6379
6385
6386
6389
6399
6400
6417
6428
6433
6469
6499
6501
6503
6513
6514
6517
6519
6540
6546
6558
6576
6588
6591
6594
6602
6608
6614
6614
6620
6626
6640
6649
6653
6658
6685
6699
6747
6750
6752
6752
6759
6783
6793
6813
6829
6832
6837
6847
6850
6864
6876
6895
6905
6919
6934
6955
6967
6974
6976
6979
6996
7010
7023
7033
7064
7068
7081
7085
7092
7092
7102
7126
7136
7157
7170
7175
7183
7184
7185
7198
7200
7203
7203
7207
7208
7217
7222
7223
7226
7226
7227
7240
7245
7246
7257
7265
7266
7267
7270
7299
7309
7311
7312
7326
7330
7331
7349
7356
7358
7361
7365
7369
7417
7433
7439
7443
7467
7470
7472
7474
7493
7493
7496
7497
7504
7507
7518
7527
7534
7537
7545
7577
7635
7643
7659
7670
7672
7673
7678
7698
7700
7701
7724
7790
7794
7807
7808
7820
7822
7823
7825
7825
7828
7834
7836
7859
7860
7865
7867
7884
7885
7900
7902
7911
7913
7929
7932
7933
7938
7938
7959
7964
7966
7987
7997
7997
8008
8011
8025
8025
8028
8049
8054
8055
8068
8071
8081
8088
8104
8122
8132
8144
8146
8148
8154
8159
8168
8170
8181
8193
8204
8215
8249
8272
8279
8283
8284
8293
8296
8298
8300
8328
8360
8364
8365
8365
8366
8371
8385
8389
8393
8396
8400
8402
8403
8407
8428
8447
8453
8461
8473
8480
8482
8494
8512
8514
8523
8543
8545
8551
8557
8558
8560
8561
8564
8600
8604
8611
8620
8636
8637
8647
8651
8674
8678
8686
8688
8701
8714
8729
8733
8751
8751
8755
8755
8763
8763
8771
8790
8792
8799
8806
8814
8815
8821
8854
8865
8878
8885
8902
8918
8921
8936
8940
8945
8945
8963
8964
8972
8978
8983
8983
8984
9016
9020
9023
9032
9035
9050
9057
9062
9066
9072
9074
9079
9081
9082
9083
9115
9144
9150
9159
9167
9168
9175
9176
9202
9205
9229
9233
9244
9256
9264
9278
9291
9297
9317
9319
9324
9331
9333
9345
9350
9355
9363
9389
9423
9429
9435
9440
9442
9446
9456
9457
9476
9477
9487
9493
9493
9501
9512
9515
9536
9537
9543
9546
9552
9599
9603
9616
9622
9623
9626
9627
9633
9641
9642
9642
9649
9650
9654
9670
9675
9749
9750
9762
9768
9788
9814
9822
9829
9851
9860
9865
9866
9881
9882
9890
9893
9905
9911
9915
9917
9924
9936
9953
9959
9960
9960
9966
9971
9978
9983
9983
9998
10000
10010
10022
10038
10064
10073
10096
10099
10106
10115
10122
10125
10131
10134
10140
10145
10157
10179
10184
10189
10198
10206
10222
10230
10235
10238
10243
10269
10288
10294
10300
10300
10325
10335
10342
10343
10344
10345
10388
10409
10428
10435
10435
10449
10450
10454
10460
10465
10470
10472
10482
10487
10494
10497
10497
10501
10520
10522
10582
10589
10591
10592
10611
10628
10649
10663
10670
10682
10699
10705
10707
10715
10717
10719
10730
10749
10753
10762
10771
10772
10784
10785
10795
10796
10799
10810
10820
10837
10845
10856
10861
10873
10882
10882
10886
10925
10943
10945
10962
10963
10964
10978
10990
11000
11002
11006
11008
11012
11014
11015
11037
11048
11050
11087
11095
11118
11136
11161
11164
11181
11192
11194
11221
11238
11245
11277
11286
11289
11298
11320
11324
11334
11345
11345
11370
11375
11376
11388
11407
11413
11413
11419
11426
11433
11438
11438
11467
11494
11499
11512
11512
11521
11528
11543
11551
11562
11575
11577
11580
11583
11592
11599
11615
11643
11654
11660
11664
11666
11688
11702
11722
11747
11754
11755
11764
11768
11771
11778
11789
11792
11796
11801
11802
11833
11837
11844
11851
11869
11876
11888
11889
11904
11908
11911
11912
11914
11924
11927
11935
11938
11947
11971
11980
12004
12018
12023
12031
12037
12053
12080
12093
12098
12114
12121
12159
12171
12184
12184
12186
12186
12187
12192
12196
12199
12205
12216
12217
12236
12238
12248
12248
12279
12283
12293
12298
12300
12314
12346
12355
12358
12365
12386
12388
12402
12409
12428
12441
12446
12449
12453
12464
12475
12498
12506
12519
12544
12556
12560
12577
12578
12588
12590
12598
12611
12614
12619
12630
12635
12647
12659
12664
12676
12687
12688
12692
12701
12705
12724
12732
12737
12741
12747
12749
12764
12781
12783
12801
12822
12827
12829
12830
12837
12845
12867
12871
12875
12883
12890
12899
12904
12907
12912
12919
12933
12946
12973
12984
12989
13042
13054
13061
13096
13114
13115
13120
13126
13138
13148
13150
13161
13162
13166
13169
13176
13183
13199
13201
13213
13228
13250
13257
13264
13272
13306
13317
13321
13326
13342
13344
13360
13361
13375
13386
13389
13423
13432
13433
13435
13438
13452
13464
13472
13482
13490
13495
13517
13528
13563
13568
13572
13577
13588
13600
13603
13653
13654
13662
13663
13665
13667
13672
13673
13677
13678
13709
13731
13734
13737
13771
13783
13784
13787
13818
13820
13835
13867
13868
13877
13895
13901
13935
13938
13948
13955
13956
13982
13991
13999
14002
14002
14054
14068
14073
14076
14079
14079
14084
14116
14142
14144
14162
14164
14172
14178
14184
14186
14192
14193
14202
14223
14233
14256
14269
14271
14286
14301
14306
14346
14359
14360
14404
14408
14440
14453
14460
14461
14468
14471
14492
14502
14502
14504
14519
14524
14532
14534
14546
14558
14567
14570
14572
14575
14592
14595
14597
14625
14632
14637
14647
14648
14652
14701
14709
14712
14725
14739
14740
14748
14767
14770
14776
14779
14784
14786
14788
14799
14803
14811
14818
14821
14824
14835
14838
14844
14847
14869
14890
14893
14897
14899
14923
14935
14940
14948
14969
14987
14999
15016
15023
15026
15035
15036
15044
15047
15052
15062
15066
15069
15085
15090
15121
15122
15180
15182
15200
15216
15228
15235
15235
15238
15242
15245
15252
15262
15279
15298
15312
15312
15314
15341
15355
15362
15399
15408
15414
15415
15416
15420
15429
15448
15471
15480
15481
15481
15482
15487
15493
15503
15517
15526
15526
15526
15527
15529
15538
15552
15559
15566
15570
15578
15587
15603
15615
15631
15634
15640
15666
15684
15697
15697
15713
15713
15720
15724
15735
15760
15771
15773
15774
15776
15777
15780
15793
15803
15821
15829
15830
15832
15847
15864
15884
15895
15909
15915
15924
15926
15934
15945
15952
15952
15955
15963
15991
16022
16030
16031
16042
16050
16063
16072
16080
16088
16091
16097
16100
16114
16119
16129
16137
16153
16154
16173
16179
16197
16199
16214
16224
16245
16277
16284
16298
16299
16308
16356
16356
16366
16373
16383
16400
16404
16421
16450
16474
16475
16511
16530
16542
16558
16570
16580
16602
16616
16631
16633
16641
16668
16672
16682
16688
16699
16702
16739
16741
16744
16745
16749
16760
16766
16770
16776
16788
16817
16817
16827
16829
16846
16859
16861
16865
16899
16910
16926
16929
16943
16947
16959
16961
16972
16982
16982
16985
16988
17003
17009
17011
17018
17031
17048
17061
17069
17077
17086
17102
17123
17124
17127
17132
17148
17149
17157
17167
17223
17225
17229
17237
17241
17254
17254
17276
17277
17281
17303
17338
17347
17347
17348
17349
17349
17356
17383
17391
17425
17431
17432
17443
17451
17457
17462
17476
17496
17497
17508
17531
17554
17568
17570
17612
17623
17645
17647
17653
17657
17663
17664
17665
17668
17676
17679
17724
17729
17730
17737
17740
17743
17757
17760
17787
17812
17842
17850
17852
17858
17868
17885
17904
17914
17919
17921
17923
17930
17949
17957
17970
17974
17974
17974
17974
18003
18004
18010
18046
18109
18114
18132
18149
18152
18170
18171
18185
18192
18262
18268
18298
18303
18303
18313
18323
18328
18343
18345
18356
18359
18368
18381
18392
18400
18401
18412
18416
18437
18443
18448
18460
18485
18492
18494
18525
18529
18541
18552
18554
18563
18567
18572
18581
18585
18609
18611
18623
18631
18635
18652
18655
18672
18691
18696
18711
18713
18715
18722
18741
18771
18780
18791
18811
18817
18825
18852
18854
18856
18859
18861
18888
18891
18895
18898
18913
18943
18967
18974
18986
18998
19002
19007
19014
19031
19037
19038
19051
19059
19076
19088
19094
19104
19106
19113
19122
19132
19144
19162
19167
19186
19192
19199
19208
19210
19214
19216
19230
19231
19239
19283
19291
19295
19295
19299
19306
19309
19311
19330
19339
19341
19344
19349
19350
19353
19360
19365
19370
19375
19387
19427
19463
19480
19498
19505
19505
19510
19532
19542
19554
19562
19572
19573
19573
19592
19617
19617
19630
19632
19637
19648
19666
19669
19669
19684
19690
19709
19711
19713
19725
19726
19731
19732
19740
19741
19775
19780
19796
19803
19810
19833
19842
19849
19850
19867
19879
19884
19891
19892
19894
19895
19905
19909
19913
19918
19961
19965
19969
19973
19985
19992
19993
19994
20035
20037
20049
20064
20069
20070
20090
20090
20099
20102
20123
20127
20137
20138
20139
20139
20145
20172
20175
20198
20201
20204
20249
20272
20279
20282
20286
20289
20294
20294
20315
20318
20327
20349
20365
20373
20374
20390
20390
20391
20396
20398
20411
20429
20473
20476
20493
20504
20508
20522
20524
20537
20559
20572
20577
20610
20617
20637
20639
20649
20670
20689
20696
20700
20701
20702
20727
20727
20747
20758
20800
20810
20819
20837
20840
20855
20858
20863
20889
20905
20905
20913
20916
20928
20943
20944
20945
20967
20974
20988
21004
21005
21012
21020
21023
21030
21043
21044
21046
21052
21061
21076
21099
21107
21109
21121
21131
21155
21161
21170
21216
21227
21233
21267
21284
21287
21287
21298
21300
21317
21321
21344
21346
21362
21383
21389
21406
21445
21469
21476
21482
21500
21506
21514
21519
21526
21526
21530
21534
21535
21540
21551
21561
21570
21574
21580
21605
21612
21615
21632
21647
21656
21671
21674
21676
21692
21723
21749
21767
21777
21783
21786
21787
21789
21798
21807
21817
21831
21834
21845
21851
21864
21865
21867
21867
21869
21873
21887
21890
21893
21896
21916
21923
21924
21927
21930
21938
21947
21952
21983
21989
21998
22003
22003
22005
22007
22009
22034
22038
22043
22055
22070
22073
22076
22079
22097
22099
22104
22106
22110
22118
22125
22131
22137
22138
22151
22180
22182
22186
22194
22203
22217
22220
22243
22253
22257
22261
22273
22274
22298
22309
22311
22321
22326
22333
22338
22345
22345
22369
22369
22369
22403
22407
22412
22413
22423
22428
22428
22463
22468
22481
22486
22493
22507
22519
22530
22539
22547
22554
22564
22569
22573
22601
22616
22620
22648
22654
22672
22683
22694
22704
22709
22718
22733
22739
22761
22772
22779
22783
22798
22818
22873
22878
22889
22910
22914
22919
22920
22922
22931
22944
22946
22946
22953
22956
22958
22961
22971
22980
22992
22992
22998
23004
23011
23013
23015
23018
23022
23024
23031
23055
23075
23084
23089
23097
23105
23105
23105
23106
23129
23140
23144
23168
23170
23186
23191
23195
23196
23199
23200
23214
23232
23242
23244
23254
23277
23290
23290
23302
23316
23350
23352
23357
23360
23362
23364
23395
23397
23398
23403
23418
23423
23427
23438
23443
23448
23468
23471
23481
23491
23492
23514
23514
23536
23536
23537
23569
23581
23601
23604
23613
23620
23625
23628
23631
23634
23641
23661
23681
23684
23687
23694
23699
23705
23723
23725
23725
23745
23754
23778
23791
23807
23839
23852
23857
23858
23877
23891
23891
23896
23899
23916
23917
23934
23935
23959
23975
23983
23986
23998
24011
24018
24019
24033
24047
24051
24051
24069
24079
24087
24096
24100
24101
24101
24102
24105
24110
24110
24117
24119
24125
24137
24152
24157
24166
24174
24234
24303
24308
24312
24316
24318
24346
24357
24366
24372
24379
24383
24385
24385
24424
24468
24494
24494
24503
24515
24517
24530
24539
24547
24549
24554
24594
24621
24623
24636
24642
24646
24683
24699
24740
24751
24776
24790
24806
24820
24824
24832
24837
24854
24855
24856
24870
24874
24880
24882
24884
24896
24898
24902
24904
24927
24933
24972
24974
25000
25005
25005
25010
25023
25038
25041
25052
25060
25066
25070
25075
25092
25124
25151
25177
25179
25182
25194
25203
25211
25225
25235
25247
25248
25254
25254
25284
25285
25290
25296
25306
25319
25320
25326
25332
25337
25349
25357
25402
25408
25411
25414
25432
25442
25467
25471
25483
25484
25487
25491
25492
25498
25498
25507
25529
25543
25559
25563
25567
25572
25582
25584
25587
25588
25593
25619
25628
25643
25654
25677
25684
25685
25701
25704
25715
25725
25726
25752
25764
25786
25790
25814
25851
25863
25883
25893
25925
25944
25946
25955
25969
26001
26011
26027
26041
26043
26048
26054
26103
26109
26111
26117
26148
26153
26159
26166
26169
26178
26185
26186
26187
26195
26199
26199
26208
26209
26210
26215
26216
26232
26237
26243
26247
26250
26258
26260
26270
26271
26295
26296
26299
26299
26305
26308
26329
26335
26345
26362
26386
26393
26417
26433
26436
26439
26440
26445
26455
26458
26459
26463
26468
26475
26491
26497
26501
26502
26503
26511
26513
26532
26533
26549
26550
26555
26569
26572
26579
26582
26586
26596
26621
26624
26626
26632
26641
26646
26652
26654
26667
26667
26668
26674
26698
26699
26704
26704
26720
26721
26722
26723
26746
26747
26755
26772
26784
29040
24118
25030
24343
27123
7087
29851
2005
3020
20487
4347
25139
14775
7828
11835
3076
9007
10435
22290
25633
5099
27519
5556
19918
16904
4850
28964
11007
9723
415
26206
8763
24534
27588
3106
28009
4676
9310
15
14048
29797
4362
9188
14572
12190
21023
24000
21198
7810
22643
16831
19262
26514
28740
15532
13418
9942
14496
777
19665
14912
26983
4780
15798
24572
7887
13807
5600
17197
13822
26000
23346
18185
11540
7918
6727
2563
8271
27925
16726
7266
21109
12340
3780
26201
27872
17198
6143
18721
24327
2161
9985
21311
6941
25783
22235
21180
9590
4187
14729
23413
6539
8075
17950
18080
22346
24677
26995
6969
22603
13721
14235
13712
2413
18015
16265
286
11565
22408
19007
5892
921
28992
3555
14215
1127
2142
5395
10717
12681
26477
4130
19221
4552
28432
7301
26898
23110
4296
10219
15713
24370
24454
5777
26783
18821
22042
27069
386
20802
22428
12631
28076
27772
22538
12291
28899
1033
24038
9617
13714
20515
20099
2935
25068
18532
16588
28318
11642
20885
8538
3707
21607
9344
15836
18390
28166
7878
21812
4904
5032
14240
23887
3108
12013
16426
15399
17264
23811
9438
26881
7525
6305
23333
16813
7725
11865
9753
6044
29859
6990
20934
3566
28597
6630
19402
23340
4796
3632
15152
16053
8664
5744
9940
18125
17757
2718
3524
11374
26529
19314
8255
10407
1972
7940
3572
9697
19805
13325
15741
26016
20316
13027
29582
18913
19658
25336
12253
806
28968
3757
16859
13985
9502
26800
2110
3611
29518
11986
14985
2400
7653
29593
12807
9625
7533
16379
19322
3691
29704
11416
29707
26372
795
29290
21638
20453
978
10243
27612
29947
14001
14471
20284
29855
11271
28746
3466
17142
10732
18452
19542
24737
24397
8701
10714
1930
25080
6389
5621
1136
24157
5329
3861
24952
10971
25499
21758
11949
12094
