0
2
10
11
20
29
29
55
59
62
72
81
87
88
88
88
92
96
112
114
120
149
153
153
159
167
171
173
177
180
185
186
190
198
203
215
221
235
236
244
249
252
252
253
261
271
296
298
311
317
319
322
323
323
323
324
334
338
348
354
357
359
359
360
361
365
370
371
373
380
380
383
386
388
388
389
393
397
400
403
403
404
408
409
417
417
425
441
447
450
458
459
462
474
476
484
486
486
493
506
515
517
534
536
540
541
542
542
543
549
550
551
560
563
569
570
574
576
581
599
599
601
603
605
607
613
613
623
636
636
650
655
669
673
678
682
686
688
735
736
737
738
741
747
751
754
756
762
764
765
768
774
775
776
776
785
793
795
807
825
834
836
838
842
850
852
853
854
859
859
861
865
865
873
874
880
885
891
895
905
917
917
926
928
934
946
955
960
974
979
982
983
985
986
998
1005
1019
1039
1044
1049
1050
1054
1054
1081
1081
1082
1083
1085
1102
1103
1117
1118
1119
1120
1126
1139
1144
1145
1145
1147
1149
1151
1165
1166
1173
1188
1198
1208
1210
1211
1213
1214
1217
1226
1229
1229
1234
1249
1251
1278
1283
1290
1290
1290
1291
1295
1295
1311
1312
1322
1323
1327
1328
1329
1341
1355
1361
1367
1373
1376
1378
1380
1396
1396
1400
1406
1411
1411
1416
1418
1420
1427
1437
1438
1465
1475
1476
1480
1498
1499
1501
1516
1518
1523
1545
1547
1553
1556
1560
1562
1570
1572
1573
1574
1574
1577
1577
1587
1592
1597
1600
1612
1620
1630
1630
1642
1644
1644
1645
1652
1655
1668
1674
1675
1680
1689
1691
1696
1705
1706
1706
1707
1715
1718
1731
1753
1762
1779
1779
1788
1797
1800
1806
1809
1820
1824
1826
1828
1836
1846
1852
1856
1857
1860
1866
1871
1890
1892
1892
1915
1915
1918
1922
1942
1949
1959
1972
1986
1995
1998
2000
2003
2007
2025
2028
2030
2036
2040
2040
2045
2046
2050
2050
2051
2056
2059
2065
2073
2087
2090
2094
2099
2108
2108
2113
2122
2132
2135
2136
2139
2143
2148
2151
2163
2166
2166
2167
2169
2172
2174
2201
2208
2210
2211
2213
2218
2218
2219
2239
2247
2250
2264
2268
2298
2304
2309
2316
2316
2318
2330
2334
2342
2342
2349
2358
2385
2388
2391
2397
2399
2403
2410
2412
2414
2423
2426
2428
2429
2438
2456
2471
2476
2477
2484
2491
2499
2504
2512
2529
2538
2539
2541
2543
2545
2547
2550
2550
2560
2564
2580
2593
2597
2599
2602
2603
2607
2607
2608
2620
2626
2640
2645
2650
2653
2670
2681
2686
2706
2712
2716
2731
2732
2737
2745
2746
2754
2756
2768
2779
2781
2792
2794
2795
2798
2804
2819
2819
2823
2826
2826
2830
2834
2848
2854
2860
2873
2875
2877
2878
2879
2888
2897
2897
2900
2902
2902
2907
2908
2913
2913
2926
2926
2927
2936
2936
2938
2939
2958
2962
2967
2968
2968
2973
2976
2977
2978
2985
2995
3002
3005
3010
3012
3014
3015
3019
3032
3037
3046
3049
3064
3081
3085
3086
3089
3090
3091
3111
3115
3121
3133
3139
3140
3143
3146
3148
3153
3154
3163
3171
3176
3184
3191
3192
3192
3203
3208
3209
3214
3233
3235
3237
3238
3239
3239
3262
3265
3265
3266
3272
3304
3306
3307
3310
3311
3314
3324
3325
3326
3340
3354
3363
3372
3387
3388
3396
3409
3409
3410
3415
3428
3453
3454
3462
3466
3478
3479
3480
3487
3504
3509
3520
3522
3526
3532
3538
3538
3541
3554
3554
3558
3564
3579
3582
3594
3604
3615
3628
3650
3654
3663
3666
3673
3674
3675
3675
3675
3677
3682
3686
3688
3696
3699
3700
3705
3707
3712
3718
3725
3725
3730
3734
3736
3747
3749
3753
3765
3766
3767
3770
3772
3774
3774
3777
3778
3780
3789
3818
3827
3831
3845
3847
3849
3850
3855
3855
3861
3878
3878
3880
3882
3894
3896
3908
3912
3915
3918
3934
3951
3952
3955
3957
3961
3974
3974
3977
3986
3992
3994
3998
4011
4014
4017
4020
4023
4026
4034
4047
4070
4076
4082
4083
4098
4113
4117
4125
4140
4151
4164
4167
4194
4208
4210
4221
4223
4227
4234
4235
4237
4248
4251
4265
4278
4284
4295
4315
4319
4324
4326
4328
4332
4349
4351
4355
4355
4362
4367
4372
4377
4382
4386
4388
4389
4398
4405
4429
4430
4433
4433
4441
4448
4453
4462
4465
4466
4480
4481
4496
4498
4498
4499
4502
4502
4504
4512
4520
4520
4533
4533
4547
4560
4562
4565
4587
4590
4594
4595
4598
4599
4607
4618
4620
4630
4638
4650
4656
4657
4662
4663
4670
4676
4677
4687
4690
4695
4715
4717
4720
4734
4746
4749
4750
4753
4756
4756
4756
4758
4759
4760
4761
4765
4769
4770
4772
4778
4801
4802
4808
4808
4812
4821
4821
4823
4826
4832
4833
4834
4839
4839
4843
4854
4859
4863
4863
4865
4887
4907
4911
4912
4940
4941
4978
5007
5015
5017
5020
5023
5023
5025
5027
5031
5038
5051
5053
5065
5071
5076
5079
5088
5096
5097
5099
5102
5109
5125
5128
5128
5133
5134
5137
5141
5150
5155
5156
5164
5167
5172
5173
5179
5182
5187
5192
5195
5195
5205
5208
5223
5225
5225
5230
5231
5234
5237
5251
5260
5263
5264
5274
5279
5296
5297
5301
5309
5309
5312
5312
5317
5323
5326
5331
5333
5340
5361
5361
5362
5367
5375
5381
5384
5392
5395
5400
5404
5408
5408
5413
5414
5422
5431
5434
5438
5446
5449
5449
5459
5476
5490
5498
5499
5528
5532
5534
5552
5560
5563
5568
5580
5583
5588
5590
5591
5594
5604
5606
5627
5634
5634
5636
5657
5660
5664
5667
5672
5673
5677
5684
5698
5699
5701
5706
5708
5711
5713
5736
5737
5738
5747
5748
5755
5771
5772
5795
5797
5799
5799
5803
5806
5807
5819
5821
5824
5827
5836
5844
5857
5883
5887
5896
5897
5898
5901
5910
5917
5925
5929
5944
5948
5950
5963
5964
5969
5971
5972
5974
5982
5986
6004
6007
6021
6022
6024
6029
6043
6059
6063
6070
6077
6080
6080
6089
6096
6102
6103
6109
6113
6116
6129
6140
6141
6150
6162
6162
6171
6185
6191
6191
6194
6195
6198
6199
6201
6202
6223
6230
6230
6241
6245
6247
6253
6253
6257
6259
6259
6262
6271
6278
6282
6282
6284
6285
6294
6294
6295
6302
6306
6308
6323
6323
6330
6331
6350
6350
6352
6355
6356
6358
6368
6374
6381
6382
6384
6385
6390
6390
6411
6411
6424
6442
6457
6459
6464
6474
6479
6481
6499
6499
6506
6509
6515
6520
6531
6538
6541
6546
6550
6564
6567
6575
6576
6580
6585
6594
6594
6601
6610
6618
6625
6626
6627
6630
6639
6640
6641
6649
6653
6662
6667
6678
6693
6693
6706
6723
6733
6740
6742
6749
6749
6753
6756
6756
6778
6778
6789
6792
6797
6797
6798
6799
6805
6818
6827
6830
6853
6866
6867
6876
6885
6885
6890
6891
6898
6907
6919
6922
6932
6937
6939
6944
6944
6946
6954
6956
6969
6975
6981
6984
6985
6990
6991
6992
6994
6995
7004
7008
7010
7017
7033
7035
7038
7040
7042
7047
7052
7055
7061
7077
7082
7100
7110
7110
7112
7118
7127
7135
7142
7142
7148
7151
7153
7159
7177
7183
7188
7192
7202
7203
7206
7209
7215
7219
7225
7228
7230
7243
7249
7260
7276
7277
7277
7281
7290
7294
7297
7303
7311
7316
7316
7317
7334
7339
7344
7351
7352
7354
7360
7368
7393
7397
7413
7425
7428
7440
7444
7448
7456
7464
7475
7479
7484
7486
7492
7496
7502
7503
7506
7515
7525
7531
7531
7533
7546
7548
7553
7554
7568
7591
7609
7615
7619
7623
7624
7629
7630
7630
7631
7633
7634
7638
7647
7650
7661
7669
7675
7687
7693
7694
7702
7706
7709
7713
7718
7739
7740
7742
7744
7753
7763
7769
7773
7776
7787
7794
7794
7797
7809
7815
7820
7825
7832
7845
7847
7850
7855
7859
7861
7881
7881
7884
7884
7889
7893
7895
7906
7918
7924
7924
7934
7935
7935
7937
7937
7943
7948
7949
7968
7973
7987
7994
7995
7996
7997
8014
8017
8019
8020
8027
8028
8032
8042
8043
8048
8051
8051
8052
8055
8060
8062
8063
8075
8080
8085
8089
8089
8089
8094
8099
8101
8112
8120
8121
8121
8128
8128
8137
8139
8141
8145
8147
8148
8160
8165
8169
8175
8177
8183
8192
8194
8219
8233
8234
8239
8259
8262
8279
8282
8293
8297
8298
8306
8316
8319
8323
8326
8338
8346
8352
8361
8363
8373
8380
8384
8389
8393
8394
8397
8423
8446
8466
8483
8494
8498
8503
8503
8512
8512
8514
8517
8531
8558
8558
8565
8588
8605
8614
8615
8616
8619
8627
8636
8650
8653
8660
8661
8672
8682
8686
8707
8713
8717
8718
8720
8721
8723
8723
8726
8733
8735
8735
8739
8751
8753
8755
8761
8767
8779
8785
8785
8798
8802
8805
8807
8817
8827
8828
8834
8840
8843
8856
8861
8863
8863
8864
8868
8870
8870
8871
8873
8874
8903
8907
8909
8914
8915
8919
8930
8931
8946
8957
8958
8962
8967
8972
8973
8976
8981
8981
8985
8986
8995
9005
9007
9011
9012
9016
9028
9040
9044
9045
9049
9049
9056
9059
9068
9069
9072
9077
9081
9086
9086
9087
9090
9091
9094
9105
9106
9109
9112
9129
9153
9169
9171
9179
9192
9192
9201
9203
9213
9219
9223
9224
9225
9227
9240
9240
9241
9244
9245
9251
9260
9268
9280
9282
9288
9289
9290
9293
9298
9300
9300
9315
9331
9337
9342
9343
9347
9348
9353
9362
9371
9377
9377
9379
9380
9387
9389
9390
9392
9394
9401
9402
9405
9408
9427
9432
9433
9435
9436
9438
9441
9447
9451
9455
9462
9466
9466
9468
9468
9470
9497
9498
9501
9506
9512
9512
9516
9519
9525
9542
9546
9549
9557
9561
9563
9567
9570
9596
9596
9600
9600
9600
9602
9611
9616
9629
9633
9635
9635
9637
9640
9644
9648
9651
9659
9662
9664
9665
9684
9695
9701
9709
9710
9711
9711
9725
9726
9747
9773
9778
9781
9784
9798
9806
9809
9809
9820
9830
9835
9844
9846
9847
9849
9850
9871
9874
9880
9881
9883
9886
9902
9902
9905
9911
9936
9955
9971
9972
9981
9983
9986
9991
9997
10006
10007
10009
10026
10032
10033
10039
10045
10045
10051
10052
10060
10062
10066
10068
10075
10077
10099
10104
10104
10116
10119
10126
10127
10129
10134
10135
10135
10147
10149
10151
10160
10162
10172
10173
10177
10178
10227
10236
10244
10244
10247
10247
10252
10265
10278
10279
10282
10297
10307
10319
10326
10328
10329
10331
10337
10341
10355
10356
10357
10360
10368
10379
10400
10404
10412
10414
10415
10417
10425
10427
10430
10443
10451
10455
10461
10465
10467
10476
10477
10512
10524
10529
10547
10557
10560
10561
10563
10568
10572
10573
10583
10584
10590
10597
10598
10603
10606
10611
10612
10614
10620
10625
10626
10629
10630
10636
10653
10655
10655
10672
10679
10682
10684
10709
10713
10720
10722
10727
10741
10748
10750
10772
10778
10786
10791
10791
10792
10792
10795
10803
10806
10807
10823
10826
10826
10827
10842
10843
10844
10847
10853
10857
10860
10864
10868
10870
10873
10873
10874
10875
10877
10888
10900
10913
10920
10923
10940
10941
10963
10976
10976
10978
10982
10987
10993
10994
11000
11000
11016
11020
11031
11035
11036
11044
11054
11061
11063
11065
11070
11074
11086
11089
11091
11093
11098
11099
11107
11111
11119
11120
11125
11129
11131
11132
11146
11156
11163
11164
11164
11172
11173
11183
11185
11192
11219
11233
11244
11246
11252
11258
11259
11262
11271
11276
11286
11301
11302
11303
11309
11311
11312
11313
11315
11322
11328
11328
11334
11340
11353
11354
11366
11388
11396
11407
11410
11418
11426
11439
11441
11448
11457
11457
11465
11473
11475
11480
11485
11491
11494
11498
11516
11538
11543
11545
11549
11551
11554
11554
11562
11567
11572
11572
11575
11577
11580
11580
11583
11583
11592
11592
11604
11610
11618
11621
11623
11624
11630
11633
11634
11635
11640
11641
11660
11663
11665
11679
11686
11687
11687
11687
11689
11701
11702
11702
11723
11725
11727
11734
11746
11749
11750
11754
11764
11769
11769
11770
11776
11783
11786
11789
11790
11796
11807
11809
11809
11810
11829
11840
11845
11845
11850
11856
11872
11878
11897
11904
11910
11918
11922
11923
11924
11943
11944
11949
11957
11959
11978
11988
11998
12002
12014
12015
12030
12034
12041
12044
12048
12058
12061
12070
12073
12076
12083
12106
12109
12111
12129
12141
12143
12161
12161
12164
12177
12187
12188
12194
12195
12198
12204
12205
12215
12228
12229
12234
12235
12237
12244
12255
12258
12263
12268
12270
12272
12287
12296
12312
12334
12335
12343
12344
12362
12370
12391
12397
12400
12403
12427
12440
12442
12442
12446
12459
12460
12468
12475
12482
12484
12487
12490
12496
12503
12508
12511
12512
12519
12521
12531
12532
12537
12540
12543
12544
12548
12552
12554
12555
12562
12564
12566
12580
12581
12585
12589
12594
12614
12616
12620
12623
12625
12633
12645
12645
12657
12660
12668
12673
12674
12678
12686
12686
12696
12700
12702
12702
12702
12704
12719
12722
12725
12744
12754
12754
12757
12767
12768
12770
12789
12808
12823
12825
12825
12828
12829
12833
12834
12839
12866
12867
12868
12882
12889
12893
12899
12941
12948
12952
12959
12962
12980
12985
12995
13006
13021
13022
13024
13027
13035
13039
13040
13056
13060
13068
13070
13070
13074
13085
13085
13086
13092
13100
13108
13109
13110
13111
13114
13116
13118
13122
13125
13126
13128
13130
13131
13137
13139
13140
13145
13145
13161
13183
13188
13204
13205
13217
13231
13233
13244
13245
13260
13261
13271
13282
13285
13293
13299
13301
13304
13312
13328
13328
13329
13342
13348
13352
13364
13366
13367
13373
13381
13383
13383
13387
13394
13397
13401
13421
13424
13440
13441
13443
13453
13453
13460
13480
13486
13486
13489
13491
13493
13504
13505
13508
13510
13515
13517
13517
13523
13540
13549
13552
13552
13554
13555
13558
13561
13578
13592
13598
13602
13609
13614
13621
13624
13627
13638
13643
13650
13660
13681
13692
13702
13702
13709
13717
13725
13727
13728
13734
13737
13742
13751
13753
13756
13757
13758
13768
13770
13784
13785
13796
13799
13802
13802
13810
13813
13814
13816
13821
13825
13831
13837
13837
13843
13848
13856
13856
13865
13870
13874
13875
13875
13887
13908
13909
13912
13916
13919
13925
13926
13927
13927
13930
13937
13945
13945
13949
13959
13966
13992
14008
14015
14026
14032
14032
14032
14033
14044
14051
14052
14053
14056
14060
14062
14065
14066
14071
14073
14081
14082
14084
14088
14093
14113
14126
14131
14140
14141
14146
14158
14180
14184
14204
14213
14219
14229
14241
14244
14246
14249
14249
14254
14258
14262
14263
14267
14274
14275
14289
14289
14291
14294
14299
14299
14307
14312
14324
14331
14334
14334
14354
14371
14378
14397
14402
14419
14426
14433
14439
14445
14456
14459
14464
14467
14468
14475
14479
14480
14487
14494
14499
14501
14510
14511
14514
14532
14535
14539
14545
14547
14551
14551
14572
14573
14587
14592
14601
14606
14610
14614
14641
14655
14659
14666
14672
14674
14675
14679
14682
14686
14690
14695
14697
14698
14701
14713
14716
14740
14750
14752
14760
14765
14768
14780
14792
14792
14793
14796
14800
14800
14811
14822
14823
14828
14829
14829
14834
14839
14842
14851
14853
14878
14879
14890
14896
14896
14899
14911
14917
14919
14930
14934
14940
14940
14960
14965
14976
14976
14982
14983
14994
15001
15010
15021
15029
15030
15047
15054
15057
15066
15071
15076
15076
15079
15084
15086
15089
15106
15112
15113
15114
15116
15127
15130
15131
15133
15140
15151
15161
15165
15171
15171
15173
15177
15196
15204
15209
15235
15239
15241
15250
15252
15253
15253
15258
15258
15266
15270
15271
15284
15286
15287
15298
15298
15299
15299
15304
15309
15311
15317
15339
15341
15344
15362
15389
15391
15397
15408
15414
15420
15423
15425
15432
15439
15451
15452
15461
15462
15462
15464
15478
15482
15484
15493
15495
15496
15498
15519
15520
15522
15523
15527
15535
15544
15549
15553
15554
15557
15565
15569
15573
15578
15579
15588
15592
15592
15596
15600
15607
15616
15622
15623
15631
15642
15645
15652
15654
15664
15666
15671
15675
15687
15693
15694
15700
15707
15711
15712
15720
15735
15739
15742
15744
15752
15753
15754
15757
15771
15771
15778
15787
15794
15798
15806
15807
15810
15818
15822
15837
15837
15838
15850
15852
15861
15862
15865
15869
15880
15885
15887
15891
15902
15902
15905
15907
15907
15918
15923
15925
15941
15942
15946
15950
15955
15958
15965
15976
15980
15982
15991
15991
15993
15993
15994
15996
16003
16010
16014
16016
16016
16026
16045
16063
16082
16084
16087
16104
16119
16122
16131
16143
16151
16158
16173
16175
16180
16189
16202
16220
16226
16237
16242
16242
16244
16246
16264
16264
16273
16275
16276
16283
16285
16290
16294
16296
16303
16304
16306
16308
16316
16324
16331
16337
16341
16349
16352
16355
16360
16365
16372
16376
16382
16384
16393
16398
16410
16417
16422
16424
16427
16432
16434
16434
16438
16444
16446
16447
16452
16462
16477
16479
16479
16480
16486
16498
16500
16501
16508
16508
16516
16521
16525
16540
16541
16546
16548
16552
16553
16568
16569
16570
16571
16574
16575
16578
16579
16586
16591
16593
16593
16596
16596
16601
16617
16625
16634
16635
16638
16639
16662
16665
16667
16669
16669
16671
16682
16688
16724
16726
16727
16729
16742
16745
16750
16752
16754
16755
16762
16762
16764
16765
16779
16785
16792
16792
16796
16806
16812
16814
16825
16830
16837
16848
16854
16855
16861
16867
16879
16883
16887
16888
16891
16900
16910
16910
16914
16917
16929
16950
16958
16958
16966
16977
16981
16988
16996
16998
17001
17007
17008
17017
17018
17039
17040
17042
17046
17057
17067
17068
17070
17083
17089
17090
17092
17096
17100
17105
17107
17114
17119
17120
17136
17142
17144
17150
17155
17156
17162
17164
17170
17171
17174
17177
17177
17183
17184
17187
17188
17192
17194
17210
17210
17214
17220
17223
17239
17245
17246
17254
17264
17271
17279
17280
17294
17307
17307
17308
17311
17320
17324
17330
17335
17345
17346
17355
17377
17384
17386
17390
17390
17391
17397
17404
17410
17412
17413
17417
17419
17426
17432
17433
17436
17442
17442
17445
17447
17452
17457
17463
17465
17469
17469
17479
17489
17491
17492
17492
17502
17511
17514
17515
17515
17518
17530
17533
17546
17551
17558
17566
17569
17569
17583
17592
17601
17613
17616
17626
17626
17632
17638
17651
17652
17656
17669
17674
17683
17687
17694
17694
17698
17707
17716
17720
17726
17730
17732
17740
17740
17740
17744
17755
17759
17760
17765
17797
17799
17804
17811
17813
17815
17819
17833
17834
17841
17849
17862
17869
17873
17874
17875
17877
17883
17886
17910
17913
17943
17949
17954
17955
17956
17956
17960
17961
17965
17974
17984
17989
17992
18003
18012
18022
18030
18033
18033
18036
18036
18042
18043
18047
18048
18049
18051
18055
18061
18073
18074
18082
18088
18098
18100
18127
18131
18133
18135
18137
18137
18147
18152
18167
18173
18188
18190
18194
18199
18210
18211
18218
18227
18228
18242
18247
18248
18254
18254
18265
18268
18271
18281
18289
18292
18303
18312
18312
18320
18344
18350
18358
18360
18361
18364
18368
18368
18380
18383
18384
18389
18403
18404
18408
18415
18416
18422
18430
18436
18449
18453
18456
18460
18461
18462
18463
18464
18474
18477
18479
18495
18532
18534
18535
18536
18544
18546
18547
18549
18556
18560
18568
18579
18585
18600
18602
18605
18619
18626
18628
18630
18633
18646
18660
18668
18671
18678
18697
18716
18729
18732
18735
18736
18741
18743
18750
18772
18774
18774
18783
18826
18831
18831
18832
18836
18841
18842
18850
18854
18864
18879
18883
18908
18912
18918
18926
18931
18934
18941
18941
18943
18952
18982
18985
18987
18991
19009
19013
19016
19017
19019
19035
19038
19044
19048
19055
19057
19057
19058
19062
19064
19066
19068
19078
19080
19089
19112
19120
19121
19130
19144
19147
19149
19150
19153
19153
19155
19159
19169
19186
19192
19197
19199
19201
19202
19202
19205
19211
19222
19232
19234
19245
19270
19282
19287
19289
19294
19296
19299
19306
19306
19308
19309
19310
19311
19313
19314
19323
19345
19347
19348
19350
19356
19357
19367
19369
19369
19378
19382
19389
19390
19396
19407
19410
19438
19444
19447
19459
19459
19473
19489
19493
19497
19500
19512
19516
19519
19530
19531
19532
19534
19541
19543
19548
19549
19556
19558
19558
19563
19571
19574
19574
19579
19593
19595
19595
19596
19596
19597
19599
19599
19605
19607
19608
19611
19637
19638
19656
19663
19664
19670
19671
19672
19685
19685
19702
19725
19727
19733
19751
19764
19767
19773
19778
19783
19787
19788
19800
19810
19824
19826
19865
19875
19892
19898
19901
19902
19905
19909
19923
19931
19945
19949
19951
19953
19960
19962
19963
20001
20002
20006
20014
20024
20029
20029
20032
20042
20043
20048
20056
20068
20073
20076
20076
20077
20081
20082
20088
20091
20096
20103
20104
20110
20114
20114
20128
20131
20135
20137
20144
20144
20160
20166
20173
20174
20182
20194
20194
20199
20199
20200
20202
20203
20207
20210
20211
20226
20226
20228
20229
20232
20247
20251
20251
20259
20259
20265
20268
20298
20299
20299
20302
20307
20310
20324
20335
20337
20345
20361
20362
20373
20376
20383
20384
20389
20400
20401
20402
20408
20432
20434
20439
20462
20483
20492
20516
20519
20526
20551
20560
20572
20582
20585
20593
20599
20600
20603
20604
20629
20636
20638
20640
20649
20650
20651
20653
20658
20660
20660
20667
20670
20690
20691
20692
20702
20703
20709
20723
20725
20727
20728
20730
20739
20749
20752
20754
20760
20763
20765
20786
20790
20797
20801
20806
20813
20816
20816
20817
20827
20828
20835
20835
20844
20846
20856
20864
20881
20889
20905
20907
20909
20929
20931
20932
20946
20946
20951
20959
20961
20963
20985
20986
20998
21001
21007
21008
21011
21013
21019
21025
21037
21040
21049
21053
21055
21066
21066
21073
21078
21089
21091
21096
21098
21122
21140
21142
21142
21153
21153
21163
21177
21186
21186
21202
21206
21210
21214
21214
21217
21233
21240
21243
21252
21254
21259
21262
21274
21284
21295
21304
21307
21308
21318
21325
21326
21330
21330
21337
21346
21352
21357
21360
21360
21375
21382
21411
21421
21432
21433
21438
21438
21443
21453
21454
21457
21461
21465
21465
21466
21466
21468
21469
21487
21496
21498
21516
21519
21523
21536
21539
21546
21548
21555
21560
21563
21563
21569
21575
21576
21577
21591
21594
21595
21599
21612
21613
21615
21617
21618
21623
21632
21633
21656
21660
21661
21665
21672
21678
21679
21685
21688
21693
21694
21695
21702
21703
21707
21708
21709
21721
21732
21741
21747
21753
21770
21777
21782
21810
21812
21820
21830
21831
21840
21846
21849
21862
21875
21875
21886
21898
21915
21929
21933
21934
21938
21942
21943
21954
21958
21972
21972
21983
21988
21989
21995
21997
22003
22008
22009
22020
22021
22023
22036
22036
22036
22048
22049
22051
22060
22060
22065
22076
22080
22107
22112
22113
22120
22123
22125
22130
22132
22144
22147
22160
22160
22168
22174
22184
22186
22187
22197
22199
22205
22227
22237
22240
22253
22257
22258
22266
22267
22271
22271
22274
22275
22283
22359
22363
22364
22371
22374
22383
22385
22388
22392
22395
22408
22408
22414
22432
22436
22449
22456
22459
22478
22486
22487
22488
22499
22499
22499
22503
22516
22521
22522
22531
22540
22553
22567
22570
22583
22585
22587
22591
22597
22601
22606
22613
22618
22626
22631
22631
22637
22644
22645
22669
22681
22683
22684
22698
22703
22709
22730
22736
22751
22755
22757
22767
22774
22791
22812
22816
22820
22834
22835
22837
22850
22854
22857
22861
22863
22863
22890
22898
22903
22905
22913
22919
22923
22930
22934
22939
22949
22950
22960
22964
22975
22978
22979
22982
22990
22992
22997
23000
23000
23003
23013
23014
23018
23029
23041
23070
23080
23083
23094
23099
23101
23102
23102
23109
23110
23116
23141
23148
23165
23169
23169
23170
23185
23187
23187
23191
23191
23197
23197
23201
23202
23211
23212
23214
23225
23227
23231
23252
23257
23282
23283
23283
23283
23289
23289
23299
23321
23323
23325
23333
23341
23343
23349
23351
23355
23361
23373
23398
23399
23400
23404
23411
23416
23419
23420
23422
23424
23427
23434
23461
23465
23465
23476
23487
23493
23494
23508
23527
23529
23531
23534
23537
23537
23537
23544
23548
23554
23567
23571
23573
23574
23574
23579
23589
23591
23594
23595
23598
23601
23602
23605
23615
23618
23620
23625
23630
23638
23643
23655
23662
23668
23671
23672
23672
23683
23685
23686
23688
23704
23709
23716
23726
23731
23734
23739
23753
23761
23770
23773
23776
23780
23786
23790
23794
23797
23799
23802
23820
23831
23835
23850
23853
23861
23871
23890
23900
23904
23917
23923
23925
23930
23954
23959
23972
23977
23978
23982
23993
23994
23994
23995
23998
24001
24012
24025
24025
24042
24051
24053
24054
24054
24055
24056
24060
24062
24063
24066
24071
24088
24090
24099
24106
24110
24114
24114
24119
24131
24137
24141
24144
24150
24151
24160
24165
24185
24194
24196
24197
24215
24215
24221
24228
24237
24250
24255
24277
24283
24287
24291
24297
24298
24305
24319
24320
24322
24342
24355
24370
24372
24373
24374
24375
24379
24386
24391
24406
24409
24416
24423
24426
24429
24431
24442
24443
24462
24465
24470
24479
24486
24501
24533
24533
24546
24549
24561
24570
24575
24585
24596
24600
24603
24621
24626
24631
24633
24640
24641
24643
24645
24663
24674
24676
24678
24688
24706
24709
24717
24720
24730
24751
24760
24769
24771
24775
24776
24776
24777
24783
24785
24786
24797
24805
24806
24806
24811
24820
24821
24831
24831
24833
24840
24842
24843
24846
24848
24851
24864
24866
24879
24881
24901
24907
24908
24916
24921
24924
24925
24935
24945
24956
24958
24959
24967
24977
24985
24998
25000
25018
25018
25019
25020
25023
25023
25026
25028
25030
25038
25039
25047
25049
25059
25068
25071
25076
25077
25083
25086
25096
25101
25105
25106
25107
25129
25136
25140
25161
25179
25182
25190
25190
25195
25219
25237
25237
25240
25252
25264
25268
25279
25280
25281
25289
25290
25294
25299
25311
25316
25320
25329
25337
25339
25346
25362
25375
25377
25383
25383
25387
25394
25396
25404
25408
25414
25421
25424
25428
25435
25448
25450
25467
25472
25478
25490
25491
25499
25512
25523
25534
25539
25541
25545
25562
25580
25586
25591
25598
25608
25611
25615
25616
25618
25622
25625
25626
25633
25633
25637
25677
25678
25683
25685
25696
25698
25706
25710
25711
25716
25721
25731
25745
25758
25770
25772
25774
25783
25784
25785
25785
25789
25809
25810
25814
25817
25828
25830
25832
25838
25839
25842
25842
25869
25881
25892
25900
25904
25912
25919
25925
25932
25934
25939
25943
25955
25956
25963
25970
25974
25975
25979
25980
25980
25993
25993
25998
25998
26000
26009
26035
26039
26047
26050
26057
26058
26070
26085
26097
26112
26122
26131
26132
26134
26134
26135
26144
26150
26157
26160
26160
26163
26168
26170
26178
26182
26182
26184
26190
26190
26198
26204
26209
26218
26221
26231
26239
26242
26250
26252
26252
26253
26257
26260
26263
26264
26265
26265
26293
26295
26299
26300
26317
26322
26326
26361
26372
26378
26380
26384
26397
26411
26419
26421
26431
26438
26454
26456
26461
26463
26474
26477
26477
26480
26484
26487
26492
26504
26508
26513
26517
26519
26525
26534
26545
26545
26556
26570
26570
26571
26576
26580
26583
26606
26610
26617
26619
26622
26625
26628
26628
26633
26646
26655
26661
26661
26675
26682
26687
26706
26710
26712
26716
26722
26728
26734
26736
26749
26750
26757
26762
26786
26787
26787
26799
26800
26801
26802
26805
26806
26807
26807
6508
14257
17260
21330
24501
21556
22882
20018
25610
16105
5026
5693
17251
12931
26408
15048
14267
9711
9607
14417
20017
13416
29292
171
5937
172
4590
11987
22432
15608
5509
28940
29866
29122
26622
719
27030
25857
20737
22641
18314
25763
28334
5565
15046
1095
20614
29314
10806
6573
13731
7176
19990
19375
13699
2279
19547
18289
14267
18331
3898
19776
23623
10116
18898
20246
10835
22281
16103
1572
14922
10769
3687
19608
16335
18734
20703
13301
18048
7862
26226
8131
21390
22568
27507
5089
24848
23406
29730
9115
11738
3628
5243
5361
20096
494
1959
931
22775
24414
8855
7697
5184
12543
27305
27871
1277
24361
17524
19325
8575
13750
3808
29965
12671
1315
5054
7519
1074
4784
22986
12812
14765
28229
24525
4861
28723
26485
12145
21498
20899
21000
29195
26083
3543
2853
306
4820
27214
17830
497
5789
7933
4306
12106
20604
11973
17160
4475
13047
28296
27461
2211
19413
25690
26737
627
24414
29574
12772
22264
20473
10124
21460
22909
13668
665
23215
24840
4231
17398
1690
16372
25331
5996
28478
15935
24321
21990
20410
13721
26638
24223
15932
16052
19913
19021
23031
20679
24947
5803
12944
21773
15927
10756
14682
5947
11421
14249
7140
22004
1647
8830
8376
3330
21178
13206
19265
15499
11548
16027
5572
8186
10250
27857
590
6516
16878
23621
27195
18178
5776
16491
9951
28056
27247
985
10355
15020
21586
17495
7024
29586
26325
21752
2916
23855
11310
28534
15707
22858
20913
21279
7397
1164
19136
7987
14032
12367
7961
11227
545
20089
4071
16848
24497
1318
17833
4853
16339
9419
28700
29715
9005
1378
27820
11922
25233
9130
10456
10940
1989
7721
8572
9386
15237
27708
23725
29269
16427
1686
16849
23324
28128
20920
10172
22625
22238
28005
3830
14929
13777
2531
20997
22782
3909
18817
11056
5494
27947
27864
22787
6288
5586
1359
15674
20823
5419
9400
20093
21847
17438
13294
21523
21918
4214
1696
14544
2804
6053
24726
24086
26182
27257
15083
18965
7518
10252
6373
13013
8199
4238
5800
14488
16176
13511
6514
13351
18930
22266
9796
17129
16057
23090
8653
7975
3656
16701
22519
6461
29106
17246
6899
25289
20855
28334
20606
28374
8586
26979
17739
23137
7569
23539
13977
97
13402
26844
13449
2332
19110
23245
19462
5167
22688
4467
13143
26344
21168
12014
9157
26626
5612
16056
21915
26468
14390
12521
1194
29328
9501
18933
28818
23422
18824
12795
23520
2226
15991
6969
10910
5102
214
6724
16621
22902
11191
29764
25599
8711
18131
4756
5338
23743
20813
27253
26563
11555
9775
4109
17236
25628
23042
16054
19050
18218
5201
12570
26796
21193
19539
7707
2647
26106
14431
19268
25360
1975
25385
20959
10686
13516
2068
22376
13611
29233
19630
16527
17140
5757
20636
4376
7737
20031
26782
26787
14601
8336
9358
11398
29529
5249
25457
8528
7707
16240
4148
3068
24567
29533
379
5254
19401
2447
3982
9365
1680
29964
25892
25173
5721
16528
29549
13458
12911
26332
16598
27513
4668
25956
15263
10549
7557
10720
25429
15265
3312
29577
24685
27880
