0
1
5
10
11
13
13
15
15
16
30
32
35
48
49
50
50
59
61
67
76
82
85
85
88
89
91
92
93
95
99
100
106
108
113
119
120
120
129
130
134
134
139
140
143
154
162
165
176
182
185
188
189
191
195
199
213
217
220
222
224
228
233
242
245
249
255
257
257
272
272
274
274
297
299
301
301
302
307
309
311
311
313
313
316
316
320
323
325
330
333
338
341
348
349
357
361
391
393
395
396
398
399
401
407
413
418
419
420
420
425
426
429
436
437
440
442
447
454
456
456
459
459
464
466
471
473
473
479
480
484
487
492
493
496
499
502
518
520
531
532
538
544
546
552
553
559
559
561
561
563
565
565
567
569
574
585
588
592
594
595
601
602
602
606
614
618
619
629
630
638
642
648
649
655
657
662
664
667
681
693
693
694
695
696
696
700
701
705
707
708
710
714
717
721
725
736
738
744
746
747
749
753
758
768
774
777
777
778
784
786
789
789
789
790
794
799
803
808
819
830
832
837
841
846
852
862
863
864
873
883
884
885
889
892
896
898
904
907
909
911
915
921
923
932
936
937
943
946
956
958
961
962
964
965
966
969
969
971
986
995
998
1017
1020
1026
1035
1036
1036
1038
1040
1045
1049
1053
1055
1056
1065
1069
1071
1072
1081
1082
1090
1091
1092
1093
1098
1100
1101
1106
1117
1118
1126
1129
1131
1134
1135
1142
1145
1150
1153
1160
1167
1167
1169
1171
1172
1179
1184
1192
1193
1193
1197
1215
1220
1223
1224
1228
1231
1232
1234
1259
1259
1269
1271
1280
1282
1283
1286
1287
1293
1296
1301
1309
1315
1328
1332
1340
1344
1347
1359
1362
1364
1365
1365
1368
1370
1375
1378
1381
1381
1384
1385
1393
1404
1407
1408
1409
1412
1413
1415
1416
1421
1425
1427
1430
1440
1455
1469
1471
1471
1473
1481
1481
1482
1483
1498
1503
1507
1511
1517
1517
1530
1534
1539
1545
1547
1551
1553
1557
1561
1569
1571
1576
1576
1578
1579
1585
1590
1598
1606
1607
1611
1614
1615
1617
1617
1620
1622
1622
1625
1625
1630
1631
1650
1650
1655
1664
1674
1676
1677
1678
1681
1682
1703
1709
1718
1720
1722
1730
1730
1733
1733
1748
1752
1757
1766
1770
1770
1776
1779
1781
1785
1785
1788
1789
1797
1799
1805
1807
1819
1820
1821
1821
1825
1828
1832
1834
1835
1835
1838
1841
1842
1845
1845
1847
1851
1851
1862
1876
1876
1883
1897
1898
1899
1903
1911
1912
1914
1917
1918
1920
1926
1934
1938
1940
1953
1954
1954
1964
1967
1969
1971
1976
1979
1979
1993
1993
1996
2000
2001
2003
2007
2009
2009
2023
2031
2032
2036
2040
2041
2042
2053
2061
2065
2066
2067
2069
2070
2071
2073
2077
2083
2085
2094
2095
2099
2103
2106
2109
2110
2116
2116
2122
2141
2163
2164
2164
2172
2174
2176
2181
2190
2191
2194
2197
2208
2213
2222
2225
2228
2241
2250
2251
2263
2264
2264
2265
2269
2270
2272
2281
2289
2290
2299
2302
2302
2303
2305
2306
2308
2309
2310
2314
2327
2335
2339
2345
2347
2358
2366
2369
2375
2379
2379
2381
2402
2406
2407
2410
2411
2414
2416
2418
2418
2419
2431
2432
2438
2441
2441
2441
2442
2446
2451
2454
2458
2459
2483
2486
2498
2508
2512
2528
2539
2541
2549
2552
2566
2573
2592
2593
2599
2600
2603
2604
2612
2620
2643
2648
2650
2653
2657
2660
2664
2667
2669
2669
2675
2676
2676
2680
2682
2682
2683
2687
2689
2689
2698
2705
2707
2709
2714
2715
2723
2726
2727
2727
2730
2736
2739
2742
2744
2745
2754
2760
2769
2773
2774
2780
2781
2785
2790
2791
2792
2797
2803
2819
2822
2826
2827
2837
2845
2848
2854
2862
2870
2872
2875
2881
2886
2890
2891
2900
2902
2902
2906
2908
2908
2913
2917
2917
2921
2924
2932
2939
2942
2946
2948
2951
2952
2957
2961
2965
2966
2966
2969
2975
2981
2995
2996
2998
3000
3012
3016
3018
3021
3022
3031
3037
3039
3040
3041
3042
3043
3047
3055
3058
3059
3067
3069
3071
3073
3079
3080
3086
3088
3094
3095
3098
3101
3104
3105
3105
3112
3117
3120
3132
3132
3133
3134
3137
3141
3148
3155
3158
3163
3169
3174
3175
3184
3188
3192
3193
3200
3207
3208
3212
3212
3218
3218
3218
3220
3222
3224
3224
3225
3232
3238
3244
3255
3257
3268
3268
3277
3283
3284
3286
3289
3299
3299
3301
3313
3316
3317
3317
3319
3319
3321
3331
3337
3340
3343
3345
3346
3357
3375
3381
3388
3392
3396
3401
3414
3418
3430
3435
3438
3438
3440
3459
3460
3460
3469
3477
3484
3485
3491
3494
3494
3499
3503
3515
3528
3531
3534
3535
3538
3541
3551
3551
3557
3564
3565
3575
3578
3600
3605
3608
3614
3619
3619
3620
3621
3624
3629
3641
3645
3649
3650
3650
3654
3654
3655
3660
3661
3662
3665
3683
3685
3692
3693
3696
3701
3705
3705
3712
3719
3722
3730
3735
3736
3737
3738
3743
3744
3745
3746
3748
3748
3751
3753
3758
3765
3770
3771
3772
3772
3778
3787
3788
3790
3793
3804
3808
3818
3830
3834
3857
3857
3860
3869
3870
3871
3872
3877
3879
3880
3883
3889
3889
3889
3893
3894
3895
3896
3897
3903
3903
3905
3908
3917
3920
3932
3937
3948
3952
3958
3963
3964
3966
3973
3975
3978
3982
3985
3989
3989
3996
3996
3999
4005
4005
4008
4022
4024
4026
4031
4037
4038
4049
4049
4049
4067
4078
4078
4080
4082
4087
4089
4092
4097
4098
4104
4109
4109
4110
4112
4113
4117
4117
4119
4122
4122
4124
4127
4130
4131
4132
4142
4143
4144
4153
4155
4157
4158
4161
4164
4166
4175
4176
4180
4186
4187
4190
4194
4196
4198
4210
4213
4216
4219
4220
4220
4222
4225
4226
4227
4231
4231
4232
4235
4239
4244
4247
4253
4262
4262
4263
4263
4268
4268
4272
4273
4288
4288
4291
4296
4296
4297
4305
4306
4306
4315
4315
4320
4320
4321
4328
4329
4332
4340
4341
4345
4356
4359
4359
4360
4360
4361
4361
4361
4366
4367
4378
4378
4378
4380
4381
4385
4390
4398
4402
4407
4413
4413
4420
4423
4426
4432
4435
4437
4441
4443
4444
4449
4452
4460
4462
4464
4471
4473
4475
4482
4486
4490
4499
4503
4504
4507
4508
4513
4514
4517
4524
4534
4537
4547
4555
4567
4568
4570
4571
4587
4588
4590
4592
4593
4594
4595
4599
4613
4615
4615
4621
4626
4629
4631
4639
4640
4647
4651
4653
4658
4667
4667
4670
4677
4683
4685
4689
4692
4692
4693
4708
4708
4717
4722
4724
4725
4731
4735
4736
4742
4749
4761
4780
4781
4785
4789
4795
4803
4807
4808
4819
4827
4827
4830
4838
4848
4855
4861
4866
4866
4867
4868
4868
4877
4896
4903
4915
4920
4923
4925
4926
4929
4930
4931
4934
4939
4954
4959
4968
4974
4975
4976
4982
4991
4994
4998
5005
5005
5008
5009
5017
5023
5029
5034
5043
5054
5058
5063
5064
5080
5082
5091
5092
5097
5101
5104
5110
5113
5118
5127
5128
5128
5143
5152
5155
5159
5168
5170
5172
5177
5179
5179
5179
5181
5184
5190
5194
5196
5198
5200
5200
5204
5214
5215
5222
5228
5238
5239
5239
5242
5243
5266
5279
5281
5282
5292
5295
5302
5311
5314
5319
5324
5327
5328
5334
5355
5363
5366
5375
5376
5383
5392
5395
5404
5408
5411
5413
5417
5418
5423
5425
5426
5427
5437
5439
5442
5445
5447
5450
5451
5469
5470
5474
5474
5476
5482
5483
5484
5491
5496
5497
5501
5502
5515
5517
5517
5519
5521
5523
5526
5528
5529
5529
5530
5544
5546
5549
5552
5554
5563
5563
5564
5567
5572
5573
5576
5576
5579
5596
5601
5613
5617
5625
5625
5628
5632
5635
5637
5641
5642
5642
5643
5647
5648
5651
5651
5659
5662
5663
5664
5668
5669
5677
5690
5691
5691
5695
5697
5700
5707
5711
5712
5713
5715
5721
5722
5724
5724
5724
5731
5732
5732
5733
5736
5736
5738
5738
5740
5745
5747
5751
5760
5760
5763
5770
5774
5777
5783
5786
5791
5802
5805
5811
5812
5837
5840
5852
5856
5860
5864
5866
5867
5868
5872
5903
5903
5903
5909
5912
5919
5925
5930
5930
5931
5933
5934
5943
5952
5957
5957
5963
5963
5965
5967
5968
5971
5972
5974
5980
5982
6002
6005
6016
6017
6021
6022
6023
6028
6037
6038
6039
6046
6058
6064
6066
6075
6081
6088
6088
6095
6102
6111
6111
6112
6121
6121
6123
6126
6129
6132
6136
6137
6139
6145
6152
6169
6173
6182
6183
6185
6193
6194
6201
6222
6223
6227
6229
6231
6231
6232
6233
6235
6252
6262
6264
6264
6265
6267
6270
6271
6273
6276
6291
6309
6322
6324
6330
6331
6336
6339
6340
6342
6343
6349
6355
6357
6361
6366
6376
6383
6385
6386
6394
6397
6397
6399
6402
6403
6404
6411
6411
6412
6419
6422
6429
6442
6445
6447
6451
6455
6464
6469
6476
6476
6478
6479
6481
6482
6490
6491
6496
6499
6507
6513
6516
6516
6517
6518
6526
6539
6548
6548
6552
6557
6561
6581
6587
6596
6598
6598
6598
6601
6607
6607
6614
6616
6619
6620
6640
6641
6641
6642
6652
6652
6654
6657
6661
6663
6663
6668
6670
6679
6681
6684
6689
6693
6695
6700
6706
6706
6716
6716
6717
6717
6718
6720
6721
6722
6725
6725
6733
6739
6751
6752
6755
6762
6762
6767
6771
6774
6779
6779
6782
6783
6786
6791
6792
6793
6794
6806
6814
6825
6828
6837
6838
6838
6840
6846
6850
6854
6866
6870
6871
6877
6881
6889
6898
6904
6905
6909
6911
6919
6920
6929
6933
6952
6954
6964
6967
6974
6977
6979
6987
6991
6994
7003
7005
7009
7009
7011
7018
7019
7019
7020
7021
7025
7026
7026
7029
7032
7036
7056
7057
7058
7062
7064
7065
7067
7068
7070
7076
7078
7088
7096
7118
7120
7126
7128
7141
7142
7144
7145
7150
7169
7169
7172
7180
7191
7192
7197
7201
7201
7205
7206
7208
7211
7220
7220
7221
7224
7229
7233
7238
7239
7244
7254
7255
7261
7263
7264
7266
7271
7279
7280
7281
7284
7301
7303
7316
7317
7319
7322
7324
7337
7339
7342
7342
7343
7366
7367
7372
7379
7381
7388
7399
7400
7406
7406
7417
7418
7418
7419
7433
7441
7441
7442
7443
7447
7462
7462
7473
7473
7475
7485
7486
7492
7494
7494
7498
7505
7505
7509
7510
7515
7516
7518
7528
7531
7537
7538
7540
7547
7550
7551
7560
7560
7562
7567
7567
7569
7575
7583
7587
7603
7605
7605
7607
7608
7615
7616
7616
7616
7623
7631
7632
7636
7649
7652
7654
7657
7661
7671
7684
7696
7698
7701
7712
7713
7718
7723
7728
7729
7739
7748
7748
7748
7748
7750
7751
7754
7757
7758
7759
7762
7765
7790
7795
7803
7807
7810
7812
7818
7823
7826
7831
7832
7833
7835
7835
7836
7836
7840
7841
7846
7850
7856
7872
7874
7874
7877
7879
7885
7886
7906
7914
7915
7923
7923
7924
7927
7931
7934
7937
7939
7946
7948
7949
7955
7960
7960
7964
7975
7985
8002
8003
8006
8006
8008
8010
8013
8015
8022
8027
8046
8048
8058
8058
8061
8064
8065
8072
8082
8085
8086
8092
8104
8128
8142
8153
8154
8168
8169
8170
8173
8173
8179
8180
8191
8196
8200
8201
8201
8213
8215
8215
8215
8218
8224
8228
8232
8232
8233
8234
8241
8245
8246
8246
8257
8259
8259
8260
8261
8263
8267
8276
8277
8283
8287
8300
8305
8306
8308
8314
8320
8320
8324
8325
8326
8328
8330
8335
8340
8341
8346
8348
8353
8357
8360
8378
8382
8389
8398
8404
8408
8413
8419
8425
8428
8429
8433
8435
8438
8442
8444
8446
8449
8450
8456
8462
8465
8469
8481
8496
8496
8500
8502
8509
8520
8530
8534
8543
8548
8548
8549
8552
8553
8557
8557
8561
8569
8604
8605
8606
8621
8623
8629
8630
8647
8647
8650
8652
8655
8660
8661
8663
8668
8668
8672
8686
8689
8691
8699
8701
8703
8708
8709
8710
8734
8736
8736
8741
8743
8750
8750
8756
8765
8779
8780
8783
8788
8788
8800
8800
8801
8806
8808
8809
8815
8823
8827
8827
8838
8839
8843
8857
8858
8863
8863
8868
8869
8875
8882
8888
8894
8899
8901
8907
8910
8912
8916
8918
8920
8923
8926
8931
8932
8933
8935
8937
8938
8938
8939
8949
8950
8956
8957
8958
8958
8961
8962
8963
8971
8975
8981
8992
9004
9017
9019
9022
9029
9030
9038
9043
9044
9045
9050
9054
9058
9058
9067
9070
9072
9072
9075
9079
9084
9085
9087
9102
9102
9104
9113
9121
9123
9126
9127
9130
9130
9133
9137
9145
9150
9158
9160
9164
9164
9166
9167
9167
9176
9177
9192
9199
9200
9205
9205
9222
9223
9227
9228
9250
9254
9263
9265
9269
9269
9273
9276
9286
9292
9292
9296
9303
9315
9317
9322
9326
9330
9332
9337
9348
9351
9359
9367
9376
9376
9380
9381
9386
9389
9390
9395
9397
9401
9401
9404
9410
9415
9417
9424
9432
9432
9436
9440
9440
9443
9444
9445
9458
9471
9472
9473
9475
9497
9501
9504
9508
9508
9515
9515
9523
9523
9524
9528
9533
9541
9543
9547
9550
9551
9554
9557
9561
9563
9564
9565
9569
9572
9579
9580
9586
9592
9592
9594
9596
9597
9598
9604
9609
9620
9630
9635
9636
9637
9639
9644
9651
9655
9658
9663
9668
9674
9675
9682
9686
9687
9694
9699
9700
9708
9709
9711
9712
9720
9723
9732
9733
9734
9736
9736
9737
9737
9741
9746
9747
9750
9751
9765
9770
9773
9782
9788
9788
9792
9795
9809
9809
9810
9813
9814
9819
9821
9821
9838
9839
9842
9843
9846
9846
9849
9849
9858
9861
9874
9879
9884
9886
9889
9892
9893
9896
9898
9901
9902
9911
9912
9912
9915
9918
9926
9926
9929
9930
9933
9934
9935
9939
9944
9944
9957
9960
9973
9973
9976
9982
9983
9984
9987
9989
9990
9994
10009
10018
10025
10031
10038
10039
10042
10045
10048
10049
10053
10056
10058
10062
10075
10079
10081
10085
10091
10094
10096
10097
10104
10106
10114
10116
10125
10133
10134
10144
10161
10181
10183
10185
10186
10187
10195
10207
10208
10210
10218
10234
10236
10243
10251
10253
10257
10264
10264
10287
10287
10291
10304
10305
10311
10316
10316
10319
10320
10320
10326
10326
10327
10329
10337
10342
10344
10347
10349
10357
10359
10363
10372
10376
10381
10384
10386
10388
10389
10391
10392
10392
10412
10422
10433
10433
10434
10440
10443
10451
10459
10461
10464
10467
10479
10503
10504
10509
10510
10521
10532
10540
10552
10553
10555
10556
10559
10567
10572
10584
10585
10586
10596
10607
10608
10612
10612
10618
10626
10627
10628
10635
10642
10655
10658
10661
10673
10673
10674
10677
10688
10689
10689
10691
10693
10693
10694
10696
10701
10706
10708
10710
10718
10719
10726
10727
10728
10739
10746
10752
10758
10767
10782
10783
10789
10801
10803
10808
10809
10810
10825
10829
10835
10835
10843
10846
10846
10849
10850
10851
10854
10856
10861
10862
10863
10863
10868
10869
10874
10881
10881
10882
10883
10885
10886
10887
10889
10901
10907
10911
10911
10914
10917
10920
10922
10924
10939
10940
10949
10964
10966
10975
10976
10985
10990
10992
11011
11016
11017
11020
11024
11026
11027
11027
11028
11035
11044
11044
11052
11053
11056
11059
11060
11061
11067
11080
11081
11081
11091
11091
11093
11093
11097
11107
11107
11108
11112
11120
11121
11132
11133
11135
11143
11148
11153
11154
11162
11169
11169
11170
11178
11182
11183
11189
11197
11217
11224
11228
11244
11247
11249
11255
11264
11270
11282
11285
11287
11288
11291
11295
11303
11303
11303
11308
11311
11313
11320
11321
11324
11332
11343
11343
11359
11360
11360
11361
11362
11366
11371
11372
11383
11388
11391
11396
11396
11398
11401
11401
11419
11427
11427
11428
11434
11437
11437
11439
11440
11446
11447
11447
11449
11451
11452
11466
11467
11473
11485
11488
11491
11496
11498
11500
11504
11509
11513
11520
11523
11525
11526
11529
11529
11530
11530
11537
11554
11560
11562
11565
11566
11570
11570
11573
11583
11584
11589
11597
11598
11603
11611
11624
11627
11629
11639
11648
11655
11662
11664
11664
11676
11677
11685
11686
11688
11689
11690
11691
11693
11694
11695
11695
11702
11706
11711
11711
11712
11713
11715
11715
11717
11723
11727
11730
11732
11733
11737
11738
11741
11749
11750
11752
11762
11768
11768
11775
11778
11780
11782
11782
11783
11786
11798
11800
11814
11814
11817
11817
11823
11830
11831
11833
11843
11844
11846
11849
11856
11857
11858
11859
11862
11867
11873
11882
11883
11886
11895
11896
11906
11907
11908
11909
11912
11914
11915
11927
11928
11930
11932
11935
11937
11942
11951
11954
11954
11956
11967
11970
11970
11982
11983
11987
11988
11990
11995
11997
12005
12008
12009
12015
12016
12022
12022
12025
12025
12030
12031
12034
12043
12045
12058
12060
12061
12065
12083
12088
12092
12092
12097
12097
12107
12114
12117
12132
12150
12151
12153
12153
12154
12154
12156
12171
12178
12182
12183
12193
12194
12197
12197
12200
12206
12206
12214
12216
12217
12222
12225
12232
12233
12246
12251
12254
12259
12260
12263
12264
12269
12271
12279
12293
12295
12296
12308
12310
12310
12319
12328
12331
12340
12340
12347
12356
12356
12357
12358
12363
12365
12370
12370
12371
12372
12374
12382
12383
12390
12391
12395
12414
12416
12420
12421
12426
12431
12431
12432
12433
12433
12439
12441
12441
12444
12451
12453
12454
12462
12467
12467
12470
12472
12476
12482
12482
12487
12495
12496
12511
12521
12526
12534
12539
12540
12542
12551
12558
12560
12565
12566
12566
12580
12582
12591
12591
12591
12596
12599
12602
12610
12612
12614
12617
12621
12622
12623
12626
12642
12644
12645
12648
12657
12663
12667
12674
12676
12676
12680
12692
12694
12695
12712
12721
12724
12725
12733
12734
12738
12740
12742
12744
12762
12763
12765
12775
12776
12782
12782
12782
12788
12789
12792
12797
12800
12806
12807
12810
12820
12821
12824
12833
12834
12838
12852
12853
12863
12872
12873
12873
12877
12888
12892
12895
12897
12898
12900
12907
12917
12920
12921
12922
12925
12926
12936
12939
12943
12944
12944
12947
12959
12978
12979
12987
12995
12996
12998
12999
13000
13001
13012
13016
13016
13018
13020
13026
13034
13038
13047
13053
13058
13063
13063
13073
13074
13087
13090
13091
13092
13093
13097
13098
13107
13110
13112
13121
13122
13127
13133
13138
13150
13152
13152
13158
13160
13164
13166
13168
13176
13178
13180
13181
13184
13197
13200
13201
13201
13205
13206
13210
13211
13213
13222
13223
13225
13226
13226
13232
13232
13233
13234
13246
13251
13257
13262
13263
13263
13263
13266
13266
13268
13270
13271
13273
13275
13276
13277
13277
13281
13288
13290
13290
13293
13301
13306
13321
13325
13325
13327
13328
13336
13344
13345
13346
13356
13357
13357
13365
13370
13378
13379
13385
13396
13402
13406
13413
13415
13415
13415
13437
13437
13439
13446
13452
13453
13465
13469
13471
13472
13476
13491
13494
13497
13500
13501
13512
13513
13519
13526
13533
13534
13544
13545
13548
13549
13561
13562
13562
13568
13570
13572
13579
13583
13586
13587
13588
13593
13609
13610
13613
13615
13616
13622
13623
13629
13632
13633
13635
13637
13643
13643
13644
13663
13671
13673
13678
13680
13682
13685
13688
13696
13697
13724
13738
13741
13748
13754
13754
13754
13758
13760
13767
13773
13785
13797
13803
13803
13803
13806
13807
13810
13813
13817
13818
13818
13819
13823
13826
13828
13830
13834
13834
13837
13838
13840
13849
13849
13863
13867
13871
13877
13878
13886
13892
13906
13912
13913
13919
13920
13939
13943
13947
13959
13959
13959
13961
13961
13965
13968
13968
13969
13970
13971
13977
13978
13988
13996
13997
13999
14021
14021
14022
14024
14029
14033
14038
14041
14049
14051
14051
14054
14055
14067
14070
14071
14071
14073
14079
14081
14081
14082
14082
14088
14093
14095
14099
14105
14113
14130
14131
14134
14138
14139
14141
14141
14142
14149
14158
14161
14164
14170
14170
14174
14175
14177
14197
14197
14206
14208
14224
14227
14230
14232
14233
14235
14235
14236
14236
14242
14246
14247
14247
14250
14253
14253
14254
14256
14260
14269
14271
14276
14281
14286
14298
14299
14328
14333
14335
14341
14349
14353
14358
14367
14368
14370
14372
14372
14380
14381
14385
14392
14394
14397
14414
14414
14416
14422
14426
14433
14435
14438
14440
14454
14462
14462
14462
14466
14471
14475
14481
14482
14488
14488
14490
14491
14492
14492
14493
14499
14501
14508
14513
14513
14514
14526
14538
14543
14554
14559
14561
14565
14568
14570
14570
14571
14574
14576
14581
14594
14594
14599
14602
14602
14604
14606
14617
14619
14620
14626
14630
14634
14635
14636
14651
14656
14666
14669
14671
14677
14688
14689
14690
14694
14699
14724
14734
14735
14736
14739
14742
14748
14757
14758
14766
14770
14771
14777
14779
14779
14781
14781
14783
14785
14787
14791
14793
14806
14825
14826
14829
14830
14831
14833
14833
14836
14846
14846
14847
14847
14848
14853
14862
14866
14869
14871
14878
14884
14886
14890
14894
14896
14898
14898
14911
14912
14912
14921
14924
14926
14931
14941
14955
14956
14963
14975
14982
14983
14985
14990
14996
15001
15002
15006
15007
15008
15009
15013
15014
15018
15021
15022
15035
15039
15044
15050
15052
15065
15065
15068
15074
15075
15075
15081
15082
15084
15086
15088
15097
15099
15099
15106
15115
15130
15135
15139
15140
15141
15141
15143
15144
15149
15150
15168
15172
15174
15182
15187
15188
15197
15206
15208
15213
15213
15216
15218
15224
15225
15227
15228
15238
15238
15238
15240
15241
15245
15248
15256
15258
15265
15265
15266
15270
15274
15276
15278
15283
15285
15297
15300
15304
15308
15311
15311
15318
15324
15338
15339
15342
15345
15350
15350
15351
15357
15358
15360
15375
15377
15380
15380
15383
15387
15407
15408
15412
15413
15417
15420
15421
15429
15444
15460
15462
15467
15477
15478
15480
15483
15484
15484
15488
15490
15502
15506
15507
15521
15522
15523
15528
15530
15534
15545
15554
15561
15572
15577
15579
15579
15592
15597
15598
15600
15600
15603
15607
15628
15632
15639
15641
15656
15670
15672
15680
15683
15685
15687
15693
15703
15712
15713
15714
15715
15716
15717
15724
15725
15726
15729
15736
15740
15742
15743
15751
15753
15758
15769
15778
15780
15780
15783
15787
15787
15794
15798
15800
15804
15808
15813
15820
15829
15830
15837
15838
15845
15847
15847
15848
15850
15851
15852
15864
15872
15874
15875
15875
15876
15879
15883
15885
15886
15893
15895
15895
15909
15911
15914
15914
15916
15924
15935
15944
15944
15956
15958
15958
15959
15963
15966
15971
15978
15980
15983
15987
15988
15991
15992
15999
16001
16002
16002
16006
16012
16014
16015
16016
16022
16025
16028
16029
16033
16043
16044
16044
16046
16048
16048
16056
16058
16069
16073
16079
16086
16089
16090
16094
16094
16094
16095
16096
16100
16106
16111
16112
16118
16125
16134
16135
16136
16139
16144
16149
16152
16155
16157
16159
16162
16164
16170
16173
16173
16179
16188
16199
16201
16202
16205
16205
16209
16214
16239
16250
16253
16257
16260
16260
16275
16286
16289
16299
16310
16312
16312
16313
16313
16313
16320
16320
16321
16323
16328
16328
16335
16339
16346
16350
16350
16352
16358
16359
16361
16363
16367
16368
16373
16376
16378
16392
16397
16398
16411
16411
16419
16427
16433
16437
16447
16449
16452
16453
16458
16462
16466
16474
16474
16477
16481
16482
16489
16495
16500
16502
16505
16508
16510
16511
16514
16516
16519
16521
16521
16523
16533
16534
16535
16547
16556
16558
16562
16567
16569
16571
16577
16578
16582
16586
16591
16596
16597
16600
16604
16612
16622
16627
16629
16634
16635
16641
16665
16665
16667
16671
16672
16701
16706
16708
16710
16712
16715
16721
16724
16731
16734
16736
16736
16736
16741
16751
16752
16768
16774
16776
16779
16781
16782
16782
16783
16786
16787
16788
16788
16793
16801
16810
16816
16817
16818
16820
16827
16837
16837
16838
16840
16844
16850
16852
16853
16866
16875
16876
16882
16882
16890
16901
16901
16902
16905
16920
16921
16925
16937
16938
16943
16944
16944
16952
16953
16977
16985
16985
16987
16992
16993
16994
16995
16997
16998
17003
17005
17016
17016
17022
17031
17032
17038
17038
17039
17039
17040
17042
17048
17051
17051
17069
17079
17080
17087
17090
17091
17092
17093
17096
17103
17105
17110
17114
17114
17121
17122
17132
17139
17141
17148
17156
17159
17169
17171
17177
17185
17186
17191
17195
17199
17200
17202
17207
17214
17218
17223
17225
17230
17244
17261
17265
17273
17273
17283
17287
17290
17290
17291
17292
17294
17301
17303
17318
17318
17321
17322
17330
17334
17338
17339
17341
17348
17351
17359
17378
17380
17401
17404
17407
17413
17415
17417
17419
17422
17424
17426
17430
17432
17437
17438
17440
17447
17449
17449
17449
17451
17461
17462
17463
17465
17478
17481
17483
17486
17490
17491
17492
17492
17492
17496
17497
17498
17500
17512
17513
17516
17516
17526
17533
17542
17548
17551
17556
17559
17562
17571
17571
17577
17583
17589
17599
17606
17613
17622
17633
17644
17646
17673
17673
17685
17693
17696
17696
17696
17697
17705
17715
17718
17729
17735
17748
17754
17755
17756
17758
17759
17763
17763
17768
17768
17772
17773
17779
17782
17783
17790
17801
17807
17808
17809
17810
17819
17819
17837
17846
17848
17855
17856
17862
17863
17868
17868
17869
17871
17874
17875
17879
17881
17882
17890
17902
17912
17913
17913
17914
17929
17935
17938
17940
17941
17950
17951
17957
17958
17970
17970
17982
17990
17991
18004
18015
18018
18021
18026
18032
18041
18045
18047
18062
18068
18070
18071
18071
18074
18082
18082
18087
18089
18090
18091
18095
18106
18106
18109
18113
18117
18120
18123
18125
18129
18132
18135
18135
18136
18141
18142
18142
18148
18152
18156
18161
18162
18167
18170
18173
18177
18177
18183
18186
18188
18195
18198
18209
18213
18215
18219
18227
18231
18231
18235
18236
18238
18244
18245
18246
18246
18262
18265
18272
18273
18277
18285
18288
18292
18292
18293
18293
18303
18307
18310
18312
18316
18319
18323
18327
18335
18336
18338
18344
18345
18345
18346
18347
18347
18359
18365
18370
18371
18383
18389
18391
18395
18405
18410
18410
18419
18421
18433
18434
18437
18445
18447
18448
18449
18465
18465
18466
18467
18471
18477
18479
18480
18488
18489
18493
18498
18500
18502
18505
18508
18513
18514
18517
18522
18532
18533
18538
18538
18545
18545
18557
18569
18571
18574
18580
18581
18581
18589
18597
18598
18608
18609
18613
18614
18617
18618
18620
18626
18627
18627
18631
18632
18633
18639
18644
18644
18650
18655
18658
18659
18661
18664
18665
18668
18668
18673
18686
18692
18699
18706
18719
18722
18728
18730
18732
18735
18736
18743
18751
18753
18761
18773
18774
18776
18780
18791
18802
18803
18807
18808
18813
18815
18819
18821
18828
18830
18830
18833
18834
18838
18840
18842
18850
18855
18856
18862
18863
18864
18877
18882
18883
18887
18894
18896
18902
18904
18906
18915
18924
18926
18928
18931
18932
18933
18947
18947
18967
18971
18976
18978
18980
18987
18993
18993
18995
18996
18997
19004
19013
19019
19025
19026
19029
19032
19043
19050
19057
19058
19064
19071
19076
19084
19085
19093
19115
19119
19122
19128
19133
19134
19136
19137
19138
19139
19143
19148
19153
19157
19159
19171
19185
19194
19194
19199
19201
19208
19217
19218
19224
19229
19236
19241
19242
19244
19246
19247
19259
19260
19260
19261
19263
19273
19275
19275
19276
19277
19279
19289
19289
19294
19296
19297
19303
19315
19316
19317
19319
19326
19326
19327
19328
19328
19333
19339
19350
19351
19356
19360
19363
19367
19377
19377
19388
19388
19389
19391
19399
19414
19420
19423
19428
19428
19430
19432
19437
19439
19442
19446
19446
19450
19455
19468
19471
19479
19481
19486
19488
19490
19492
19493
19495
19503
19512
19517
19518
19520
19526
19526
19529
19531
19553
19553
19554
19558
19565
19569
19572
19575
19577
19579
19582
19583
19601
19609
19614
19617
19621
19622
19624
19627
19631
19633
19634
19638
19642
19647
19652
19654
19663
19665
19666
19683
19690
19698
19699
19700
19705
19708
19715
19716
19719
19721
19722
19728
19730
19731
19743
19745
19747
19749
19755
19764
19770
19772
19782
19787
19802
19806
19814
19819
19821
19825
19826
19832
19833
19843
19847
19848
19850
19857
19860
19870
19870
19874
19875
19876
19879
19883
19891
19896
19898
19898
19904
19908
19909
19912
19913
19920
19923
19923
19939
19942
19950
19954
19955
19960
19974
19980
19981
19985
19985
19991
19996
19998
19999
20003
20005
20008
20011
20012
20021
20021
20029
20038
20044
20060
20064
20073
20073
20076
20083
20093
20094
20095
20095
20100
20102
20113
20115
20124
20136
20140
20147
20156
20160
20161
20165
20167
20170
20173
20176
20181
20187
20194
20199
20199
20205
20206
20213
20213
20219
20224
20231
20236
20242
20248
20250
20257
20260
20262
20264
20269
20269
20270
20270
20276
20277
20278
20278
20293
20299
20305
20310
20311
20313
20314
20315
20317
20318
20320
20332
20336
20340
20353
20359
20363
20363
20364
20364
20365
20366
20366
20368
20371
20380
20386
20390
20390
20390
20397
20397
20403
20403
20407
20416
20428
20436
20438
20438
20443
20451
20453
20454
20456
20458
20459
20459
20461
20462
20470
20472
20476
20479
20481
20484
20492
20496
20514
20517
20527
20528
20535
20547
20547
20549
20551
20553
20565
20569
20569
20571
20573
20582
20591
20592
20594
20598
20607
20618
20625
20627
20635
20637
20638
20639
20639
20640
20644
20649
20661
20668
20679
20681
20683
20705
20717
20717
20723
20723
20723
20733
20733
20733
20734
20735
20735
20735
20739
20742
20745
20748
20751
20752
20752
20755
20757
20759
20762
20763
20767
20769
20788
20796
20797
20797
20798
20799
20805
20816
20822
20823
20827
20828
20838
20843
20853
20857
20859
20865
20876
20884
20886
20889
20891
20895
20898
20909
20920
20940
20943
20948
20949
20956
20958
20961
20962
20972
20974
20977
20977
20979
20982
20985
20989
20993
20994
21000
21009
21014
21017
21019
21020
21028
21037
21038
21039
21040
21042
21047
21051
21054
21061
21061
21066
21076
21081
21086
21100
21102
21105
21107
21108
21109
21116
21121
21123
21126
21133
21135
21136
21136
21148
21156
21157
21163
21164
21167
21173
21174
21179
21179
21183
21184
21185
21187
21190
21192
21197
21200
21206
21209
21210
21212
21212
21213
21223
21227
21250
21254
21257
21259
21263
21266
21267
21267
21268
21269
21278
21281
21281
21284
21285
21290
21291
21298
21311
21323
21329
21333
21333
21335
21338
21340
21345
21349
21354
21361
21364
21370
21374
21377
21379
21380
21380
21380
21381
21381
21389
21393
21397
21403
21408
21411
21413
21414
21415
21415
21416
21428
21431
21432
21435
21435
21438
21439
21441
21441
21445
21445
21445
21449
21454
21456
21457
21457
21463
21463
21465
21470
21476
21479
21495
21500
21501
21504
21506
21508
21508
21510
21527
21531
21533
21539
21541
21544
21547
21549
21554
21554
21555
21570
21572
21572
21574
21576
21578
21578
21584
21590
21596
21601
21603
21617
21618
21621
21622
21625
21629
21634
21634
21635
21646
21647
21647
21649
21663
21666
21667
21667
21669
21669
21670
21670
21671
21675
21679
21680
21690
21698
21701
21710
21711
21712
21717
21719
21721
21726
21727
21734
21736
21739
21749
21750
21753
21755
21755
21763
21773
21778
21787
21790
21791
21792
21793
21803
21808
21811
21815
21815
21820
21822
21826
21829
21834
21837
21838
21838
21839
21844
21848
21848
21856
21862
21864
21867
21870
21871
21872
21872
21900
21903
21904
21908
21914
21920
21921
21922
21927
21933
21946
21956
21958
21962
21963
21964
21964
21965
21967
21975
21978
21980
21982
21991
21999
22022
22026
22026
22027
22031
22037
22042
22047
22048
22048
22051
22055
22063
22077
22080
22081
22081
22086
22087
22092
22099
22101
22106
22113
22114
22116
22117
22123
22134
22143
22144
22148
22190
22192
22193
22200
22202
22219
22219
22227
22230
22230
22231
22236
22239
22245
22246
22253
22255
22261
22263
22266
22269
22275
22289
22312
22331
22331
22336
22341
22350
22351
22353
22357
22367
22379
22381
22383
22403
22403
22406
22407
22413
22414
22417
22420
22422
22429
22429
22432
22437
22452
22475
22494
22498
22505
22508
22508
22516
22520
22521
22521
22523
22523
22528
22531
22534
22536
22541
22546
22550
22552
22552
22559
22569
22569
22573
22580
22585
22593
22593
22598
22599
22605
22615
22616
22622
22623
22627
22628
22632
22636
22640
22642
22646
22650
22652
22657
22658
22658
22660
22660
22662
22662
22668
22675
22679
22682
22686
22697
22699
22702
22704
22706
22708
22708
22708
22709
22715
22718
22722
22723
22726
22729
22732
22737
22738
22743
22744
22749
22751
22753
22755
22761
22767
22772
22775
22783
22803
22806
22807
22807
22811
22814
22815
22828
22830
22831
22831
22833
22856
22856
22857
22870
22873
22877
22879
22881
22881
22882
22882
22894
22905
22913
22914
22916
22922
22931
22941
22942
22947
22951
22957
22958
22959
22966
22974
22978
22982
22983
22985
22988
22992
23000
23002
23009
23023
23025
23029
23029
23029
23034
23036
23045
23048
23053
23054
23056
23056
23058
23072
23072
23077
23077
23078
23084
23087
23092
23095
23099
23105
23114
23114
23115
23117
23117
23117
23121
23125
23130
23133
23135
23136
23143
23146
23149
23154
23160
23160
23166
23171
23174
23179
23184
23194
23194
23200
23204
23205
23212
23214
23221
23221
23232
23253
23254
23259
23260
23264
23267
23268
23272
23275
23276
23278
23297
23298
23306
23312
23313
23320
23323
23328
23331
23341
23345
23348
23349
23351
23355
23357
23364
23364
23372
23378
23378
23383
23397
23399
23403
23416
23416
23420
23424
23425
23427
23428
23437
23438
23455
23457
23464
23472
23478
23481
23494
23495
23496
23497
23500
23519
23521
23523
23528
23529
23533
23535
23535
23536
23538
23547
23547
23551
23552
23554
23555
23556
23560
23561
23582
23602
23636
23637
23637
23644
23646
23649
23651
23659
23660
23662
23662
23667
23681
23687
23689
23692
23696
23710
23716
23722
23728
23732
23738
23739
23741
23744
23747
23750
23753
23756
23760
23771
23778
23781
23782
23793
23793
23805
23805
23813
23817
23824
23835
23835
23838
23843
23844
23846
23853
23855
23860
23861
23869
23869
23873
23878
23887
23896
23905
23907
23918
23923
23926
23934
23941
23948
23952
23955
23966
23977
23979
23982
23983
23984
23988
23989
23989
24006
24011
24016
24027
24045
24054
24056
24060
24072
24075
24077
24077
24079
24082
24095
24104
24116
24117
24118
24120
24125
24127
24134
24137
24138
24138
24140
24143
24146
24152
24153
24154
24155
24156
24157
24157
24159
24161
24166
24171
24177
24182
24190
24191
24192
24195
24197
24198
24198
24202
24204
24205
24207
24213
24214
24218
24220
24224
24226
24226
24232
24236
24248
24253
24254
24255
24259
24260
24261
24261
24263
24273
24288
24294
24300
24319
24320
24322
24324
24324
24325
24335
24337
24342
24342
24345
24352
24364
24364
24366
24368
24370
24372
24372
24377
24388
24398
24399
24409
24411
24415
24423
24425
24433
24434
24439
24441
24447
24454
24466
24472
24477
24477
24483
24486
24487
24487
24491
24495
24496
24499
24499
24500
24502
24508
24524
24525
24535
24535
24538
24540
24543
24546
24546
24553
24556
24572
24572
24573
24573
24574
24576
24579
24582
24588
24595
24596
24601
24607
24610
24619
24624
24632
24642
24650
24651
24652
24664
24666
24671
24675
24679
24682
24684
24688
24693
24694
24695
24700
24710
24743
24751
24768
24783
24786
24791
24795
24801
24803
24810
24825
24826
24830
24831
24832
24834
24839
24841
24843
24844
24850
24870
24870
24873
24880
24882
24882
24889
24893
24900
24903
24916
24916
24924
24925
24927
24931
24935
24936
24936
24941
24948
24948
24952
24953
24956
24957
24961
24968
24968
24969
24970
24974
24980
24985
24994
24998
24999
24999
24999
25005
25012
25018
25019
25023
25027
25029
25034
25035
25051
25052
25055
25061
25061
25066
25067
25068
25076
25082
25096
25097
25099
25100
25102
25110
25111
25114
25116
25117
25118
25119
25123
25126
25128
25133
25133
25136
25138
25141
25141
25142
25155
25157
25162
25162
25162
25166
25167
25178
25178
25180
25182
25185
25190
25195
25198
25204
25214
25219
25226
25227
25234
25236
25240
25241
25242
25255
25259
25259
25261
25266
25269
25274
25279
25280
25289
25290
25294
25300
25301
25306
25306
25317
25319
25320
25320
25322
25324
25337
25339
25339
25342
25351
25354
25356
25368
25380
25386
25386
25388
25389
25395
25399
25410
25411
25411
25424
25427
25431
25431
25432
25434
25445
25447
25452
25453
25454
25458
25462
25466
25469
25469
25473
25479
25483
25483
25490
25494
25495
25499
25503
25506
25509
25514
25518
25520
25524
25530
25531
25532
25533
25533
25539
25540
25556
25559
25567
25567
25570
25576
25576
25583
25585
25588
25591
25599
25601
25602
25606
25611
25613
25618
25626
25647
25651
25674
25690
25695
25701
25701
25709
25710
25711
25712
25715
25720
25720
25724
25726
25727
25731
25732
25734
25741
25743
25743
25744
25753
25756
25760
25761
25766
25768
25769
25770
25770
25771
25787
25793
25798
25800
25804
25805
25805
25806
25811
25826
25827
25833
25834
25844
25847
25851
25852
25853
25858
25859
25859
25863
25864
25874
25875
25875
25878
25880
25894
25895
25898
25899
25909
25910
25912
25915
25916
25925
25939
25955
25961
25963
25968
25972
25974
25986
25987
25993
25994
25995
25997
26002
26008
26008
26015
26015
26018
26019
26021
26021
26022
26031
26047
26049
26064
26077
26079
26082
26090
26100
26109
26119
26124
26125
26134
26136
26141
26143
26145
26153
26161
26162
26165
26179
26181
26190
26192
26202
26204
26205
26208
26210
26215
26216
26216
26224
26225
26227
26228
26230
26230
26237
26240
26240
26246
26246
26247
26258
26267
26270
26272
26272
26274
26278
26283
26285
26286
26288
26289
26292
26295
26297
26298
26299
26299
26302
26305
26311
26322
26329
26332
26332
26332
26337
26343
26348
26350
26351
26352
26360
26362
26375
26380
26381
26387
26395
26406
26408
26412
26412
26412
26417
26417
26419
26424
26426
26430
26441
26449
26465
26468
26469
26469
26473
26473
26478
26481
26496
26496
26500
26509
26515
26523
26530
26537
26559
26561
26569
26576
26577
26585
26586
26591
26597
26600
26607
26611
26614
26616
26617
26618
26621
26622
26625
26651
26654
26660
26663
26666
26674
26674
26679
26682
26688
26689
26691
26692
26709
26711
26715
26717
26719
26723
26724
26725
26740
26740
26757
26760
26764
26764
26770
26774
26776
26777
26779
26780
26782
26784
26785
26785
26786
26790
26799
26799
26801
26805
26808
26808
26821
26822
26830
26842
26845
26847
26854
26858
26859
26875
26877
26877
26878
26880
26893
26896
26903
26905
26907
26913
26918
26922
26926
26927
28696
10637
12163
2038
8734
11758
5459
20248
19859
5136
15535
7577
2464
23045
14636
3854
26916
784
23393
242
26135
22556
4492
19100
14415
8691
5017
29149
27874
10452
10210
26570
21089
28725
4960
6175
16836
10419
26423
13047
21908
11959
26976
24372
11356
17965
4578
8272
25101
4323
14866
27588
3231
19358
23041
17646
28050
28058
23148
2276
8510
9710
28847
5952
8435
10159
12127
1623
20579
8551
14670
12487
26862
17999
13211
8218
5964
24141
16490
1065
28464
7709
28654
1695
27067
28047
25694
1469
26105
25194
10098
10967
4904
8945
16919
19691
25456
29047
21315
22387
13950
12337
11226
10812
336
24437
19030
6300
24930
11872
13718
29746
19581
18724
7794
23001
16771
3488
822
19228
5034
10920
195
9938
26217
17115
29629
21674
22514
20944
14061
12816
9634
25288
23628
9970
26077
19010
16271
21008
7234
6341
20754
3168
25065
4900
26169
18188
14740
26991
7416
19774
7912
7611
29712
4129
24726
5694
2155
23592
2990
16217
6408
12624
17857
6388
22595
13934
1750
15218
11294
8985
27911
8401
12153
22976
13301
14674
11164
28042
11665
24932
17816
25929
2543
23881
6411
3622
5927
14918
27214
8917
1135
9975
27894
25344
16363
26841
9279
24466
18411
20573
3451
16322
28974
21956
15650
18628
6630
3166
16670
24647
28098
10838
26929
641
11071
9692
10615
16998
24610
7830
2268
2098
17805
6514
27442
10520
3355
6721
4986
28118
3647
14789
14440
8973
6745
90
27601
19727
9608
20623
20727
7706
7814
17656
14699
18885
27348
25315
5884
28310
3145
14504
408
27302
21018
27851
14174
725
10924
25513
28843
20923
10302
19635
29897
23400
19725
3850
19479
29333
826
10206
13391
8640
4214
28090
27525
7914
23405
9761
12577
2902
617
12985
6556
21635
17188
20731
28712
28113
22596
27555
19036
2898
23542
25285
2650
19619
5488
28482
18952
6314
15040
8695
14954
25607
6786
18831
9873
6543
4945
22450
9446
5562
5436
16002
3550
22624
13085
8614
27089
5681
6170
22478
14932
6064
24115
23934
25684
29603
22416
20988
5917
13809
29684
27223
9416
12822
22407
19289
19365
27352
11740
28811
9266
23528
21166
12816
22504
4251
21431
19594
16285
3953
18424
1217
10017
12539
25151
5701
12143
23920
26690
24412
7729
2726
21636
23497
15548
14043
19138
4913
17747
878
3725
27013
24406
1243
9830
23263
11846
7613
12857
28131
17918
7633
29348
27935
20172
852
9989
8667
1124
13031
3080
15205
15757
1068
8702
1305
21463
27840
6218
15562
5071
16295
12575
5829
17538
28757
29092
29385
12722
18301
27516
640
25934
3217
4928
22459
10421
14917
1126
11545
27948
10558
26750
13705
17978
11804
21362
15793
9644
27580
1355
21067
20228
13931
26897
7766
19040
25989
13503
1763
14291
17372
2403
16577
26941
13683
9036
7362
28600
16515
25259
2900
27073
22009
22957
21404
10165
14319
7197
26161
18252
8553
17229
8480
28836
14126
22598
24228
16467
12454
25991
7110
29826
4747
23688
26767
18430
9076
10481
23383
25591
5740
2635
29017
4101
25593
26773
14266
16264
3970
10427
4516
18875
27656
19348
24063
18134
11947
18292
10954
753
20635
18064
579
25382
18104
3698
20165
27181
20531
19900
29124
26271
22535
4493
6724
24480
1266
20990
10745
11589
7769
21613
464
11778
10962
24528
6264
29261
19172
17218
14
9807
5283
6945
11542
23387
16995
1707
26920
7526
27959
2397
10149
20494
6890
23225
21327
8157
20567
2072
19746
28336
37
26562
16466
10999
27442
22731
16612
16614
9949
22978
26422
21584
29923
7964
21324
23270
16023
18244
7148
13982
26993
23649
10828
3884
16874
8507
18393
7441
10579
14491
12130
10617
11053
28596
27968
8496
21327
20933
1462
7629
13911
27884
5565
20187
12200
26889
19809
4575
21486
26958
24909
18479
20607
5738
28715
7482
20597
17108
14923
1177
1599
27053
18146
19005
2002
22466
3853
29681
13399
5315
7310
3663
9552
19228
202
21752
16117
20011
26328
13955
16969
21237
8787
7577
3327
7502
21411
277
963
6334
7806
2562
9740
25952
21567
11742
24770
1772
11423
14522
7088
25086
18185
22992
14314
18387
21096
6783
8398
23776
27091
1720
15014
12230
9297
24693
19732
708
24970
20695
13394
9128
29610
29486
5080
27529
17580
6203
29302
29004
20725
12742
442
15262
5734
21108
10001
26830
4243
24751
20607
